0.000020 -0.000000 1.999970 -0.000014 0.000000 -0.000000 0.000022 0.000000 0.000004 0.000000 0.000000 -0.000000 -0.000007 -0.000002 -0.000000 0.000000 0.000005 
-0.000000 0.749896 -0.000000 -0.000000 -0.000000 1.294953 0.000000 -0.163911 -0.000000 0.000000 -0.000000 1.493423 -0.000000 0.000000 0.000000 0.127976 -0.000000 
0.000030 -0.000000 3.037640 -0.221706 0.000000 -0.000000 0.587134 -0.000000 -0.360768 0.000000 0.000000 -0.000000 0.710721 0.198278 -0.000000 -0.000000 -0.519051 
-0.000014 -0.000000 -1.411287 0.916484 0.000000 -0.000000 -0.311202 0.000000 1.096149 0.000000 0.000000 -0.000000 0.123970 -0.819718 -0.000000 0.000000 1.014822 
-0.000007 -0.000000 -0.747098 0.103734 0.837799 -0.000000 -0.242899 -0.000000 0.241128 0.000000 1.818697 -0.000000 0.016610 -0.092777 -0.447822 -0.000000 0.225863 
0.000000 0.766737 0.000000 -0.000000 -0.000000 1.484569 -0.000000 -0.511288 -0.000000 0.000000 -0.000000 1.907285 -0.000000 0.000000 0.000000 -0.469814 -0.000000 
0.000015 0.000000 1.494195 -0.207468 0.000000 0.000000 1.323597 -0.000000 -0.482255 0.000000 0.000000 0.000000 1.785478 0.185554 -0.000000 -0.000000 -0.899548 
-0.000000 -0.163911 -0.000000 0.000000 -0.000000 -0.766279 -0.000000 1.070398 0.000000 0.000000 -0.000000 -1.471251 -0.000000 -0.000000 0.000000 1.780109 0.000000 
-0.000004 -0.000000 -0.360768 1.485839 -0.000000 -0.000000 -1.065472 0.000000 1.881945 0.000000 -0.000000 -0.000000 -0.610836 -1.328973 0.000000 0.000000 1.945133 
-0.000000 -0.298685 -0.000000 0.000000 -0.000000 -0.622727 0.000000 0.294250 -0.000000 0.000000 -0.000000 -0.848197 -0.000000 -0.000000 0.000000 0.349179 0.000000 
-0.000001 -0.000000 -0.142144 0.024794 0.548468 -0.000000 -0.229353 0.000000 0.122167 0.000000 1.190617 -0.000000 -0.117944 -0.022175 -0.293169 0.000000 0.145547 
0.000000 0.398246 0.000000 0.000000 0.000000 0.830302 -0.000000 -0.392334 0.000000 0.000000 0.000000 1.130929 0.000000 -0.000000 -0.000000 -0.465573 0.000000 
0.000003 -0.000000 0.284289 -0.049588 0.000000 -0.000000 1.007174 0.000000 -0.244334 0.000000 0.000000 -0.000000 1.426506 0.044351 -0.000000 0.000000 -0.584263 
-0.000002 0.000000 -0.198278 -0.819718 0.000000 0.000000 0.278331 0.000000 -0.980428 0.000000 0.000000 0.000000 -0.110877 0.733179 -0.000000 0.000000 -0.907688 
-0.000002 -0.000000 -0.173017 -0.338274 -0.447822 -0.000000 0.225863 -0.000000 -0.467169 0.000000 -0.972135 -0.000000 -0.047133 0.302563 0.239371 -0.000000 -0.433912 
-0.000000 -0.063988 -0.000000 -0.000000 0.000000 -0.469814 0.000000 0.783266 -0.000000 0.000000 0.000000 -0.978692 0.000000 0.000000 -0.000000 1.333521 -0.000000 
0.000003 -0.000000 0.346034 0.676548 -0.000000 -0.000000 -0.899548 0.000000 0.934338 0.000000 -0.000000 -0.000000 -0.877869 -0.605126 0.000000 0.000000 1.107195 
