#x y at the midpoint of each cell all the error components
-1.000000 -1.000000 1.218142 0.000000 1.994272 2.546367 0.038503 0.000000 0.077006 0.000000 1.427639 0.000000 0.036989 0.000000 0.073979 0.000000 0.000000 0.000000 0.000000 
0.000000 -1.000000 1.218142 0.000000 1.994272 2.546367 0.038503 0.000000 0.077006 0.000000 1.427639 0.000000 0.036989 0.000000 0.073979 0.000000 0.000000 0.000000 0.000000 
-1.000000 0.000000 0.006372 0.000000 2.005730 4.503563 0.000737 0.000000 0.001473 0.000000 1.429028 0.000000 0.001899 0.000000 0.003798 0.000000 0.000000 0.000000 0.000000 
0.000000 0.000000 0.006372 0.000000 2.005730 4.503563 0.000737 0.000000 0.001473 0.000000 1.429028 0.000000 0.001899 0.000000 0.003798 0.000000 0.000000 0.000000 0.000000 
0.000000 -1.000000 1.218142 0.000000 1.994272 2.546367 0.038503 0.000000 0.077006 0.000000 1.427639 0.000000 0.036989 0.000000 0.073979 0.000000 0.000000 0.000000 0.000000 
1.000000 -1.000000 1.218142 0.000000 1.994272 2.546367 0.038503 0.000000 0.077006 0.000000 1.427639 0.000000 0.036989 0.000000 0.073979 0.000000 0.000000 0.000000 0.000000 
0.000000 0.000000 0.006372 0.000000 2.005730 4.503563 0.000737 0.000000 0.001473 0.000000 1.429028 0.000000 0.001899 0.000000 0.003798 0.000000 0.000000 0.000000 0.000000 
1.000000 0.000000 0.006372 0.000000 2.005730 4.503563 0.000737 0.000000 0.001473 0.000000 1.429028 0.000000 0.001899 0.000000 0.003798 0.000000 0.000000 0.000000 0.000000 
-1.000000 0.000000 0.006372 0.000000 2.005730 4.503563 0.000737 0.000000 0.001473 0.000000 1.429028 0.000000 0.001899 0.000000 0.003798 0.000000 0.000000 0.000000 0.000000 
0.000000 0.000000 0.006372 0.000000 2.005730 4.503563 0.000737 0.000000 0.001473 0.000000 1.429028 0.000000 0.001899 0.000000 0.003798 0.000000 0.000000 0.000000 0.000000 
-1.000000 1.000000 1.218142 0.000000 1.994272 6.453633 0.038503 0.000000 0.077006 0.000000 1.427639 0.000000 0.036989 0.000000 0.073979 0.000000 0.000000 0.000000 0.000000 
0.000000 1.000000 1.218142 0.000000 1.994272 6.453633 0.038503 0.000000 0.077006 0.000000 1.427639 0.000000 0.036989 0.000000 0.073979 0.000000 0.000000 0.000000 0.000000 
0.000000 0.000000 0.006372 0.000000 2.005730 4.503563 0.000737 0.000000 0.001473 0.000000 1.429028 0.000000 0.001899 0.000000 0.003798 0.000000 0.000000 0.000000 0.000000 
1.000000 0.000000 0.006372 0.000000 2.005730 4.503563 0.000737 0.000000 0.001473 0.000000 1.429028 0.000000 0.001899 0.000000 0.003798 0.000000 0.000000 0.000000 0.000000 
0.000000 1.000000 1.218142 0.000000 1.994272 6.453633 0.038503 0.000000 0.077006 0.000000 1.427639 0.000000 0.036989 0.000000 0.073979 0.000000 0.000000 0.000000 0.000000 
1.000000 1.000000 1.218142 0.000000 1.994272 6.453633 0.038503 0.000000 0.077006 0.000000 1.427639 0.000000 0.036989 0.000000 0.073979 0.000000 0.000000 0.000000 0.000000 
