#x y at the midpoint of each cell all the solution components
-0.500000 1.688953 0.330936 0.573497 -0.032786 0.033729 
-0.496094 1.685810 0.330945 0.575719 -0.032798 0.032445 
-0.496094 1.685810 0.330945 0.575719 -0.032798 0.032445 
-0.492188 1.682781 0.330943 0.577860 -0.032795 0.031233 
-0.492188 1.682781 0.330943 0.577860 -0.032795 0.031233 
-0.488281 1.679829 0.330943 0.579948 -0.032795 0.030065 
-0.488281 1.679829 0.330943 0.579948 -0.032795 0.030065 
-0.484375 1.676957 0.330943 0.581978 -0.032795 0.028948 
-0.484375 1.676957 0.330943 0.581978 -0.032795 0.028948 
-0.480469 1.674164 0.330943 0.583954 -0.032794 0.027877 
-0.480469 1.674164 0.330943 0.583954 -0.032794 0.027877 
-0.476562 1.671445 0.330942 0.585876 -0.032794 0.026853 
-0.476562 1.671445 0.330942 0.585876 -0.032794 0.026853 
-0.472656 1.668797 0.330942 0.587749 -0.032794 0.025872 
-0.472656 1.668797 0.330942 0.587749 -0.032794 0.025872 
-0.468750 1.666217 0.330942 0.589573 -0.032794 0.024932 
-0.468750 1.666217 0.330942 0.589573 -0.032794 0.024932 
-0.464844 1.663701 0.330942 0.591352 -0.032794 0.024032 
-0.464844 1.663701 0.330942 0.591352 -0.032794 0.024032 
-0.460938 1.661248 0.330942 0.593087 -0.032794 0.023170 
-0.460938 1.661248 0.330942 0.593087 -0.032794 0.023170 
-0.457031 1.658853 0.330942 0.594781 -0.032794 0.022343 
-0.457031 1.658853 0.330942 0.594781 -0.032794 0.022343 
-0.453125 1.656514 0.330942 0.596434 -0.032794 0.021552 
-0.453125 1.656514 0.330942 0.596434 -0.032794 0.021552 
-0.449219 1.654229 0.330942 0.598050 -0.032794 0.020793 
-0.449219 1.654229 0.330942 0.598050 -0.032794 0.020793 
-0.445312 1.651995 0.330942 0.599630 -0.032794 0.020065 
-0.445312 1.651995 0.330942 0.599630 -0.032794 0.020065 
-0.441406 1.649810 0.330942 0.601175 -0.032794 0.019368 
-0.441406 1.649810 0.330942 0.601175 -0.032794 0.019368 
-0.437500 1.647672 0.330942 0.602687 -0.032793 0.018699 
-0.437500 1.647672 0.330942 0.602687 -0.032793 0.018699 
-0.433594 1.645578 0.330942 0.604167 -0.032793 0.018057 
-0.433594 1.645578 0.330942 0.604167 -0.032793 0.018057 
-0.429688 1.643527 0.330942 0.605617 -0.032793 0.017442 
-0.429688 1.643527 0.330942 0.605617 -0.032793 0.017442 
-0.425781 1.641517 0.330942 0.607039 -0.032793 0.016851 
-0.425781 1.641517 0.330942 0.607039 -0.032793 0.016851 
-0.421875 1.639546 0.330942 0.608433 -0.032793 0.016284 
-0.421875 1.639546 0.330942 0.608433 -0.032793 0.016284 
-0.417969 1.637612 0.330942 0.609800 -0.032793 0.015740 
-0.417969 1.637612 0.330942 0.609800 -0.032793 0.015740 
-0.414062 1.635713 0.330942 0.611143 -0.032793 0.015218 
-0.414062 1.635713 0.330942 0.611143 -0.032793 0.015218 
-0.410156 1.633848 0.330941 0.612462 -0.032793 0.014717 
-0.410156 1.633848 0.330941 0.612462 -0.032793 0.014717 
-0.406250 1.632016 0.330941 0.613757 -0.032793 0.014235 
-0.406250 1.632016 0.330941 0.613757 -0.032793 0.014235 
-0.402344 1.630214 0.330941 0.615031 -0.032793 0.013772 
-0.402344 1.630214 0.330941 0.615031 -0.032793 0.013772 
-0.398438 1.628442 0.330941 0.616284 -0.032793 0.013328 
-0.398438 1.628442 0.330941 0.616284 -0.032793 0.013328 
-0.394531 1.626699 0.330941 0.617517 -0.032793 0.012900 
-0.394531 1.626699 0.330941 0.617517 -0.032793 0.012900 
-0.390625 1.624982 0.330941 0.618731 -0.032793 0.012489 
-0.390625 1.624982 0.330941 0.618731 -0.032793 0.012489 
-0.386719 1.623291 0.330941 0.619927 -0.032793 0.012094 
-0.386719 1.623291 0.330941 0.619927 -0.032793 0.012094 
-0.382812 1.621625 0.330941 0.621105 -0.032793 0.011714 
-0.382812 1.621625 0.330941 0.621105 -0.032793 0.011714 
-0.378906 1.619982 0.330941 0.622267 -0.032793 0.011349 
-0.378906 1.619982 0.330941 0.622267 -0.032793 0.011349 
-0.375000 1.618362 0.330941 0.623412 -0.032793 0.010997 
-0.375000 1.618362 0.330941 0.623412 -0.032793 0.010997 
-0.371094 1.616763 0.330941 0.624543 -0.032793 0.010658 
-0.371094 1.616763 0.330941 0.624543 -0.032793 0.010658 
-0.367188 1.615185 0.330941 0.625659 -0.032793 0.010332 
-0.367188 1.615185 0.330941 0.625659 -0.032793 0.010332 
-0.363281 1.613626 0.330941 0.626761 -0.032793 0.010019 
-0.363281 1.613626 0.330941 0.626761 -0.032793 0.010019 
-0.359375 1.612087 0.330941 0.627849 -0.032793 0.009716 
-0.359375 1.612087 0.330941 0.627849 -0.032793 0.009716 
-0.355469 1.610565 0.330941 0.628925 -0.032793 0.009425 
-0.355469 1.610565 0.330941 0.628925 -0.032793 0.009425 
-0.351562 1.609061 0.330941 0.629989 -0.032793 0.009144 
-0.351562 1.609061 0.330941 0.629989 -0.032793 0.009144 
-0.347656 1.607573 0.330941 0.631041 -0.032792 0.008873 
-0.347656 1.607573 0.330941 0.631041 -0.032792 0.008873 
-0.343750 1.606100 0.330941 0.632082 -0.032792 0.008612 
-0.343750 1.606100 0.330941 0.632082 -0.032792 0.008612 
-0.339844 1.604643 0.330941 0.633113 -0.032792 0.008360 
-0.339844 1.604643 0.330941 0.633113 -0.032792 0.008360 
-0.335938 1.603200 0.330941 0.634133 -0.032792 0.008117 
-0.335938 1.603200 0.330941 0.634133 -0.032792 0.008117 
-0.332031 1.601771 0.330941 0.635143 -0.032792 0.007883 
-0.332031 1.601771 0.330941 0.635143 -0.032792 0.007883 
-0.328125 1.600356 0.330941 0.636145 -0.032792 0.007656 
-0.328125 1.600356 0.330941 0.636145 -0.032792 0.007656 
-0.324219 1.598953 0.330941 0.637137 -0.032792 0.007437 
-0.324219 1.598953 0.330941 0.637137 -0.032792 0.007437 
-0.320312 1.597561 0.330941 0.638120 -0.032792 0.007226 
-0.320312 1.597561 0.330941 0.638120 -0.032792 0.007226 
-0.316406 1.596182 0.330941 0.639096 -0.032792 0.007022 
-0.316406 1.596182 0.330941 0.639096 -0.032792 0.007022 
-0.312500 1.594814 0.330941 0.640063 -0.032792 0.006824 
-0.312500 1.594814 0.330941 0.640063 -0.032792 0.006824 
-0.308594 1.593456 0.330941 0.641024 -0.032792 0.006633 
-0.308594 1.593456 0.330941 0.641024 -0.032792 0.006633 
-0.304688 1.592108 0.330941 0.641977 -0.032792 0.006448 
-0.304688 1.592108 0.330941 0.641977 -0.032792 0.006448 
-0.300781 1.590770 0.330941 0.642923 -0.032792 0.006269 
-0.300781 1.590770 0.330941 0.642923 -0.032792 0.006269 
-0.296875 1.589441 0.330941 0.643862 -0.032792 0.006096 
-0.296875 1.589441 0.330941 0.643862 -0.032792 0.006096 
-0.292969 1.588122 0.330941 0.644795 -0.032792 0.005928 
-0.292969 1.588122 0.330941 0.644795 -0.032792 0.005928 
-0.289062 1.586810 0.330941 0.645722 -0.032792 0.005766 
-0.289062 1.586810 0.330941 0.645722 -0.032792 0.005766 
-0.285156 1.585507 0.330941 0.646644 -0.032792 0.005608 
-0.285156 1.585507 0.330941 0.646644 -0.032792 0.005608 
-0.281250 1.584212 0.330941 0.647560 -0.032792 0.005456 
-0.281250 1.584212 0.330941 0.647560 -0.032792 0.005456 
-0.277344 1.582925 0.330941 0.648470 -0.032792 0.005308 
-0.277344 1.582925 0.330941 0.648470 -0.032792 0.005308 
-0.273438 1.581644 0.330941 0.649376 -0.032792 0.005164 
-0.273438 1.581644 0.330941 0.649376 -0.032792 0.005164 
-0.269531 1.580371 0.330941 0.650276 -0.032792 0.005025 
-0.269531 1.580371 0.330941 0.650276 -0.032792 0.005025 
-0.265625 1.579104 0.330941 0.651172 -0.032792 0.004889 
-0.265625 1.579104 0.330941 0.651172 -0.032792 0.004889 
-0.261719 1.577843 0.330941 0.652063 -0.032792 0.004758 
-0.261719 1.577843 0.330941 0.652063 -0.032792 0.004758 
-0.257812 1.576588 0.330941 0.652951 -0.032792 0.004630 
-0.257812 1.576588 0.330941 0.652951 -0.032792 0.004630 
-0.253906 1.575340 0.330941 0.653834 -0.032792 0.004506 
-0.253906 1.575340 0.330941 0.653834 -0.032792 0.004506 
-0.250000 1.574096 0.330941 0.654713 -0.032792 0.004385 
-0.250000 1.574096 0.330941 0.654713 -0.032792 0.004385 
-0.246094 1.572859 0.330941 0.655588 -0.032792 0.004267 
-0.246094 1.572859 0.330941 0.655588 -0.032792 0.004267 
-0.242188 1.571626 0.330941 0.656460 -0.032792 0.004153 
-0.242188 1.571626 0.330941 0.656460 -0.032792 0.004153 
-0.238281 1.570398 0.330941 0.657328 -0.032792 0.004041 
-0.238281 1.570398 0.330941 0.657328 -0.032792 0.004041 
-0.234375 1.569175 0.330941 0.658193 -0.032792 0.003933 
-0.234375 1.569175 0.330941 0.658193 -0.032792 0.003933 
-0.230469 1.567957 0.330941 0.659054 -0.032792 0.003827 
-0.230469 1.567957 0.330941 0.659054 -0.032792 0.003827 
-0.226562 1.566742 0.330941 0.659913 -0.032792 0.003724 
-0.226562 1.566742 0.330941 0.659913 -0.032792 0.003724 
-0.222656 1.565532 0.330941 0.660768 -0.032792 0.003624 
-0.222656 1.565532 0.330941 0.660768 -0.032792 0.003624 
-0.218750 1.564326 0.330941 0.661621 -0.032792 0.003526 
-0.218750 1.564326 0.330941 0.661621 -0.032792 0.003526 
-0.214844 1.563124 0.330941 0.662471 -0.032792 0.003430 
-0.214844 1.563124 0.330941 0.662471 -0.032792 0.003430 
-0.210938 1.561926 0.330941 0.663319 -0.032792 0.003336 
-0.210938 1.561926 0.330941 0.663319 -0.032792 0.003336 
-0.207031 1.560731 0.330941 0.664164 -0.032792 0.003245 
-0.207031 1.560731 0.330941 0.664164 -0.032792 0.003245 
-0.203125 1.559539 0.330941 0.665006 -0.032792 0.003156 
-0.203125 1.559539 0.330941 0.665006 -0.032792 0.003156 
-0.199219 1.558351 0.330941 0.665847 -0.032792 0.003069 
-0.199219 1.558351 0.330941 0.665847 -0.032792 0.003069 
-0.195312 1.557165 0.330941 0.666685 -0.032792 0.002983 
-0.195312 1.557165 0.330941 0.666685 -0.032792 0.002983 
-0.191406 1.555983 0.330941 0.667521 -0.032792 0.002900 
-0.191406 1.555983 0.330941 0.667521 -0.032792 0.002900 
-0.187500 1.554804 0.330941 0.668355 -0.032792 0.002818 
-0.187500 1.554804 0.330941 0.668355 -0.032792 0.002818 
-0.183594 1.553627 0.330941 0.669187 -0.032792 0.002738 
-0.183594 1.553627 0.330941 0.669187 -0.032792 0.002738 
-0.179688 1.552453 0.330941 0.670017 -0.032792 0.002659 
-0.179688 1.552453 0.330941 0.670017 -0.032792 0.002659 
-0.175781 1.551281 0.330941 0.670845 -0.032792 0.002582 
-0.175781 1.551281 0.330941 0.670845 -0.032792 0.002582 
-0.171875 1.550112 0.330941 0.671672 -0.032792 0.002507 
-0.171875 1.550112 0.330941 0.671672 -0.032792 0.002507 
-0.167969 1.548946 0.330941 0.672497 -0.032792 0.002433 
-0.167969 1.548946 0.330941 0.672497 -0.032792 0.002433 
-0.164062 1.547781 0.330941 0.673320 -0.032792 0.002360 
-0.164062 1.547781 0.330941 0.673320 -0.032792 0.002360 
-0.160156 1.546619 0.330941 0.674142 -0.032792 0.002289 
-0.160156 1.546619 0.330941 0.674142 -0.032792 0.002289 
-0.156250 1.545458 0.330941 0.674963 -0.032792 0.002219 
-0.156250 1.545458 0.330941 0.674963 -0.032792 0.002219 
-0.152344 1.544300 0.330941 0.675782 -0.032792 0.002150 
-0.152344 1.544300 0.330941 0.675782 -0.032792 0.002150 
-0.148438 1.543144 0.330941 0.676600 -0.032792 0.002082 
-0.148438 1.543144 0.330941 0.676600 -0.032792 0.002082 
-0.144531 1.541989 0.330941 0.677416 -0.032792 0.002016 
-0.144531 1.541989 0.330941 0.677416 -0.032792 0.002016 
-0.140625 1.540836 0.330941 0.678231 -0.032792 0.001950 
-0.140625 1.540836 0.330941 0.678231 -0.032792 0.001950 
-0.136719 1.539685 0.330941 0.679045 -0.032792 0.001886 
-0.136719 1.539685 0.330941 0.679045 -0.032792 0.001886 
-0.132812 1.538535 0.330941 0.679858 -0.032792 0.001822 
-0.132812 1.538535 0.330941 0.679858 -0.032792 0.001822 
-0.128906 1.537387 0.330941 0.680670 -0.032792 0.001759 
-0.128906 1.537387 0.330941 0.680670 -0.032792 0.001759 
-0.125000 1.536240 0.330941 0.681481 -0.032792 0.001698 
-0.125000 1.536240 0.330941 0.681481 -0.032792 0.001698 
-0.121094 1.535095 0.330941 0.682291 -0.032792 0.001637 
-0.121094 1.535095 0.330941 0.682291 -0.032792 0.001637 
-0.117188 1.533951 0.330941 0.683100 -0.032792 0.001577 
-0.117188 1.533951 0.330941 0.683100 -0.032792 0.001577 
-0.113281 1.532808 0.330941 0.683908 -0.032792 0.001517 
-0.113281 1.532808 0.330941 0.683908 -0.032792 0.001517 
-0.109375 1.531666 0.330941 0.684715 -0.032792 0.001459 
-0.109375 1.531666 0.330941 0.684715 -0.032792 0.001459 
-0.105469 1.530526 0.330941 0.685522 -0.032792 0.001401 
-0.105469 1.530526 0.330941 0.685522 -0.032792 0.001401 
-0.101562 1.529387 0.330941 0.686327 -0.032792 0.001344 
-0.101562 1.529387 0.330941 0.686327 -0.032792 0.001344 
-0.097656 1.528248 0.330941 0.687132 -0.032792 0.001287 
-0.097656 1.528248 0.330941 0.687132 -0.032792 0.001287 
-0.093750 1.527111 0.330941 0.687936 -0.032792 0.001231 
-0.093750 1.527111 0.330941 0.687936 -0.032792 0.001231 
-0.089844 1.525975 0.330941 0.688740 -0.032792 0.001176 
-0.089844 1.525975 0.330941 0.688740 -0.032792 0.001176 
-0.085938 1.524839 0.330941 0.689543 -0.032792 0.001121 
-0.085938 1.524839 0.330941 0.689543 -0.032792 0.001121 
-0.082031 1.523705 0.330941 0.690345 -0.032792 0.001066 
-0.082031 1.523705 0.330941 0.690345 -0.032792 0.001066 
-0.078125 1.522571 0.330941 0.691147 -0.032792 0.001013 
-0.078125 1.522571 0.330941 0.691147 -0.032792 0.001013 
-0.074219 1.521438 0.330941 0.691948 -0.032792 0.000959 
-0.074219 1.521438 0.330941 0.691948 -0.032792 0.000959 
-0.070312 1.520306 0.330941 0.692748 -0.032792 0.000906 
-0.070312 1.520306 0.330941 0.692748 -0.032792 0.000906 
-0.066406 1.519174 0.330941 0.693549 -0.032792 0.000854 
-0.066406 1.519174 0.330941 0.693549 -0.032792 0.000854 
-0.062500 1.518043 0.330941 0.694348 -0.032792 0.000802 
-0.062500 1.518043 0.330941 0.694348 -0.032792 0.000802 
-0.058594 1.516913 0.330941 0.695148 -0.032792 0.000750 
-0.058594 1.516913 0.330941 0.695148 -0.032792 0.000750 
-0.054688 1.515783 0.330941 0.695947 -0.032792 0.000698 
-0.054688 1.515783 0.330941 0.695947 -0.032792 0.000698 
-0.050781 1.514653 0.330941 0.696745 -0.032792 0.000647 
-0.050781 1.514653 0.330941 0.696745 -0.032792 0.000647 
-0.046875 1.513524 0.330941 0.697544 -0.032792 0.000596 
-0.046875 1.513524 0.330941 0.697544 -0.032792 0.000596 
-0.042969 1.512396 0.330941 0.698342 -0.032792 0.000546 
-0.042969 1.512396 0.330941 0.698342 -0.032792 0.000546 
-0.039062 1.511268 0.330941 0.699139 -0.032792 0.000495 
-0.039062 1.511268 0.330941 0.699139 -0.032792 0.000495 
-0.035156 1.510140 0.330941 0.699937 -0.032792 0.000445 
-0.035156 1.510140 0.330941 0.699937 -0.032792 0.000445 
-0.031250 1.509013 0.330941 0.700734 -0.032792 0.000395 
-0.031250 1.509013 0.330941 0.700734 -0.032792 0.000395 
-0.027344 1.507885 0.330941 0.701531 -0.032792 0.000346 
-0.027344 1.507885 0.330941 0.701531 -0.032792 0.000346 
-0.023438 1.506758 0.330941 0.702328 -0.032792 0.000296 
-0.023438 1.506758 0.330941 0.702328 -0.032792 0.000296 
-0.019531 1.505632 0.330941 0.703125 -0.032792 0.000246 
-0.019531 1.505632 0.330941 0.703125 -0.032792 0.000246 
-0.015625 1.504505 0.330941 0.703921 -0.032792 0.000197 
-0.015625 1.504505 0.330941 0.703921 -0.032792 0.000197 
-0.011719 1.503379 0.330941 0.704718 -0.032792 0.000148 
-0.011719 1.503379 0.330941 0.704718 -0.032792 0.000148 
-0.007812 1.502252 0.330941 0.705514 -0.032792 0.000098 
-0.007812 1.502252 0.330941 0.705514 -0.032792 0.000098 
-0.003906 1.501126 0.330941 0.706310 -0.032792 0.000049 
-0.003906 1.501126 0.330941 0.706310 -0.032792 0.000049 
0.000000 1.500000 0.330941 0.707107 -0.032792 0.000000 
0.000000 1.500000 0.330941 0.707107 -0.032792 0.000000 
0.003906 1.498874 0.330941 0.707903 -0.032792 -0.000049 
0.003906 1.498874 0.330941 0.707903 -0.032792 -0.000049 
0.007812 1.497748 0.330941 0.708699 -0.032792 -0.000098 
0.007812 1.497748 0.330941 0.708699 -0.032792 -0.000098 
0.011719 1.496621 0.330941 0.709496 -0.032792 -0.000148 
0.011719 1.496621 0.330941 0.709496 -0.032792 -0.000148 
0.015625 1.495495 0.330941 0.710292 -0.032792 -0.000197 
0.015625 1.495495 0.330941 0.710292 -0.032792 -0.000197 
0.019531 1.494368 0.330941 0.711089 -0.032792 -0.000246 
0.019531 1.494368 0.330941 0.711089 -0.032792 -0.000246 
0.023438 1.493242 0.330941 0.711886 -0.032792 -0.000296 
0.023438 1.493242 0.330941 0.711886 -0.032792 -0.000296 
0.027344 1.492115 0.330941 0.712683 -0.032792 -0.000345 
0.027344 1.492115 0.330941 0.712683 -0.032792 -0.000345 
0.031250 1.490988 0.330941 0.713480 -0.032792 -0.000395 
0.031250 1.490988 0.330941 0.713480 -0.032792 -0.000395 
0.035156 1.489860 0.330941 0.714277 -0.032792 -0.000445 
0.035156 1.489860 0.330941 0.714277 -0.032792 -0.000445 
0.039062 1.488732 0.330941 0.715074 -0.032792 -0.000495 
0.039062 1.488732 0.330941 0.715074 -0.032792 -0.000495 
0.042969 1.487604 0.330941 0.715872 -0.032792 -0.000546 
0.042969 1.487604 0.330941 0.715872 -0.032792 -0.000546 
0.046875 1.486476 0.330941 0.716670 -0.032792 -0.000596 
0.046875 1.486476 0.330941 0.716670 -0.032792 -0.000596 
0.050781 1.485347 0.330941 0.717468 -0.032792 -0.000647 
0.050781 1.485347 0.330941 0.717468 -0.032792 -0.000647 
0.054688 1.484217 0.330941 0.718267 -0.032792 -0.000698 
0.054688 1.484217 0.330941 0.718267 -0.032792 -0.000698 
0.058594 1.483087 0.330941 0.719066 -0.032792 -0.000750 
0.058594 1.483087 0.330941 0.719066 -0.032792 -0.000750 
0.062500 1.481957 0.330941 0.719865 -0.032792 -0.000801 
0.062500 1.481957 0.330941 0.719865 -0.032792 -0.000801 
0.066406 1.480826 0.330941 0.720665 -0.032792 -0.000854 
0.066406 1.480826 0.330941 0.720665 -0.032792 -0.000854 
0.070312 1.479694 0.330941 0.721465 -0.032792 -0.000906 
0.070312 1.479694 0.330941 0.721465 -0.032792 -0.000906 
0.074219 1.478562 0.330941 0.722266 -0.032792 -0.000959 
0.074219 1.478562 0.330941 0.722266 -0.032792 -0.000959 
0.078125 1.477429 0.330941 0.723067 -0.032792 -0.001012 
0.078125 1.477429 0.330941 0.723067 -0.032792 -0.001012 
0.082031 1.476295 0.330941 0.723869 -0.032792 -0.001066 
0.082031 1.476295 0.330941 0.723869 -0.032792 -0.001066 
0.085938 1.475161 0.330941 0.724671 -0.032792 -0.001121 
0.085938 1.475161 0.330941 0.724671 -0.032792 -0.001121 
0.089844 1.474025 0.330941 0.725474 -0.032792 -0.001175 
0.089844 1.474025 0.330941 0.725474 -0.032792 -0.001175 
0.093750 1.472889 0.330941 0.726277 -0.032792 -0.001231 
0.093750 1.472889 0.330941 0.726277 -0.032792 -0.001231 
0.097656 1.471752 0.330941 0.727081 -0.032792 -0.001287 
0.097656 1.471752 0.330941 0.727081 -0.032792 -0.001287 
0.101562 1.470613 0.330941 0.727886 -0.032792 -0.001343 
0.101562 1.470613 0.330941 0.727886 -0.032792 -0.001343 
0.105469 1.469474 0.330941 0.728692 -0.032792 -0.001401 
0.105469 1.469474 0.330941 0.728692 -0.032792 -0.001401 
0.109375 1.468334 0.330941 0.729498 -0.032792 -0.001458 
0.109375 1.468334 0.330941 0.729498 -0.032792 -0.001458 
0.113281 1.467192 0.330941 0.730305 -0.032792 -0.001517 
0.113281 1.467192 0.330941 0.730305 -0.032792 -0.001517 
0.117188 1.466049 0.330941 0.731114 -0.032792 -0.001576 
0.117188 1.466049 0.330941 0.731114 -0.032792 -0.001576 
0.121094 1.464905 0.330941 0.731922 -0.032792 -0.001636 
0.121094 1.464905 0.330941 0.731922 -0.032792 -0.001636 
0.125000 1.463760 0.330941 0.732732 -0.032792 -0.001697 
0.125000 1.463760 0.330941 0.732732 -0.032792 -0.001697 
0.128906 1.462613 0.330941 0.733543 -0.032792 -0.001759 
0.128906 1.462613 0.330941 0.733543 -0.032792 -0.001759 
0.132812 1.461465 0.330941 0.734355 -0.032792 -0.001822 
0.132812 1.461465 0.330941 0.734355 -0.032792 -0.001822 
0.136719 1.460315 0.330941 0.735168 -0.032792 -0.001885 
0.136719 1.460315 0.330941 0.735168 -0.032792 -0.001885 
0.140625 1.459164 0.330941 0.735982 -0.032792 -0.001950 
0.140625 1.459164 0.330941 0.735982 -0.032792 -0.001950 
0.144531 1.458011 0.330941 0.736797 -0.032792 -0.002015 
0.144531 1.458011 0.330941 0.736797 -0.032792 -0.002015 
0.148438 1.456857 0.330941 0.737614 -0.032792 -0.002082 
0.148438 1.456857 0.330941 0.737614 -0.032792 -0.002082 
0.152344 1.455700 0.330941 0.738432 -0.032792 -0.002150 
0.152344 1.455700 0.330941 0.738432 -0.032792 -0.002150 
0.156250 1.454542 0.330941 0.739251 -0.032792 -0.002219 
0.156250 1.454542 0.330941 0.739251 -0.032792 -0.002219 
0.160156 1.453381 0.330941 0.740071 -0.032792 -0.002289 
0.160156 1.453381 0.330941 0.740071 -0.032792 -0.002289 
0.164062 1.452219 0.330941 0.740893 -0.032792 -0.002360 
0.164062 1.452219 0.330941 0.740893 -0.032792 -0.002360 
0.167969 1.451055 0.330941 0.741716 -0.032792 -0.002433 
0.167969 1.451055 0.330941 0.741716 -0.032792 -0.002433 
0.171875 1.449888 0.330941 0.742541 -0.032792 -0.002507 
0.171875 1.449888 0.330941 0.742541 -0.032792 -0.002507 
0.175781 1.448719 0.330941 0.743368 -0.032792 -0.002582 
0.175781 1.448719 0.330941 0.743368 -0.032792 -0.002582 
0.179688 1.447547 0.330941 0.744196 -0.032792 -0.002659 
0.179688 1.447547 0.330941 0.744196 -0.032792 -0.002659 
0.183594 1.446373 0.330941 0.745027 -0.032792 -0.002737 
0.183594 1.446373 0.330941 0.745027 -0.032792 -0.002737 
0.187500 1.445197 0.330941 0.745859 -0.032792 -0.002818 
0.187500 1.445197 0.330941 0.745859 -0.032792 -0.002818 
0.191406 1.444017 0.330941 0.746693 -0.032792 -0.002899 
0.191406 1.444017 0.330941 0.746693 -0.032792 -0.002899 
0.195312 1.442835 0.330941 0.747529 -0.032792 -0.002983 
0.195312 1.442835 0.330941 0.747529 -0.032792 -0.002983 
0.199219 1.441650 0.330941 0.748367 -0.032792 -0.003068 
0.199219 1.441650 0.330941 0.748367 -0.032792 -0.003068 
0.203125 1.440461 0.330941 0.749207 -0.032792 -0.003155 
0.203125 1.440461 0.330941 0.749207 -0.032792 -0.003155 
0.207031 1.439270 0.330941 0.750050 -0.032792 -0.003245 
0.207031 1.439270 0.330941 0.750050 -0.032792 -0.003245 
0.210938 1.438075 0.330941 0.750895 -0.032792 -0.003336 
0.210938 1.438075 0.330941 0.750895 -0.032792 -0.003336 
0.214844 1.436876 0.330941 0.751742 -0.032792 -0.003430 
0.214844 1.436876 0.330941 0.751742 -0.032792 -0.003430 
0.218750 1.435674 0.330941 0.752592 -0.032792 -0.003525 
0.218750 1.435674 0.330941 0.752592 -0.032792 -0.003525 
0.222656 1.434468 0.330941 0.753445 -0.032792 -0.003623 
0.222656 1.434468 0.330941 0.753445 -0.032792 -0.003623 
0.226562 1.433258 0.330941 0.754301 -0.032792 -0.003724 
0.226562 1.433258 0.330941 0.754301 -0.032792 -0.003724 
0.230469 1.432044 0.330941 0.755159 -0.032792 -0.003827 
0.230469 1.432044 0.330941 0.755159 -0.032792 -0.003827 
0.234375 1.430825 0.330941 0.756021 -0.032792 -0.003933 
0.234375 1.430825 0.330941 0.756021 -0.032792 -0.003933 
0.238281 1.429602 0.330941 0.756886 -0.032792 -0.004041 
0.238281 1.429602 0.330941 0.756886 -0.032792 -0.004041 
0.242188 1.428374 0.330941 0.757754 -0.032792 -0.004152 
0.242188 1.428374 0.330941 0.757754 -0.032792 -0.004152 
0.246094 1.427142 0.330941 0.758625 -0.032792 -0.004267 
0.246094 1.427142 0.330941 0.758625 -0.032792 -0.004267 
0.250000 1.425904 0.330941 0.759501 -0.032792 -0.004384 
0.250000 1.425904 0.330941 0.759501 -0.032792 -0.004384 
0.253906 1.424661 0.330941 0.760380 -0.032792 -0.004505 
0.253906 1.424661 0.330941 0.760380 -0.032792 -0.004505 
0.257812 1.423412 0.330941 0.761263 -0.032792 -0.004629 
0.257812 1.423412 0.330941 0.761263 -0.032792 -0.004629 
0.261719 1.422157 0.330941 0.762150 -0.032792 -0.004757 
0.261719 1.422157 0.330941 0.762150 -0.032792 -0.004757 
0.265625 1.420897 0.330941 0.763041 -0.032792 -0.004889 
0.265625 1.420897 0.330941 0.763041 -0.032792 -0.004889 
0.269531 1.419630 0.330941 0.763937 -0.032792 -0.005024 
0.269531 1.419630 0.330941 0.763937 -0.032792 -0.005024 
0.273438 1.418356 0.330940 0.764838 -0.032792 -0.005164 
0.273438 1.418356 0.330940 0.764838 -0.032792 -0.005164 
0.277344 1.417076 0.330940 0.765743 -0.032792 -0.005307 
0.277344 1.417076 0.330940 0.765743 -0.032792 -0.005307 
0.281250 1.415788 0.330940 0.766654 -0.032792 -0.005455 
0.281250 1.415788 0.330940 0.766654 -0.032792 -0.005455 
0.285156 1.414493 0.330940 0.767569 -0.032792 -0.005608 
0.285156 1.414493 0.330940 0.767569 -0.032792 -0.005608 
0.289062 1.413190 0.330940 0.768491 -0.032792 -0.005765 
0.289062 1.413190 0.330940 0.768491 -0.032792 -0.005765 
0.292969 1.411879 0.330940 0.769418 -0.032792 -0.005928 
0.292969 1.411879 0.330940 0.769418 -0.032792 -0.005928 
0.296875 1.410559 0.330940 0.770351 -0.032792 -0.006095 
0.296875 1.410559 0.330940 0.770351 -0.032792 -0.006095 
0.300781 1.409230 0.330940 0.771291 -0.032792 -0.006269 
0.300781 1.409230 0.330940 0.771291 -0.032792 -0.006269 
0.304688 1.407892 0.330940 0.772237 -0.032792 -0.006447 
0.304688 1.407892 0.330940 0.772237 -0.032792 -0.006447 
0.308594 1.406545 0.330940 0.773189 -0.032792 -0.006632 
0.308594 1.406545 0.330940 0.773189 -0.032792 -0.006632 
0.312500 1.405187 0.330940 0.774150 -0.032792 -0.006823 
0.312500 1.405187 0.330940 0.774150 -0.032792 -0.006823 
0.316406 1.403819 0.330940 0.775117 -0.032792 -0.007021 
0.316406 1.403819 0.330940 0.775117 -0.032792 -0.007021 
0.320312 1.402439 0.330940 0.776093 -0.032792 -0.007225 
0.320312 1.402439 0.330940 0.776093 -0.032792 -0.007225 
0.324219 1.401048 0.330940 0.777076 -0.032792 -0.007436 
0.324219 1.401048 0.330940 0.777076 -0.032792 -0.007436 
0.328125 1.399645 0.330940 0.778068 -0.032792 -0.007655 
0.328125 1.399645 0.330940 0.778068 -0.032792 -0.007655 
0.332031 1.398229 0.330940 0.779069 -0.032791 -0.007882 
0.332031 1.398229 0.330940 0.779069 -0.032791 -0.007882 
0.335938 1.396800 0.330940 0.780080 -0.032791 -0.008116 
0.335938 1.396800 0.330940 0.780080 -0.032791 -0.008116 
0.339844 1.395358 0.330940 0.781100 -0.032791 -0.008359 
0.339844 1.395358 0.330940 0.781100 -0.032791 -0.008359 
0.343750 1.393900 0.330940 0.782130 -0.032791 -0.008611 
0.343750 1.393900 0.330940 0.782130 -0.032791 -0.008611 
0.347656 1.392428 0.330940 0.783171 -0.032791 -0.008872 
0.347656 1.392428 0.330940 0.783171 -0.032791 -0.008872 
0.351562 1.390940 0.330940 0.784224 -0.032791 -0.009143 
0.351562 1.390940 0.330940 0.784224 -0.032791 -0.009143 
0.355469 1.389436 0.330940 0.785287 -0.032791 -0.009423 
0.355469 1.389436 0.330940 0.785287 -0.032791 -0.009423 
0.359375 1.387914 0.330940 0.786363 -0.032791 -0.009715 
0.359375 1.387914 0.330940 0.786363 -0.032791 -0.009715 
0.363281 1.386375 0.330940 0.787452 -0.032791 -0.010017 
0.363281 1.386375 0.330940 0.787452 -0.032791 -0.010017 
0.367188 1.384816 0.330940 0.788554 -0.032791 -0.010331 
0.367188 1.384816 0.330940 0.788554 -0.032791 -0.010331 
0.371094 1.383238 0.330940 0.789670 -0.032791 -0.010657 
0.371094 1.383238 0.330940 0.789670 -0.032791 -0.010657 
0.375000 1.381640 0.330940 0.790800 -0.032791 -0.010995 
0.375000 1.381640 0.330940 0.790800 -0.032791 -0.010995 
0.378906 1.380019 0.330940 0.791946 -0.032791 -0.011347 
0.378906 1.380019 0.330940 0.791946 -0.032791 -0.011347 
0.382812 1.378377 0.330940 0.793107 -0.032791 -0.011712 
0.382812 1.378377 0.330940 0.793107 -0.032791 -0.011712 
0.386719 1.376710 0.330940 0.794286 -0.032791 -0.012092 
0.386719 1.376710 0.330940 0.794286 -0.032791 -0.012092 
0.390625 1.375020 0.330940 0.795481 -0.032791 -0.012487 
0.390625 1.375020 0.330940 0.795481 -0.032791 -0.012487 
0.394531 1.373303 0.330940 0.796695 -0.032791 -0.012898 
0.394531 1.373303 0.330940 0.796695 -0.032791 -0.012898 
0.398438 1.371559 0.330940 0.797928 -0.032791 -0.013325 
0.398438 1.371559 0.330940 0.797928 -0.032791 -0.013325 
0.402344 1.369787 0.330940 0.799181 -0.032791 -0.013770 
0.402344 1.369787 0.330940 0.799181 -0.032791 -0.013770 
0.406250 1.367986 0.330940 0.800455 -0.032791 -0.014233 
0.406250 1.367986 0.330940 0.800455 -0.032791 -0.014233 
0.410156 1.366153 0.330940 0.801750 -0.032791 -0.014714 
0.410156 1.366153 0.330940 0.801750 -0.032791 -0.014714 
0.414062 1.364289 0.330940 0.803069 -0.032791 -0.015216 
0.414062 1.364289 0.330940 0.803069 -0.032791 -0.015216 
0.417969 1.362390 0.330940 0.804411 -0.032791 -0.015738 
0.417969 1.362390 0.330940 0.804411 -0.032791 -0.015738 
0.421875 1.360456 0.330940 0.805779 -0.032791 -0.016282 
0.421875 1.360456 0.330940 0.805779 -0.032791 -0.016282 
0.425781 1.358485 0.330940 0.807173 -0.032791 -0.016848 
0.425781 1.358485 0.330940 0.807173 -0.032791 -0.016848 
0.429688 1.356475 0.330940 0.808594 -0.032791 -0.017439 
0.429688 1.356475 0.330940 0.808594 -0.032791 -0.017439 
0.433594 1.354424 0.330940 0.810044 -0.032791 -0.018054 
0.433594 1.354424 0.330940 0.810044 -0.032791 -0.018054 
0.437500 1.352331 0.330940 0.811525 -0.032790 -0.018695 
0.437500 1.352331 0.330940 0.811525 -0.032790 -0.018695 
0.441406 1.350193 0.330940 0.813036 -0.032790 -0.019364 
0.441406 1.350193 0.330940 0.813036 -0.032790 -0.019364 
0.445312 1.348008 0.330939 0.814581 -0.032790 -0.020061 
0.445312 1.348008 0.330939 0.814581 -0.032790 -0.020061 
0.449219 1.345774 0.330939 0.816161 -0.032790 -0.020789 
0.449219 1.345774 0.330939 0.816161 -0.032790 -0.020789 
0.453125 1.343489 0.330939 0.817776 -0.032790 -0.021548 
0.453125 1.343489 0.330939 0.817776 -0.032790 -0.021548 
0.457031 1.341151 0.330939 0.819430 -0.032790 -0.022339 
0.457031 1.341151 0.330939 0.819430 -0.032790 -0.022339 
0.460938 1.338756 0.330939 0.821123 -0.032790 -0.023165 
0.460938 1.338756 0.330939 0.821123 -0.032790 -0.023165 
0.464844 1.336302 0.330939 0.822858 -0.032790 -0.024027 
0.464844 1.336302 0.330939 0.822858 -0.032790 -0.024027 
0.468750 1.333787 0.330939 0.824637 -0.032790 -0.024927 
0.468750 1.333787 0.330939 0.824637 -0.032790 -0.024927 
0.472656 1.331206 0.330939 0.826461 -0.032790 -0.025866 
0.472656 1.331206 0.330939 0.826461 -0.032790 -0.025866 
0.476562 1.328559 0.330939 0.828334 -0.032790 -0.026847 
0.476562 1.328559 0.330939 0.828334 -0.032790 -0.026847 
0.480469 1.325840 0.330939 0.830256 -0.032790 -0.027872 
0.480469 1.325840 0.330939 0.830256 -0.032790 -0.027872 
0.484375 1.323047 0.330939 0.832231 -0.032789 -0.028942 
0.484375 1.323047 0.330939 0.832231 -0.032789 -0.028942 
0.488281 1.320176 0.330939 0.834261 -0.032789 -0.030059 
0.488281 1.320176 0.330939 0.834261 -0.032789 -0.030059 
0.492188 1.317223 0.330939 0.836349 -0.032789 -0.031227 
0.492188 1.317223 0.330939 0.836349 -0.032789 -0.031227 
0.496094 1.314185 0.330939 0.838497 -0.032789 -0.032446 
0.496094 1.314185 0.330939 0.838497 -0.032789 -0.032446 
0.500000 1.311047 0.330936 0.840716 -0.032786 -0.033729 
