39
0 1 1.00000000000000
1 4 1.41421356237310
1 0 1.00000000000000
1 3 -0.816496580927726
2 5 1.41421356237310
3 1 -0.816496580927726
3 7 1.29099444873581
4 9 1.73205080756888
4 1 0.942809041582063
4 7 -0.596284793999944
5 10 1.73205080756888
5 2 0.707106781186548
5 8 -0.447213595499958
6 1 -0.471404520791032
6 7 0.298142396999972
6 11 1.73205080756888
7 4 -0.894427190999916
7 14 1.67332005306815
7 3 1.29099444873581
7 13 -1.15470053837925
8 5 -0.894427190999916
8 15 1.67332005306815
9 4 1.03923048454133
9 14 -0.555492059863531
10 5 0.923760430703401
10 15 -0.493770719878694
11 14 0.123442679969674
11 4 -0.230940107675850
11 6 0.577350269189626
11 16 -0.308606699924184
12 5 -0.692820323027551
12 15 0.370328039909021
13 7 -1.15470053837925
14 9 -0.925820099772551
14 7 1.11554670204543
15 10 -0.925820099772551
15 8 0.836660026534076
16 7 -0.557773351022717
16 11 -0.925820099772551
