76
0 2 1.00000000000000
1 5 1.41421356237310
2 0 1.00000000000000
2 3 -0.816496580927726
2 6 1.41421356237310
3 2 -0.816496580927726
3 8 1.29099444873581
4 10 1.73205080756888
4 2 -0.471404520791032
4 8 0.298142396999972
5 1 0.707106781186548
5 7 -0.447213595499958
5 11 1.73205080756888
6 2 0.942809041582063
6 8 -0.596284793999944
6 12 1.73205080756888
7 5 -0.894427190999916
7 15 1.67332005306815
8 3 1.29099444873581
8 13 -1.15470053837925
8 6 -0.894427190999916
8 16 1.67332005306815
9 18 2.00000000000000
9 5 -0.692820323027551
9 15 0.370328039909021
10 19 2.00000000000000
10 14 -0.308606699924184
10 4 0.577350269189626
10 6 -0.230940107675850
10 16 0.123442679969674
11 5 0.923760430703401
11 15 -0.493770719878694
11 20 2.00000000000000
12 6 1.03923048454133
12 16 -0.555492059863531
12 21 2.00000000000000
13 8 -1.15470053837925
13 23 1.52752523165195
14 10 -0.925820099772551
14 25 1.96396101212393
14 8 -0.557773351022717
14 23 0.421637021355784
15 7 0.836660026534076
15 22 -0.632455532033676
15 11 -0.925820099772551
15 26 1.96396101212393
16 8 1.11554670204543
16 23 -0.843274042711568
16 12 -0.925820099772551
16 27 1.96396101212393
17 10 -0.857142857142857
17 25 0.404061017820884
18 24 -0.235702260395516
18 9 0.500000000000000
18 11 -0.428571428571429
18 26 0.202030508910442
19 25 -0.404061017820884
19 10 0.857142857142857
19 12 -0.142857142857143
19 27 0.0673435029701474
20 11 1.07142857142857
20 26 -0.505076272276105
21 12 1.14285714285714
21 27 -0.538748023761179
22 15 -1.26491106406735
23 13 1.52752523165195
23 16 -1.26491106406735
24 18 -0.942809041582063
24 15 -0.785584404849573
25 19 -0.942809041582063
25 14 0.654653670707977
25 16 -0.261861468283191
26 15 1.04744587313276
26 20 -0.942809041582063
27 16 1.17837660727436
27 21 -0.942809041582063
