371
0 2 1.000000000000000
1 6 1.414213562373095
2 0 1.000000000000000
2 4 -0.8164965809277260
2 8 1.414213562373095
3 9 1.414213562373095
4 2 -0.8164965809277260
4 11 1.290994448735806
5 14 1.732050807568877
5 2 -0.4714045207910317
5 11 0.2981423969999720
6 1 0.7071067811865475
6 10 -0.4472135954999579
6 16 1.732050807568877
7 17 1.732050807568877
8 2 0.9428090415820634
8 11 -0.5962847939999439
8 18 1.732050807568877
9 3 0.7071067811865475
9 12 -0.4472135954999579
9 19 1.732050807568877
10 6 -0.8944271909999159
10 22 1.673320053068151
11 4 1.290994448735806
11 20 -1.154700538379252
11 8 -0.8944271909999159
11 24 1.673320053068151
12 9 -0.8944271909999159
12 25 1.673320053068151
13 27 2.000000000000000
13 6 -0.6928203230275509
13 22 0.3703280399090206
14 29 2.000000000000000
14 21 -0.3086066999241838
14 5 0.5773502691896258
14 8 -0.2309401076758503
14 24 0.1234426799696735
15 30 2.000000000000000
15 9 -0.2309401076758503
15 25 0.1234426799696735
16 6 0.9237604307034012
16 22 -0.4937707198786941
16 31 2.000000000000000
17 7 0.5773502691896258
17 23 -0.3086066999241838
17 32 2.000000000000000
18 8 1.039230484541326
18 24 -0.5554920598635309
18 33 2.000000000000000
19 9 0.9237604307034012
19 25 -0.4937707198786941
19 34 2.000000000000000
20 11 -1.154700538379252
20 36 1.527525231651947
21 14 -0.9258200997725515
21 39 1.963961012123931
21 11 -0.5577733510227170
21 36 0.4216370213557839
22 10 0.8366600265340755
22 35 -0.6324555320336759
22 16 -0.9258200997725515
22 41 1.963961012123931
23 17 -0.9258200997725515
23 42 1.963961012123931
24 11 1.115546702045434
24 36 -0.8432740427115678
24 18 -0.9258200997725515
24 43 1.963961012123931
25 12 0.8366600265340755
25 37 -0.6324555320336759
25 19 -0.9258200997725515
25 44 1.963961012123931
26 46 2.236067977499790
26 14 -0.8571428571428571
26 39 0.4040610178208843
27 48 2.236067977499790
27 38 -0.2357022603955158
27 13 0.5000000000000000
27 16 -0.4285714285714286
27 41 0.2020305089104421
28 49 2.236067977499790
28 17 -0.4285714285714286
28 42 0.2020305089104421
29 50 2.236067977499790
29 39 -0.4040610178208843
29 14 0.8571428571428571
29 18 -0.1428571428571429
29 43 0.06734350297014738
30 51 2.236067977499790
30 40 -0.2357022603955158
30 15 0.5000000000000000
30 19 -0.1428571428571429
30 44 0.06734350297014738
31 16 1.071428571428571
31 41 -0.5050762722761054
31 52 2.236067977499790
32 17 0.8571428571428571
32 42 -0.4040610178208843
32 53 2.236067977499790
33 18 1.142857142857143
33 43 -0.5387480237611791
33 54 2.236067977499790
34 19 1.071428571428571
34 44 -0.5050762722761054
34 55 2.236067977499790
35 22 -1.264911064067352
35 58 1.897366596101028
36 20 1.527525231651947
36 56 -1.414213562373095
36 24 -1.264911064067352
36 60 1.897366596101028
37 25 -1.264911064067352
37 61 1.897366596101028
38 27 -0.9428090415820634
38 63 2.211083193570267
38 22 -0.7855844048495726
38 58 0.5237229365663817
39 29 -0.9428090415820634
39 65 2.211083193570267
39 21 0.6546536707079771
39 24 -0.2618614682831909
39 57 -0.4364357804719848
39 60 0.1745743121887939
40 30 -0.9428090415820634
40 66 2.211083193570267
40 25 -0.2618614682831909
40 61 0.1745743121887939
41 22 1.047445873132763
41 58 -0.6982972487551756
41 31 -0.9428090415820634
41 67 2.211083193570267
42 23 0.6546536707079771
42 59 -0.4364357804719848
42 32 -0.9428090415820634
42 68 2.211083193570267
43 24 1.178376607274359
43 60 -0.7855844048495726
43 33 -0.9428090415820634
43 69 2.211083193570267
44 25 1.047445873132763
44 61 -0.6982972487551756
44 34 -0.9428090415820634
44 70 2.211083193570267
45 72 2.449489742783178
45 27 -0.9938079899999065
45 63 0.4237611507758188
46 74 2.449489742783178
46 62 -0.1906925178491185
46 26 0.4472135954999579
46 29 -0.5962847939999439
46 65 0.2542566904654913
47 75 2.449489742783178
47 30 -0.5962847939999439
47 66 0.2542566904654913
48 76 2.449489742783178
48 63 -0.3390089206206550
48 27 0.7950463919999252
48 31 -0.2981423969999720
48 67 0.1271283452327456
49 77 2.449489742783178
49 64 -0.1906925178491185
49 28 0.4472135954999579
49 32 -0.2981423969999720
49 68 0.1271283452327456
50 78 2.449489742783178
50 65 -0.4449492083146097
50 29 1.043498389499902
50 33 -0.09938079899999065
50 69 0.04237611507758188
51 79 2.449489742783178
51 66 -0.3390089206206550
51 30 0.7950463919999252
51 34 -0.09938079899999065
51 70 0.04237611507758188
52 31 1.192569587999888
52 67 -0.5085133809309826
52 80 2.449489742783178
53 32 1.043498389499902
53 68 -0.4449492083146097
53 81 2.449489742783178
54 33 1.242259987499883
54 69 -0.5297014384697735
54 82 2.449489742783178
55 34 1.192569587999888
55 70 -0.5085133809309826
55 83 2.449489742783178
56 36 -1.414213562373095
56 85 1.732050807568877
57 39 -1.309307341415954
57 88 2.171240593367238
57 36 -0.6324555320336759
57 85 0.5163977794943223
58 35 0.9486832980505138
58 84 -0.7745966692414834
58 41 -1.309307341415954
58 90 2.171240593367238
59 42 -1.309307341415954
59 91 2.171240593367238
60 36 1.264911064067352
60 85 -1.032795558988645
60 43 -1.309307341415954
60 92 2.171240593367238
61 37 0.9486832980505138
61 86 -0.7745966692414834
61 44 -1.309307341415954
61 93 2.171240593367238
62 46 -0.9534625892455923
62 95 2.430862174021989
62 39 -0.9476070829586857
62 88 0.5714285714285714
63 48 -0.9534625892455923
63 97 2.430862174021989
63 38 0.5527707983925666
63 41 -0.4738035414793428
63 87 -0.3333333333333333
63 90 0.2857142857142857
64 49 -0.9534625892455923
64 98 2.430862174021989
64 42 -0.4738035414793428
64 91 0.2857142857142857
65 50 -0.9534625892455923
65 99 2.430862174021989
65 39 0.9476070829586857
65 43 -0.1579345138264476
65 88 -0.5714285714285714
65 92 0.09523809523809524
66 51 -0.9534625892455923
66 100 2.430862174021989
66 40 0.5527707983925666
66 44 -0.1579345138264476
66 89 -0.3333333333333333
66 93 0.09523809523809524
67 41 1.184508853698357
67 90 -0.7142857142857143
67 52 -0.9534625892455923
67 101 2.430862174021989
68 42 0.9476070829586857
68 91 -0.5714285714285714
68 53 -0.9534625892455923
68 102 2.430862174021989
69 43 1.263476110611581
69 92 -0.7619047619047619
69 54 -0.9534625892455923
69 103 2.430862174021989
70 44 1.184508853698357
70 93 -0.7142857142857143
70 55 -0.9534625892455923
70 104 2.430862174021989
71 106 2.645751311064591
71 46 -1.113404428537808
71 95 0.4367131467411467
72 108 2.645751311064591
72 94 -0.1601281538050871
72 45 0.4082482904638630
72 48 -0.7422696190252055
72 97 0.2911420978274312
73 109 2.645751311064591
73 49 -0.7422696190252055
73 98 0.2911420978274312
74 110 2.645751311064591
74 95 -0.2911420978274312
74 46 0.7422696190252055
74 50 -0.4453617714151233
74 99 0.1746852586964587
75 111 2.645751311064591
75 96 -0.1601281538050871
75 47 0.4082482904638630
75 51 -0.4453617714151233
75 100 0.1746852586964587
76 112 2.645751311064591
76 97 -0.3930418320670321
76 48 1.002063985684027
76 52 -0.2226808857075616
76 101 0.08734262934822935
77 113 2.645751311064591
77 98 -0.2911420978274312
77 49 0.7422696190252055
77 53 -0.2226808857075616
77 102 0.08734262934822935
78 114 2.645751311064591
78 99 -0.4658273565238898
78 50 1.187631390440329
78 54 -0.07422696190252055
78 103 0.02911420978274312
79 115 2.645751311064591
79 100 -0.3930418320670321
79 51 1.002063985684027
79 55 -0.07422696190252055
79 104 0.02911420978274312
80 52 1.298971833294110
80 101 -0.5094986711980045
80 116 2.645751311064591
81 53 1.187631390440329
81 102 -0.4658273565238898
81 117 2.645751311064591
82 54 1.336085314245370
82 103 -0.5240557760893761
82 118 2.645751311064591
83 55 1.298971833294110
83 104 -0.5094986711980045
83 119 2.645751311064591
84 58 -1.549193338482967
85 56 1.732050807568877
85 60 -1.549193338482967
86 61 -1.549193338482967
87 63 -1.333333333333333
87 58 -0.8684962373468951
88 65 -1.333333333333333
88 57 0.7237468644557459
88 60 -0.2894987457822984
89 66 -1.333333333333333
89 61 -0.2894987457822984
90 58 1.157994983129193
90 67 -1.333333333333333
91 59 0.7237468644557459
91 68 -1.333333333333333
92 60 1.302744356020343
92 69 -1.333333333333333
93 61 1.157994983129193
93 70 -1.333333333333333
94 72 -0.9607689228305228
94 63 -1.080383188454217
95 74 -0.9607689228305228
95 62 0.4861724348043977
95 65 -0.6482299130725303
96 75 -0.9607689228305228
96 66 -0.6482299130725303
97 76 -0.9607689228305228
97 63 0.8643065507633737
97 67 -0.3241149565362652
98 77 -0.9607689228305228
98 64 0.4861724348043977
98 68 -0.3241149565362652
99 78 -0.9607689228305228
99 65 1.134402347876928
99 69 -0.1080383188454217
100 79 -0.9607689228305228
100 66 0.8643065507633737
100 70 -0.1080383188454217
101 67 1.296459826145061
101 80 -0.9607689228305228
102 68 1.134402347876928
102 81 -0.9607689228305228
103 69 1.350478985567771
103 82 -0.9607689228305228
104 70 1.296459826145061
104 83 -0.9607689228305228
105 72 -1.221115989722119
106 71 0.3779644730092272
106 74 -0.8722257069443705
107 75 -0.8722257069443705
108 72 0.6977805655554964
108 76 -0.5814838046295803
109 73 0.3779644730092272
109 77 -0.5814838046295803
110 74 0.9594482776388076
110 78 -0.3488902827777482
111 75 0.6977805655554964
111 79 -0.3488902827777482
112 76 1.162967609259161
112 80 -0.1744451413888741
113 77 0.9594482776388076
113 81 -0.1744451413888741
114 78 1.308338560416556
114 82 -0.05814838046295803
115 79 1.162967609259161
115 83 -0.05814838046295803
116 80 1.395561131110993
117 81 1.308338560416556
118 82 1.424635321342472
119 83 1.395561131110993
