170
0 3 1.000000000000000
1 7 1.414213562373095
2 9 1.414213562373095
3 0 1.000000000000000
3 4 -0.8164965809277260
3 5 -1.414213562373095
3 8 -1.414213562373095
4 3 -0.8164965809277260
4 12 1.290994448735806
5 15 1.732050807568877
5 3 -0.4714045207910317
5 12 0.2981423969999720
6 17 1.732050807568877
7 1 0.7071067811865475
7 10 -0.4472135954999579
7 13 -1.732050807568877
7 16 -1.732050807568877
8 3 -0.4714045207910317
8 12 0.2981423969999720
8 19 1.732050807568877
9 2 0.7071067811865475
9 11 -0.4472135954999579
9 14 -1.732050807568877
9 18 -1.732050807568877
10 7 -0.8944271909999159
10 23 1.673320053068151
11 9 -0.8944271909999159
11 25 1.673320053068151
12 4 1.290994448735806
12 20 -1.154700538379252
12 5 0.8944271909999159
12 8 0.8944271909999159
12 21 -1.673320053068151
12 24 -1.673320053068151
13 28 2.000000000000000
13 7 -0.6928203230275509
13 23 0.3703280399090206
14 30 2.000000000000000
14 9 -0.2309401076758503
14 25 0.1234426799696735
15 26 -2.000000000000000
15 29 -2.000000000000000
15 21 -0.4320493798938573
15 5 0.8082903768654761
15 8 0.2309401076758503
15 24 -0.1234426799696735
16 7 -0.2309401076758503
16 23 0.1234426799696735
16 32 2.000000000000000
17 6 0.5773502691896258
17 22 -0.3086066999241838
17 27 -2.000000000000000
17 31 -2.000000000000000
18 9 -0.6928203230275509
18 25 0.3703280399090206
18 34 2.000000000000000
19 21 -0.1234426799696735
19 5 0.2309401076758503
19 8 0.8082903768654761
19 24 -0.4320493798938573
19 29 -2.000000000000000
19 33 -2.000000000000000
20 12 -1.154700538379252
20 37 1.527525231651947
21 15 -0.9258200997725515
21 40 1.963961012123931
21 12 -0.5577733510227170
21 37 0.4216370213557839
22 17 -0.9258200997725515
22 42 1.963961012123931
23 10 0.8366600265340755
23 35 -0.6324555320336759
23 13 0.9258200997725515
23 16 0.9258200997725515
23 38 -1.963961012123931
23 41 -1.963961012123931
24 12 -0.5577733510227170
24 37 0.4216370213557839
24 19 -0.9258200997725515
24 44 1.963961012123931
25 11 0.8366600265340755
25 36 -0.6324555320336759
25 14 0.9258200997725515
25 18 0.9258200997725515
25 39 -1.963961012123931
25 43 -1.963961012123931
26 47 2.236067977499790
26 15 -0.8571428571428571
26 40 0.4040610178208843
27 49 2.236067977499790
27 17 -0.4285714285714286
27 42 0.2020305089104421
28 45 -2.236067977499790
28 48 -2.236067977499790
28 38 -0.4377327693059580
28 13 0.9285714285714286
28 16 0.4285714285714286
28 41 -0.2020305089104421
29 51 2.236067977499790
29 40 0.06734350297014738
29 15 -0.1428571428571429
29 19 -0.1428571428571429
29 44 0.06734350297014738
30 46 -2.236067977499790
30 50 -2.236067977499790
30 39 -0.3030457633656632
30 14 0.6428571428571429
30 18 0.1428571428571429
30 43 -0.06734350297014738
31 17 -0.4285714285714286
31 42 0.2020305089104421
31 53 2.236067977499790
32 38 -0.06734350297014738
32 13 0.1428571428571429
32 16 0.6428571428571429
32 41 -0.3030457633656632
32 48 -2.236067977499790
32 52 -2.236067977499790
33 19 -0.8571428571428571
33 44 0.4040610178208843
33 55 2.236067977499790
34 39 -0.2020305089104421
34 14 0.4285714285714286
34 18 0.9285714285714286
34 43 -0.4377327693059580
34 50 -2.236067977499790
34 54 -2.236067977499790
35 23 -1.264911064067352
36 25 -1.264911064067352
37 20 1.527525231651947
37 21 1.264911064067352
37 24 1.264911064067352
38 28 -0.9428090415820634
38 23 -0.7855844048495726
39 30 -0.9428090415820634
39 25 -0.2618614682831909
40 26 0.9428090415820634
40 29 0.9428090415820634
40 21 0.9165151389911680
40 24 0.2618614682831909
41 23 -0.2618614682831909
41 32 -0.9428090415820634
42 22 0.6546536707079771
42 27 0.9428090415820634
42 31 0.9428090415820634
43 25 -0.7855844048495726
43 34 -0.9428090415820634
44 21 0.2618614682831909
44 24 0.9165151389911680
44 29 0.9428090415820634
44 33 0.9428090415820634
45 28 -0.9938079899999065
46 30 -0.5962847939999439
47 26 1.043498389499902
47 29 0.5962847939999439
48 28 -0.09938079899999065
48 32 -0.2981423969999720
49 27 0.7453559924999299
49 31 0.2981423969999720
50 30 -0.2981423969999720
50 34 -0.09938079899999065
51 26 0.09938079899999065
51 29 0.6459751934999392
51 33 0.09938079899999065
52 32 -0.5962847939999439
53 27 0.2981423969999720
53 31 0.7453559924999299
54 34 -0.9938079899999065
55 29 0.5962847939999439
55 33 1.043498389499902
