51
0 0 -1.00000000000000
0 1 1.00000000000000
0 2 -1.41421356237310
1 2 -0.921317731923561
1 3 1.00000000000000
1 4 -0.531923040535244
1 6 0.145673124078944
1 8 -0.0778655601092025
1 10 0.0512984419228811
1 12 -0.0375056326012815
1 14 0.350292909161692
2 2 0.412025815491402
2 4 -0.713649646461108
2 5 1.00000000000000
2 6 -0.586323014283504
2 8 0.174112685510273
2 10 -0.0963537147546851
2 12 0.0646959682560325
2 14 -0.504779643349541
3 2 -0.286096336205338
3 4 0.275296327870529
3 6 -0.678537039478621
3 7 1.00000000000000
3 8 -0.604488839515453
3 10 0.185846262099247
3 12 -0.104819448624943
3 14 0.638269298034297
4 2 0.224778510448245
4 4 -0.181686306921472
4 6 0.248784221726744
4 8 -0.664903800669054
4 9 1.00000000000000
4 10 -0.613261376879900
4 12 0.192159185355750
4 14 -0.789784046733308
5 2 -0.187528163006407
5 4 0.139203559790210
5 6 -0.160114352542446
5 8 0.237735337269432
5 10 -0.657812002819755
5 11 1.00000000000000
5 12 -0.618356006156083
5 14 1.01446220481186
6 2 0.162154108054847
6 4 -0.114424099699152
6 6 0.120868702445788
6 8 -0.150749757778688
6 10 0.231735287437179
6 12 -0.653506957356401
6 13 1.00000000000000
6 14 -1.65283997957256
