97
0 0 -1.00000000000000000000000000000000000000000000000000000000000000000
0 1 1.00000000000000000000000000000000000000000000000000000000000000000
0 3 0.816496580927726032732428024901963797321982493552223376144230855750
0 4 -1.41421356237309504880168872420969807856967187537694807317667973799
1 2 -0.56418958354775628694807945156077258584405062932899885684408572171
1 5 1.00000000000000000000000000000000000000000000000000000000000000000
1 8 0.178412411615277111453896637256508259039420292057195347185927384585
1 10 -0.69098829894267095853048929206377936627875474065248662697341470979
1 23 0.134867106268947088078996634866627508572021431757021317282037704397
1 25 -0.65147001587055989544851283045112933943451414425897026951765754326
1 29 1.03006453872850554757918062749730376822959857116723492222317673395
2 3 -0.82405163098280443806334450199784301458367885693378793777854138716
2 4 0.356824823230554222907793274513016518078840584114390694371854769169
2 7 1.00000000000000000000000000000000000000000000000000000000000000000
2 13 0.368527092769424511216260955767348995348669195014659534385821178554
2 14 -0.47682722700889610254220230369911531503660800667377961244231515642
2 17 -0.20601290774570110951583612549946075364591971423344698444463534679
3 3 -0.106384608107048714117318949315835164926895634977315908710913554579
3 4 -0.64492241234649289462845667259286074186017109127565418517518706247
3 9 1.00000000000000000000000000000000000000000000000000000000000000000
3 13 0.0475766430974072297210391032684022024105120778819187592495806358892
3 14 0.123116260614914534479007300316288984410766333373272173239092256624
3 17 -0.69149995269581664176257317055292857202482162735255340662093810476
4 3 0.053192304053524357058659474657917582463447817488657954355456777289
4 4 0.092131773192356127804065238941837248837167298753664883596455294639
4 6 -0.460658865961780639020326194709186244185836493768324417982276473193
4 11 1.00000000000000000000000000000000000000000000000000000000000000000
4 13 -0.0237883215487036148605195516342011012052560389409593796247903179446
4 16 0.123116260614914534479007300316288984410766333373272173239092256624
4 17 -0.053192304053524357058659474657917582463447817488657954355456777289
4 19 -0.79788456080286535587989211986876373695171726232986931533185165934
5 2 -0.150786008773026861629291824785175187157266229363223845803867027561
5 8 -0.52450994970978571279642253406902684654026880734115757368654667207
5 10 0.184674390922371801718510950474433476616149500059908259858638384936
5 15 1.00000000000000000000000000000000000000000000000000000000000000000
5 23 0.468581754089458294674470625582198447224596296186211501938777433313
5 25 -1.39290148408218129114825355250788149420742796604607488133886945180
5 29 -0.27529632787052895765613144327600085768891424393591434173040037896
6 2 0.093067145124365699349787547207304191347787734894138609931093934752
6 8 -0.088291246176729046935358339499768894419679877528620136190558005767
6 10 -0.51292578908755630020850207705849097375467538292634455985619035243
6 18 1.00000000000000000000000000000000000000000000000000000000000000000
6 23 0.0222473028883435616521603154655884319229024969290899436995221976063
6 25 0.295527877096443769353755903198499925918312234410427972632616330420
6 29 -1.61420753366203100839239814660650329607094549956510076025362871767
7 2 -0.069800358843274274512340660405478143510840801170603957448320451064
7 8 0.066218434632546785201518754624826670814759908146465102142918504325
7 10 0.08548763151459271670141701284308182895911256382105742664269839207
7 12 -0.39894228040143267793994605993438186847585863116493465766592582967
7 20 1.00000000000000000000000000000000000000000000000000000000000000000
7 23 -0.0166854771662576712391202365991913239421768726968174577746416482047
7 25 -0.080598511935393755278297064508681797977721518475571265263440817387
7 27 0.188063194515918762316026483853590861948016876442999618948028573904
7 29 -0.1274374368680550796099261694689344707424430657551395337042338461
7 31 -1.78412411615277111453896637256508259039420292057195347185927384585
8 3 -0.311462240436809863130244416518238046920634957007259211793310766488
8 4 0.134867106268947088078996634866627508572021431757021317282037704397
8 13 -0.69645074204109064557412677625394074710371398302303744066943472590
8 14 0.252313252202016004824714952236568394659398005638729270274726310245
8 22 1.00000000000000000000000000000000000000000000000000000000000000000
9 3 0.075225277806367504926410593541436344779206750577199847579211429561
9 4 -0.195441004761167968634553849135338801830354243277691080855297262978
9 13 -0.168208834801344003216476634824378929772932003759152846849817540164
9 14 -0.53974932508184525031994825159680407900537833684285401651881191257
9 17 0.188063194515918762316026483853590861948016876442999618948028573904
9 24 1.00000000000000000000000000000000000000000000000000000000000000000
10 3 -0.0376126389031837524632052967707181723896033752885999237896057147807
10 4 0.043431334391370659696567522030075289295634276283931351301177169551
10 6 -0.108578335978426649241418805075188223239085690709828378252942923877
10 13 0.084104417400672001608238317412189464886466001879576423424908770082
10 14 0.05223380565308179841805950821904555603277854872672780805020760444
10 16 -0.43528171377568165348382923515871296693982123938939840041839670369
10 19 0.188063194515918762316026483853590861948016876442999618948028573904
10 26 1.00000000000000000000000000000000000000000000000000000000000000000
11 3 0.0453110886641973616390848602556211451528686456018273897615053675135
11 4 0.117721661568972062580477785999691859226239836704826848254077341023
11 13 -0.0405274697550661768065976949774610152102459561818346318898718303157
11 14 -0.073412354098807722041635051540266895383710465049577157794773434389
11 17 -0.51541363355524498864459028540769052611388084372078655853712355547
11 28 1.00000000000000000000000000000000000000000000000000000000000000000
12 3 -0.0226555443320986808195424301278105725764343228009136948807526837568
12 4 -0.024525346160202513037599538749935804005466632646838926719599446046
12 6 0.068670969248567036505278708499820251215306571411148994814878448930
12 13 0.0202637348775330884032988474887305076051229780909173159449359151579
12 14 0.009176544262350965255204381442533361922963808131197144724346679299
12 16 -0.055059265574105791531226288655200171537782848787182868346080075792
12 17 0.019823601290586345717099626361834251004380032450799483020658598287
12 19 -0.47576643097407229721039103268402202410512077881918759249580635889
12 30 1.00000000000000000000000000000000000000000000000000000000000000000
13 3 0.0169916582490740106146568225958579294323257421006852711605645128176
13 4 0.009810138464081005215039815499974321602186653058735570687839778419
13 6 -0.068670969248567036505278708499820251215306571411148994814878448930
13 13 -0.0151978011581498163024741356165478807038422335681879869587019363684
13 16 0.055059265574105791531226288655200171537782848787182868346080075792
13 19 0.11894160774351807430259775817100550602628019470479689812395158972
13 21 -0.356824823230554222907793274513016518078840584114390694371854769169
13 32 1.00000000000000000000000000000000000000000000000000000000000000000
