39
0 0 -1.000000000000000
0 1 1.000000000000000
0 4 0.8164965809277260
0 5 -1.414213562373095
1 2 -0.5641895835477563
1 6 1.000000000000000
1 11 0.1784124116152771
1 14 -1.184551369616007
2 3 -0.5641895835477563
2 7 1.000000000000000
2 12 0.1784124116152771
2 15 -1.184551369616007
3 4 -0.8240516309828044
3 5 0.3568248232305542
3 10 1.000000000000000
3 20 0.7370541855388490
3 21 -0.9536544540177922
4 4 -0.1063846081070487
4 5 -0.6449224123464929
4 13 1.000000000000000
4 20 0.09515328619481446
4 21 0.2462325212298291
5 4 0.05319230405352436
5 5 0.09213177319235613
5 8 -0.4606588659617806
5 16 1.000000000000000
5 20 -0.04757664309740723
5 24 0.2462325212298291
6 9 -0.4606588659617806
6 17 1.000000000000000
6 25 0.2462325212298291
7 2 -0.1507860087730269
7 11 -0.5245099497097857
7 14 0.3165846701526374
7 22 1.000000000000000
8 3 -0.1507860087730269
8 12 -0.5245099497097857
8 15 0.3165846701526374
8 23 1.000000000000000
