154
0 0 -1.00000000000000000000000000000000000000000000000000000000000000000
0 1 1.00000000000000000000000000000000000000000000000000000000000000000
0 3 0.816496580927726032732428024901963797321982493552223376144230855750
0 4 -1.41421356237309504880168872420969807856967187537694807317667973799
1 2 -0.56418958354775628694807945156077258584405062932899885684408572171
1 5 1.00000000000000000000000000000000000000000000000000000000000000000
1 8 0.178412411615277111453896637256508259039420292057195347185927384585
1 10 -0.69098829894267095853048929206377936627875474065248662697341470979
1 23 0.033716776567236772019749158716656877143005357939255329320509426099
1 25 -0.16286750396763997386212820761278233485862853606474256737941438582
1 29 0.74913784634800403460304045636167546780334441539435267070776489742
2 3 -0.82405163098280443806334450199784301458367885693378793777854138716
2 4 0.356824823230554222907793274513016518078840584114390694371854769169
2 7 1.00000000000000000000000000000000000000000000000000000000000000000
2 13 0.368527092769424511216260955767348995348669195014659534385821178554
2 14 -0.47682722700889610254220230369911531503660800667377961244231515642
2 17 -0.20601290774570110951583612549946075364591971423344698444463534679
2 34 0.341189789796676929293161977781940359088210556977522056634446614611
2 35 -0.57219267241067532305064276443893837804392960800853553493077818771
2 38 0.175688398039543048261213734096350752206015089973639967914060619365
3 3 -0.106384608107048714117318949315835164926895634977315908710913554579
3 4 -0.644922412346492894628456672592860741860171091275654185175187062470
3 9 1.00000000000000000000000000000000000000000000000000000000000000000
3 13 0.0475766430974072297210391032684022024105120778819187592495806358892
3 14 0.123116260614914534479007300316288984410766333373272173239092256624
3 17 -0.69149995269581664176257317055292857202482162735255340662093810476
3 34 0.0440474124592846332249810309241601372302262790297462946768640606334
3 35 0.049246504245965813791602920126515593764306533349308869295636902650
3 38 -0.54435059178320801251940162136565798263373858342597496565045815130
4 3 0.053192304053524357058659474657917582463447817488657954355456777289
4 4 0.092131773192356127804065238941837248837167298753664883596455294639
4 6 -0.460658865961780639020326194709186244185836493768324417982276473193
4 11 1.00000000000000000000000000000000000000000000000000000000000000000
4 13 -0.0237883215487036148605195516342011012052560389409593796247903179446
4 16 0.123116260614914534479007300316288984410766333373272173239092256624
4 17 -0.053192304053524357058659474657917582463447817488657954355456777289
4 19 -0.79788456080286535587989211986876373695171726232986931533185165934
4 34 -0.0220237062296423166124905154620800686151131395148731473384320303167
4 35 0.016415501415321937930534306708838531254768844449769623098545634217
4 37 0.082077507076609689652671533544192656273844222248848115492728171083
4 38 -0.068043823972901001564925202670707247829217322928246870706307268912
4 40 -0.68043823972901001564925202670707247829217322928246870706307268912
5 2 -0.150786008773026861629291824785175187157266229363223845803867027561
5 8 -0.52450994970978571279642253406902684654026880734115757368654667207
5 10 0.184674390922371801718510950474433476616149500059908259858638384936
5 15 1.00000000000000000000000000000000000000000000000000000000000000000
5 23 0.225279689466085718593495493068364638088748219320293991316719919862
5 25 -0.65292257066352248022574385273806945040973185908409760062759505553
5 29 -0.60064653353569954397701405805672914404854016858744947286632809955
6 2 0.093067145124365699349787547207304191347787734894138609931093934752
6 8 -0.088291246176729046935358339499768894419679877528620136190558005767
6 10 -0.51292578908755630020850207705849097375467538292634455985619035243
6 18 1.00000000000000000000000000000000000000000000000000000000000000000
6 23 0.0166854771662576712391202365991913239421768726968174577746416482047
6 25 0.120897767903090632917445596763022696966582277713356897895161226081
6 29 -1.46746139423821000762945286055136663279176863596827341841238974334
7 2 -0.069800358843274274512340660405478143510840801170603957448320451064
7 8 0.066218434632546785201518754624826670814759908146465102142918504325
7 10 0.08548763151459271670141701284308182895911256382105742664269839207
7 12 -0.39894228040143267793994605993438186847585863116493465766592582967
7 20 1.00000000000000000000000000000000000000000000000000000000000000000
7 23 -0.0125141078746932534293401774493934929566326545226130933309812361535
7 25 -0.0201496279838484388195742661271704494944303796188928163158602043468
7 27 0.094031597257959381158013241926795430974008438221499809474014286952
7 29 -0.115852215334595526918114699517213155220402787050126848822030769211
7 31 -1.62193101468433737685360579324098417308563901870177588350843076895
8 3 -0.311462240436809863130244416518238046920634957007259211793310766488
8 4 0.134867106268947088078996634866627508572021431757021317282037704397
8 13 -0.69645074204109064557412677625394074710371398302303744066943472590
8 14 0.252313252202016004824714952236568394659398005638729270274726310245
8 22 1.00000000000000000000000000000000000000000000000000000000000000000
8 34 0.90270333367641005911692712249723613735048100692639817095053715474
8 35 -1.08134250943721144924877836672815026282599145273741115832025561534
8 38 -0.36522185028368180990490675349053211745767791439889105728199992671
9 3 0.075225277806367504926410593541436344779206750577199847579211429561
9 4 -0.195441004761167968634553849135338801830354243277691080855297262978
9 13 -0.168208834801344003216476634824378929772932003759152846849817540164
9 14 -0.53974932508184525031994825159680407900537833684285401651881191257
9 17 0.188063194515918762316026483853590861948016876442999618948028573904
9 24 1.00000000000000000000000000000000000000000000000000000000000000000
9 34 0.093438672131042958939073324955471414076190487102177763537993229946
9 35 0.40626293285730287658490728614813210247716649009677184039050359011
9 38 -1.42204336965123882067433559686231703657704786561881888065234428453
10 3 -0.0376126389031837524632052967707181723896033752885999237896057147807
10 4 0.043431334391370659696567522030075289295634276283931351301177169551
10 6 -0.108578335978426649241418805075188223239085690709828378252942923877
10 13 0.084104417400672001608238317412189464886466001879576423424908770082
10 14 0.05223380565308179841805950821904555603277854872672780805020760444
10 16 -0.43528171377568165348382923515871296693982123938939840041839670369
10 19 0.188063194515918762316026483853590861948016876442999618948028573904
10 26 1.00000000000000000000000000000000000000000000000000000000000000000
10 34 -0.0467193360655214794695366624777357070380952435510888817689966149732
10 35 -0.038691707891171702531895932014107819283539665723502080037190818106
10 37 0.328879517074959471521115422119916463910087158649767680316121953898
10 38 -0.090882470992748345682194380250599209104548171862856845755976890365
10 40 -1.60380831163673551203872435736351545478614420934453257216429806526
11 3 0.0453110886641973616390848602556211451528686456018273897615053675135
11 4 0.117721661568972062580477785999691859226239836704826848254077341023
11 13 -0.0405274697550661768065976949774610152102459561818346318898718303157
11 14 -0.0734123540988077220416350515402668953837104650495771577947734343889
11 17 -0.51541363355524498864459028540769052611388084372078655853712355547
11 28 1.00000000000000000000000000000000000000000000000000000000000000000
11 35 0.0349582638565751057341119293048889978017668881188462656165587782804
11 38 0.261634656889110293348464351970249846904929296812353952506326688577
12 3 -0.0226555443320986808195424301278105725764343228009136948807526837568
12 4 -0.024525346160202513037599538749935804005466632646838926719599446046
12 6 0.068670969248567036505278708499820251215306571411148994814878448930
12 13 0.0202637348775330884032988474887305076051229780909173159449359151579
12 14 0.0091765442623509652552043814425333619229638081311971447243466792986
12 16 -0.0550592655741057915312262886552001715377828487871828683460800757917
12 17 0.019823601290586345717099626361834251004380032450799483020658598287
12 19 -0.47576643097407229721039103268402202410512077881918759249580635889
12 30 1.00000000000000000000000000000000000000000000000000000000000000000
12 35 -0.0113614357533869093635863770240889242855742386386250363253816029411
12 37 0.0122353923498012870069391752567111492306184108415961929657955723982
12 38 -0.00402514856752477374382252849184999764469121995095929157702041059
12 40 0.25358435975406074586081929498654985161554685691043536935228586739
13 3 0.0169916582490740106146568225958579294323257421006852711605645128176
13 4 0.009810138464081005215039815499974321602186653058735570687839778419
13 6 -0.068670969248567036505278708499820251215306571411148994814878448930
13 13 -0.0151978011581498163024741356165478807038422335681879869587019363684
13 16 0.0550592655741057915312262886552001715377828487871828683460800757917
13 19 0.11894160774351807430259775817100550602628019470479689812395158972
13 21 -0.356824823230554222907793274513016518078840584114390694371854769169
13 32 1.00000000000000000000000000000000000000000000000000000000000000000
13 35 0.0069916527713150211468223858609777995603533776237692531233117556561
13 37 -0.0122353923498012870069391752567111492306184108415961929657955723982
13 38 -0.00966035656205945698517406838043999434725892788230229978484898542
13 40 -0.10143374390162429834432771799461994064621874276417414774091434696
13 42 0.15215061585243644751649157699192991096932811414626122161137152043
14 2 -0.075393004386513430814645912392587593578633114681611922901933513781
14 8 -0.166889529453113635889770806294690360262812802335822864354810304749
14 10 0.030779065153728633619751825079072246102691583343318043309773064156
14 23 -0.50012091061471029527755999461176949655702104689105266072311822209
14 25 0.23940494257662490941610607933729213181690168166416912023011818703
14 29 0.100107755589283257329502343009454857341423361431241578811054683258
14 36 1.00000000000000000000000000000000000000000000000000000000000000000
15 2 0.059525946029058972131420572763937812853198013285758519805002218005
15 8 0.043922099509885762065303433524087688051503772493409991978515154841
15 10 -0.109356145670733752515058361435065219725527840420396756492279539323
15 23 -0.103163314852858173577035349200247708502655774521764681764720758519
15 25 -0.48973432373193173671182475912350204065791189249627691042874101636
15 29 0.312863820475789231906205623684704362382817550733654027122950096130
15 39 1.00000000000000000000000000000000000000000000000000000000000000000
16 2 -0.0446444595217942290985654295729533596398985099643188898537516635040
16 8 -0.0329415746324143215489775751430657660386278293700574939838863661310
16 10 0.0182260242784556254191763935725108699542546400700661260820465898872
16 12 -0.085054779966126251956156503338384059786521653660308588382884086140
16 23 0.077372486139643630182776511900185781376991830891323511323540568890
16 25 0.081622387288655289451970793187250340109651982082712818404790169393
16 27 -0.38090447401372468410919703487383492051170924971932648588902079050
16 29 0.0246997753007202025189109702908977128196961224263411074044434286419
16 31 0.345796854210082835264753584072567979475745713968775503662208000986
16 41 1.00000000000000000000000000000000000000000000000000000000000000000
