430
0 0 -0.79788456080286535587989211986876373695171726232986931533185165934
0 1 1.00000000000000000000000000000000000000000000000000000000000000000
0 3 0.325735007935279947724256415225564669717257072129485134758828771631
0 4 -0.56418958354775628694807945156077258584405062932899885684408572171
0 13 0.07283656203947193803622571372017922684602886396695059835652344667
0 14 -0.15078600877302686162929182478517518715726622936322384580386702756
0 17 0.16286750396763997386212820761278233485862853606474256737941438582
0 34 0.033716776567236772019749158716656877143005357939255329320509426099
0 35 -0.075393004386513430814645912392587593578633114681611922901933513781
0 38 0.10417040555085320122998600233689117249309652325007740965875388151
0 43 -0.08920620580763855572694831862825412951971014602859767359296369229
1 2 -0.56418958354775628694807945156077258584405062932899885684408572171
1 5 1.00000000000000000000000000000000000000000000000000000000000000000
1 8 0.178412411615277111453896637256508259039420292057195347185927384585
1 10 -0.69098829894267095853048929206377936627875474065248662697341470979
1 23 0.033716776567236772019749158716656877143005357939255329320509426099
1 25 -0.16286750396763997386212820761278233485862853606474256737941438582
1 29 0.25751613468212638689479515687432594205739964279180873055579418349
1 51 0.082588898361158687296839432982800257306674273180774302519120113688
1 53 -0.441957600983766421179745699965962488596747255977178914425590498464
1 57 0.90905524325248857039402752824229297604024310592114414142523255668
1 63 -1.0013371767186818153386248377681421615768768140149371861288618285
2 0 -0.252313252202016004824714952236568394659398005638729270274726310245
2 3 -0.72104517710995388330542643924811263776071899981706444555622371377
2 4 0.178412411615277111453896637256508259039420292057195347185927384585
2 7 1.00000000000000000000000000000000000000000000000000000000000000000
2 13 0.39156003606751354316727726550280830755796101970307575528493500221
2 14 -0.52450994970978571279642253406902684654026880734115757368654667207
2 17 -0.154509680809275832136877094124595565234439785675085238333476510093
2 34 0.095959628380315386363701806251170725993559219149928078428438110359
2 35 -0.166889529453113635889770806294690360262812802335822864354810304749
2 38 0.07686367414230008361428100866715345409013160186346748596240152097
2 43 0.141047395886939071737019862890193146461012657332249714211021430428
3 0 0.130294003174111979089702566090225867886902828851794053903531508652
3 3 -0.159576912160573071175978423973752747390343452465973863066370331868
3 4 -0.55279063915413676682439143365102349302300379252198930157873176783
3 9 1.00000000000000000000000000000000000000000000000000000000000000000
3 13 0.035682482323055422290779327451301651807884058411439069437185476917
3 14 0.147739512737897441374808760379546781292919600047926607886910707949
3 17 -0.71809610472257882029190290788188736325654553609688238379866649341
3 34 0.0055059265574105791531226288655200171537782848787182868346080075792
3 35 0.024623252122982906895801460063257796882153266674654434647818451325
3 38 -0.15309860393902725352108170600909130761573897658855545908919135505
3 43 0.29134624815788775214490285488071690738411545586780239342609378666
4 0 -0.065147001587055989544851283045112933943451414425897026951765754326
4 3 0.079788456080286535587989211986876373695171726232986931533185165934
4 4 0.04606588659617806390203261947091862441858364937683244179822764732
4 6 -0.46065886596178063902032619470918624418583649376832441798227647319
4 11 1.00000000000000000000000000000000000000000000000000000000000000000
4 13 -0.0178412411615277111453896637256508259039420292057195347185927384585
4 14 -0.012311626061491453447900730031628898441076633337327217323909225662
4 16 0.123116260614914534479007300316288984410766333373272173239092256624
4 17 -0.039894228040143267793994605993438186847585863116493465766592582967
4 19 -0.79788456080286535587989211986876373695171726232986931533185165934
4 34 -0.00275296327870528957656131443276000857688914243935914341730400378958
4 35 -0.002051937676915242241316788338604816406846105556221202887318204277
4 37 0.020519376769152422413167883386048164068461055562212028873182042771
4 38 -0.008505477996612625195615650333838405978652165366030858838288408614
4 40 -0.170109559932252503912313006676768119573043307320617176765768172281
4 43 0.03641828101973596901811285686008961342301443198347529917826172333
4 45 0.3641828101973596901811285686008961342301443198347529917826172333
5 2 -0.150786008773026861629291824785175187157266229363223845803867027561
5 8 -0.52450994970978571279642253406902684654026880734115757368654667207
5 10 0.184674390922371801718510950474433476616149500059908259858638384936
5 15 1.00000000000000000000000000000000000000000000000000000000000000000
5 23 0.225279689466085718593495493068364638088748219320293991316719919862
5 25 -0.65292257066352248022574385273806945040973185908409760062759505553
5 29 -0.206472245902896718242098582457000643266685682951935756297800284219
5 51 0.198655303897640355604556263874480012444279724439395306428755512976
5 53 -0.80057848622277608105411358833853680432434937781993294996677300173
5 57 0.67487564799628095175206285437636415349882813406250566914720900817
5 63 0.8028558522687470015425348676542871656773913142573790623366732306
6 2 0.093067145124365699349787547207304191347787734894138609931093934752
6 8 -0.088291246176729046935358339499768894419679877528620136190558005767
6 10 -0.51292578908755630020850207705849097375467538292634455985619035243
6 18 1.00000000000000000000000000000000000000000000000000000000000000000
6 23 0.0166854771662576712391202365991913239421768726968174577746416482047
6 25 0.120897767903090632917445596763022696966582277713356897895161226081
6 29 -0.76462462120833047765955701681360682445465839453083720222540307679
6 51 0.00454121168579901050040192670189633633368198101594075821373633482309
6 53 0.097205462818430002235607432386724639756024747040352672437581812732
6 57 -0.64980597735246143664284453752039614785691428341291979012938237374
6 63 1.4315409049267505798118835050352044599823540684667545769980819706
7 2 -0.069800358843274274512340660405478143510840801170603957448320451064
7 8 0.066218434632546785201518754624826670814759908146465102142918504325
7 10 0.08548763151459271670141701284308182895911256382105742664269839207
7 12 -0.39894228040143267793994605993438186847585863116493465766592582967
7 20 1.00000000000000000000000000000000000000000000000000000000000000000
7 23 -0.0125141078746932534293401774493934929566326545226130933309812361535
7 25 -0.0201496279838484388195742661271704494944303796188928163158602043468
7 27 0.094031597257959381158013241926795430974008438221499809474014286952
7 29 -0.0955780776510413097074446271017008530568322993163546502781753846
7 31 -0.89206205807638555726948318628254129519710146028597673592963692292
7 51 -0.00340590876434925787530144502642225225026148576195556866030225111732
7 53 -0.0303767071307593756986273226208514499237577334501102101367443164787
7 55 0.056703186644084167970771002225589373191014435773539058921922724094
7 57 -0.03748880638571892903708718485694593160712967019689921866131052156
7 59 -0.69979105253342000869229411732965738999975384367545208167779640249
7 63 0.3716500426252140928357774484226011578800342293134843613360405116
7 65 1.92707429509370270359292010293200600382239970755140039211280265271
8 0 -0.143048168102668830762660691109734594510982402002133883732694546927
8 3 -0.253063070354908013793323588421068413123015902568398109582064997771
8 4 0.033716776567236772019749158716656877143005357939255329320509426099
8 13 -0.68339229062782019596961189919917935809551934584135548865688282479
8 14 0.225279689466085718593495493068364638088748219320293991316719919862
8 17 0.029199585040950924668460414048584816898809527219430551105622884358
8 22 1.00000000000000000000000000000000000000000000000000000000000000000
8 34 0.425157150459202059093017015283296484332481009958638424264650311718
8 35 -0.50012091061471029527755999461176949655702104689105266072311822209
8 38 -0.18053580099250180375981186110043348987964760541308819308826132741
8 43 -0.079966356983596155303084838542642271661299349291606732023698425299
9 0 0.092131773192356127804065238941837248837167298753664883596455294639
9 3 0.0376126389031837524632052967707181723896033752885999237896057147807
9 4 -0.130294003174111979089702566090225867886902828851794053903531508652
9 13 -0.176619276541411203377300466565597876261578603947110489192308417172
9 14 -0.52233805653081798418059508219045556032778548726727808050207604443
9 17 0.169256875064326886084423835468231775753215188798699657053225716513
9 24 1.00000000000000000000000000000000000000000000000000000000000000000
9 34 0.050612614070981602758664717684213682624603180513679621916412999554
9 35 0.191523954061299927532884863469833705453521345331335296184094549623
9 38 -0.68562805322470443139655466277290285692107664949478767460023742290
9 43 -0.20601290774570110951583612549946075364591971423344698444463534679
10 0 -0.0460658865961780639020326194709186244185836493768324417982276473193
10 3 -0.0188063194515918762316026483853590861948016876442999618948028573904
10 4 0.010857833597842664924141880507518822323908569070982837825294292388
10 6 -0.108578335978426649241418805075188223239085690709828378252942923877
10 13 0.088309638270705601688650233282798938130789301973555244596154208586
10 14 0.04352817137756816534838292351587129669398212393893984004183967037
10 16 -0.43528171377568165348382923515871296693982123938939840041839670369
10 17 0.0094031597257959381158013241926795430974008438221499809474014286952
10 19 0.188063194515918762316026483853590861948016876442999618948028573904
10 26 1.00000000000000000000000000000000000000000000000000000000000000000
10 34 -0.0253063070354908013793323588421068413123015902568398109582064997771
10 35 -0.015960329505108327294407071955819475454460112110944608015341212469
10 37 0.15960329505108327294407071955819475454460112110944608015341212469
10 38 -0.03809044740137246841091970348738349205117092497193264858890207905
10 40 -0.76180894802744936821839406974766984102341849943865297177804158100
10 43 -0.025751613468212638689479515687432594205739964279180873055579418349
10 45 -0.25751613468212638689479515687432594205739964279180873055579418349
11 0 -0.0277472617293226430614193195124492292746776624636002279453422653965
11 3 0.056638860830246702048856075319526431441085807002284237201881709392
11 4 0.098101384640810052150398154999743216021866530587355706878397784186
11 13 -0.0379945028953745407561853390413697017596055839204699673967548409210
11 14 -0.078656093677293987901751840936000245053975498267404097637257251131
11 17 -0.50974974747222031843970467787573788296977226302055813481693538453
11 28 1.00000000000000000000000000000000000000000000000000000000000000000
11 34 0.0058626790769006921180479666817280468767031587320605796780520122202
11 35 0.0131093489462156646502919734893333741756625830445673496062095418552
11 38 0.108679011323168891083208269279949936406662938675900872579551086024
11 43 -0.77555954270304749458156289339420159456489779078448841609244945626
12 0 0.0138736308646613215307096597562246146373388312318001139726711326983
12 3 -0.0283194304151233510244280376597632157205429035011421186009408546960
12 4 -0.014715207696121507822559723249961482403279979588103356031759667628
12 6 0.068670969248567036505278708499820251215306571411148994814878448930
12 13 0.0189972514476872703780926695206848508798027919602349836983774204605
12 14 0.0117984140515940981852627761404000367580963247401106146455885876696
12 16 -0.055059265574105791531226288655200171537782848787182868346080075792
12 17 0.016991658249074010614656822595857929432325742100685271160564512818
12 19 -0.47576643097407229721039103268402202410512077881918759249580635889
12 30 1.00000000000000000000000000000000000000000000000000000000000000000
12 34 -0.00293133953845034605902398334086402343835157936603028983902600611009
12 35 -0.0019664023419323496975437960234000061263493874566851024409314312783
12 37 0.0091765442623509652552043814425333619229638081311971447243466792986
12 38 -0.003622633710772296369440275642664997880222097955863362419318369534
12 40 0.101433743901624298344327717994619940646218742764174147740914346956
12 43 -0.01938898856757618736453907233485503986412244476961221040231123641
12 45 -0.81433751983819986931064103806391167429314268032371283689707192908
13 0 -0.0104052231484959911480322448171684609780041234238500854795033495237
13 3 0.0212395728113425132683210282448224117904071776258565889507056410220
13 4 0.002452534616020251303759953874993580400546663264683892671959944605
13 6 -0.068670969248567036505278708499820251215306571411148994814878448930
13 13 -0.0142479385857654527835695021405136381598520939701762377737830653454
13 14 -0.0019664023419323496975437960234000061263493874566851024409314312783
13 16 0.0550592655741057915312262886552001715377828487871828683460800757917
13 17 0.00212395728113425132683210282448224117904071776258565889507056410
13 19 0.11894160774351807430259775817100550602628019470479689812395158972
13 21 -0.356824823230554222907793274513016518078840584114390694371854769169
13 32 1.00000000000000000000000000000000000000000000000000000000000000000
13 34 0.00219850465383775954426798750564801757876368452452271737926950458257
13 35 0.0003277337236553916162572993372333343543915645761141837401552385464
13 37 -0.0091765442623509652552043814425333619229638081311971447243466792986
13 38 -0.000452829213846537046180034455333124735027762244482920302414796192
13 40 -0.02535843597540607458608192949865498516155468569104353693522858674
13 42 0.076075307926218223758245788495964955484664057073130610805685760217
13 43 -0.00581669657027285620936172170045651195923673343088366312069337092
13 45 -0.1628675039676399738621282076127823348586285360647425673794143858
13 47 -0.97720502380583984317276924567669400915177121638845540427648631489
14 2 -0.075393004386513430814645912392587593578633114681611922901933513781
14 8 -0.166889529453113635889770806294690360262812802335822864354810304749
14 10 0.030779065153728633619751825079072246102691583343318043309773064156
14 23 -0.50012091061471029527755999461176949655702104689105266072311822209
14 25 0.23940494257662490941610607933729213181690168166416912023011818703
14 29 0.0344120409838161197070164304095001072111142804919892927163000473698
14 36 1.00000000000000000000000000000000000000000000000000000000000000000
14 51 0.54078388283246541247906982943608447832053924986279833416716778532
14 53 -1.40648078317280060141474053907562613437310560092408985472304655768
14 57 -0.34643616597142422189939226524653359879606510881875291016223395753
14 63 -0.13380930871145783359042247794238119427956521904289651038944553844
15 2 0.059525946029058972131420572763937812853198013285758519805002218005
15 8 0.043922099509885762065303433524087688051503772493409991978515154841
15 10 -0.109356145670733752515058361435065219725527840420396756492279539323
15 23 -0.103163314852858173577035349200247708502655774521764681764720758519
15 25 -0.48973432373193173671182475912350204065791189249627691042874101636
15 29 0.163018516984753336624812403919924904609994408013851308869326629036
15 39 1.00000000000000000000000000000000000000000000000000000000000000000
15 51 0.0338866354587186415711867508808974739148125589278273726030924714068
15 53 0.397215257542552016996483089977955972941331104623095113693346064174
15 57 -1.6162894984098607321578481262053383941193742690896497164066448728
15 63 -0.30520554642274203408628904203137661029711814741622000136962999992
16 2 -0.0446444595217942290985654295729533596398985099643188898537516635040
16 8 -0.0329415746324143215489775751430657660386278293700574939838863661310
16 10 0.0182260242784556254191763935725108699542546400700661260820465898872
16 12 -0.085054779966126251956156503338384059786521653660308588382884086140
16 23 0.077372486139643630182776511900185781376991830891323511323540568890
16 25 0.081622387288655289451970793187250340109651982082712818404790169393
16 27 -0.38090447401372468410919703487383492051170924971932648588902079050
16 29 0.0203773146230941670781015504899906130762493010017314136086658286295
16 31 0.190188269815545559395614471239912388711660142682826527014214400542
16 41 1.00000000000000000000000000000000000000000000000000000000000000000
16 51 -0.0254149765940389811783900631606731054361094191958705294523193535551
16 53 -0.10750717296532114373056987978751199702433852722951161229309040215
16 55 0.25387236025545715868905658359460664357554640165041296396922552797
16 57 -0.1305464594869502899050569640396619472173340755803178617097674705
16 59 -1.7903514443924611186979240782582209904091530365300735320196681667
16 63 -0.07923605532128879731086350129660738921175182673305711574019240383
16 65 -0.41085362018446043050077371042685312924612058306029615568988653836
17 2 -0.0216257468624578316913814105765464556411418535826903451134457435860
17 8 0.0341933080938034113301866334279256112632757957169090216269142861643
17 10 0.088286741866026591559061471175974820419428926020546179826089026262
17 23 -0.0193857835111748255280205669194284294936483271009955713996844667393
17 25 -0.062428153862333669550253371363472955650278701282862722558980408118
17 29 -0.493537890811030223824630932159946469268571321408310810240649653986
17 44 1.00000000000000000000000000000000000000000000000000000000000000000
17 51 0.00316568519109586657079148534660882157774415446828653382122470329955
17 53 0.0144308107347471278767891530196114928848446216351706443223151417368
17 57 0.26068973633869712455874563565495432164094793719947184271155801427
17 63 -1.76556708454235088889570791203005128235053548563483921268527937726
18 2 0.0162193101468433737685360579324098417308563901870177588350843076895
18 8 -0.0256449810703525584976399750709442084474568467876817662201857146232
18 10 -0.026486022559807977467718441352792446125828677806163853947826707879
18 12 0.052972045119615954935436882705584892251657355612327707895653415757
18 23 0.0145393376333811191460154251895713221202362453257466785497633500545
18 25 0.018728446158700100865076011409041886695083610384858816767694122435
18 27 -0.037456892317400201730152022818083773390167220769717633535388244871
18 29 0.03701534181082726678684731991199598519514284910562331076804872405
18 31 -0.444184101729927201442167838943951822341714189267479729216584688587
18 46 1.00000000000000000000000000000000000000000000000000000000000000000
18 51 -0.00237426389332189992809361400995661618330811585121490036591852747466
18 53 -0.005176269067898426303630891843991078969563831673485122419960866058
18 55 0.0075291186442158928052812972276233875920928460705238144290339869931
18 57 -0.03000513054393419874252889123256281177302989871231544724279071204
18 59 0.2206828956134515262353737806782039059435747389163845797211703982
18 63 -0.06716831299889378381668454013157803791550950217089062222172258500
18 65 -1.85512483520754260065128729887215533290454815519602670898090949060
19 2 -0.0135160917890361448071133816103415347757136584891814656959035897413
19 8 0.0213708175586271320813666458924535070395473723230681385168214288527
19 10 0.0055179213666266619724413419484984262762143078762841362391305641414
19 12 -0.066215056399519943669296103381981115314571694515409634869566769696
19 23 -0.0121161146944842659550128543246427684335302044381222321248027917120
19 25 -0.003901759616395854346890835710217059728142418830178920159936275507
19 27 0.0468211153967502521626900285226047167377090259621470419192353060887
19 29 0.00616922363513787779780788665199933086585714151760388512800812067
19 31 0.1480613672433090671473892796479839407805713964224932430721948962
19 33 -0.32573500793527994772425641522556466971725707212948513475882877163
19 48 1.00000000000000000000000000000000000000000000000000000000000000000
19 51 0.00197855324443491660674467834163051348609009654267908363826543956222
19 53 0.0019607079802645554180420044863602571854408453308655766742276007794
19 55 -0.0094113983052698660066016215345292344901160575881547680362924837414
19 57 -0.00403294765375459660517861441297887255013842724627895796274068710
19 59 -0.1161488924281323822291440950937915294439867046928339893269317885
19 61 0.12776378167094562045205850460317068238838537516211738825962496739
19 63 -0.02398868321389063707738733576127787068411053648960379365061520893
19 65 -0.319849109518541827698497810150371609121473819861383915341536119069
19 67 -2.11100412282237606281008554699245262020172721108513384125413838586
20 0 -0.097331950136503082228201380161949389662698424064768503685409614527
20 3 -0.150995288552817099138364062838053183094925868780030210606733132868
20 4 0.013764816393526447882806572163800042884445712196795717086520018948
20 13 -0.247007191571552568602862056831717239131569101145185238917646247036
20 14 0.04782442501239490042331910056237481781065993366133590710321891979
20 17 0.00397356022507413418785168586415929429197173338894816343701929297021
20 34 -0.66055190958448188059521773991335098943076197231422233507101429995
20 35 0.25199793179608082146133526065559038615616965044626997204388430813
20 38 0.043205460209866268003263107373144279241386012632979900068942901044
20 43 0.0108820428443920413370957308789678241734955309847349600104599175922
20 50 1.00000000000000000000000000000000000000000000000000000000000000000
21 0 0.0694469370339021341533240015579274483287310155000516064391692543396
21 3 0.051032867979675751173693902003030435871912992196185153029730451684
21 4 -0.058927680131168856157299426662128331812899634130290521923412066462
21 13 -0.001267921798770303729304096474932749258077734284552176846761429337
21 14 -0.152241154757118074429962584011918474264958242339528233108435521640
21 17 0.0255164339898378755868469510015152179359564960980925765148652258421
21 34 -0.180188659138041931662482184430062729540798598570729885423993096109
21 35 -0.50134587170016469338142850941855911352770731529051538833984801092
21 38 0.223045002224437360848242569872404408284230052878577104058676713861
21 43 0.031057614407390557821785351063946473817382990040910734519765196346
21 52 1.00000000000000000000000000000000000000000000000000000000000000000
22 0 -0.0347234685169510670766620007789637241643655077500258032195846271698
22 3 -0.0255164339898378755868469510015152179359564960980925765148652258421
22 4 0.004910640010930738013108285555177360984408302844190876826951005538
22 6 -0.049106400109307380131082855551773609844083028441908768269510055385
22 13 0.000633960899385151864652048237466374629038867142276088423380714668
22 14 0.012686762896426506202496882000993206188746520194960686092369626803
22 16 -0.126867628964265062024968820009932061887465201949606860923696268033
22 17 0.0014175796661021041992692750556397343297753608943384764730480681023
22 19 0.028351593322042083985385501112794686595507217886769529460961362047
22 34 0.090094329569020965831241092215031364770399299285364942711996548055
22 35 0.04177882264168039111511904245154659279397560960754294902832066758
22 37 -0.41778822641680391115119042451546592793975609607542949028320667577
22 38 0.01239138901246874226934680943735580046023500293769872800325981744
22 40 0.247827780249374845386936188747116009204700058753974560065196348735
22 43 0.003882201800923819727723168882993309227172873755113841814970649543
22 45 0.03882201800923819727723168882993309227172873755113841814970649543
22 54 1.00000000000000000000000000000000000000000000000000000000000000000
23 0 -0.0272084286551120071290146804599243203789171882583578386817081795562
23 3 0.0199940300723834288197798319237044968571358241050129166193656114997
23 4 0.057717793222380226691684287507447173081920197201342485169856035345
23 13 0.0422242320312452548320609339401009298584185954536853040049124577147
23 14 0.056561006689212117861125267795352424293235119807143332271385135923
23 17 -0.099970150361917144098899159618522484285679120525064583096828057499
23 34 -0.0494399363710421864388241084475966903294608712573970668192798963000
23 35 -0.095125329431856743675528859474001804493168156039286513365511364962
23 38 -0.49021527644079292535776492618975098546917285524037727662443295042
23 43 0.152099740084459071966736315003774621890934970431092128880505913561
23 56 1.00000000000000000000000000000000000000000000000000000000000000000
24 0 0.0136042143275560035645073402299621601894585941291789193408540897781
24 3 -0.0099970150361917144098899159618522484285679120525064583096828057499
24 4 -0.0086576689833570340037526431261170759622880295802013727754784053018
24 6 0.0404024552556661586841790012552130211573441380409397396188992247415
24 13 -0.0211121160156226274160304669700504649292092977268426520024562288573
24 14 -0.008484151003381817679168790169302863643985267971071499840707770388
24 16 0.039592704682448482502787687456746697005264583865000332589969595146
24 17 0.0033323383453972381366299719872840828095226373508354861032276019166
24 19 -0.093305473671122667825639215643954318666633845823393610890372853665
24 34 0.0247199681855210932194120542237983451647304356286985334096399481500
24 35 0.014268799414778511551329328921100270673975223405892977004826704744
24 37 -0.066587730602299720572870201631801263145217709227500559355857955473
24 38 0.01634050921469309751192549753965836618230576184134590922081443168
24 40 -0.45753425801140673033391393111043425310456133155768545818280408706
24 43 0.003802493502111476799168407875094365547273374260777303222012647839
24 45 0.159704727088682025565073130753963352985481718952646735324531209239
24 58 1.00000000000000000000000000000000000000000000000000000000000000000
25 0 -0.0102031607456670026733805051724716201420939455968841895056405673336
25 3 0.0074977612771437858074174369713891863214259340393798437322621043124
25 4 0.001442944830559505667292107187686179327048004930033562129246400884
25 6 -0.040402455255666158684179001255213021157344138040939739618899224742
25 13 0.0158340870117169705620228502275378486969069732951319890018421716430
25 14 0.001414025167230302946528131694883810607330877995178583306784628398
25 16 -0.039592704682448482502787687456746697005264583865000332589969595146
25 17 0.000416542293174654767078746498410510351190329668854435762903450240
25 19 0.02332636841778066695640980391098857966665846145584840272259321342
25 21 -0.069979105253342000869229411732965738999975384367545208167779640249
25 34 -0.0185399761391408199145590406678487588735478267215239000572299611125
25 35 -0.002378133235796418591888221486850045112329203900982162834137784124
25 37 0.066587730602299720572870201631801263145217709227500559355857955473
25 38 0.00204256365183663718899068719245729577278822023016823865260180396
25 40 0.11438356450285168258347848277760856327614033288942136454570102176
25 42 -0.34315069350855504775043544833282568982842099866826409363710306529
25 43 0.00114074805063344303975052236252830966418201227823319096660379435
25 45 0.03194094541773640511301462615079267059709634379052934706490624185
25 47 0.19164567250641843067808775690475602358257806274317608238943745109
25 60 1.00000000000000000000000000000000000000000000000000000000000000000
26 0 0.0062875107817690950153378384553206297702574094059217397334283312073
26 3 -0.0179680586955123795206799077196457436253836802568895141455739175078
26 4 -0.024897272459205763862343430309697396402843867947535345731253751757
26 13 0.0200889003334359380268776480702569438432485858651026856101082936216
26 14 0.0332703797883966641405867855023791625248336208964466847899165285939
26 17 0.089840293477561897603399538598228718126918401284447570727869587539
26 34 -0.0092993538555112512340313766884471298013020659945206213908141219037
26 35 -0.0166351898941983320702933927511895812624168104482233423949582642969
26 38 -0.057462044781043416853255064395364074020436445183258203592991124246
26 43 -0.492075553105448965689996631000571706340728953632898331294670952414
26 62 1.00000000000000000000000000000000000000000000000000000000000000000
27 0 -0.00314375539088454750766891922766031488512870470296086986671416560366
27 3 0.0089840293477561897603399538598228718126918401284447570727869587539
27 4 0.00444594151057245783256132684101739221479354784777416888058102709953
27 6 -0.0160053894380608481972207766276626119732567722519870079700916975583
27 13 -0.0100444501667179690134388240351284719216242929325513428050541468108
27 14 -0.0059411392479279757393904974111391361651488608743654794267708086775
27 16 0.0213881012925407126618057906801008901945358991477157259363749112389
27 17 -0.0064171638198258498288142527570163370090656000917462550519906848242
27 19 0.077005965837910197945771033084196044108787201100955060623888217890
27 34 0.00464967692775562561701568834422356490065103299726031069540706095187
27 35 0.00297056962396398786969524870556956808257443043718273971338540433874
27 37 -0.0106940506462703563309028953400504450972679495738578629681874556195
27 38 0.00410443177007452977523250459966886243003117465594701454235650887472
27 40 -0.0492531812408943573027900551960263491603740958713641745082781064967
27 43 0.008787063448311588673035654125010209041798731314873184487404838436
27 45 -0.474501426208825788343925322750551288257131491003151962319861275542
27 64 1.00000000000000000000000000000000000000000000000000000000000000000
28 0 0.00235781654316341063075168942074523616384652852722065240003562420274
28 3 -0.0067380220108171423202549653948671538595188800963335678045902190654
28 4 -0.0013337824531717373497683980523052176644380643543322506641743081299
28 6 0.0160053894380608481972207766276626119732567722519870079700916975583
28 13 0.0075333376250384767600791180263463539412182196994135071037906101081
28 14 0.00178234177437839272181714922334174084954465826230964382803124260324
28 16 -0.0213881012925407126618057906801008901945358991477157259363749112389
28 17 0.000481287286486938737161068956776225275679920006880969128899301362
28 19 -0.03465268462705958907559696488788821984895424049542977728074969805
28 21 0.042353281210850608870174068196307824259832960605525283343138519840
28 34 -0.00348725769581671921276176625816767367548827474794523302155529571390
28 35 -0.0008911708871891963609085746116708704247723291311548219140156213016
28 37 0.0106940506462703563309028953400504450972679495738578629681874556195
28 38 -0.0003078323827555897331424378449751646822523380991960260906767381656
28 40 0.0221639315584024607862555248382118571221683431421138785287251479235
28 42 -0.0270892496824918965165345303578144920382057527292502959795529585732
28 43 0.00052722380689869532038213924750061254250792387889239106924429031
28 45 0.0569401711450590946012710387300661545908557789203782354783833531
28 47 -0.4175612550637666937426542840204851336662757120827737268414779225
28 66 1.00000000000000000000000000000000000000000000000000000000000000000
29 0 -0.00196484711930284219229307451728769680320544043935054366669635350229
29 3 0.0056150183423476186002124711623892948829324000802779731704918492212
29 4 0.000277871344410778614535082927563587013424596740485885555036314193721
29 6 -0.0150050525981820451848944780884336987249282239862378199719609664609
29 13 -0.0062777813541987306333992650219552949510151830828445892531588417568
29 14 -0.0003713212029954984837119060881961960103218038046478424641731755423
29 16 0.0200513449617569181204429287625945845573774054509834930653514792865
29 17 0.000080214547747823122860178159462704212613320001146828188149883560303
29 19 0.0086631711567648972688992412219720549622385601238574443201874245127
29 21 -0.063529921816275913305261102294461736389749440908287925014707779760
29 34 0.00290604807984726601063480521513972806290689562328769418462941309492
29 35 0.0001856606014977492418559530440980980051609019023239212320865877712
29 37 -0.0100256724808784590602214643812972922786887027254917465326757396432
29 38 -0.000051305397125931622190406307495860780375389683199337681779456361
29 40 -0.005540982889600615196563881209552964280542085785528469632181286981
29 42 0.0406338745237378447748017955367217380573086290938754439693294378598
29 43 0.00021967658620778971682589135312525522604496828287182961218512096
29 45 0.0118625356552206447085981330687637822064282872750787990579965319
29 47 0.1739838562765694557261059516752021390276148800344890528506158010
29 49 -0.301572017546053723258583649570350374314532458726447691607734055122
29 68 1.00000000000000000000000000000000000000000000000000000000000000000
