34
0 0 -0.7978845608028654
0 1 1.000000000000000
0 3 0.3257350079352799
0 4 -0.5641895835477563
0 13 0.2913462481578878
0 14 -0.6031440350921074
1 2 -0.5641895835477563
1 5 1.000000000000000
1 8 0.1784124116152771
1 10 -1.184551369616007
2 0 -0.2523132522020160
2 3 -0.7210451771099539
2 4 0.1784124116152771
2 7 1.000000000000000
2 13 0.8291859587312052
2 14 -1.144385344821351
3 0 0.1302940031741120
3 3 -0.1595769121605731
3 4 -0.5527906391541368
3 9 1.000000000000000
3 13 0.04757664309740723
3 14 0.3447255297217607
4 0 -0.06514700158705599
4 3 0.07978845608028654
4 4 0.04606588659617806
4 6 -0.4606588659617806
4 11 1.000000000000000
4 13 -0.02378832154870361
4 14 -0.04924650424596581
4 16 0.2462325212298291
5 2 -0.1507860087730269
5 8 -0.5245099497097857
5 10 0.3165846701526374
5 15 1.000000000000000
