232
0 0 0.7978845608028654
0 3 -0.3257350079352799
0 4 0.5641895835477563
0 13 -0.07283656203947194
0 14 0.1507860087730269
0 17 -0.1628675039676400
1 1 1.595769121605731
1 7 -0.5046265044040320
1 9 0.6514700158705599
1 22 -0.09536544540177922
1 24 0.1535529553205935
1 28 -0.1456731240789439
2 2 0.7978845608028654
2 8 -0.2523132522020160
2 10 0.9772050238058398
2 23 -0.04768272270088961
2 25 0.2303294329808903
2 29 -0.3641828101973597
3 0 -0.3257350079352799
3 3 1.196826841204298
3 4 -0.6909882989426710
3 13 -0.4460310290381928
3 14 0.5540231727671154
3 17 0.3324519003345272
4 0 0.3761263890318375
4 3 -0.4606588659617806
4 4 1.595769121605731
4 13 0.1030064538728506
4 14 -0.4264872372458462
4 17 0.9980942095838581
5 5 1.595769121605731
5 15 -0.4264872372458462
5 18 0.9213177319235613
6 0 -0.1880631945159188
6 3 0.2303294329808903
6 4 -0.3989422804014327
6 6 0.7978845608028654
6 13 -0.05150322693642528
6 14 0.1066218093114615
6 16 -0.2132436186229231
6 17 0.1919411941507419
6 19 1.381976597885342
7 1 -0.5046265044040320
7 7 2.074499858087450
7 9 -0.6180387232371033
7 22 -0.6936156403559236
7 24 0.6312502043420901
7 28 0.2303294329808903
8 2 -0.2523132522020160
8 8 1.037249929043725
8 10 -0.9270580848556550
8 23 -0.3468078201779618
8 25 0.9468753065131352
8 29 0.5758235824522258
9 1 0.2605880063482240
9 7 -0.2472154892948413
9 9 1.914922945926877
9 22 0.04671933606552148
9 24 -0.4513516668382050
9 28 1.070474469691663
10 2 0.2605880063482240
10 8 -0.2472154892948413
10 10 1.755346033766304
10 23 0.04671933606552148
10 25 -0.4137390279350213
10 29 1.189416077435181
11 1 -0.1302940031741120
11 7 0.1236077446474207
11 9 -0.1595769121605731
11 11 1.595769121605731
11 22 -0.02335966803276074
11 24 0.03761263890318375
11 26 -0.3761263890318375
11 28 0.05947080387175904
11 30 1.189416077435181
12 2 -0.1954410047611680
12 8 0.1854116169711310
12 10 -0.7180961047225788
12 12 0.7978845608028654
12 23 -0.03503950204914111
12 25 0.1692568750643269
12 27 -0.1880631945159188
12 29 0.4460310290381928
12 31 1.784124116152771
13 0 -0.07283656203947194
13 3 -0.4460310290381928
13 4 0.1545096808092758
13 13 1.496033551505373
13 14 -0.9497723311533249
13 17 -0.2230155145190964
14 0 0.1005240058486846
14 3 0.3693487818447436
14 4 -0.4264872372458462
14 13 -0.6331815541022166
14 14 1.937719647664102
14 17 -0.8002556939969445
15 5 -0.4264872372458462
15 15 1.937719647664102
15 18 -0.7386975636894872
16 0 -0.05026200292434229
16 3 -0.1846743909223718
16 4 0.1066218093114615
16 6 -0.2132436186229231
16 13 0.3165907770511083
16 14 -0.4844299119160254
16 16 0.9688598238320508
16 17 -0.1538953257686432
16 19 -1.108046345534231
17 0 -0.03722685804974628
17 3 0.07598900579074908
17 4 0.3422037290001799
17 13 -0.05097497474722203
17 14 -0.2743733807989524
17 17 2.051703156350225
18 5 0.2632336376924461
18 15 -0.2110564467684249
18 18 2.051703156350225
19 0 0.01861342902487314
19 3 -0.03799450289537454
19 4 -0.07238925036542267
19 6 0.1974252282693346
19 13 0.02548748737361102
19 14 0.05804052286131685
19 16 -0.1582923350763187
19 17 -0.1139835086861236
19 19 1.823736138977978
20 5 -0.1974252282693346
20 15 0.1582923350763187
20 18 -0.3419505260583709
20 20 1.595769121605731
21 0 -0.01396007176865485
21 3 0.02849587717153091
21 4 0.02961378424040018
21 6 -0.1974252282693346
21 13 -0.01911561553020826
21 14 -0.02374385026144780
21 16 0.1582923350763187
21 17 -0.04274381575729636
21 19 -1.025851578175113
21 21 0.7978845608028654
22 1 -0.09536544540177922
22 7 -0.6936156403559236
22 9 0.1167983401638037
22 22 2.467742963054576
22 24 -0.8534186163986398
22 28 -0.1305845141327045
23 2 -0.04768272270088961
23 8 -0.3468078201779618
23 10 0.1751975102457055
23 23 1.233871481527288
23 25 -1.280127924597960
23 29 -0.3264612853317612
24 1 0.06142118212823742
24 7 0.2525000817368361
24 9 -0.4513516668382050
24 22 -0.3413674465594559
24 24 2.234076770248023
24 28 -0.7569397566060480
25 2 0.06142118212823742
25 8 0.2525000817368361
25 10 -0.4137390279350213
25 23 -0.3413674465594559
25 25 2.047903706060688
25 29 -0.8410441740067200
26 1 -0.03071059106411871
26 7 -0.1262500408684180
26 9 0.03761263890318375
26 11 -0.3761263890318375
26 22 0.1706837232797280
26 24 -0.1861730641873352
26 26 1.861730641873352
26 28 -0.04205220870033600
26 30 -0.8410441740067200
27 2 -0.04606588659617806
27 8 -0.1893750613026270
27 10 0.1692568750643269
27 12 -0.1880631945159188
27 23 0.2560255849195919
27 25 -0.8377787888430086
27 27 0.9308653209366762
27 29 -0.3153915652525200
27 31 -1.261566261010080
28 1 -0.01849817448621510
28 7 0.02924818196582734
28 9 0.3398331649814802
28 22 -0.01658216052478787
28 24 -0.2402983354304914
28 28 2.279670173722472
29 2 -0.02774726172932264
29 8 0.04387227294874101
29 10 0.3398331649814802
29 23 -0.02487324078718181
29 25 -0.2402983354304914
29 29 2.203681167931723
30 1 0.009249087243107548
30 7 -0.01462409098291367
30 9 -0.05097497474722203
30 11 0.2378832154870361
30 22 0.008291080262393936
30 24 0.03604475031457371
30 26 -0.1682088348013440
30 28 -0.07598900579074908
30 30 2.127692162140974
31 2 0.02081044629699198
31 8 -0.03290420471155576
31 10 -0.1359332659925921
31 12 0.1585888103246908
31 23 0.01865493059038636
31 25 0.09611933417219657
31 27 -0.1121392232008960
31 29 -0.2564628945437782
31 31 1.861730641873352
32 1 -0.006936815432330661
32 7 0.01096806823718525
32 9 0.008495829124537005
32 11 -0.2378832154870361
32 22 -0.006218310196795452
32 24 -0.006007458385762286
32 26 0.1682088348013440
32 28 -0.009498625723843635
32 30 -0.5319230405352436
32 32 1.595769121605731
33 2 -0.01734203858082665
33 8 0.02742017059296313
33 10 0.06371871843402754
33 12 -0.1982360129058635
33 23 -0.01554577549198863
33 25 -0.04505593789321714
33 27 0.1401740290011200
33 29 -0.1187328215480454
33 31 -1.329807601338109
33 33 0.7978845608028654
