40
0 0 0.7978845608028654
0 3 -0.3257350079352799
0 4 0.5641895835477563
1 1 1.595769121605731
1 7 -0.5046265044040320
1 9 0.6514700158705599
2 2 0.7978845608028654
2 8 -0.2523132522020160
2 10 0.9772050238058398
3 0 -0.3257350079352799
3 3 1.196826841204298
3 4 -0.6909882989426710
4 0 0.3761263890318375
4 3 -0.4606588659617806
4 4 1.595769121605731
5 5 1.595769121605731
6 0 -0.1880631945159188
6 3 0.2303294329808903
6 4 -0.3989422804014327
6 6 0.7978845608028654
7 1 -0.5046265044040320
7 7 2.074499858087450
7 9 -0.6180387232371033
8 2 -0.2523132522020160
8 8 1.037249929043725
8 10 -0.9270580848556550
9 1 0.2605880063482240
9 7 -0.2472154892948413
9 9 1.914922945926877
10 2 0.2605880063482240
10 8 -0.2472154892948413
10 10 1.755346033766304
11 1 -0.1302940031741120
11 7 0.1236077446474207
11 9 -0.1595769121605731
11 11 1.595769121605731
12 2 -0.1954410047611680
12 8 0.1854116169711310
12 10 -0.7180961047225788
12 12 0.7978845608028654
