79
5 5 1.000000000000000
6 6 1.000000000000000
7 7 1.000000000000000
8 8 1.000000000000000
9 9 1.000000000000000
10 10 0.6666666666666666
11 11 0.6666666666666666
12 12 0.6666666666666666
13 13 1.500000000000000
14 14 1.500000000000000
15 15 1.500000000000000
16 16 1.500000000000000
17 17 1.500000000000000
18 18 1.500000000000000
19 19 1.500000000000000
20 20 0.6666666666666666
21 21 1.166666666666667
22 22 1.166666666666667
23 23 1.166666666666667
24 24 1.166666666666667
25 25 1.166666666666667
26 26 1.873131558847997
27 27 1.873131558847997
28 28 1.873131558847997
29 29 1.873131558847997
30 30 1.873131558847997
31 31 1.873131558847997
32 32 1.873131558847997
33 33 1.873131558847997
34 34 1.873131558847997
35 35 1.000000000000000
36 36 1.000000000000000
37 37 1.000000000000000
38 38 1.570360890770284
39 39 1.570360890770284
40 40 1.570360890770284
41 41 1.570360890770284
42 42 1.570360890770284
43 43 1.570360890770284
44 44 1.570360890770284
45 45 2.182828897119992
46 46 2.182828897119992
47 47 2.182828897119992
48 48 2.182828897119992
49 49 2.182828897119992
50 50 2.182828897119992
51 51 2.182828897119992
52 52 2.182828897119992
53 53 2.182828897119992
54 54 2.182828897119992
55 55 2.182828897119992
56 56 1.000000000000000
57 57 1.342216534462170
58 58 1.342216534462170
59 59 1.342216534462170
60 60 1.342216534462170
61 61 1.342216534462170
62 62 1.910620894297899
63 63 1.910620894297899
64 64 1.910620894297899
65 65 1.910620894297899
66 66 1.910620894297899
67 67 1.910620894297899
68 68 1.910620894297899
69 69 1.910620894297899
70 70 1.910620894297899
71 71 2.453229536334916
72 72 2.453229536334916
73 73 2.453229536334916
74 74 2.453229536334916
75 75 2.453229536334916
76 76 2.453229536334916
77 77 2.453229536334916
78 78 2.453229536334916
79 79 2.453229536334916
80 80 2.453229536334916
81 81 2.453229536334916
82 82 2.453229536334916
83 83 2.453229536334916
