30
4 4 1.0000000000000000000
5 5 1.0000000000000000000
6 6 1.0000000000000000000
7 7 0.66666666666666674068
8 8 0.66666666666666674068
9 9 1.5000000000000000000
10 10 1.5000000000000000000
11 11 1.5000000000000000000
12 12 1.5000000000000000000
13 13 0.66666666666666674068
14 14 1.1666666666666669627
15 15 1.1666666666666669627
16 16 1.1666666666666669627
17 17 1.8731315588479970913
18 18 1.8731315588479970913
19 19 1.8731315588479970913
20 20 1.8731315588479970913
21 21 1.8731315588479970913
22 22 1.0000000000000000000
23 23 1.0000000000000000000
24 24 1.5703608907702839570
25 25 1.5703608907702839570
26 26 1.5703608907702839570
27 27 1.5703608907702839570
28 28 2.1828288971199918400
29 29 2.1828288971199918400
30 30 2.1828288971199918400
31 31 2.1828288971199918400
32 32 2.1828288971199918400
33 33 2.1828288971199918400
