27
0 0 1.000000000000000
2 1 1.414213562373095
3 2 1.414213562373095
4 0 -0.8164965809277260
4 3 1.290994448735806
5 0 1.414213562373095
5 3 -0.8944271909999159
5 4 3.464101615137755
5 5 1.732050807568877
8 4 1.732050807568877
8 5 3.464101615137755
9 6 3.464101615137755
11 1 -0.8944271909999159
11 7 1.673320053068151
12 2 -0.8944271909999159
12 8 1.673320053068151
14 1 3.464101615137755
14 7 -1.851640199545103
15 2 3.464101615137755
15 8 -1.851640199545103
20 3 -1.154700538379252
21 3 1.673320053068151
21 4 -1.851640199545103
21 5 -0.9258200997725515
24 4 -0.9258200997725515
24 5 -1.851640199545103
25 6 -1.851640199545103
