30
0 0 1.00000000000000
2 0 1.41421356237310
2 1 1.73205080756888
4 1 2.00000000000000
4 2 2.23606797749979
6 2 2.44948974278318
6 3 2.64575131106459
8 3 2.82842712474619
8 4 3.00000000000000
10 4 3.16227766016838
10 5 3.31662479035540
12 5 3.46410161513775
12 6 3.60555127546399
14 6 3.74165738677394
14 7 3.87298334620742
16 7 4.00000000000000
16 8 4.12310562561766
18 8 4.24264068711929
18 9 4.35889894354067
20 9 4.47213595499958
20 10 4.58257569495584
22 10 4.69041575982343
22 11 4.79583152331272
24 11 4.89897948556636
24 12 5.00000000000000
26 12 5.09901951359278
26 13 5.19615242270663
28 13 5.29150262212918
28 14 5.38516480713450
30 14 5.47722557505166
