64
0 0 1.000000000000000
2 1 1.414213562373095
3 2 1.414213562373095
4 0 -0.8164965809277260
4 3 1.290994448735806
5 0 1.414213562373095
5 3 -0.8944271909999159
5 4 3.464101615137755
5 5 1.732050807568877
8 4 1.732050807568877
8 5 3.464101615137755
9 6 3.464101615137755
11 1 -0.8944271909999159
11 7 1.673320053068151
12 2 -0.8944271909999159
12 8 1.673320053068151
14 1 3.464101615137755
14 7 -1.851640199545103
14 9 12.00000000000000
14 11 6.000000000000000
15 2 3.464101615137755
15 8 -1.851640199545103
15 10 8.000000000000000
15 12 2.000000000000000
18 9 6.000000000000000
18 11 8.000000000000000
19 10 2.000000000000000
19 12 8.000000000000000
20 3 -1.154700538379252
20 13 1.527525231651947
21 3 1.673320053068151
21 4 -1.851640199545103
21 5 -0.9258200997725515
21 13 -1.264911064067352
21 14 3.927922024247863
21 15 1.963961012123931
24 4 -0.9258200997725515
24 5 -1.851640199545103
24 14 1.963961012123931
24 15 3.927922024247863
25 6 -1.851640199545103
25 16 3.927922024247863
26 4 8.000000000000000
26 5 6.000000000000000
26 14 -3.771236166328253
26 15 -2.828427124746190
29 4 6.000000000000000
29 5 12.00000000000000
29 14 -2.828427124746190
29 15 -5.656854249492380
30 6 12.00000000000000
30 16 -5.656854249492380
36 7 -1.264911064067352
37 8 -1.264911064067352
39 7 3.927922024247863
39 9 -5.656854249492380
39 11 -2.828427124746190
40 8 3.927922024247863
40 10 -3.771236166328253
40 12 -0.9428090415820634
43 9 -2.828427124746190
43 11 -3.771236166328253
44 10 -0.9428090415820634
44 12 -3.771236166328253
