280
0 0 1.000000000000000
2 1 1.414213562373095
3 2 1.414213562373095
4 0 -0.8164965809277260
4 3 1.290994448735806
5 0 1.414213562373095
5 3 -0.8944271909999159
5 4 3.464101615137755
5 5 1.732050807568877
8 4 1.732050807568877
8 5 3.464101615137755
9 6 3.464101615137755
11 1 -0.8944271909999159
11 7 1.673320053068151
12 2 -0.8944271909999159
12 8 1.673320053068151
14 1 3.464101615137755
14 7 -1.851640199545103
14 9 12.00000000000000
14 11 6.000000000000000
15 2 3.464101615137755
15 8 -1.851640199545103
15 10 8.000000000000000
15 12 2.000000000000000
18 9 6.000000000000000
18 11 8.000000000000000
19 10 2.000000000000000
19 12 8.000000000000000
20 3 -1.154700538379252
20 13 1.527525231651947
21 3 1.673320053068151
21 4 -1.851640199545103
21 5 -0.9258200997725515
21 13 -1.264911064067352
21 14 3.927922024247863
21 15 1.963961012123931
24 4 -0.9258200997725515
24 5 -1.851640199545103
24 14 1.963961012123931
24 15 3.927922024247863
25 6 -1.851640199545103
25 16 3.927922024247863
26 4 8.000000000000000
26 5 6.000000000000000
26 14 -3.771236166328253
26 15 -2.828427124746190
26 17 17.88854381999832
26 18 17.88854381999832
26 20 2.236067977499790
29 4 6.000000000000000
29 5 12.00000000000000
29 14 -2.828427124746190
29 15 -5.656854249492380
29 17 17.88854381999832
29 18 49.19349550499537
29 20 17.88854381999832
30 6 12.00000000000000
30 16 -5.656854249492380
30 19 35.77708763999664
30 21 8.944271909999159
33 17 2.236067977499790
33 18 17.88854381999832
33 20 17.88854381999832
34 19 8.944271909999159
34 21 17.88854381999832
36 7 -1.264911064067352
36 22 1.897366596101028
37 8 -1.264911064067352
37 23 1.897366596101028
39 7 3.927922024247863
39 9 -5.656854249492380
39 11 -2.828427124746190
39 22 -2.618614682831909
39 24 13.26649916142160
39 26 6.633249580710800
40 8 3.927922024247863
40 10 -3.771236166328253
40 12 -0.9428090415820634
40 23 -2.618614682831909
40 25 8.844332774281066
40 27 2.211083193570267
43 9 -2.828427124746190
43 11 -3.771236166328253
43 24 6.633249580710800
43 26 8.844332774281066
44 10 -0.9428090415820634
44 12 -3.771236166328253
44 25 2.211083193570267
44 27 8.844332774281066
46 9 35.77708763999664
46 11 26.83281572999748
46 24 -15.25540142792948
46 26 -11.44155107094711
46 28 97.97958971132712
46 30 97.97958971132712
46 32 12.24744871391589
47 10 17.88854381999832
47 12 8.944271909999159
47 25 -7.627700713964739
47 27 -3.813850356982369
47 29 39.19183588453085
47 31 29.39387691339814
47 33 2.449489742783178
50 9 26.83281572999748
50 11 35.77708763999664
50 24 -11.44155107094711
50 26 -15.25540142792948
50 28 97.97958971132712
50 30 171.4642819948225
50 32 48.98979485566356
51 10 8.944271909999159
51 12 35.77708763999664
51 25 -3.813850356982369
51 27 -15.25540142792948
51 29 29.39387691339814
51 31 132.2724461102916
51 33 29.39387691339814
54 28 12.24744871391589
54 30 48.98979485566356
54 32 39.19183588453085
55 29 2.449489742783178
55 31 29.39387691339814
55 33 39.19183588453085
56 13 -1.414213562373095
56 34 1.732050807568877
57 13 1.897366596101028
57 14 -2.618614682831909
57 15 -1.309307341415954
57 34 -1.549193338482967
57 35 4.342481186734475
57 36 2.171240593367238
60 14 -1.309307341415954
60 15 -2.618614682831909
60 35 2.171240593367238
60 36 4.342481186734475
61 16 -2.618614682831909
61 37 4.342481186734475
62 14 8.844332774281066
62 15 6.633249580710800
62 17 -7.627700713964739
62 18 -7.627700713964739
62 20 -0.9534625892455923
62 35 -5.333333333333333
62 36 -4.000000000000000
62 38 19.44689739217591
62 39 19.44689739217591
62 41 2.430862174021989
65 14 6.633249580710800
65 15 13.26649916142160
65 17 -7.627700713964739
65 18 -20.97617696340303
65 20 -7.627700713964739
65 35 -4.000000000000000
65 36 -8.000000000000000
65 38 19.44689739217591
65 39 53.47896782848375
65 41 19.44689739217591
66 16 13.26649916142160
66 19 -15.25540142792948
66 21 -3.813850356982369
66 37 -8.000000000000000
66 40 38.89379478435182
66 42 9.723448696087955
69 17 -0.9534625892455923
69 18 -7.627700713964739
69 20 -7.627700713964739
69 38 2.430862174021989
69 39 19.44689739217591
69 41 19.44689739217591
70 19 -3.813850356982369
70 21 -7.627700713964739
70 40 9.723448696087955
70 42 19.44689739217591
71 17 39.19183588453085
71 18 48.98979485566356
71 20 12.24744871391589
71 38 -15.37230276528836
71 39 -19.21537845661046
71 41 -4.803844614152614
71 43 84.66404195406690
71 44 126.9960629311003
71 46 47.62352359916263
71 48 2.645751311064591
74 17 48.98979485566356
74 18 171.4642819948225
74 20 97.97958971132712
74 38 -19.21537845661046
74 39 -67.25382459813660
74 41 -38.43075691322091
74 43 126.9960629311003
74 44 539.7332674571765
74 46 420.6744584592699
74 48 47.62352359916263
75 19 97.97958971132712
75 21 48.98979485566356
75 40 -38.43075691322091
75 42 -19.21537845661046
75 45 253.9921258622007
75 47 190.4940943966505
75 49 15.87450786638754
78 17 12.24744871391589
78 18 97.97958971132712
78 20 97.97958971132712
78 38 -4.803844614152614
78 39 -38.43075691322091
78 41 -38.43075691322091
78 43 47.62352359916263
78 44 420.6744584592699
78 46 539.7332674571765
78 48 126.9960629311003
79 19 48.98979485566356
79 21 97.97958971132712
79 40 -19.21537845661046
79 42 -38.43075691322091
79 45 190.4940943966505
79 47 433.9032150145929
79 49 84.66404195406690
82 43 2.645751311064591
82 44 47.62352359916263
82 46 126.9960629311003
82 48 84.66404195406690
83 45 15.87450786638754
83 47 84.66404195406690
83 49 84.66404195406690
85 22 -1.549193338482967
86 23 -1.549193338482967
88 22 4.342481186734475
88 24 -8.000000000000000
88 26 -4.000000000000000
89 23 4.342481186734475
89 25 -5.333333333333333
89 27 -1.333333333333333
92 24 -4.000000000000000
92 26 -5.333333333333333
93 25 -1.333333333333333
93 27 -5.333333333333333
95 24 38.89379478435182
95 26 29.17034608826386
95 28 -38.43075691322091
95 30 -38.43075691322091
95 32 -4.803844614152614
96 25 19.44689739217591
96 27 9.723448696087955
96 29 -15.37230276528836
96 31 -11.52922707396627
96 33 -0.9607689228305228
99 24 29.17034608826386
99 26 38.89379478435182
99 28 -38.43075691322091
99 30 -67.25382459813660
99 32 -19.21537845661046
100 25 9.723448696087955
100 27 38.89379478435182
100 29 -11.52922707396627
100 31 -51.88152183284823
100 33 -11.52922707396627
103 28 -4.803844614152614
103 30 -19.21537845661046
103 32 -15.37230276528836
104 29 -0.9607689228305228
104 31 -11.52922707396627
104 33 -15.37230276528836
106 28 253.9921258622007
106 30 317.4901573277509
106 32 79.37253933193772
107 29 84.66404195406690
107 31 84.66404195406690
107 33 15.87450786638754
110 28 317.4901573277509
110 30 687.8953408767936
110 32 317.4901573277509
111 29 84.66404195406690
111 31 433.9032150145929
111 33 190.4940943966505
114 28 79.37253933193772
114 30 317.4901573277509
114 32 253.9921258622007
115 29 15.87450786638754
115 31 190.4940943966505
115 33 253.9921258622007
