 0.000000  0.000000  0.000000  0.000000  0.000000  0.000000 
<<<<<<< HEAD
 0.000000  0.100000  0.000000  0.000000  0.000000  0.000000 
 0.000000  0.000000  0.100000  0.000000  0.000000  0.000000 
 0.000000  0.000000  0.000000  0.100000  0.000000  0.000000 
 0.000000  0.000000  0.000000  0.000000  0.100000  0.000000 
 0.000000  0.000000  0.000000  0.000000  0.000000  0.100000 
=======
 0.000000  100.000000  0.000000  0.000000  0.000000  0.000000 
 0.000000  0.000000  100.000000  0.000000  0.000000  0.000000 
 0.000000  0.000000  0.000000  100.000000  0.000000  0.000000 
 0.000000  0.000000  0.000000  0.000000  100.000000  0.000000 
 0.000000  0.000000  0.000000  0.000000  0.000000  100.000000 
>>>>>>> restructuring
