#L2 in u(Using QGauss)3 #Linfty in u(Using QGauss)3 #degree of freedom #number of cells   #hMax    
5.6977e-06            - 1.3831e-05                -              24800              100 1.0000e+00 
1.4711e-06         3.91 3.6470e-06             3.85              49600              200 1.0000e+00 
6.6088e-07         3.95 1.6499e-06             3.91              74400              300 1.0000e+00 
3.7375e-07         3.96 9.3637e-07             3.94              99200              400 1.0000e+00 
2.3997e-07         3.97 6.0248e-07             3.95             124000              500 1.0000e+00 
1.6701e-07         3.98 4.1988e-07             3.96             148800              600 1.0000e+00 
1.2289e-07         3.98 3.0927e-07             3.97             173600              700 1.0000e+00 
9.4195e-08         3.98 2.3723e-07             3.97             198400              800 1.0000e+00 
7.4492e-08         3.98 1.8772e-07             3.97             223200              900 1.0000e+00 
6.0382e-08         3.99 1.5223e-07             3.98             248000             1000 1.0000e+00 
