#L2 in u(Using QGauss)3 #Linfty in u(Using QGauss)3 #degree of freedom #number of cells   #hMax    
2.6820e-06            - 4.9270e-06                -              24800              100 1.0000e+00 
6.7342e-07         3.99 1.2374e-06             3.99              49600              200 1.0000e+00 
2.9973e-07         3.99 5.5077e-07             3.99              74400              300 1.0000e+00 
1.6872e-07         3.99 3.1003e-07             3.99              99200              400 1.0000e+00 
1.0803e-07         4.00 1.9851e-07             4.00             124000              500 1.0000e+00 
7.5040e-08         4.00 1.3789e-07             4.00             148800              600 1.0000e+00 
5.5143e-08         4.00 1.0133e-07             4.00             173600              700 1.0000e+00 
4.2225e-08         4.00 7.7593e-08             4.00             198400              800 1.0000e+00 
3.3367e-08         4.00 6.1315e-08             4.00             223200              900 1.0000e+00 
2.7030e-08         4.00 4.9670e-08             4.00             248000             1000 1.0000e+00 
