#x y at the midpoint of each cell all the solution components
-0.500000 0.742031 -0.000000 -0.524695 -0.170812 0.027368 
-0.496094 0.735871 0.000000 -0.520340 -0.170813 0.026932 
-0.496094 0.735871 0.000000 -0.520340 -0.170813 0.026932 
-0.492188 0.729724 0.000000 -0.515993 -0.170813 0.026504 
-0.492188 0.729724 0.000000 -0.515993 -0.170813 0.026504 
-0.488281 0.723587 0.000000 -0.511653 -0.170813 0.026082 
-0.488281 0.723587 0.000000 -0.511653 -0.170813 0.026082 
-0.484375 0.717459 0.000000 -0.507320 -0.170813 0.025666 
-0.484375 0.717459 0.000000 -0.507320 -0.170813 0.025666 
-0.480469 0.711342 0.000000 -0.502995 -0.170813 0.025256 
-0.480469 0.711342 0.000000 -0.502995 -0.170813 0.025256 
-0.476562 0.705234 0.000000 -0.498676 -0.170813 0.024852 
-0.476562 0.705234 0.000000 -0.498676 -0.170813 0.024852 
-0.472656 0.699136 0.000000 -0.494364 -0.170813 0.024454 
-0.472656 0.699136 0.000000 -0.494364 -0.170813 0.024454 
-0.468750 0.693048 0.000000 -0.490059 -0.170813 0.024062 
-0.468750 0.693048 0.000000 -0.490059 -0.170813 0.024062 
-0.464844 0.686968 0.000000 -0.485760 -0.170813 0.023675 
-0.464844 0.686968 0.000000 -0.485760 -0.170813 0.023675 
-0.460938 0.680898 0.000000 -0.481468 -0.170813 0.023294 
-0.460938 0.680898 0.000000 -0.481468 -0.170813 0.023294 
-0.457031 0.674838 0.000000 -0.477182 -0.170813 0.022919 
-0.457031 0.674838 0.000000 -0.477182 -0.170813 0.022919 
-0.453125 0.668786 0.000000 -0.472903 -0.170813 0.022549 
-0.453125 0.668786 0.000000 -0.472903 -0.170813 0.022549 
-0.449219 0.662742 0.000000 -0.468630 -0.170813 0.022184 
-0.449219 0.662742 0.000000 -0.468630 -0.170813 0.022184 
-0.445312 0.656708 0.000000 -0.464362 -0.170813 0.021825 
-0.445312 0.656708 0.000000 -0.464362 -0.170813 0.021825 
-0.441406 0.650681 0.000000 -0.460101 -0.170813 0.021471 
-0.441406 0.650681 0.000000 -0.460101 -0.170813 0.021471 
-0.437500 0.644664 0.000000 -0.455846 -0.170813 0.021122 
-0.437500 0.644664 0.000000 -0.455846 -0.170813 0.021122 
-0.433594 0.638654 0.000000 -0.451597 -0.170813 0.020778 
-0.433594 0.638654 0.000000 -0.451597 -0.170813 0.020778 
-0.429688 0.632652 0.000000 -0.447353 -0.170813 0.020439 
-0.429688 0.632652 0.000000 -0.447353 -0.170813 0.020439 
-0.425781 0.626659 0.000000 -0.443115 -0.170813 0.020105 
-0.425781 0.626659 0.000000 -0.443115 -0.170813 0.020105 
-0.421875 0.620673 0.000000 -0.438882 -0.170813 0.019775 
-0.421875 0.620673 0.000000 -0.438882 -0.170813 0.019775 
-0.417969 0.614695 0.000000 -0.434655 -0.170813 0.019451 
-0.417969 0.614695 0.000000 -0.434655 -0.170813 0.019451 
-0.414062 0.608724 0.000000 -0.430433 -0.170813 0.019131 
-0.414062 0.608724 0.000000 -0.430433 -0.170813 0.019131 
-0.410156 0.602761 0.000000 -0.426216 -0.170813 0.018815 
-0.410156 0.602761 0.000000 -0.426216 -0.170813 0.018815 
-0.406250 0.596805 0.000000 -0.422005 -0.170813 0.018504 
-0.406250 0.596805 0.000000 -0.422005 -0.170813 0.018504 
-0.402344 0.590856 0.000000 -0.417798 -0.170813 0.018197 
-0.402344 0.590856 0.000000 -0.417798 -0.170813 0.018197 
-0.398438 0.584915 0.000000 -0.413597 -0.170813 0.017895 
-0.398438 0.584915 0.000000 -0.413597 -0.170813 0.017895 
-0.394531 0.578980 0.000000 -0.409401 -0.170813 0.017597 
-0.394531 0.578980 0.000000 -0.409401 -0.170813 0.017597 
-0.390625 0.573052 0.000000 -0.405209 -0.170813 0.017303 
-0.390625 0.573052 0.000000 -0.405209 -0.170813 0.017303 
-0.386719 0.567131 0.000000 -0.401022 -0.170813 0.017013 
-0.386719 0.567131 0.000000 -0.401022 -0.170813 0.017013 
-0.382812 0.561216 0.000000 -0.396840 -0.170813 0.016727 
-0.382812 0.561216 0.000000 -0.396840 -0.170813 0.016727 
-0.378906 0.555308 0.000000 -0.392662 -0.170813 0.016446 
-0.378906 0.555308 0.000000 -0.392662 -0.170813 0.016446 
-0.375000 0.549406 0.000000 -0.388489 -0.170813 0.016168 
-0.375000 0.549406 0.000000 -0.388489 -0.170813 0.016168 
-0.371094 0.543510 0.000000 -0.384320 -0.170813 0.015894 
-0.371094 0.543510 0.000000 -0.384320 -0.170813 0.015894 
-0.367188 0.537621 0.000000 -0.380156 -0.170813 0.015623 
-0.367188 0.537621 0.000000 -0.380156 -0.170813 0.015623 
-0.363281 0.531738 0.000000 -0.375995 -0.170813 0.015357 
-0.363281 0.531738 0.000000 -0.375995 -0.170813 0.015357 
-0.359375 0.525860 0.000000 -0.371839 -0.170813 0.015094 
-0.359375 0.525860 0.000000 -0.371839 -0.170813 0.015094 
-0.355469 0.519989 0.000000 -0.367688 -0.170813 0.014834 
-0.355469 0.519989 0.000000 -0.367688 -0.170813 0.014834 
-0.351562 0.514123 0.000000 -0.363540 -0.170813 0.014578 
-0.351562 0.514123 0.000000 -0.363540 -0.170813 0.014578 
-0.347656 0.508263 0.000000 -0.359396 -0.170813 0.014326 
-0.347656 0.508263 0.000000 -0.359396 -0.170813 0.014326 
-0.343750 0.502408 0.000000 -0.355256 -0.170813 0.014077 
-0.343750 0.502408 0.000000 -0.355256 -0.170813 0.014077 
-0.339844 0.496559 0.000000 -0.351120 -0.170813 0.013831 
-0.339844 0.496559 0.000000 -0.351120 -0.170813 0.013831 
-0.335938 0.490715 0.000000 -0.346988 -0.170813 0.013589 
-0.335938 0.490715 0.000000 -0.346988 -0.170813 0.013589 
-0.332031 0.484877 0.000000 -0.342860 -0.170813 0.013350 
-0.332031 0.484877 0.000000 -0.342860 -0.170813 0.013350 
-0.328125 0.479043 0.000000 -0.338735 -0.170813 0.013114 
-0.328125 0.479043 0.000000 -0.338735 -0.170813 0.013114 
-0.324219 0.473215 0.000000 -0.334613 -0.170813 0.012881 
-0.324219 0.473215 0.000000 -0.334613 -0.170813 0.012881 
-0.320312 0.467391 0.000000 -0.330496 -0.170813 0.012651 
-0.320312 0.467391 0.000000 -0.330496 -0.170813 0.012651 
-0.316406 0.461573 0.000000 -0.326381 -0.170813 0.012424 
-0.316406 0.461573 0.000000 -0.326381 -0.170813 0.012424 
-0.312500 0.455759 0.000000 -0.322270 -0.170813 0.012200 
-0.312500 0.455759 0.000000 -0.322270 -0.170813 0.012200 
-0.308594 0.449950 0.000000 -0.318163 -0.170813 0.011979 
-0.308594 0.449950 0.000000 -0.318163 -0.170813 0.011979 
-0.304688 0.444146 0.000000 -0.314059 -0.170813 0.011760 
-0.304688 0.444146 0.000000 -0.314059 -0.170813 0.011760 
-0.300781 0.438346 0.000000 -0.309957 -0.170813 0.011545 
-0.300781 0.438346 0.000000 -0.309957 -0.170813 0.011545 
-0.296875 0.432551 0.000000 -0.305860 -0.170813 0.011332 
-0.296875 0.432551 0.000000 -0.305860 -0.170813 0.011332 
-0.292969 0.426760 0.000000 -0.301765 -0.170813 0.011122 
-0.292969 0.426760 0.000000 -0.301765 -0.170813 0.011122 
-0.289062 0.420973 0.000000 -0.297673 -0.170813 0.010915 
-0.289062 0.420973 0.000000 -0.297673 -0.170813 0.010915 
-0.285156 0.415190 0.000000 -0.293584 -0.170813 0.010710 
-0.285156 0.415190 0.000000 -0.293584 -0.170813 0.010710 
-0.281250 0.409412 0.000000 -0.289498 -0.170813 0.010508 
-0.281250 0.409412 0.000000 -0.289498 -0.170813 0.010508 
-0.277344 0.403638 0.000000 -0.285415 -0.170813 0.010308 
-0.277344 0.403638 0.000000 -0.285415 -0.170813 0.010308 
-0.273438 0.397868 0.000000 -0.281335 -0.170813 0.010110 
-0.273438 0.397868 0.000000 -0.281335 -0.170813 0.010110 
-0.269531 0.392101 0.000000 -0.277257 -0.170813 0.009915 
-0.269531 0.392101 0.000000 -0.277257 -0.170813 0.009915 
-0.265625 0.386339 0.000000 -0.273183 -0.170813 0.009723 
-0.265625 0.386339 0.000000 -0.273183 -0.170813 0.009723 
-0.261719 0.380580 0.000000 -0.269111 -0.170813 0.009532 
-0.261719 0.380580 0.000000 -0.269111 -0.170813 0.009532 
-0.257812 0.374825 0.000000 -0.265041 -0.170813 0.009344 
-0.257812 0.374825 0.000000 -0.265041 -0.170813 0.009344 
-0.253906 0.369073 0.000000 -0.260974 -0.170813 0.009158 
-0.253906 0.369073 0.000000 -0.260974 -0.170813 0.009158 
-0.250000 0.363325 0.000000 -0.256910 -0.170813 0.008975 
-0.250000 0.363325 0.000000 -0.256910 -0.170813 0.008975 
-0.246094 0.357580 0.000000 -0.252848 -0.170813 0.008793 
-0.246094 0.357580 0.000000 -0.252848 -0.170813 0.008793 
-0.242188 0.351839 0.000000 -0.248788 -0.170813 0.008613 
-0.242188 0.351839 0.000000 -0.248788 -0.170813 0.008613 
-0.238281 0.346101 0.000000 -0.244731 -0.170813 0.008436 
-0.238281 0.346101 0.000000 -0.244731 -0.170813 0.008436 
-0.234375 0.340367 0.000000 -0.240676 -0.170813 0.008260 
-0.234375 0.340367 0.000000 -0.240676 -0.170813 0.008260 
-0.230469 0.334635 0.000000 -0.236623 -0.170813 0.008087 
-0.230469 0.334635 0.000000 -0.236623 -0.170813 0.008087 
-0.226562 0.328907 0.000000 -0.232572 -0.170813 0.007915 
-0.226562 0.328907 0.000000 -0.232572 -0.170813 0.007915 
-0.222656 0.323182 0.000000 -0.228524 -0.170813 0.007745 
-0.222656 0.323182 0.000000 -0.228524 -0.170813 0.007745 
-0.218750 0.317459 0.000000 -0.224478 -0.170813 0.007577 
-0.218750 0.317459 0.000000 -0.224478 -0.170813 0.007577 
-0.214844 0.311740 0.000000 -0.220434 -0.170813 0.007411 
-0.214844 0.311740 0.000000 -0.220434 -0.170813 0.007411 
-0.210938 0.306024 0.000000 -0.216391 -0.170813 0.007247 
-0.210938 0.306024 0.000000 -0.216391 -0.170813 0.007247 
-0.207031 0.300310 0.000000 -0.212351 -0.170813 0.007084 
-0.207031 0.300310 0.000000 -0.212351 -0.170813 0.007084 
-0.203125 0.294599 0.000000 -0.208313 -0.170813 0.006923 
-0.203125 0.294599 0.000000 -0.208313 -0.170813 0.006923 
-0.199219 0.288891 0.000000 -0.204276 -0.170813 0.006763 
-0.199219 0.288891 0.000000 -0.204276 -0.170813 0.006763 
-0.195312 0.283185 0.000000 -0.200242 -0.170813 0.006605 
-0.195312 0.283185 0.000000 -0.200242 -0.170813 0.006605 
-0.191406 0.277482 0.000000 -0.196209 -0.170813 0.006449 
-0.191406 0.277482 0.000000 -0.196209 -0.170813 0.006449 
-0.187500 0.271781 0.000000 -0.192178 -0.170813 0.006294 
-0.187500 0.271781 0.000000 -0.192178 -0.170813 0.006294 
-0.183594 0.266083 0.000000 -0.188149 -0.170813 0.006141 
-0.183594 0.266083 0.000000 -0.188149 -0.170813 0.006141 
-0.179688 0.260387 0.000000 -0.184121 -0.170813 0.005989 
-0.179688 0.260387 0.000000 -0.184121 -0.170813 0.005989 
-0.175781 0.254693 0.000000 -0.180095 -0.170813 0.005839 
-0.175781 0.254693 0.000000 -0.180095 -0.170813 0.005839 
-0.171875 0.249002 0.000000 -0.176071 -0.170813 0.005690 
-0.171875 0.249002 0.000000 -0.176071 -0.170813 0.005690 
-0.167969 0.243313 0.000000 -0.172048 -0.170813 0.005542 
-0.167969 0.243313 0.000000 -0.172048 -0.170813 0.005542 
-0.164062 0.237625 0.000000 -0.168027 -0.170813 0.005396 
-0.164062 0.237625 0.000000 -0.168027 -0.170813 0.005396 
-0.160156 0.231941 0.000000 -0.164007 -0.170813 0.005251 
-0.160156 0.231941 0.000000 -0.164007 -0.170813 0.005251 
-0.156250 0.226258 0.000000 -0.159988 -0.170813 0.005107 
-0.156250 0.226258 0.000000 -0.159988 -0.170813 0.005107 
-0.152344 0.220577 0.000000 -0.155971 -0.170813 0.004964 
-0.152344 0.220577 0.000000 -0.155971 -0.170813 0.004964 
-0.148438 0.214897 0.000000 -0.151955 -0.170813 0.004822 
-0.148438 0.214897 0.000000 -0.151955 -0.170813 0.004822 
-0.144531 0.209220 0.000000 -0.147941 -0.170813 0.004682 
-0.144531 0.209220 0.000000 -0.147941 -0.170813 0.004682 
-0.140625 0.203545 0.000000 -0.143928 -0.170813 0.004543 
-0.140625 0.203545 0.000000 -0.143928 -0.170813 0.004543 
-0.136719 0.197871 0.000000 -0.139916 -0.170813 0.004405 
-0.136719 0.197871 0.000000 -0.139916 -0.170813 0.004405 
-0.132812 0.192199 0.000000 -0.135905 -0.170813 0.004267 
-0.132812 0.192199 0.000000 -0.135905 -0.170813 0.004267 
-0.128906 0.186529 0.000000 -0.131896 -0.170813 0.004131 
-0.128906 0.186529 0.000000 -0.131896 -0.170813 0.004131 
-0.125000 0.180860 0.000000 -0.127887 -0.170813 0.003996 
-0.125000 0.180860 0.000000 -0.127887 -0.170813 0.003996 
-0.121094 0.175193 0.000000 -0.123880 -0.170813 0.003862 
-0.121094 0.175193 0.000000 -0.123880 -0.170813 0.003862 
-0.117188 0.169527 0.000000 -0.119874 -0.170813 0.003728 
-0.117188 0.169527 0.000000 -0.119874 -0.170813 0.003728 
-0.113281 0.163863 0.000000 -0.115868 -0.170813 0.003596 
-0.113281 0.163863 0.000000 -0.115868 -0.170813 0.003596 
-0.109375 0.158200 0.000000 -0.111864 -0.170813 0.003464 
-0.109375 0.158200 0.000000 -0.111864 -0.170813 0.003464 
-0.105469 0.152538 0.000000 -0.107861 -0.170813 0.003333 
-0.105469 0.152538 0.000000 -0.107861 -0.170813 0.003333 
-0.101562 0.146878 0.000000 -0.103858 -0.170813 0.003203 
-0.101562 0.146878 0.000000 -0.103858 -0.170813 0.003203 
-0.097656 0.141219 0.000000 -0.099857 -0.170813 0.003074 
-0.097656 0.141219 0.000000 -0.099857 -0.170813 0.003074 
-0.093750 0.135561 0.000000 -0.095856 -0.170813 0.002945 
-0.093750 0.135561 0.000000 -0.095856 -0.170813 0.002945 
-0.089844 0.129904 0.000000 -0.091856 -0.170813 0.002818 
-0.089844 0.129904 0.000000 -0.091856 -0.170813 0.002818 
-0.085938 0.124248 0.000000 -0.087857 -0.170813 0.002690 
-0.085938 0.124248 0.000000 -0.087857 -0.170813 0.002690 
-0.082031 0.118594 0.000000 -0.083858 -0.170813 0.002564 
-0.082031 0.118594 0.000000 -0.083858 -0.170813 0.002564 
-0.078125 0.112940 0.000000 -0.079861 -0.170813 0.002438 
-0.078125 0.112940 0.000000 -0.079861 -0.170813 0.002438 
-0.074219 0.107287 0.000000 -0.075864 -0.170813 0.002312 
-0.074219 0.107287 0.000000 -0.075864 -0.170813 0.002312 
-0.070312 0.101636 0.000000 -0.071867 -0.170813 0.002188 
-0.070312 0.101636 0.000000 -0.071867 -0.170813 0.002188 
-0.066406 0.095984 0.000000 -0.067871 -0.170813 0.002063 
-0.066406 0.095984 0.000000 -0.067871 -0.170813 0.002063 
-0.062500 0.090334 0.000000 -0.063876 -0.170813 0.001939 
-0.062500 0.090334 0.000000 -0.063876 -0.170813 0.001939 
-0.058594 0.084685 0.000000 -0.059881 -0.170813 0.001816 
-0.058594 0.084685 0.000000 -0.059881 -0.170813 0.001816 
-0.054688 0.079036 0.000000 -0.055887 -0.170813 0.001693 
-0.054688 0.079036 0.000000 -0.055887 -0.170813 0.001693 
-0.050781 0.073388 0.000000 -0.051893 -0.170813 0.001570 
-0.050781 0.073388 0.000000 -0.051893 -0.170813 0.001570 
-0.046875 0.067740 0.000000 -0.047900 -0.170813 0.001448 
-0.046875 0.067740 0.000000 -0.047900 -0.170813 0.001448 
-0.042969 0.062093 0.000000 -0.043907 -0.170813 0.001326 
-0.042969 0.062093 0.000000 -0.043907 -0.170813 0.001326 
-0.039062 0.056447 0.000000 -0.039914 -0.170813 0.001205 
-0.039062 0.056447 0.000000 -0.039914 -0.170813 0.001205 
-0.035156 0.050801 0.000000 -0.035922 -0.170813 0.001084 
-0.035156 0.050801 0.000000 -0.035922 -0.170813 0.001084 
-0.031250 0.045155 0.000000 -0.031930 -0.170813 0.000963 
-0.031250 0.045155 0.000000 -0.031930 -0.170813 0.000963 
-0.027344 0.039510 0.000000 -0.027938 -0.170813 0.000842 
-0.027344 0.039510 0.000000 -0.027938 -0.170813 0.000842 
-0.023438 0.033865 0.000000 -0.023946 -0.170813 0.000721 
-0.023438 0.033865 0.000000 -0.023946 -0.170813 0.000721 
-0.019531 0.028221 0.000000 -0.019955 -0.170813 0.000601 
-0.019531 0.028221 0.000000 -0.019955 -0.170813 0.000601 
-0.015625 0.022576 0.000000 -0.015964 -0.170813 0.000480 
-0.015625 0.022576 0.000000 -0.015964 -0.170813 0.000480 
-0.011719 0.016932 0.000000 -0.011973 -0.170813 0.000360 
-0.011719 0.016932 0.000000 -0.011973 -0.170813 0.000360 
-0.007812 0.011288 0.000000 -0.007982 -0.170813 0.000240 
-0.007812 0.011288 0.000000 -0.007982 -0.170813 0.000240 
-0.003906 0.005644 0.000000 -0.003991 -0.170813 0.000120 
-0.003906 0.005644 0.000000 -0.003991 -0.170813 0.000120 
0.000000 0.000000 0.000000 -0.000000 -0.170813 0.000000 
0.000000 0.000000 0.000000 -0.000000 -0.170813 0.000000 
0.003906 -0.005644 -0.000000 0.003991 -0.170813 -0.000120 
0.003906 -0.005644 -0.000000 0.003991 -0.170813 -0.000120 
0.007812 -0.011288 -0.000000 0.007982 -0.170813 -0.000240 
0.007812 -0.011288 -0.000000 0.007982 -0.170813 -0.000240 
0.011719 -0.016932 -0.000000 0.011973 -0.170813 -0.000360 
0.011719 -0.016932 -0.000000 0.011973 -0.170813 -0.000360 
0.015625 -0.022576 -0.000000 0.015964 -0.170813 -0.000480 
0.015625 -0.022576 -0.000000 0.015964 -0.170813 -0.000480 
0.019531 -0.028220 -0.000000 0.019955 -0.170813 -0.000600 
0.019531 -0.028220 -0.000000 0.019955 -0.170813 -0.000600 
0.023438 -0.033865 -0.000000 0.023946 -0.170813 -0.000721 
0.023438 -0.033865 -0.000000 0.023946 -0.170813 -0.000721 
0.027344 -0.039510 -0.000000 0.027938 -0.170813 -0.000841 
0.027344 -0.039510 -0.000000 0.027938 -0.170813 -0.000841 
0.031250 -0.045155 -0.000000 0.031930 -0.170813 -0.000962 
0.031250 -0.045155 -0.000000 0.031930 -0.170813 -0.000962 
0.035156 -0.050801 -0.000000 0.035922 -0.170813 -0.001083 
0.035156 -0.050801 -0.000000 0.035922 -0.170813 -0.001083 
0.039062 -0.056447 -0.000000 0.039914 -0.170813 -0.001205 
0.039062 -0.056447 -0.000000 0.039914 -0.170813 -0.001205 
0.042969 -0.062093 -0.000000 0.043907 -0.170813 -0.001326 
0.042969 -0.062093 -0.000000 0.043907 -0.170813 -0.001326 
0.046875 -0.067740 -0.000000 0.047900 -0.170813 -0.001448 
0.046875 -0.067740 -0.000000 0.047900 -0.170813 -0.001448 
0.050781 -0.073388 -0.000000 0.051893 -0.170813 -0.001570 
0.050781 -0.073388 -0.000000 0.051893 -0.170813 -0.001570 
0.054688 -0.079036 -0.000000 0.055887 -0.170813 -0.001693 
0.054688 -0.079036 -0.000000 0.055887 -0.170813 -0.001693 
0.058594 -0.084685 -0.000000 0.059881 -0.170813 -0.001816 
0.058594 -0.084685 -0.000000 0.059881 -0.170813 -0.001816 
0.062500 -0.090334 -0.000000 0.063876 -0.170813 -0.001939 
0.062500 -0.090334 -0.000000 0.063876 -0.170813 -0.001939 
0.066406 -0.095984 -0.000000 0.067871 -0.170813 -0.002063 
0.066406 -0.095984 -0.000000 0.067871 -0.170813 -0.002063 
0.070312 -0.101635 -0.000000 0.071867 -0.170813 -0.002187 
0.070312 -0.101635 -0.000000 0.071867 -0.170813 -0.002187 
0.074219 -0.107287 -0.000000 0.075863 -0.170813 -0.002312 
0.074219 -0.107287 -0.000000 0.075863 -0.170813 -0.002312 
0.078125 -0.112940 -0.000000 0.079861 -0.170813 -0.002438 
0.078125 -0.112940 -0.000000 0.079861 -0.170813 -0.002438 
0.082031 -0.118594 -0.000000 0.083858 -0.170813 -0.002564 
0.082031 -0.118594 -0.000000 0.083858 -0.170813 -0.002564 
0.085938 -0.124248 -0.000000 0.087857 -0.170813 -0.002690 
0.085938 -0.124248 -0.000000 0.087857 -0.170813 -0.002690 
0.089844 -0.129904 -0.000000 0.091856 -0.170813 -0.002817 
0.089844 -0.129904 -0.000000 0.091856 -0.170813 -0.002817 
0.093750 -0.135561 -0.000000 0.095856 -0.170813 -0.002945 
0.093750 -0.135561 -0.000000 0.095856 -0.170813 -0.002945 
0.097656 -0.141219 -0.000000 0.099857 -0.170813 -0.003074 
0.097656 -0.141219 -0.000000 0.099857 -0.170813 -0.003074 
0.101562 -0.146878 -0.000000 0.103858 -0.170813 -0.003203 
0.101562 -0.146878 -0.000000 0.103858 -0.170813 -0.003203 
0.105469 -0.152538 -0.000000 0.107861 -0.170813 -0.003333 
0.105469 -0.152538 -0.000000 0.107861 -0.170813 -0.003333 
0.109375 -0.158200 -0.000000 0.111864 -0.170813 -0.003464 
0.109375 -0.158200 -0.000000 0.111864 -0.170813 -0.003464 
0.113281 -0.163863 -0.000000 0.115868 -0.170813 -0.003595 
0.113281 -0.163863 -0.000000 0.115868 -0.170813 -0.003595 
0.117188 -0.169527 -0.000000 0.119874 -0.170813 -0.003728 
0.117188 -0.169527 -0.000000 0.119874 -0.170813 -0.003728 
0.121094 -0.175193 -0.000000 0.123880 -0.170813 -0.003861 
0.121094 -0.175193 -0.000000 0.123880 -0.170813 -0.003861 
0.125000 -0.180860 -0.000000 0.127887 -0.170813 -0.003996 
0.125000 -0.180860 -0.000000 0.127887 -0.170813 -0.003996 
0.128906 -0.186529 -0.000000 0.131896 -0.170813 -0.004131 
0.128906 -0.186529 -0.000000 0.131896 -0.170813 -0.004131 
0.132812 -0.192199 -0.000000 0.135905 -0.170813 -0.004267 
0.132812 -0.192199 -0.000000 0.135905 -0.170813 -0.004267 
0.136719 -0.197871 -0.000000 0.139916 -0.170813 -0.004404 
0.136719 -0.197871 -0.000000 0.139916 -0.170813 -0.004404 
0.140625 -0.203545 -0.000000 0.143928 -0.170813 -0.004542 
0.140625 -0.203545 -0.000000 0.143928 -0.170813 -0.004542 
0.144531 -0.209220 -0.000000 0.147941 -0.170813 -0.004682 
0.144531 -0.209220 -0.000000 0.147941 -0.170813 -0.004682 
0.148438 -0.214897 -0.000000 0.151955 -0.170813 -0.004822 
0.148438 -0.214897 -0.000000 0.151955 -0.170813 -0.004822 
0.152344 -0.220576 -0.000000 0.155971 -0.170813 -0.004964 
0.152344 -0.220576 -0.000000 0.155971 -0.170813 -0.004964 
0.156250 -0.226257 -0.000000 0.159988 -0.170813 -0.005106 
0.156250 -0.226257 -0.000000 0.159988 -0.170813 -0.005106 
0.160156 -0.231940 -0.000000 0.164007 -0.170813 -0.005250 
0.160156 -0.231940 -0.000000 0.164007 -0.170813 -0.005250 
0.164062 -0.237625 -0.000000 0.168026 -0.170813 -0.005395 
0.164062 -0.237625 -0.000000 0.168026 -0.170813 -0.005395 
0.167969 -0.243312 -0.000000 0.172048 -0.170813 -0.005542 
0.167969 -0.243312 -0.000000 0.172048 -0.170813 -0.005542 
0.171875 -0.249002 -0.000000 0.176071 -0.170813 -0.005689 
0.171875 -0.249002 -0.000000 0.176071 -0.170813 -0.005689 
0.175781 -0.254693 -0.000000 0.180095 -0.170813 -0.005839 
0.175781 -0.254693 -0.000000 0.180095 -0.170813 -0.005839 
0.179688 -0.260387 -0.000000 0.184121 -0.170813 -0.005989 
0.179688 -0.260387 -0.000000 0.184121 -0.170813 -0.005989 
0.183594 -0.266082 -0.000000 0.188149 -0.170813 -0.006141 
0.183594 -0.266082 -0.000000 0.188149 -0.170813 -0.006141 
0.187500 -0.271781 -0.000000 0.192178 -0.170813 -0.006294 
0.187500 -0.271781 -0.000000 0.192178 -0.170813 -0.006294 
0.191406 -0.277481 -0.000000 0.196209 -0.170813 -0.006449 
0.191406 -0.277481 -0.000000 0.196209 -0.170813 -0.006449 
0.195312 -0.283185 -0.000000 0.200242 -0.170813 -0.006605 
0.195312 -0.283185 -0.000000 0.200242 -0.170813 -0.006605 
0.199219 -0.288890 -0.000000 0.204276 -0.170813 -0.006763 
0.199219 -0.288890 -0.000000 0.204276 -0.170813 -0.006763 
0.203125 -0.294599 -0.000000 0.208313 -0.170813 -0.006922 
0.203125 -0.294599 -0.000000 0.208313 -0.170813 -0.006922 
0.207031 -0.300310 -0.000000 0.212351 -0.170813 -0.007083 
0.207031 -0.300310 -0.000000 0.212351 -0.170813 -0.007083 
0.210938 -0.306023 -0.000000 0.216391 -0.170813 -0.007246 
0.210938 -0.306023 -0.000000 0.216391 -0.170813 -0.007246 
0.214844 -0.311740 -0.000000 0.220433 -0.170813 -0.007411 
0.214844 -0.311740 -0.000000 0.220433 -0.170813 -0.007411 
0.218750 -0.317459 -0.000000 0.224478 -0.170813 -0.007577 
0.218750 -0.317459 -0.000000 0.224478 -0.170813 -0.007577 
0.222656 -0.323182 -0.000000 0.228524 -0.170813 -0.007745 
0.222656 -0.323182 -0.000000 0.228524 -0.170813 -0.007745 
0.226562 -0.328907 -0.000000 0.232572 -0.170813 -0.007915 
0.226562 -0.328907 -0.000000 0.232572 -0.170813 -0.007915 
0.230469 -0.334635 -0.000000 0.236623 -0.170813 -0.008086 
0.230469 -0.334635 -0.000000 0.236623 -0.170813 -0.008086 
0.234375 -0.340367 -0.000000 0.240675 -0.170813 -0.008260 
0.234375 -0.340367 -0.000000 0.240675 -0.170813 -0.008260 
0.238281 -0.346101 -0.000000 0.244730 -0.170813 -0.008435 
0.238281 -0.346101 -0.000000 0.244730 -0.170813 -0.008435 
0.242188 -0.351839 -0.000000 0.248788 -0.170813 -0.008613 
0.242188 -0.351839 -0.000000 0.248788 -0.170813 -0.008613 
0.246094 -0.357580 -0.000000 0.252847 -0.170813 -0.008792 
0.246094 -0.357580 -0.000000 0.252847 -0.170813 -0.008792 
0.250000 -0.363325 -0.000000 0.256909 -0.170813 -0.008974 
0.250000 -0.363325 -0.000000 0.256909 -0.170813 -0.008974 
0.253906 -0.369073 -0.000000 0.260974 -0.170813 -0.009158 
0.253906 -0.369073 -0.000000 0.260974 -0.170813 -0.009158 
0.257812 -0.374824 -0.000000 0.265041 -0.170813 -0.009344 
0.257812 -0.374824 -0.000000 0.265041 -0.170813 -0.009344 
0.261719 -0.380579 -0.000000 0.269110 -0.170812 -0.009532 
0.261719 -0.380579 -0.000000 0.269110 -0.170812 -0.009532 
0.265625 -0.386338 -0.000000 0.273182 -0.170812 -0.009722 
0.265625 -0.386338 -0.000000 0.273182 -0.170812 -0.009722 
0.269531 -0.392101 -0.000000 0.277257 -0.170812 -0.009915 
0.269531 -0.392101 -0.000000 0.277257 -0.170812 -0.009915 
0.273438 -0.397867 -0.000000 0.281335 -0.170812 -0.010110 
0.273438 -0.397867 -0.000000 0.281335 -0.170812 -0.010110 
0.277344 -0.403638 -0.000000 0.285415 -0.170812 -0.010307 
0.277344 -0.403638 -0.000000 0.285415 -0.170812 -0.010307 
0.281250 -0.409412 -0.000000 0.289498 -0.170812 -0.010507 
0.281250 -0.409412 -0.000000 0.289498 -0.170812 -0.010507 
0.285156 -0.415190 -0.000000 0.293584 -0.170812 -0.010709 
0.285156 -0.415190 -0.000000 0.293584 -0.170812 -0.010709 
0.289062 -0.420973 -0.000000 0.297673 -0.170812 -0.010914 
0.289062 -0.420973 -0.000000 0.297673 -0.170812 -0.010914 
0.292969 -0.426759 -0.000000 0.301764 -0.170812 -0.011122 
0.292969 -0.426759 -0.000000 0.301764 -0.170812 -0.011122 
0.296875 -0.432550 -0.000000 0.305859 -0.170812 -0.011332 
0.296875 -0.432550 -0.000000 0.305859 -0.170812 -0.011332 
0.300781 -0.438346 -0.000000 0.309957 -0.170812 -0.011544 
0.300781 -0.438346 -0.000000 0.309957 -0.170812 -0.011544 
0.304688 -0.444146 -0.000000 0.314058 -0.170812 -0.011760 
0.304688 -0.444146 -0.000000 0.314058 -0.170812 -0.011760 
0.308594 -0.449950 -0.000000 0.318163 -0.170812 -0.011978 
0.308594 -0.449950 -0.000000 0.318163 -0.170812 -0.011978 
0.312500 -0.455759 -0.000000 0.322270 -0.170812 -0.012199 
0.312500 -0.455759 -0.000000 0.322270 -0.170812 -0.012199 
0.316406 -0.461573 -0.000000 0.326381 -0.170812 -0.012423 
0.316406 -0.461573 -0.000000 0.326381 -0.170812 -0.012423 
0.320312 -0.467391 -0.000000 0.330495 -0.170812 -0.012650 
0.320312 -0.467391 -0.000000 0.330495 -0.170812 -0.012650 
0.324219 -0.473214 -0.000000 0.334613 -0.170812 -0.012880 
0.324219 -0.473214 -0.000000 0.334613 -0.170812 -0.012880 
0.328125 -0.479043 -0.000000 0.338734 -0.170812 -0.013113 
0.328125 -0.479043 -0.000000 0.338734 -0.170812 -0.013113 
0.332031 -0.484876 -0.000000 0.342859 -0.170812 -0.013349 
0.332031 -0.484876 -0.000000 0.342859 -0.170812 -0.013349 
0.335938 -0.490715 -0.000000 0.346988 -0.170812 -0.013588 
0.335938 -0.490715 -0.000000 0.346988 -0.170812 -0.013588 
0.339844 -0.496559 -0.000000 0.351120 -0.170812 -0.013831 
0.339844 -0.496559 -0.000000 0.351120 -0.170812 -0.013831 
0.343750 -0.502408 -0.000000 0.355256 -0.170812 -0.014076 
0.343750 -0.502408 -0.000000 0.355256 -0.170812 -0.014076 
0.347656 -0.508262 -0.000000 0.359396 -0.170812 -0.014325 
0.347656 -0.508262 -0.000000 0.359396 -0.170812 -0.014325 
0.351562 -0.514123 -0.000000 0.363540 -0.170812 -0.014578 
0.351562 -0.514123 -0.000000 0.363540 -0.170812 -0.014578 
0.355469 -0.519988 -0.000000 0.367687 -0.170812 -0.014834 
0.355469 -0.519988 -0.000000 0.367687 -0.170812 -0.014834 
0.359375 -0.525860 -0.000000 0.371839 -0.170812 -0.015093 
0.359375 -0.525860 -0.000000 0.371839 -0.170812 -0.015093 
0.363281 -0.531737 -0.000000 0.375995 -0.170812 -0.015356 
0.363281 -0.531737 -0.000000 0.375995 -0.170812 -0.015356 
0.367188 -0.537621 -0.000000 0.380155 -0.170812 -0.015623 
0.367188 -0.537621 -0.000000 0.380155 -0.170812 -0.015623 
0.371094 -0.543510 -0.000000 0.384320 -0.170812 -0.015893 
0.371094 -0.543510 -0.000000 0.384320 -0.170812 -0.015893 
0.375000 -0.549406 -0.000000 0.388488 -0.170812 -0.016167 
0.375000 -0.549406 -0.000000 0.388488 -0.170812 -0.016167 
0.378906 -0.555307 -0.000000 0.392662 -0.170812 -0.016445 
0.378906 -0.555307 -0.000000 0.392662 -0.170812 -0.016445 
0.382812 -0.561216 -0.000000 0.396839 -0.170812 -0.016727 
0.382812 -0.561216 -0.000000 0.396839 -0.170812 -0.016727 
0.386719 -0.567130 -0.000000 0.401022 -0.170812 -0.017012 
0.386719 -0.567130 -0.000000 0.401022 -0.170812 -0.017012 
0.390625 -0.573051 -0.000000 0.405209 -0.170812 -0.017302 
0.390625 -0.573051 -0.000000 0.405209 -0.170812 -0.017302 
0.394531 -0.578979 -0.000000 0.409400 -0.170812 -0.017596 
0.394531 -0.578979 -0.000000 0.409400 -0.170812 -0.017596 
0.398438 -0.584914 -0.000000 0.413597 -0.170812 -0.017894 
0.398438 -0.584914 -0.000000 0.413597 -0.170812 -0.017894 
0.402344 -0.590856 -0.000000 0.417798 -0.170812 -0.018197 
0.402344 -0.590856 -0.000000 0.417798 -0.170812 -0.018197 
0.406250 -0.596805 -0.000000 0.422005 -0.170812 -0.018503 
0.406250 -0.596805 -0.000000 0.422005 -0.170812 -0.018503 
0.410156 -0.602761 -0.000000 0.426216 -0.170812 -0.018814 
0.410156 -0.602761 -0.000000 0.426216 -0.170812 -0.018814 
0.414062 -0.608724 -0.000000 0.430433 -0.170812 -0.019130 
0.414062 -0.608724 -0.000000 0.430433 -0.170812 -0.019130 
0.417969 -0.614694 -0.000000 0.434654 -0.170812 -0.019450 
0.417969 -0.614694 -0.000000 0.434654 -0.170812 -0.019450 
0.421875 -0.620673 -0.000000 0.438882 -0.170812 -0.019775 
0.421875 -0.620673 -0.000000 0.438882 -0.170812 -0.019775 
0.425781 -0.626658 -0.000000 0.443114 -0.170812 -0.020104 
0.425781 -0.626658 -0.000000 0.443114 -0.170812 -0.020104 
0.429688 -0.632652 -0.000000 0.447352 -0.170812 -0.020438 
0.429688 -0.632652 -0.000000 0.447352 -0.170812 -0.020438 
0.433594 -0.638654 -0.000000 0.451596 -0.170812 -0.020777 
0.433594 -0.638654 -0.000000 0.451596 -0.170812 -0.020777 
0.437500 -0.644663 -0.000000 0.455846 -0.170812 -0.021121 
0.437500 -0.644663 -0.000000 0.455846 -0.170812 -0.021121 
0.441406 -0.650681 -0.000000 0.460101 -0.170812 -0.021470 
0.441406 -0.650681 -0.000000 0.460101 -0.170812 -0.021470 
0.445312 -0.656707 -0.000000 0.464362 -0.170812 -0.021824 
0.445312 -0.656707 -0.000000 0.464362 -0.170812 -0.021824 
0.449219 -0.662742 -0.000000 0.468629 -0.170812 -0.022183 
0.449219 -0.662742 -0.000000 0.468629 -0.170812 -0.022183 
0.453125 -0.668785 -0.000000 0.472902 -0.170812 -0.022548 
0.453125 -0.668785 -0.000000 0.472902 -0.170812 -0.022548 
0.457031 -0.674837 -0.000000 0.477182 -0.170812 -0.022918 
0.457031 -0.674837 -0.000000 0.477182 -0.170812 -0.022918 
0.460938 -0.680898 -0.000000 0.481468 -0.170812 -0.023293 
0.460938 -0.680898 -0.000000 0.481468 -0.170812 -0.023293 
0.464844 -0.686968 -0.000000 0.485760 -0.170812 -0.023674 
0.464844 -0.686968 -0.000000 0.485760 -0.170812 -0.023674 
0.468750 -0.693047 -0.000000 0.490058 -0.170812 -0.024061 
0.468750 -0.693047 -0.000000 0.490058 -0.170812 -0.024061 
0.472656 -0.699136 -0.000000 0.494364 -0.170812 -0.024453 
0.472656 -0.699136 -0.000000 0.494364 -0.170812 -0.024453 
0.476562 -0.705234 -0.000000 0.498675 -0.170812 -0.024851 
0.476562 -0.705234 -0.000000 0.498675 -0.170812 -0.024851 
0.480469 -0.711341 -0.000000 0.502994 -0.170812 -0.025255 
0.480469 -0.711341 -0.000000 0.502994 -0.170812 -0.025255 
0.484375 -0.717459 -0.000000 0.507320 -0.170812 -0.025665 
0.484375 -0.717459 -0.000000 0.507320 -0.170812 -0.025665 
0.488281 -0.723586 -0.000000 0.511653 -0.170812 -0.026081 
0.488281 -0.723586 -0.000000 0.511653 -0.170812 -0.026081 
0.492188 -0.729724 -0.000000 0.515993 -0.170812 -0.026503 
0.492188 -0.729724 -0.000000 0.515993 -0.170812 -0.026503 
0.496094 -0.735872 -0.000000 0.520340 -0.170812 -0.026932 
0.496094 -0.735872 -0.000000 0.520340 -0.170812 -0.026932 
0.500000 -0.742031 -0.000000 0.524695 -0.170812 -0.027368 
