Using input_files/input.in as input fileloading 1 systems
System ID 0 #nEqn 6
Reading system matrices.......

......reading triplet from: system_matrices/6A1.txt
developing matrix from triplet......
writting the read matrices to: output_trial/matrix_read/6A1.txt

......reading triplet from: system_matrices/6A2.txt
developing matrix from triplet......
writting the read matrices to: output_trial/matrix_read/6A2.txt

......reading triplet from: system_matrices/6P.txt
writting the read matrices to: output_trial/matrix_read/6P.txt

writting the read matrices to: output_trial/matrix_read/6BC.txt

......reading triplet from: system_matrices/6B.txt
developing matrix from triplet......
writting the read matrices to: output_trial/matrix_read/6B.txt

......reading triplet from: system_matrices/6S_half.txt
developing matrix from triplet......
writting the read matrices to: output_trial/matrix_read/6S_half.txt

......reading triplet from: system_matrices/6S_half_inv.txt
developing matrix from triplet......
writting the read matrices to: output_trial/matrix_read/6S_half_inv.txt

Done Reading Matrices......

tensor data memory allocation
finished allocation
Solving for: 6 equations 
no of cells in the initial mesh10
Total #DOF: 240
assembling the matrix manually 
inside assembly
u1 v1 
0.193649 0 0.0968246 0 1.04785e-17 0 5.23927e-18 0 0.25 0 0.125 0 -0.0409229 0 -0.0204614 0 -4.35788e-33 0 -2.17894e-33 0 0.152726 0 0.0763631 0 
0 0 0 0 0 0 0 0 0 0 0 0 0 0 0 0 0 0 0 0 0 0 0 0 
0.0968246 0 0.193649 0 5.23927e-18 0 1.04785e-17 0 0.125 0 0.25 0 -0.0204614 0 -0.0409229 0 -2.17894e-33 0 -4.35788e-33 0 0.0763631 0 0.152726 0 
0 0 0 0 0 0 0 0 0 0 0 0 0 0 0 0 0 0 0 0 0 0 0 0 
0 0 0 0 0.176777 0 0.0883883 0 0 0 0 0 0 0 0 0 0.176777 0 0.0883883 0 0 0 0 0 
0 0 0 0 0 0 0 0 0 0 0 0 0 0 0 0 0 0 0 0 0 0 0 0 
0 0 0 0 0.0883883 0 0.176777 0 0 0 0 0 0 0 0 0 0.0883883 0 0.176777 0 0 0 0 0 
0 0 0 0 0 0 0 0 0 0 0 0 0 0 0 0 0 0 0 0 0 0 0 0 
0.25 0 0.125 0 2.15704e-32 0 1.07852e-32 0 0.322749 0 0.161374 0 -0.0528312 0 -0.0264156 0 -1.35277e-17 0 -6.76386e-18 0 0.197169 0 0.0985844 0 
0 0 0 0 0 0 0 0 0 0 0 0 0 0 0 0 0 0 0 0 0 0 0 0 
0.125 0 0.25 0 1.07852e-32 0 2.15704e-32 0 0.161374 0 0.322749 0 -0.0264156 0 -0.0528312 0 -6.76386e-18 0 -1.35277e-17 0 0.0985844 0 0.197169 0 
0 0 0 0 0 0 0 0 0 0 0 0 0 0 0 0 0 0 0 0 0 0 0 0 
-0.0409229 0 -0.0204614 0 1.08325e-17 0 5.41624e-18 0 -0.0528312 0 -0.0264156 0 0.00864802 0 0.00432401 0 1.30469e-17 0 6.52343e-18 0 -0.0322749 0 -0.0161374 0 
0 0 0 0 0 0 0 0 0 0 0 0 0 0 0 0 0 0 0 0 0 0 0 0 
-0.0204614 0 -0.0409229 0 5.41624e-18 0 1.08325e-17 0 -0.0264156 0 -0.0528312 0 0.00432401 0 0.00864802 0 6.52343e-18 0 1.30469e-17 0 -0.0161374 0 -0.0322749 0 
0 0 0 0 0 0 0 0 0 0 0 0 0 0 0 0 0 0 0 0 0 0 0 0 
0 0 0 0 0.176777 0 0.0883883 0 0 0 0 0 0 0 0 0 0.176777 0 0.0883883 0 0 0 0 0 
0 0 0 0 0 0 0 0 0 0 0 0 0 0 0 0 0 0 0 0 0 0 0 0 
0 0 0 0 0.0883883 0 0.176777 0 0 0 0 0 0 0 0 0 0.0883883 0 0.176777 0 0 0 0 0 
0 0 0 0 0 0 0 0 0 0 0 0 0 0 0 0 0 0 0 0 0 0 0 0 
0.152726 0 0.0763631 0 -2.25123e-17 0 -1.12562e-17 0 0.197169 0 0.0985844 0 -0.0322749 0 -0.0161374 0 -3.07765e-17 0 -1.53882e-17 0 0.120451 0 0.0602257 0 
0 0 0 0 0 0 0 0 0 0 0 0 0 0 0 0 0 0 0 0 0 0 0 0 
0.0763631 0 0.152726 0 -1.12562e-17 0 -2.25123e-17 0 0.0985844 0 0.197169 0 -0.0161374 0 -0.0322749 0 -1.53882e-17 0 -3.07765e-17 0 0.0602257 0 0.120451 0 
0 0 0 0 0 0 0 0 0 0 0 0 0 0 0 0 0 0 0 0 0 0 0 0 
u1 v2 
0 0 0 0 0 0 0 0 0 0 0 0 0 0 0 0 0 0 0 0 0 0 0 0 
-0.193649 0 -0.0968246 0 1.04785e-17 0 5.23927e-18 0 0.25 0 0.125 0 0.0409229 0 0.0204614 0 4.35788e-33 0 2.17894e-33 0 -0.152726 0 -0.0763631 0 
0 0 0 0 0 0 0 0 0 0 0 0 0 0 0 0 0 0 0 0 0 0 0 0 
-0.0968246 0 -0.193649 0 5.23927e-18 0 1.04785e-17 0 0.125 0 0.25 0 0.0204614 0 0.0409229 0 2.17894e-33 0 4.35788e-33 0 -0.0763631 0 -0.152726 0 
0 0 0 0 0 0 0 0 0 0 0 0 0 0 0 0 0 0 0 0 0 0 0 0 
0 0 0 0 -0.176777 0 -0.0883883 0 0 0 0 0 0 0 0 0 0.176777 0 0.0883883 0 0 0 0 0 
0 0 0 0 0 0 0 0 0 0 0 0 0 0 0 0 0 0 0 0 0 0 0 0 
0 0 0 0 -0.0883883 0 -0.176777 0 0 0 0 0 0 0 0 0 0.0883883 0 0.176777 0 0 0 0 0 
0 0 0 0 0 0 0 0 0 0 0 0 0 0 0 0 0 0 0 0 0 0 0 0 
0.25 0 0.125 0 -2.15704e-32 0 -1.07852e-32 0 -0.322749 0 -0.161374 0 -0.0528312 0 -0.0264156 0 -1.35277e-17 0 -6.76386e-18 0 0.197169 0 0.0985844 0 
0 0 0 0 0 0 0 0 0 0 0 0 0 0 0 0 0 0 0 0 0 0 0 0 
0.125 0 0.25 0 -1.07852e-32 0 -2.15704e-32 0 -0.161374 0 -0.322749 0 -0.0264156 0 -0.0528312 0 -6.76386e-18 0 -1.35277e-17 0 0.0985844 0 0.197169 0 
0 0 0 0 0 0 0 0 0 0 0 0 0 0 0 0 0 0 0 0 0 0 0 0 
0.0409229 0 0.0204614 0 1.08325e-17 0 5.41624e-18 0 -0.0528312 0 -0.0264156 0 -0.00864802 0 -0.00432401 0 -1.30469e-17 0 -6.52343e-18 0 0.0322749 0 0.0161374 0 
0 0 0 0 0 0 0 0 0 0 0 0 0 0 0 0 0 0 0 0 0 0 0 0 
0.0204614 0 0.0409229 0 5.41624e-18 0 1.08325e-17 0 -0.0264156 0 -0.0528312 0 -0.00432401 0 -0.00864802 0 -6.52343e-18 0 -1.30469e-17 0 0.0161374 0 0.0322749 0 
0 0 0 0 0 0 0 0 0 0 0 0 0 0 0 0 0 0 0 0 0 0 0 0 
0 0 0 0 0.176777 0 0.0883883 0 0 0 0 0 0 0 0 0 -0.176777 0 -0.0883883 0 0 0 0 0 
0 0 0 0 0 0 0 0 0 0 0 0 0 0 0 0 0 0 0 0 0 0 0 0 
0 0 0 0 0.0883883 0 0.176777 0 0 0 0 0 0 0 0 0 -0.0883883 0 -0.176777 0 0 0 0 0 
0 0 0 0 0 0 0 0 0 0 0 0 0 0 0 0 0 0 0 0 0 0 0 0 
-0.152726 0 -0.0763631 0 -2.25123e-17 0 -1.12562e-17 0 0.197169 0 0.0985844 0 0.0322749 0 0.0161374 0 3.07765e-17 0 1.53882e-17 0 -0.120451 0 -0.0602257 0 
0 0 0 0 0 0 0 0 0 0 0 0 0 0 0 0 0 0 0 0 0 0 0 0 
-0.0763631 0 -0.152726 0 -1.12562e-17 0 -2.25123e-17 0 0.0985844 0 0.197169 0 0.0161374 0 0.0322749 0 1.53882e-17 0 3.07765e-17 0 -0.0602257 0 -0.120451 0 
u2 v1 
0 -0.193649 0 -0.0968246 0 -1.04785e-17 0 -5.23927e-18 0 -0.25 0 -0.125 0 0.0409229 0 0.0204614 0 4.35788e-33 0 2.17894e-33 0 -0.152726 0 -0.0763631 
0 0 0 0 0 0 0 0 0 0 0 0 0 0 0 0 0 0 0 0 0 0 0 0 
0 -0.0968246 0 -0.193649 0 -5.23927e-18 0 -1.04785e-17 0 -0.125 0 -0.25 0 0.0204614 0 0.0409229 0 2.17894e-33 0 4.35788e-33 0 -0.0763631 0 -0.152726 
0 0 0 0 0 0 0 0 0 0 0 0 0 0 0 0 0 0 0 0 0 0 0 0 
0 0 0 0 0 -0.176777 0 -0.0883883 0 0 0 0 0 0 0 0 0 -0.176777 0 -0.0883883 0 0 0 0 
0 0 0 0 0 0 0 0 0 0 0 0 0 0 0 0 0 0 0 0 0 0 0 0 
0 0 0 0 0 -0.0883883 0 -0.176777 0 0 0 0 0 0 0 0 0 -0.0883883 0 -0.176777 0 0 0 0 
0 0 0 0 0 0 0 0 0 0 0 0 0 0 0 0 0 0 0 0 0 0 0 0 
0 -0.25 0 -0.125 0 -2.15704e-32 0 -1.07852e-32 0 -0.322749 0 -0.161374 0 0.0528312 0 0.0264156 0 1.35277e-17 0 6.76386e-18 0 -0.197169 0 -0.0985844 
0 0 0 0 0 0 0 0 0 0 0 0 0 0 0 0 0 0 0 0 0 0 0 0 
0 -0.125 0 -0.25 0 -1.07852e-32 0 -2.15704e-32 0 -0.161374 0 -0.322749 0 0.0264156 0 0.0528312 0 6.76386e-18 0 1.35277e-17 0 -0.0985844 0 -0.197169 
0 0 0 0 0 0 0 0 0 0 0 0 0 0 0 0 0 0 0 0 0 0 0 0 
0 0.0409229 0 0.0204614 0 -1.08325e-17 0 -5.41624e-18 0 0.0528312 0 0.0264156 0 -0.00864802 0 -0.00432401 0 -1.30469e-17 0 -6.52343e-18 0 0.0322749 0 0.0161374 
0 0 0 0 0 0 0 0 0 0 0 0 0 0 0 0 0 0 0 0 0 0 0 0 
0 0.0204614 0 0.0409229 0 -5.41624e-18 0 -1.08325e-17 0 0.0264156 0 0.0528312 0 -0.00432401 0 -0.00864802 0 -6.52343e-18 0 -1.30469e-17 0 0.0161374 0 0.0322749 
0 0 0 0 0 0 0 0 0 0 0 0 0 0 0 0 0 0 0 0 0 0 0 0 
0 0 0 0 0 -0.176777 0 -0.0883883 0 0 0 0 0 0 0 0 0 -0.176777 0 -0.0883883 0 0 0 0 
0 0 0 0 0 0 0 0 0 0 0 0 0 0 0 0 0 0 0 0 0 0 0 0 
0 0 0 0 0 -0.0883883 0 -0.176777 0 0 0 0 0 0 0 0 0 -0.0883883 0 -0.176777 0 0 0 0 
0 0 0 0 0 0 0 0 0 0 0 0 0 0 0 0 0 0 0 0 0 0 0 0 
0 -0.152726 0 -0.0763631 0 2.25123e-17 0 1.12562e-17 0 -0.197169 0 -0.0985844 0 0.0322749 0 0.0161374 0 3.07765e-17 0 1.53882e-17 0 -0.120451 0 -0.0602257 
0 0 0 0 0 0 0 0 0 0 0 0 0 0 0 0 0 0 0 0 0 0 0 0 
0 -0.0763631 0 -0.152726 0 1.12562e-17 0 2.25123e-17 0 -0.0985844 0 -0.197169 0 0.0161374 0 0.0322749 0 1.53882e-17 0 3.07765e-17 0 -0.0602257 0 -0.120451 
0 0 0 0 0 0 0 0 0 0 0 0 0 0 0 0 0 0 0 0 0 0 0 0 
u2 v2 
0 0 0 0 0 0 0 0 0 0 0 0 0 0 0 0 0 0 0 0 0 0 0 0 
0 0.193649 0 0.0968246 0 -1.04785e-17 0 -5.23927e-18 0 -0.25 0 -0.125 0 -0.0409229 0 -0.0204614 0 -4.35788e-33 0 -2.17894e-33 0 0.152726 0 0.0763631 
0 0 0 0 0 0 0 0 0 0 0 0 0 0 0 0 0 0 0 0 0 0 0 0 
0 0.0968246 0 0.193649 0 -5.23927e-18 0 -1.04785e-17 0 -0.125 0 -0.25 0 -0.0204614 0 -0.0409229 0 -2.17894e-33 0 -4.35788e-33 0 0.0763631 0 0.152726 
0 0 0 0 0 0 0 0 0 0 0 0 0 0 0 0 0 0 0 0 0 0 0 0 
0 0 0 0 0 0.176777 0 0.0883883 0 0 0 0 0 0 0 0 0 -0.176777 0 -0.0883883 0 0 0 0 
0 0 0 0 0 0 0 0 0 0 0 0 0 0 0 0 0 0 0 0 0 0 0 0 
0 0 0 0 0 0.0883883 0 0.176777 0 0 0 0 0 0 0 0 0 -0.0883883 0 -0.176777 0 0 0 0 
0 0 0 0 0 0 0 0 0 0 0 0 0 0 0 0 0 0 0 0 0 0 0 0 
0 -0.25 0 -0.125 0 2.15704e-32 0 1.07852e-32 0 0.322749 0 0.161374 0 0.0528312 0 0.0264156 0 1.35277e-17 0 6.76386e-18 0 -0.197169 0 -0.0985844 
0 0 0 0 0 0 0 0 0 0 0 0 0 0 0 0 0 0 0 0 0 0 0 0 
0 -0.125 0 -0.25 0 1.07852e-32 0 2.15704e-32 0 0.161374 0 0.322749 0 0.0264156 0 0.0528312 0 6.76386e-18 0 1.35277e-17 0 -0.0985844 0 -0.197169 
0 0 0 0 0 0 0 0 0 0 0 0 0 0 0 0 0 0 0 0 0 0 0 0 
0 -0.0409229 0 -0.0204614 0 -1.08325e-17 0 -5.41624e-18 0 0.0528312 0 0.0264156 0 0.00864802 0 0.00432401 0 1.30469e-17 0 6.52343e-18 0 -0.0322749 0 -0.0161374 
0 0 0 0 0 0 0 0 0 0 0 0 0 0 0 0 0 0 0 0 0 0 0 0 
0 -0.0204614 0 -0.0409229 0 -5.41624e-18 0 -1.08325e-17 0 0.0264156 0 0.0528312 0 0.00432401 0 0.00864802 0 6.52343e-18 0 1.30469e-17 0 -0.0161374 0 -0.0322749 
0 0 0 0 0 0 0 0 0 0 0 0 0 0 0 0 0 0 0 0 0 0 0 0 
0 0 0 0 0 -0.176777 0 -0.0883883 0 0 0 0 0 0 0 0 0 0.176777 0 0.0883883 0 0 0 0 
0 0 0 0 0 0 0 0 0 0 0 0 0 0 0 0 0 0 0 0 0 0 0 0 
0 0 0 0 0 -0.0883883 0 -0.176777 0 0 0 0 0 0 0 0 0 0.0883883 0 0.176777 0 0 0 0 
0 0 0 0 0 0 0 0 0 0 0 0 0 0 0 0 0 0 0 0 0 0 0 0 
0 0.152726 0 0.0763631 0 2.25123e-17 0 1.12562e-17 0 -0.197169 0 -0.0985844 0 -0.0322749 0 -0.0161374 0 -3.07765e-17 0 -1.53882e-17 0 0.120451 0 0.0602257 
0 0 0 0 0 0 0 0 0 0 0 0 0 0 0 0 0 0 0 0 0 0 0 0 
0 0.0763631 0 0.152726 0 1.12562e-17 0 2.25123e-17 0 -0.0985844 0 -0.197169 0 -0.0161374 0 -0.0322749 0 -1.53882e-17 0 -3.07765e-17 0 0.0602257 0 0.120451 
u1 v1 
0 0 0 0 0 0 0 0 0 0 0 0 0 0 0 0 0 0 0 0 0 0 0 0 
0 0.193649 0 0.0968246 0 0.146946 0 0.0734732 0 -0.202254 0 -0.101127 0 0.0259813 0 0.0129906 0 -0.130229 0 -0.0651144 0 0.0858221 0 0.0429111 
0 0 0 0 0 0 0 0 0 0 0 0 0 0 0 0 0 0 0 0 0 0 0 0 
0 0.0968246 0 0.193649 0 0.0734732 0 0.146946 0 -0.101127 0 -0.202254 0 0.0129906 0 0.0259813 0 -0.0651144 0 -0.130229 0 0.0429111 0 0.0858221 
0 0 0 0 0 0 0 0 0 0 0 0 0 0 0 0 0 0 0 0 0 0 0 0 
0 0.146946 0 0.0734732 0 0.227209 0 0.113604 0 -0.0694138 0 -0.0347069 0 0.115893 0 0.0579465 0 -0.143015 0 -0.0715077 0 -0.0310534 0 -0.0155267 
0 0 0 0 0 0 0 0 0 0 0 0 0 0 0 0 0 0 0 0 0 0 0 0 
0 0.0734732 0 0.146946 0 0.113604 0 0.227209 0 -0.0347069 0 -0.0694138 0 0.0579465 0 0.115893 0 -0.0715077 0 -0.143015 0 -0.0155267 0 -0.0310534 
0 0 0 0 0 0 0 0 0 0 0 0 0 0 0 0 0 0 0 0 0 0 0 0 
0 -0.202254 0 -0.101127 0 -0.0694138 0 -0.0347069 0 0.272317 0 0.136158 0 0.0427414 0 0.0213707 0 0.103907 0 0.0519534 0 -0.159513 0 -0.0797564 
0 0 0 0 0 0 0 0 0 0 0 0 0 0 0 0 0 0 0 0 0 0 0 0 
0 -0.101127 0 -0.202254 0 -0.0347069 0 -0.0694138 0 0.136158 0 0.272317 0 0.0213707 0 0.0427414 0 0.0519534 0 0.103907 0 -0.0797564 0 -0.159513 
0 0 0 0 0 0 0 0 0 0 0 0 0 0 0 0 0 0 0 0 0 0 0 0 
0 0.0259813 0 0.0129906 0 0.115893 0 0.0579465 0 0.0427414 0 0.0213707 0 0.0834338 0 0.0417169 0 -0.0542089 0 -0.0271045 0 -0.0684335 0 -0.0342168 
0 0 0 0 0 0 0 0 0 0 0 0 0 0 0 0 0 0 0 0 0 0 0 0 
0 0.0129906 0 0.0259813 0 0.0579465 0 0.115893 0 0.0213707 0 0.0427414 0 0.0417169 0 0.0834338 0 -0.0271045 0 -0.0542089 0 -0.0342168 0 -0.0684335 
0 0 0 0 0 0 0 0 0 0 0 0 0 0 0 0 0 0 0 0 0 0 0 0 
0 -0.130229 0 -0.0651144 0 -0.143015 0 -0.0715077 0 0.103907 0 0.0519534 0 -0.0542089 0 -0.0271045 0 0.104459 0 0.0522297 0 -0.0209787 0 -0.0104893 
0 0 0 0 0 0 0 0 0 0 0 0 0 0 0 0 0 0 0 0 0 0 0 0 
0 -0.0651144 0 -0.130229 0 -0.0715077 0 -0.143015 0 0.0519534 0 0.103907 0 -0.0271045 0 -0.0542089 0 0.0522297 0 0.104459 0 -0.0104893 0 -0.0209787 
0 0 0 0 0 0 0 0 0 0 0 0 0 0 0 0 0 0 0 0 0 0 0 0 
0 0.0858221 0 0.0429111 0 -0.0310534 0 -0.0155267 0 -0.159513 0 -0.0797564 0 -0.0684335 0 -0.0342168 0 -0.0209787 0 -0.0104893 0 0.117983 0 0.0589915 
0 0 0 0 0 0 0 0 0 0 0 0 0 0 0 0 0 0 0 0 0 0 0 0 
0 0.0429111 0 0.0858221 0 -0.0155267 0 -0.0310534 0 -0.0797564 0 -0.159513 0 -0.0342168 0 -0.0684335 0 -0.0104893 0 -0.0209787 0 0.0589915 0 0.117983 
u1 v2 
0 -0.193649 0 -0.0968246 0 0.146946 0 0.0734732 0 -0.202254 0 -0.101127 0 -0.0259813 0 -0.0129906 0 0.130229 0 0.0651144 0 -0.0858221 0 -0.0429111 
0 0 0 0 0 0 0 0 0 0 0 0 0 0 0 0 0 0 0 0 0 0 0 0 
0 -0.0968246 0 -0.193649 0 0.0734732 0 0.146946 0 -0.101127 0 -0.202254 0 -0.0129906 0 -0.0259813 0 0.0651144 0 0.130229 0 -0.0429111 0 -0.0858221 
0 0 0 0 0 0 0 0 0 0 0 0 0 0 0 0 0 0 0 0 0 0 0 0 
0 0.146946 0 0.0734732 0 -0.227209 0 -0.113604 0 0.0694138 0 0.0347069 0 0.115893 0 0.0579465 0 -0.143015 0 -0.0715077 0 -0.0310534 0 -0.0155267 
0 0 0 0 0 0 0 0 0 0 0 0 0 0 0 0 0 0 0 0 0 0 0 0 
0 0.0734732 0 0.146946 0 -0.113604 0 -0.227209 0 0.0347069 0 0.0694138 0 0.0579465 0 0.115893 0 -0.0715077 0 -0.143015 0 -0.0155267 0 -0.0310534 
0 0 0 0 0 0 0 0 0 0 0 0 0 0 0 0 0 0 0 0 0 0 0 0 
0 -0.202254 0 -0.101127 0 0.0694138 0 0.0347069 0 -0.272317 0 -0.136158 0 0.0427414 0 0.0213707 0 0.103907 0 0.0519534 0 -0.159513 0 -0.0797564 
0 0 0 0 0 0 0 0 0 0 0 0 0 0 0 0 0 0 0 0 0 0 0 0 
0 -0.101127 0 -0.202254 0 0.0347069 0 0.0694138 0 -0.136158 0 -0.272317 0 0.0213707 0 0.0427414 0 0.0519534 0 0.103907 0 -0.0797564 0 -0.159513 
0 0 0 0 0 0 0 0 0 0 0 0 0 0 0 0 0 0 0 0 0 0 0 0 
0 -0.0259813 0 -0.0129906 0 0.115893 0 0.0579465 0 0.0427414 0 0.0213707 0 -0.0834338 0 -0.0417169 0 0.0542089 0 0.0271045 0 0.0684335 0 0.0342168 
0 0 0 0 0 0 0 0 0 0 0 0 0 0 0 0 0 0 0 0 0 0 0 0 
0 -0.0129906 0 -0.0259813 0 0.0579465 0 0.115893 0 0.0213707 0 0.0427414 0 -0.0417169 0 -0.0834338 0 0.0271045 0 0.0542089 0 0.0342168 0 0.0684335 
0 0 0 0 0 0 0 0 0 0 0 0 0 0 0 0 0 0 0 0 0 0 0 0 
0 0.130229 0 0.0651144 0 -0.143015 0 -0.0715077 0 0.103907 0 0.0519534 0 0.0542089 0 0.0271045 0 -0.104459 0 -0.0522297 0 0.0209787 0 0.0104893 
0 0 0 0 0 0 0 0 0 0 0 0 0 0 0 0 0 0 0 0 0 0 0 0 
0 0.0651144 0 0.130229 0 -0.0715077 0 -0.143015 0 0.0519534 0 0.103907 0 0.0271045 0 0.0542089 0 -0.0522297 0 -0.104459 0 0.0104893 0 0.0209787 
0 0 0 0 0 0 0 0 0 0 0 0 0 0 0 0 0 0 0 0 0 0 0 0 
0 -0.0858221 0 -0.0429111 0 -0.0310534 0 -0.0155267 0 -0.159513 0 -0.0797564 0 0.0684335 0 0.0342168 0 0.0209787 0 0.0104893 0 -0.117983 0 -0.0589915 
0 0 0 0 0 0 0 0 0 0 0 0 0 0 0 0 0 0 0 0 0 0 0 0 
0 -0.0429111 0 -0.0858221 0 -0.0155267 0 -0.0310534 0 -0.0797564 0 -0.159513 0 0.0342168 0 0.0684335 0 0.0104893 0 0.0209787 0 -0.0589915 0 -0.117983 
0 0 0 0 0 0 0 0 0 0 0 0 0 0 0 0 0 0 0 0 0 0 0 0 
u2 v1 
0 0 0 0 0 0 0 0 0 0 0 0 0 0 0 0 0 0 0 0 0 0 0 0 
-0.193649 0 -0.0968246 0 -0.146946 0 -0.0734732 0 0.202254 0 0.101127 0 -0.0259813 0 -0.0129906 0 0.130229 0 0.0651144 0 -0.0858221 0 -0.0429111 0 
0 0 0 0 0 0 0 0 0 0 0 0 0 0 0 0 0 0 0 0 0 0 0 0 
-0.0968246 0 -0.193649 0 -0.0734732 0 -0.146946 0 0.101127 0 0.202254 0 -0.0129906 0 -0.0259813 0 0.0651144 0 0.130229 0 -0.0429111 0 -0.0858221 0 
0 0 0 0 0 0 0 0 0 0 0 0 0 0 0 0 0 0 0 0 0 0 0 0 
-0.146946 0 -0.0734732 0 -0.227209 0 -0.113604 0 0.0694138 0 0.0347069 0 -0.115893 0 -0.0579465 0 0.143015 0 0.0715077 0 0.0310534 0 0.0155267 0 
0 0 0 0 0 0 0 0 0 0 0 0 0 0 0 0 0 0 0 0 0 0 0 0 
-0.0734732 0 -0.146946 0 -0.113604 0 -0.227209 0 0.0347069 0 0.0694138 0 -0.0579465 0 -0.115893 0 0.0715077 0 0.143015 0 0.0155267 0 0.0310534 0 
0 0 0 0 0 0 0 0 0 0 0 0 0 0 0 0 0 0 0 0 0 0 0 0 
0.202254 0 0.101127 0 0.0694138 0 0.0347069 0 -0.272317 0 -0.136158 0 -0.0427414 0 -0.0213707 0 -0.103907 0 -0.0519534 0 0.159513 0 0.0797564 0 
0 0 0 0 0 0 0 0 0 0 0 0 0 0 0 0 0 0 0 0 0 0 0 0 
0.101127 0 0.202254 0 0.0347069 0 0.0694138 0 -0.136158 0 -0.272317 0 -0.0213707 0 -0.0427414 0 -0.0519534 0 -0.103907 0 0.0797564 0 0.159513 0 
0 0 0 0 0 0 0 0 0 0 0 0 0 0 0 0 0 0 0 0 0 0 0 0 
-0.0259813 0 -0.0129906 0 -0.115893 0 -0.0579465 0 -0.0427414 0 -0.0213707 0 -0.0834338 0 -0.0417169 0 0.0542089 0 0.0271045 0 0.0684335 0 0.0342168 0 
0 0 0 0 0 0 0 0 0 0 0 0 0 0 0 0 0 0 0 0 0 0 0 0 
-0.0129906 0 -0.0259813 0 -0.0579465 0 -0.115893 0 -0.0213707 0 -0.0427414 0 -0.0417169 0 -0.0834338 0 0.0271045 0 0.0542089 0 0.0342168 0 0.0684335 0 
0 0 0 0 0 0 0 0 0 0 0 0 0 0 0 0 0 0 0 0 0 0 0 0 
0.130229 0 0.0651144 0 0.143015 0 0.0715077 0 -0.103907 0 -0.0519534 0 0.0542089 0 0.0271045 0 -0.104459 0 -0.0522297 0 0.0209787 0 0.0104893 0 
0 0 0 0 0 0 0 0 0 0 0 0 0 0 0 0 0 0 0 0 0 0 0 0 
0.0651144 0 0.130229 0 0.0715077 0 0.143015 0 -0.0519534 0 -0.103907 0 0.0271045 0 0.0542089 0 -0.0522297 0 -0.104459 0 0.0104893 0 0.0209787 0 
0 0 0 0 0 0 0 0 0 0 0 0 0 0 0 0 0 0 0 0 0 0 0 0 
-0.0858221 0 -0.0429111 0 0.0310534 0 0.0155267 0 0.159513 0 0.0797564 0 0.0684335 0 0.0342168 0 0.0209787 0 0.0104893 0 -0.117983 0 -0.0589915 0 
0 0 0 0 0 0 0 0 0 0 0 0 0 0 0 0 0 0 0 0 0 0 0 0 
-0.0429111 0 -0.0858221 0 0.0155267 0 0.0310534 0 0.0797564 0 0.159513 0 0.0342168 0 0.0684335 0 0.0104893 0 0.0209787 0 -0.0589915 0 -0.117983 0 
u2 v2 
0.193649 0 0.0968246 0 -0.146946 0 -0.0734732 0 0.202254 0 0.101127 0 0.0259813 0 0.0129906 0 -0.130229 0 -0.0651144 0 0.0858221 0 0.0429111 0 
0 0 0 0 0 0 0 0 0 0 0 0 0 0 0 0 0 0 0 0 0 0 0 0 
0.0968246 0 0.193649 0 -0.0734732 0 -0.146946 0 0.101127 0 0.202254 0 0.0129906 0 0.0259813 0 -0.0651144 0 -0.130229 0 0.0429111 0 0.0858221 0 
0 0 0 0 0 0 0 0 0 0 0 0 0 0 0 0 0 0 0 0 0 0 0 0 
-0.146946 0 -0.0734732 0 0.227209 0 0.113604 0 -0.0694138 0 -0.0347069 0 -0.115893 0 -0.0579465 0 0.143015 0 0.0715077 0 0.0310534 0 0.0155267 0 
0 0 0 0 0 0 0 0 0 0 0 0 0 0 0 0 0 0 0 0 0 0 0 0 
-0.0734732 0 -0.146946 0 0.113604 0 0.227209 0 -0.0347069 0 -0.0694138 0 -0.0579465 0 -0.115893 0 0.0715077 0 0.143015 0 0.0155267 0 0.0310534 0 
0 0 0 0 0 0 0 0 0 0 0 0 0 0 0 0 0 0 0 0 0 0 0 0 
0.202254 0 0.101127 0 -0.0694138 0 -0.0347069 0 0.272317 0 0.136158 0 -0.0427414 0 -0.0213707 0 -0.103907 0 -0.0519534 0 0.159513 0 0.0797564 0 
0 0 0 0 0 0 0 0 0 0 0 0 0 0 0 0 0 0 0 0 0 0 0 0 
0.101127 0 0.202254 0 -0.0347069 0 -0.0694138 0 0.136158 0 0.272317 0 -0.0213707 0 -0.0427414 0 -0.0519534 0 -0.103907 0 0.0797564 0 0.159513 0 
0 0 0 0 0 0 0 0 0 0 0 0 0 0 0 0 0 0 0 0 0 0 0 0 
0.0259813 0 0.0129906 0 -0.115893 0 -0.0579465 0 -0.0427414 0 -0.0213707 0 0.0834338 0 0.0417169 0 -0.0542089 0 -0.0271045 0 -0.0684335 0 -0.0342168 0 
0 0 0 0 0 0 0 0 0 0 0 0 0 0 0 0 0 0 0 0 0 0 0 0 
0.0129906 0 0.0259813 0 -0.0579465 0 -0.115893 0 -0.0213707 0 -0.0427414 0 0.0417169 0 0.0834338 0 -0.0271045 0 -0.0542089 0 -0.0342168 0 -0.0684335 0 
0 0 0 0 0 0 0 0 0 0 0 0 0 0 0 0 0 0 0 0 0 0 0 0 
-0.130229 0 -0.0651144 0 0.143015 0 0.0715077 0 -0.103907 0 -0.0519534 0 -0.0542089 0 -0.0271045 0 0.104459 0 0.0522297 0 -0.0209787 0 -0.0104893 0 
0 0 0 0 0 0 0 0 0 0 0 0 0 0 0 0 0 0 0 0 0 0 0 0 
-0.0651144 0 -0.130229 0 0.0715077 0 0.143015 0 -0.0519534 0 -0.103907 0 -0.0271045 0 -0.0542089 0 0.0522297 0 0.104459 0 -0.0104893 0 -0.0209787 0 
0 0 0 0 0 0 0 0 0 0 0 0 0 0 0 0 0 0 0 0 0 0 0 0 
0.0858221 0 0.0429111 0 0.0310534 0 0.0155267 0 0.159513 0 0.0797564 0 -0.0684335 0 -0.0342168 0 -0.0209787 0 -0.0104893 0 0.117983 0 0.0589915 0 
0 0 0 0 0 0 0 0 0 0 0 0 0 0 0 0 0 0 0 0 0 0 0 0 
0.0429111 0 0.0858221 0 0.0155267 0 0.0310534 0 0.0797564 0 0.159513 0 -0.0342168 0 -0.0684335 0 -0.0104893 0 -0.0209787 0 0.0589915 0 0.117983 0 
0 0 0 0 0 0 0 0 0 0 0 0 0 0 0 0 0 0 0 0 0 0 0 0 
boundary matrix 
0.182827 0.0914137 0 0 -0.179844 -0.0855211 0 0 -0.0284846 -0.0277875 0 0 0.138415 0.0609729 0 0 0.0390112 0.0355346 0 0 -0.03286 -0.0081952 0 0 
0.0914137 0.182827 0 0 -0.0855211 -0.16224 0 0 -0.0277875 -0.0826654 0 0 0.0609729 0.105476 0 0 0.0355346 0.103127 0 0 -0.0081952 7.92453e-05 0 0 
0 0 0 0 0 0 0 0 0 0 0 0 0 0 0 0 0 0 0 0 0 0 0 0 
0 0 0 0 0 0 0 0 0 0 0 0 0 0 0 0 0 0 0 0 0 0 0 0 
-0.232178 -0.110407 0 0 0.234054 0.11421 0 0 0.00943502 0.0085942 0 0 -0.18126 -0.0836972 0 0 -0.0320631 -0.0296645 0 0 0.0472121 0.0199535 0 0 
-0.110407 -0.209451 0 0 0.11421 0.222787 0 0 0.0085942 0.0249418 0 0 -0.0836972 -0.153528 0 0 -0.0296645 -0.086595 0 0 0.0199535 0.0326018 0 0 
0 0 0 0 0 0 0 0 0 0 0 0 0 0 0 0 0 0 0 0 0 0 0 0 
0 0 0 0 0 0 0 0 0 0 0 0 0 0 0 0 0 0 0 0 0 0 0 0 
-0.0367734 -0.0358735 0 0 0.00943502 0.0085942 0 0 0.175472 0.0905524 0 0 -0.00138551 -0.000210395 0 0 -0.123299 -0.0621638 0 0 -0.0198456 -0.0205012 0 0 
-0.0358735 -0.106721 0 0 0.0085942 0.0249418 0 0 0.0905524 0.186738 0 0 -0.000210395 0.000543933 0 0 -0.0621638 -0.125356 0 0 -0.0205012 -0.0621591 0 0 
0 0 0 0 0 0 0 0 0 0 0 0 0 0 0 0 0 0 0 0 0 0 0 0 
0 0 0 0 0 0 0 0 0 0 0 0 0 0 0 0 0 0 0 0 0 0 0 0 
0.138415 0.0609729 0 0 -0.143692 -0.0708267 0 0 0.0151761 0.0136635 0 0 0.112129 0.0534415 0 0 0.00534078 0.0063183 0 0 -0.0322152 -0.0182388 0 0 
0.0609729 0.105476 0 0 -0.0708267 -0.139615 0 0 0.0136635 0.039478 0 0 0.0534415 0.101637 0 0 0.0063183 0.0199324 0 0 -0.0182388 -0.0407399 0 0 
0 0 0 0 0 0 0 0 0 0 0 0 0 0 0 0 0 0 0 0 0 0 0 0 
0 0 0 0 0 0 0 0 0 0 0 0 0 0 0 0 0 0 0 0 0 0 0 0 
0.0390112 0.0355346 0 0 -0.0140813 -0.0153506 0 0 -0.168045 -0.0763785 0 0 0.00534078 0.0063183 0 0 0.119192 0.0553338 0 0 0.0171823 0.0141976 0 0 
0.0355346 0.103127 0 0 -0.0153506 -0.0473211 0 0 -0.0763785 -0.137469 0 0 0.0063183 0.0199324 0 0 0.0553338 0.102143 0 0 0.0141976 0.0396082 0 0 
0 0 0 0 0 0 0 0 0 0 0 0 0 0 0 0 0 0 0 0 0 0 0 0 
0 0 0 0 0 0 0 0 0 0 0 0 0 0 0 0 0 0 0 0 0 0 0 0 
-0.03286 -0.0081952 0 0 0.0398585 0.0214511 0 0 -0.0316217 -0.0297067 0 0 -0.0322152 -0.0182388 0 0 0.0171823 0.0141976 0 0 0.0132435 0.0135073 0 0 
-0.0081952 7.92453e-05 0 0 0.0214511 0.0459457 0 0 -0.0297067 -0.0872049 0 0 -0.0182388 -0.0407399 0 0 0.0141976 0.0396082 0 0 0.0135073 0.0407857 0 0 
0 0 0 0 0 0 0 0 0 0 0 0 0 0 0 0 0 0 0 0 0 0 0 0 
0 0 0 0 0 0 0 0 0 0 0 0 0 0 0 0 0 0 0 0 0 0 0 0 
boundary matrix 
0 0 0 0 0 0 0 0 0 0 0 0 0 0 0 0 0 0 0 0 0 0 0 0 
0 0 0 0 0 0 0 0 0 0 0 0 0 0 0 0 0 0 0 0 0 0 0 0 
0 0 0.0457068 0.0228534 0 0 0.0449611 0.0213803 0 0 0.00712114 0.00694687 0 0 0.0346039 0.0152432 0 0 0.00975279 0.00888366 0 0 -0.00821501 -0.0020488 
0 0 0.0228534 0.0457068 0 0 0.0213803 0.04056 0 0 0.00694687 0.0206664 0 0 0.0152432 0.0263691 0 0 0.00888366 0.0257819 0 0 -0.0020488 1.98113e-05 
0 0 0 0 0 0 0 0 0 0 0 0 0 0 0 0 0 0 0 0 0 0 0 0 
0 0 0 0 0 0 0 0 0 0 0 0 0 0 0 0 0 0 0 0 0 0 0 0 
0 0 0.0580445 0.0276018 0 0 0.0585134 0.0285526 0 0 0.00235875 0.00214855 0 0 0.0453151 0.0209243 0 0 0.00801577 0.00741613 0 0 -0.011803 -0.00498837 
0 0 0.0276018 0.0523627 0 0 0.0285526 0.0556968 0 0 0.00214855 0.00623545 0 0 0.0209243 0.0383821 0 0 0.00741613 0.0216488 0 0 -0.00498837 -0.00815045 
0 0 0 0 0 0 0 0 0 0 0 0 0 0 0 0 0 0 0 0 0 0 0 0 
0 0 0 0 0 0 0 0 0 0 0 0 0 0 0 0 0 0 0 0 0 0 0 0 
0 0 0.00919335 0.00896838 0 0 0.00235875 0.00214855 0 0 0.0438679 0.0226381 0 0 0.000346378 5.25987e-05 0 0 0.0308248 0.0155409 0 0 0.00496141 0.0051253 
0 0 0.00896838 0.0266802 0 0 0.00214855 0.00623545 0 0 0.0226381 0.0466845 0 0 5.25987e-05 -0.000135983 0 0 0.0155409 0.031339 0 0 0.0051253 0.0155398 
0 0 0 0 0 0 0 0 0 0 0 0 0 0 0 0 0 0 0 0 0 0 0 0 
0 0 0 0 0 0 0 0 0 0 0 0 0 0 0 0 0 0 0 0 0 0 0 0 
0 0 0.0346039 0.0152432 0 0 0.0359229 0.0177067 0 0 -0.00379404 -0.00341589 0 0 0.0280324 0.0133604 0 0 0.0013352 0.00157957 0 0 -0.00805381 -0.0045597 
0 0 0.0152432 0.0263691 0 0 0.0177067 0.0349038 0 0 -0.00341589 -0.00986951 0 0 0.0133604 0.0254092 0 0 0.00157957 0.0049831 0 0 -0.0045597 -0.010185 
0 0 0 0 0 0 0 0 0 0 0 0 0 0 0 0 0 0 0 0 0 0 0 0 
0 0 0 0 0 0 0 0 0 0 0 0 0 0 0 0 0 0 0 0 0 0 0 0 
0 0 0.00975279 0.00888366 0 0 0.00352032 0.00383765 0 0 0.0420112 0.0190946 0 0 0.0013352 0.00157957 0 0 0.0297981 0.0138334 0 0 0.00429558 0.00354941 
0 0 0.00888366 0.0257819 0 0 0.00383765 0.0118303 0 0 0.0190946 0.0343673 0 0 0.00157957 0.0049831 0 0 0.0138334 0.0255357 0 0 0.00354941 0.00990206 
0 0 0 0 0 0 0 0 0 0 0 0 0 0 0 0 0 0 0 0 0 0 0 0 
0 0 0 0 0 0 0 0 0 0 0 0 0 0 0 0 0 0 0 0 0 0 0 0 
0 0 -0.00821501 -0.0020488 0 0 -0.00996463 -0.00536277 0 0 0.00790543 0.00742667 0 0 -0.00805381 -0.0045597 0 0 0.00429558 0.00354941 0 0 0.00331087 0.00337682 
0 0 -0.0020488 1.98113e-05 0 0 -0.00536277 -0.0114864 0 0 0.00742667 0.0218012 0 0 -0.0045597 -0.010185 0 0 0.00354941 0.00990206 0 0 0.00337682 0.0101964 
cell matrix 
0 0 0 0 0.206011 0.0193446 -0.126131 -0.0992246 -0.217371 0.273797 -0.153474 0.0970485 0 0 0 0 0 0 0 0 0 0 0 0 
0 0 0 0 0.176584 0.0388992 -0.0232307 -0.192252 -0.210136 0.296947 -0.136837 0.0500252 0 0 0 0 0 0 0 0 0 0 0 0 
0 0 0 0 0.126131 0.0232307 -0.0515028 -0.0978592 -0.0965256 0.136837 -0.258157 0.217846 0 0 0 0 0 0 0 0 0 0 0 0 
0 0 0 0 0.0992246 0.045306 0.0488771 -0.193408 -0.0970485 0.152229 -0.233761 0.178581 0 0 0 0 0 0 0 0 0 0 0 0 
0.206011 0.0193446 -0.126131 -0.0992246 1.74491 0.872456 0.654288 0.327144 0 0 0 0 0.162476 0.0152566 -0.0994766 -0.078256 -0.153705 0.193604 -0.108523 0.0686237 -0.0435353 -0.00408799 0.0266547 0.0209686 
0.176584 0.0388992 -0.0232307 -0.192252 0.872456 1.74491 0.327144 0.654288 0 0 0 0 0.139267 0.0306788 -0.0183215 -0.151625 -0.148589 0.209973 -0.0967581 0.0353732 -0.0373166 -0.00822037 0.00490922 0.0406277 
0.126131 0.0232307 -0.0515028 -0.0978592 0.654288 0.327144 0.872241 0.436121 0 0 0 0 0.0994766 0.0183215 -0.040619 -0.0771791 -0.0682539 0.0967581 -0.182545 0.154041 -0.0266547 -0.00490922 0.0108838 0.0206801 
0.0992246 0.045306 0.0488771 -0.193408 0.327144 0.654288 0.436121 0.872241 0 0 0 0 0.078256 0.0357317 0.0385481 -0.152536 -0.0686237 0.107642 -0.165294 0.126276 -0.0209686 -0.00957429 -0.0103289 0.0408719 
-0.217371 0.273797 -0.153474 0.0970485 0 0 0 0 1.74491 0.872456 0.654288 0.327144 0.0459359 -0.0578601 0.032433 -0.0205088 0.145672 0.0136787 -0.0891883 -0.0701624 -0.171435 0.215937 -0.121041 0.0765397 
-0.210136 0.296947 -0.136837 0.0500252 0 0 0 0 0.872456 1.74491 0.327144 0.654288 0.0444069 -0.0627523 0.028917 -0.0105716 0.124864 0.0275059 -0.0164266 -0.135943 -0.165729 0.234195 -0.10792 0.0394537 
-0.0965256 0.136837 -0.258157 0.217846 0 0 0 0 0.654288 0.327144 0.872241 0.436121 0.0203983 -0.028917 0.054555 -0.0460363 0.0891883 0.0164266 -0.036418 -0.0691969 -0.0761274 0.10792 -0.203602 0.17181 
-0.0970485 0.152229 -0.233761 0.178581 0 0 0 0 0.327144 0.654288 0.436121 0.872241 0.0205088 -0.0321698 0.0493996 -0.0377386 0.0701624 0.0320362 0.0345613 -0.13676 -0.0765397 0.120059 -0.184362 0.140842 
0 0 0 0 0.162476 0.0152566 -0.0994766 -0.078256 0.0459359 -0.0578601 0.032433 -0.0205088 1.74491 0.872456 0.654288 0.327144 0 0 0 0 -2.67981e-10 -1.33991e-10 -1.00485e-10 -5.02423e-11 
0 0 0 0 0.139267 0.0306788 -0.0183215 -0.151625 0.0444069 -0.0627523 0.028917 -0.0105716 0.872456 1.74491 0.327144 0.654288 0 0 0 0 -1.33991e-10 -2.67981e-10 -5.02423e-11 -1.00485e-10 
0 0 0 0 0.0994766 0.0183215 -0.040619 -0.0771791 0.0203983 -0.028917 0.054555 -0.0460363 0.654288 0.327144 0.872241 0.436121 0 0 0 0 -1.00485e-10 -5.02423e-11 -1.33958e-10 -6.69788e-11 
0 0 0 0 0.078256 0.0357317 0.0385481 -0.152536 0.0205088 -0.0321698 0.0493996 -0.0377386 0.327144 0.654288 0.436121 0.872241 0 0 0 0 -5.02423e-11 -1.00485e-10 -6.69788e-11 -1.33958e-10 
0 0 0 0 -0.153705 0.193604 -0.108523 0.0686237 0.145672 0.0136787 -0.0891883 -0.0701624 0 0 0 0 1.74491 0.872456 0.654288 0.327144 0 0 0 0 
0 0 0 0 -0.148589 0.209973 -0.0967581 0.0353732 0.124864 0.0275059 -0.0164266 -0.135943 0 0 0 0 0.872456 1.74491 0.327144 0.654288 0 0 0 0 
0 0 0 0 -0.0682539 0.0967581 -0.182545 0.154041 0.0891883 0.0164266 -0.036418 -0.0691969 0 0 0 0 0.654288 0.327144 0.872241 0.436121 0 0 0 0 
0 0 0 0 -0.0686237 0.107642 -0.165294 0.126276 0.0701624 0.0320362 0.0345613 -0.13676 0 0 0 0 0.327144 0.654288 0.436121 0.872241 0 0 0 0 
0 0 0 0 -0.0435353 -0.00408799 0.0266547 0.0209686 -0.171435 0.215937 -0.121041 0.0765397 -2.67981e-10 -1.33991e-10 -1.00485e-10 -5.02423e-11 0 0 0 0 1.74491 0.872456 0.654288 0.327144 
0 0 0 0 -0.0373166 -0.00822037 0.00490922 0.0406277 -0.165729 0.234195 -0.10792 0.0394537 -1.33991e-10 -2.67981e-10 -5.02423e-11 -1.00485e-10 0 0 0 0 0.872456 1.74491 0.327144 0.654288 
0 0 0 0 -0.0266547 -0.00490922 0.0108838 0.0206801 -0.0761274 0.10792 -0.203602 0.17181 -1.00485e-10 -5.02423e-11 -1.33958e-10 -6.69788e-11 0 0 0 0 0.654288 0.327144 0.872241 0.436121 
0 0 0 0 -0.0209686 -0.00957429 -0.0103289 0.0408719 -0.0765397 0.120059 -0.184362 0.140842 -5.02423e-11 -1.00485e-10 -6.69788e-11 -1.33958e-10 0 0 0 0 0.327144 0.654288 0.436121 0.872241 
