#x points: 24 #c points: 140
xloc: cloc: weight: f
values below 10e-5 have been chopped
0.04 -7.99767 0.00597089 0
0.04 -7.98775 0.0138876 0
0.04 -7.9699 0.0217884 0
0.04 -7.94418 0.0296471 0
0.04 -7.91063 0.0374471 0
0.04 -7.86931 0.0451727 0
0.04 -7.82031 0.0528088 0
0.04 -7.76373 0.06034 0
0.04 -7.69967 0.0677513 0
0.04 -7.62827 0.0750282 0
0.04 -7.54967 0.0821562 0
0.04 -7.46401 0.089121 0
0.04 -7.37148 0.0959088 0
0.04 -7.27226 0.102506 0
0.04 -7.16654 0.1089 0
0.04 -7.05453 0.115078 0
0.04 -6.93646 0.121027 0
0.04 -6.81256 0.126736 0
0.04 -6.68307 0.132193 0
0.04 -6.54826 0.137388 0
0.04 -6.40839 0.14231 0
0.04 -6.26373 0.14695 0
0.04 -6.11458 0.151298 0
0.04 -5.96124 0.155345 0
0.04 -5.804 0.159084 0
0.04 -5.64317 0.162507 0
0.04 -5.47909 0.165608 0
0.04 -5.31207 0.16838 0
0.04 -5.14244 0.170817 0
0.04 -4.97055 0.172915 0.0000160723
0.04 -4.79672 0.17467 0.0000345063
0.04 -4.62132 0.176078 0.0000720599
0.04 -4.44468 0.177137 0.000145978
0.04 -4.26716 0.177844 0.000286136
0.04 -4.08911 0.178198 0.000541414
0.04 -3.91089 0.178198 0.000986741
0.04 -3.73284 0.177844 0.00172866
0.04 -3.55532 0.177137 0.00290551
0.04 -3.37868 0.176078 0.00467687
0.04 -3.20328 0.17467 0.00719689
0.04 -3.02945 0.172915 0.0105686
0.04 -2.85756 0.170817 0.0147824
0.04 -2.68793 0.16838 0.0196504
0.04 -2.52091 0.165608 0.0247577
0.04 -2.35683 0.162507 0.029455
0.04 -2.196 0.159084 0.0329144
0.04 -2.03876 0.155345 0.0342538
0.04 -1.88542 0.151298 0.032718
0.04 -1.73627 0.14695 0.0278766
0.04 -1.59161 0.14231 0.0197924
0.04 -1.45174 0.137388 0.00911162
0.04 -1.31693 0.132193 -0.00295455
0.04 -1.18744 0.126736 -0.0147593
0.04 -1.06354 0.121027 -0.0244356
0.04 -0.945468 0.115078 -0.0301552
0.04 -0.83346 0.1089 -0.0303816
0.04 -0.72774 0.102506 -0.0240792
0.04 -0.628516 0.0959088 -0.0108565
0.04 -0.535985 0.089121 0.00896008
0.04 -0.450333 0.0821562 0.034318
0.04 -0.371728 0.0750282 0.0634985
0.04 -0.300326 0.0677513 0.0942763
0.04 -0.23627 0.06034 0.124244
0.04 -0.179686 0.0528088 0.15135
0.04 -0.130687 0.0451727 0.174501
0.04 -0.0893704 0.0374471 0.193721
0.04 -0.0558178 0.0296471 0.209485
0.04 -0.0300958 0.0217884 0.22196
0.04 -0.012255 0.0138876 0.230972
0.04 -0.00232686 0.00597089 0.236183
0.04 0.00232686 0.00597089 0.251589
0.04 0.012255 0.0138876 0.297793
0.04 0.0300958 0.0217884 0.347737
0.04 0.0558178 0.0296471 0.386407
0.04 0.0893704 0.0374471 0.412427
0.04 0.130687 0.0451727 0.428072
0.04 0.179686 0.0528088 0.435337
0.04 0.23627 0.06034 0.435304
0.04 0.300326 0.0677513 0.428364
0.04 0.371728 0.0750282 0.414527
0.04 0.450333 0.0821562 0.393702
0.04 0.535985 0.089121 0.365923
0.04 0.628516 0.0959088 0.331525
0.04 0.72774 0.102506 0.291287
0.04 0.83346 0.1089 0.246497
0.04 0.945468 0.115078 0.198943
0.04 1.06354 0.121027 0.150809
0.04 1.18744 0.126736 0.104483
0.04 1.31693 0.132193 0.0622944
0.04 1.45174 0.137388 0.0262235
0.04 1.59161 0.14231 -0.00235304
0.04 1.73627 0.14695 -0.0228342
0.04 1.88542 0.151298 -0.0354367
0.04 2.03876 0.155345 -0.0410988
0.04 2.196 0.159084 -0.0412686
0.04 2.35683 0.162507 -0.0376295
0.04 2.52091 0.165608 -0.0318269
0.04 2.68793 0.16838 -0.0252527
0.04 2.85756 0.170817 -0.0189222
0.04 3.02945 0.172915 -0.013449
0.04 3.20328 0.17467 -0.00909557
0.04 3.37868 0.176078 -0.00586757
0.04 3.55532 0.177137 -0.00361823
0.04 3.73284 0.177844 -0.00213695
0.04 3.91089 0.178198 -0.00121114
0.04 4.08911 0.178198 -0.000660005
0.04 4.26716 0.177844 -0.000346545
0.04 4.44468 0.177137 -0.000175708
0.04 4.62132 0.176078 -0.0000862314
0.04 4.79672 0.17467 -0.0000410662
0.04 4.97055 0.172915 -0.0000190293
0.04 5.14244 0.170817 0
0.04 5.31207 0.16838 0
0.04 5.47909 0.165608 0
0.04 5.64317 0.162507 0
0.04 5.804 0.159084 0
0.04 5.96124 0.155345 0
0.04 6.11458 0.151298 0
0.04 6.26373 0.14695 0
0.04 6.40839 0.14231 0
0.04 6.54826 0.137388 0
0.04 6.68307 0.132193 0
0.04 6.81256 0.126736 0
0.04 6.93646 0.121027 0
0.04 7.05453 0.115078 0
0.04 7.16654 0.1089 0
0.04 7.27226 0.102506 0
0.04 7.37148 0.0959088 0
0.04 7.46401 0.089121 0
0.04 7.54967 0.0821562 0
0.04 7.62827 0.0750282 0
0.04 7.69967 0.0677513 0
0.04 7.76373 0.06034 0
0.04 7.82031 0.0528088 0
0.04 7.86931 0.0451727 0
0.04 7.91063 0.0374471 0
0.04 7.94418 0.0296471 0
0.04 7.9699 0.0217884 0
0.04 7.98775 0.0138876 0
0.04 7.99767 0.00597089 0
0.08 -7.99767 0.00597089 0
0.08 -7.98775 0.0138876 0
0.08 -7.9699 0.0217884 0
0.08 -7.94418 0.0296471 0
0.08 -7.91063 0.0374471 0
0.08 -7.86931 0.0451727 0
0.08 -7.82031 0.0528088 0
0.08 -7.76373 0.06034 0
0.08 -7.69967 0.0677513 0
0.08 -7.62827 0.0750282 0
0.08 -7.54967 0.0821562 0
0.08 -7.46401 0.089121 0
0.08 -7.37148 0.0959088 0
0.08 -7.27226 0.102506 0
0.08 -7.16654 0.1089 0
0.08 -7.05453 0.115078 0
0.08 -6.93646 0.121027 0
0.08 -6.81256 0.126736 0
0.08 -6.68307 0.132193 0
0.08 -6.54826 0.137388 0
0.08 -6.40839 0.14231 0
0.08 -6.26373 0.14695 0
0.08 -6.11458 0.151298 0
0.08 -5.96124 0.155345 0
0.08 -5.804 0.159084 0
0.08 -5.64317 0.162507 0
0.08 -5.47909 0.165608 0
0.08 -5.31207 0.16838 0
0.08 -5.14244 0.170817 0
0.08 -4.97055 0.172915 0.0000162495
0.08 -4.79672 0.17467 0.0000349005
0.08 -4.62132 0.176078 0.0000729145
0.08 -4.44468 0.177137 0.000147777
0.08 -4.26716 0.177844 0.00028981
0.08 -4.08911 0.178198 0.000548664
0.08 -3.91089 0.178198 0.00100055
0.08 -3.73284 0.177844 0.00175397
0.08 -3.55532 0.177137 0.00295008
0.08 -3.37868 0.176078 0.00475215
0.08 -3.20328 0.17467 0.00731858
0.08 -3.02945 0.172915 0.0107565
0.08 -2.85756 0.170817 0.0150586
0.08 -2.68793 0.16838 0.0200361
0.08 -2.52091 0.165608 0.0252666
0.08 -2.35683 0.162507 0.030085
0.08 -2.196 0.159084 0.0336369
0.08 -2.03876 0.155345 0.035004
0.08 -1.88542 0.151298 0.0333854
0.08 -1.73627 0.14695 0.028301
0.08 -1.59161 0.14231 0.0197654
0.08 -1.45174 0.137388 0.00838517
0.08 -1.31693 0.132193 -0.00465277
0.08 -1.18744 0.126736 -0.0177049
0.08 -1.06354 0.121027 -0.028884
0.08 -0.945468 0.115078 -0.0363168
0.08 -0.83346 0.1089 -0.0383994
0.08 -0.72774 0.102506 -0.0340104
0.08 -0.628516 0.0959088 -0.0226595
0.08 -0.535985 0.089121 -0.00456892
0.08 -0.450333 0.0821562 0.0193071
0.08 -0.371728 0.0750282 0.0473244
0.08 -0.300326 0.0677513 0.0772813
0.08 -0.23627 0.06034 0.106713
0.08 -0.179686 0.0528088 0.133418
0.08 -0.130687 0.0451727 0.156117
0.08 -0.0893704 0.0374471 0.174734
0.08 -0.0558178 0.0296471 0.189788
0.08 -0.0300958 0.0217884 0.201536
0.08 -0.012255 0.0138876 0.209894
0.08 -0.00232686 0.00597089 0.214657
0.08 0.00232686 0.00597089 0.217751
0.08 0.012255 0.0138876 0.234982
0.08 0.0300958 0.0217884 0.27232
0.08 0.0558178 0.0296471 0.314918
0.08 0.0893704 0.0374471 0.351164
0.08 0.130687 0.0451727 0.377602
0.08 0.179686 0.0528088 0.39433
0.08 0.23627 0.06034 0.402135
0.08 0.300326 0.0677513 0.4016
0.08 0.371728 0.0750282 0.393019
0.08 0.450333 0.0821562 0.37655
0.08 0.535985 0.089121 0.352415
0.08 0.628516 0.0959088 0.321088
0.08 0.72774 0.102506 0.28344
0.08 0.83346 0.1089 0.240821
0.08 0.945468 0.115078 0.195062
0.08 1.06354 0.121027 0.148378
0.08 1.18744 0.126736 0.103185
0.08 1.31693 0.132193 0.0618402
0.08 1.45174 0.137388 0.0263566
0.08 1.59161 0.14231 -0.00185152
0.08 1.73627 0.14695 -0.0221416
0.08 1.88542 0.151298 -0.0346871
0.08 2.03876 0.155345 -0.0403844
0.08 2.196 0.159084 -0.0406443
0.08 2.35683 0.162507 -0.0371201
0.08 2.52091 0.165608 -0.031435
0.08 2.68793 0.16838 -0.0249666
0.08 2.85756 0.170817 -0.0187234
0.08 3.02945 0.172915 -0.0133172
0.08 3.20328 0.17467 -0.00901195
0.08 3.37868 0.176078 -0.00581677
0.08 3.55532 0.177137 -0.00358862
0.08 3.73284 0.177844 -0.00212037
0.08 3.91089 0.178198 -0.0012022
0.08 4.08911 0.178198 -0.00065536
0.08 4.26716 0.177844 -0.000344214
0.08 4.44468 0.177137 -0.000174575
0.08 4.62132 0.176078 -0.0000856979
0.08 4.79672 0.17467 -0.0000408218
0.08 4.97055 0.172915 -0.0000189201
0.08 5.14244 0.170817 0
0.08 5.31207 0.16838 0
0.08 5.47909 0.165608 0
0.08 5.64317 0.162507 0
0.08 5.804 0.159084 0
0.08 5.96124 0.155345 0
0.08 6.11458 0.151298 0
0.08 6.26373 0.14695 0
0.08 6.40839 0.14231 0
0.08 6.54826 0.137388 0
0.08 6.68307 0.132193 0
0.08 6.81256 0.126736 0
0.08 6.93646 0.121027 0
0.08 7.05453 0.115078 0
0.08 7.16654 0.1089 0
0.08 7.27226 0.102506 0
0.08 7.37148 0.0959088 0
0.08 7.46401 0.089121 0
0.08 7.54967 0.0821562 0
0.08 7.62827 0.0750282 0
0.08 7.69967 0.0677513 0
0.08 7.76373 0.06034 0
0.08 7.82031 0.0528088 0
0.08 7.86931 0.0451727 0
0.08 7.91063 0.0374471 0
0.08 7.94418 0.0296471 0
0.08 7.9699 0.0217884 0
0.08 7.98775 0.0138876 0
0.08 7.99767 0.00597089 0
0.12 -7.99767 0.00597089 0
0.12 -7.98775 0.0138876 0
0.12 -7.9699 0.0217884 0
0.12 -7.94418 0.0296471 0
0.12 -7.91063 0.0374471 0
0.12 -7.86931 0.0451727 0
0.12 -7.82031 0.0528088 0
0.12 -7.76373 0.06034 0
0.12 -7.69967 0.0677513 0
0.12 -7.62827 0.0750282 0
0.12 -7.54967 0.0821562 0
0.12 -7.46401 0.089121 0
0.12 -7.37148 0.0959088 0
0.12 -7.27226 0.102506 0
0.12 -7.16654 0.1089 0
0.12 -7.05453 0.115078 0
0.12 -6.93646 0.121027 0
0.12 -6.81256 0.126736 0
0.12 -6.68307 0.132193 0
0.12 -6.54826 0.137388 0
0.12 -6.40839 0.14231 0
0.12 -6.26373 0.14695 0
0.12 -6.11458 0.151298 0
0.12 -5.96124 0.155345 0
0.12 -5.804 0.159084 0
0.12 -5.64317 0.162507 0
0.12 -5.47909 0.165608 0
0.12 -5.31207 0.16838 0
0.12 -5.14244 0.170817 0
0.12 -4.97055 0.172915 0.0000164227
0.12 -4.79672 0.17467 0.000035286
0.12 -4.62132 0.176078 0.0000737503
0.12 -4.44468 0.177137 0.000149538
0.12 -4.26716 0.177844 0.000293405
0.12 -4.08911 0.178198 0.000555761
0.12 -3.91089 0.178198 0.00101406
0.12 -3.73284 0.177844 0.00177875
0.12 -3.55532 0.177137 0.00299375
0.12 -3.37868 0.176078 0.00482595
0.12 -3.20328 0.17467 0.00743795
0.12 -3.02945 0.172915 0.0109409
0.12 -2.85756 0.170817 0.0153301
0.12 -2.68793 0.16838 0.0204154
0.12 -2.52091 0.165608 0.0257677
0.12 -2.35683 0.162507 0.0307063
0.12 -2.196 0.159084 0.0343515
0.12 -2.03876 0.155345 0.0357489
0.12 -1.88542 0.151298 0.0340532
0.12 -1.73627 0.14695 0.0287355
0.12 -1.59161 0.14231 0.0197626
0.12 -1.45174 0.137388 0.00770172
0.12 -1.31693 0.132193 -0.00628465
0.12 -1.18744 0.126736 -0.0205573
0.12 -1.06354 0.121027 -0.0332099
0.12 -0.945468 0.115078 -0.0423259
0.12 -0.83346 0.1089 -0.0462358
0.12 -0.72774 0.102506 -0.0437334
0.12 -0.628516 0.0959088 -0.0342296
0.12 -0.535985 0.089121 -0.0178399
0.12 -0.450333 0.0821562 0.00458523
0.12 -0.371728 0.0750282 0.0314859
0.12 -0.300326 0.0677513 0.0606982
0.12 -0.23627 0.06034 0.0897139
0.12 -0.179686 0.0528088 0.116188
0.12 -0.130687 0.0451727 0.13864
0.12 -0.0893704 0.0374471 0.156874
0.12 -0.0558178 0.0296471 0.171448
0.12 -0.0300958 0.0217884 0.182715
0.12 -0.012255 0.0138876 0.190659
0.12 -0.00232686 0.00597089 0.195149
0.12 0.00232686 0.00597089 0.197389
0.12 0.012255 0.0138876 0.205268
0.12 0.0300958 0.0217884 0.228777
0.12 0.0558178 0.0296471 0.265122
0.12 0.0893704 0.0374471 0.302831
0.12 0.130687 0.0451727 0.334437
0.12 0.179686 0.0528088 0.357321
0.12 0.23627 0.06034 0.371065
0.12 0.300326 0.0677513 0.37585
0.12 0.371728 0.0750282 0.371909
0.12 0.450333 0.0821562 0.359452
0.12 0.535985 0.089121 0.338782
0.12 0.628516 0.0959088 0.310443
0.12 0.72774 0.102506 0.275359
0.12 0.83346 0.1089 0.23492
0.12 0.945468 0.115078 0.190983
0.12 1.06354 0.121027 0.145785
0.12 1.18744 0.126736 0.101763
0.12 1.31693 0.132193 0.0612976
0.12 1.45174 0.137388 0.0264322
0.12 1.59161 0.14231 -0.00138297
0.12 1.73627 0.14695 -0.0214639
0.12 1.88542 0.151298 -0.0339401
0.12 2.03876 0.155345 -0.0396653
0.12 2.196 0.159084 -0.040012
0.12 2.35683 0.162507 -0.0366019
0.12 2.52091 0.165608 -0.0310348
0.12 2.68793 0.16838 -0.0246737
0.12 2.85756 0.170817 -0.0185195
0.12 3.02945 0.172915 -0.0131817
0.12 3.20328 0.17467 -0.00892591
0.12 3.37868 0.176078 -0.00576443
0.12 3.55532 0.177137 -0.00355808
0.12 3.73284 0.177844 -0.00210325
0.12 3.91089 0.178198 -0.00119296
0.12 4.08911 0.178198 -0.000650558
0.12 4.26716 0.177844 -0.000341802
0.12 4.44468 0.177137 -0.000173403
0.12 4.62132 0.176078 -0.0000851453
0.12 4.79672 0.17467 -0.0000405685
0.12 4.97055 0.172915 -0.000018807
0.12 5.14244 0.170817 0
0.12 5.31207 0.16838 0
0.12 5.47909 0.165608 0
0.12 5.64317 0.162507 0
0.12 5.804 0.159084 0
0.12 5.96124 0.155345 0
0.12 6.11458 0.151298 0
0.12 6.26373 0.14695 0
0.12 6.40839 0.14231 0
0.12 6.54826 0.137388 0
0.12 6.68307 0.132193 0
0.12 6.81256 0.126736 0
0.12 6.93646 0.121027 0
0.12 7.05453 0.115078 0
0.12 7.16654 0.1089 0
0.12 7.27226 0.102506 0
0.12 7.37148 0.0959088 0
0.12 7.46401 0.089121 0
0.12 7.54967 0.0821562 0
0.12 7.62827 0.0750282 0
0.12 7.69967 0.0677513 0
0.12 7.76373 0.06034 0
0.12 7.82031 0.0528088 0
0.12 7.86931 0.0451727 0
0.12 7.91063 0.0374471 0
0.12 7.94418 0.0296471 0
0.12 7.9699 0.0217884 0
0.12 7.98775 0.0138876 0
0.12 7.99767 0.00597089 0
0.16 -7.99767 0.00597089 0
0.16 -7.98775 0.0138876 0
0.16 -7.9699 0.0217884 0
0.16 -7.94418 0.0296471 0
0.16 -7.91063 0.0374471 0
0.16 -7.86931 0.0451727 0
0.16 -7.82031 0.0528088 0
0.16 -7.76373 0.06034 0
0.16 -7.69967 0.0677513 0
0.16 -7.62827 0.0750282 0
0.16 -7.54967 0.0821562 0
0.16 -7.46401 0.089121 0
0.16 -7.37148 0.0959088 0
0.16 -7.27226 0.102506 0
0.16 -7.16654 0.1089 0
0.16 -7.05453 0.115078 0
0.16 -6.93646 0.121027 0
0.16 -6.81256 0.126736 0
0.16 -6.68307 0.132193 0
0.16 -6.54826 0.137388 0
0.16 -6.40839 0.14231 0
0.16 -6.26373 0.14695 0
0.16 -6.11458 0.151298 0
0.16 -5.96124 0.155345 0
0.16 -5.804 0.159084 0
0.16 -5.64317 0.162507 0
0.16 -5.47909 0.165608 0
0.16 -5.31207 0.16838 0
0.16 -5.14244 0.170817 0
0.16 -4.97055 0.172915 0.0000165923
0.16 -4.79672 0.17467 0.0000356637
0.16 -4.62132 0.176078 0.0000745694
0.16 -4.44468 0.177137 0.000151264
0.16 -4.26716 0.177844 0.00029693
0.16 -4.08911 0.178198 0.000562722
0.16 -3.91089 0.178198 0.00102733
0.16 -3.73284 0.177844 0.00180308
0.16 -3.55532 0.177137 0.00303665
0.16 -3.37868 0.176078 0.00489848
0.16 -3.20328 0.17467 0.00755533
0.16 -3.02945 0.172915 0.0111223
0.16 -2.85756 0.170817 0.0155974
0.16 -2.68793 0.16838 0.0207894
0.16 -2.52091 0.165608 0.0262624
0.16 -2.35683 0.162507 0.0313208
0.16 -2.196 0.159084 0.0350599
0.16 -2.03876 0.155345 0.0364901
0.16 -1.88542 0.151298 0.0347226
0.16 -1.73627 0.14695 0.02918
0.16 -1.59161 0.14231 0.0197819
0.16 -1.45174 0.137388 0.0070562
0.16 -1.31693 0.132193 -0.00785972
0.16 -1.18744 0.126736 -0.023332
0.16 -1.06354 0.121027 -0.0374366
0.16 -0.945468 0.115078 -0.0482159
0.16 -0.83346 0.1089 -0.0539366
0.16 -0.72774 0.102506 -0.0533093
0.16 -0.628516 0.0959088 -0.0456462
0.16 -0.535985 0.089121 -0.0309551
0.16 -0.450333 0.0821562 -0.00997741
0.16 -0.371728 0.0750282 0.0158204
0.16 -0.300326 0.0677513 0.0443259
0.16 -0.23627 0.06034 0.073002
0.16 -0.179686 0.0528088 0.0993657
0.16 -0.130687 0.0451727 0.121723
0.16 -0.0893704 0.0374471 0.139726
0.16 -0.0558178 0.0296471 0.153961
0.16 -0.0300958 0.0217884 0.164883
0.16 -0.012255 0.0138876 0.172537
0.16 -0.00232686 0.00597089 0.176841
0.16 0.00232686 0.00597089 0.178924
0.16 0.012255 0.0138876 0.184251
0.16 0.0300958 0.0217884 0.199616
0.16 0.0558178 0.0296471 0.228472
0.16 0.0893704 0.0374471 0.263805
0.16 0.130687 0.0451727 0.297148
0.16 0.179686 0.0528088 0.323799
0.16 0.23627 0.06034 0.341958
0.16 0.300326 0.0677513 0.351127
0.16 0.371728 0.0750282 0.351263
0.16 0.450333 0.0821562 0.342489
0.16 0.535985 0.089121 0.325099
0.16 0.628516 0.0959088 0.299652
0.16 0.72774 0.102506 0.267095
0.16 0.83346 0.1089 0.228833
0.16 0.945468 0.115078 0.186735
0.16 1.06354 0.121027 0.143051
0.16 1.18744 0.126736 0.100231
0.16 1.31693 0.132193 0.0606755
0.16 1.45174 0.137388 0.026455
0.16 1.59161 0.14231 -0.000945385
0.16 1.73627 0.14695 -0.0208007
0.16 1.88542 0.151298 -0.0331966
0.16 2.03876 0.155345 -0.038943
0.16 2.196 0.159084 -0.0393731
0.16 2.35683 0.162507 -0.036076
0.16 2.52091 0.165608 -0.0306275
0.16 2.68793 0.16838 -0.0243749
0.16 2.85756 0.170817 -0.018311
0.16 3.02945 0.172915 -0.013043
0.16 3.20328 0.17467 -0.00883768
0.16 3.37868 0.176078 -0.0057107
0.16 3.55532 0.177137 -0.0035267
0.16 3.73284 0.177844 -0.00208564
0.16 3.91089 0.178198 -0.00118346
0.16 4.08911 0.178198 -0.000645611
0.16 4.26716 0.177844 -0.000339317
0.16 4.44468 0.177137 -0.000172194
0.16 4.62132 0.176078 -0.0000845752
0.16 4.79672 0.17467 -0.0000403071
0.16 4.97055 0.172915 -0.0000186902
0.16 5.14244 0.170817 0
0.16 5.31207 0.16838 0
0.16 5.47909 0.165608 0
0.16 5.64317 0.162507 0
0.16 5.804 0.159084 0
0.16 5.96124 0.155345 0
0.16 6.11458 0.151298 0
0.16 6.26373 0.14695 0
0.16 6.40839 0.14231 0
0.16 6.54826 0.137388 0
0.16 6.68307 0.132193 0
0.16 6.81256 0.126736 0
0.16 6.93646 0.121027 0
0.16 7.05453 0.115078 0
0.16 7.16654 0.1089 0
0.16 7.27226 0.102506 0
0.16 7.37148 0.0959088 0
0.16 7.46401 0.089121 0
0.16 7.54967 0.0821562 0
0.16 7.62827 0.0750282 0
0.16 7.69967 0.0677513 0
0.16 7.76373 0.06034 0
0.16 7.82031 0.0528088 0
0.16 7.86931 0.0451727 0
0.16 7.91063 0.0374471 0
0.16 7.94418 0.0296471 0
0.16 7.9699 0.0217884 0
0.16 7.98775 0.0138876 0
0.16 7.99767 0.00597089 0
0.2 -7.99767 0.00597089 0
0.2 -7.98775 0.0138876 0
0.2 -7.9699 0.0217884 0
0.2 -7.94418 0.0296471 0
0.2 -7.91063 0.0374471 0
0.2 -7.86931 0.0451727 0
0.2 -7.82031 0.0528088 0
0.2 -7.76373 0.06034 0
0.2 -7.69967 0.0677513 0
0.2 -7.62827 0.0750282 0
0.2 -7.54967 0.0821562 0
0.2 -7.46401 0.089121 0
0.2 -7.37148 0.0959088 0
0.2 -7.27226 0.102506 0
0.2 -7.16654 0.1089 0
0.2 -7.05453 0.115078 0
0.2 -6.93646 0.121027 0
0.2 -6.81256 0.126736 0
0.2 -6.68307 0.132193 0
0.2 -6.54826 0.137388 0
0.2 -6.40839 0.14231 0
0.2 -6.26373 0.14695 0
0.2 -6.11458 0.151298 0
0.2 -5.96124 0.155345 0
0.2 -5.804 0.159084 0
0.2 -5.64317 0.162507 0
0.2 -5.47909 0.165608 0
0.2 -5.31207 0.16838 0
0.2 -5.14244 0.170817 0
0.2 -4.97055 0.172915 0.0000167588
0.2 -4.79672 0.17467 0.0000360343
0.2 -4.62132 0.176078 0.0000753734
0.2 -4.44468 0.177137 0.000152959
0.2 -4.26716 0.177844 0.000300392
0.2 -4.08911 0.178198 0.00056956
0.2 -3.91089 0.178198 0.00104036
0.2 -3.73284 0.177844 0.001827
0.2 -3.55532 0.177137 0.00307883
0.2 -3.37868 0.176078 0.00496984
0.2 -3.20328 0.17467 0.00767091
0.2 -3.02945 0.172915 0.0113012
0.2 -2.85756 0.170817 0.015861
0.2 -2.68793 0.16838 0.0211586
0.2 -2.52091 0.165608 0.0267515
0.2 -2.35683 0.162507 0.0319294
0.2 -2.196 0.159084 0.0357632
0.2 -2.03876 0.155345 0.0372288
0.2 -1.88542 0.151298 0.0353944
0.2 -1.73627 0.14695 0.0296347
0.2 -1.59161 0.14231 0.0198225
0.2 -1.45174 0.137388 0.00644598
0.2 -1.31693 0.132193 -0.00938306
0.2 -1.18744 0.126736 -0.0260374
0.2 -1.06354 0.121027 -0.0415771
0.2 -0.945468 0.115078 -0.0540054
0.2 -0.83346 0.1089 -0.0615275
0.2 -0.72774 0.102506 -0.0627727
0.2 -0.628516 0.0959088 -0.0569557
0.2 -0.535985 0.089121 -0.0439748
0.2 -0.450333 0.0821562 -0.0244586
0.2 -0.371728 0.0750282 0.000228991
0.2 -0.300326 0.0677513 0.028041
0.2 -0.23627 0.06034 0.056428
0.2 -0.179686 0.0528088 0.0827775
0.2 -0.130687 0.0451727 0.105169
0.2 -0.0893704 0.0374471 0.123066
0.2 -0.0558178 0.0296471 0.137062
0.2 -0.0300958 0.0217884 0.147729
0.2 -0.012255 0.0138876 0.15517
0.2 -0.00232686 0.00597089 0.159339
0.2 0.00232686 0.00597089 0.161338
0.2 0.012255 0.0138876 0.165901
0.2 0.0300958 0.0217884 0.177098
0.2 0.0558178 0.0296471 0.199822
0.2 0.0893704 0.0374471 0.231461
0.2 0.130687 0.0451727 0.264547
0.2 0.179686 0.0528088 0.293273
0.2 0.23627 0.06034 0.314643
0.2 0.300326 0.0677513 0.327401
0.2 0.371728 0.0750282 0.331107
0.2 0.450333 0.0821562 0.325706
0.2 0.535985 0.089121 0.311412
0.2 0.628516 0.0959088 0.28876
0.2 0.72774 0.102506 0.258685
0.2 0.83346 0.1089 0.222589
0.2 0.945468 0.115078 0.182341
0.2 1.06354 0.121027 0.140192
0.2 1.18744 0.126736 0.0985998
0.2 1.31693 0.132193 0.0599804
0.2 1.45174 0.137388 0.0264287
0.2 1.59161 0.14231 -0.000537182
0.2 1.73627 0.14695 -0.020152
0.2 1.88542 0.151298 -0.032457
0.2 2.03876 0.155345 -0.0382183
0.2 2.196 0.159084 -0.0387285
0.2 2.35683 0.162507 -0.0355434
0.2 2.52091 0.165608 -0.0302138
0.2 2.68793 0.16838 -0.0240707
0.2 2.85756 0.170817 -0.0180984
0.2 3.02945 0.172915 -0.0129013
0.2 3.20328 0.17467 -0.00874745
0.2 3.37868 0.176078 -0.00565569
0.2 3.55532 0.177137 -0.00349453
0.2 3.73284 0.177844 -0.00206758
0.2 3.91089 0.178198 -0.0011737
0.2 4.08911 0.178198 -0.000640531
0.2 4.26716 0.177844 -0.000336762
0.2 4.44468 0.177137 -0.000170951
0.2 4.62132 0.176078 -0.0000839888
0.2 4.79672 0.17467 -0.0000400381
0.2 4.97055 0.172915 -0.0000185699
0.2 5.14244 0.170817 0
0.2 5.31207 0.16838 0
0.2 5.47909 0.165608 0
0.2 5.64317 0.162507 0
0.2 5.804 0.159084 0
0.2 5.96124 0.155345 0
0.2 6.11458 0.151298 0
0.2 6.26373 0.14695 0
0.2 6.40839 0.14231 0
0.2 6.54826 0.137388 0
0.2 6.68307 0.132193 0
0.2 6.81256 0.126736 0
0.2 6.93646 0.121027 0
0.2 7.05453 0.115078 0
0.2 7.16654 0.1089 0
0.2 7.27226 0.102506 0
0.2 7.37148 0.0959088 0
0.2 7.46401 0.089121 0
0.2 7.54967 0.0821562 0
0.2 7.62827 0.0750282 0
0.2 7.69967 0.0677513 0
0.2 7.76373 0.06034 0
0.2 7.82031 0.0528088 0
0.2 7.86931 0.0451727 0
0.2 7.91063 0.0374471 0
0.2 7.94418 0.0296471 0
0.2 7.9699 0.0217884 0
0.2 7.98775 0.0138876 0
0.2 7.99767 0.00597089 0
0.24 -7.99767 0.00597089 0
0.24 -7.98775 0.0138876 0
0.24 -7.9699 0.0217884 0
0.24 -7.94418 0.0296471 0
0.24 -7.91063 0.0374471 0
0.24 -7.86931 0.0451727 0
0.24 -7.82031 0.0528088 0
0.24 -7.76373 0.06034 0
0.24 -7.69967 0.0677513 0
0.24 -7.62827 0.0750282 0
0.24 -7.54967 0.0821562 0
0.24 -7.46401 0.089121 0
0.24 -7.37148 0.0959088 0
0.24 -7.27226 0.102506 0
0.24 -7.16654 0.1089 0
0.24 -7.05453 0.115078 0
0.24 -6.93646 0.121027 0
0.24 -6.81256 0.126736 0
0.24 -6.68307 0.132193 0
0.24 -6.54826 0.137388 0
0.24 -6.40839 0.14231 0
0.24 -6.26373 0.14695 0
0.24 -6.11458 0.151298 0
0.24 -5.96124 0.155345 0
0.24 -5.804 0.159084 0
0.24 -5.64317 0.162507 0
0.24 -5.47909 0.165608 0
0.24 -5.31207 0.16838 0
0.24 -5.14244 0.170817 0
0.24 -4.97055 0.172915 0.0000169222
0.24 -4.79672 0.17467 0.0000363982
0.24 -4.62132 0.176078 0.0000761629
0.24 -4.44468 0.177137 0.000154623
0.24 -4.26716 0.177844 0.000303793
0.24 -4.08911 0.178198 0.000576282
0.24 -3.91089 0.178198 0.00105318
0.24 -3.73284 0.177844 0.00185054
0.24 -3.55532 0.177137 0.00312036
0.24 -3.37868 0.176078 0.00504013
0.24 -3.20328 0.17467 0.00778481
0.24 -3.02945 0.172915 0.0114775
0.24 -2.85756 0.170817 0.0161212
0.24 -2.68793 0.16838 0.0215235
0.24 -2.52091 0.165608 0.0272354
0.24 -2.35683 0.162507 0.0325326
0.24 -2.196 0.159084 0.036462
0.24 -2.03876 0.155345 0.0379656
0.24 -1.88542 0.151298 0.036069
0.24 -1.73627 0.14695 0.0300997
0.24 -1.59161 0.14231 0.0198838
0.24 -1.45174 0.137388 0.00586954
0.24 -1.31693 0.132193 -0.0108577
0.24 -1.18744 0.126736 -0.0286785
0.24 -1.06354 0.121027 -0.0456391
0.24 -0.945468 0.115078 -0.0597059
0.24 -0.83346 0.1089 -0.0690249
0.24 -0.72774 0.102506 -0.0721464
0.24 -0.628516 0.0959088 -0.0681886
0.24 -0.535985 0.089121 -0.0569402
0.24 -0.450333 0.0821562 -0.0389128
0.24 -0.371728 0.0750282 -0.0153593
0.24 -0.300326 0.0677513 0.0117536
0.24 -0.23627 0.06034 0.0398823
0.24 -0.179686 0.0528088 0.0662974
0.24 -0.130687 0.0451727 0.0888394
0.24 -0.0893704 0.0374471 0.106746
0.24 -0.0558178 0.0296471 0.120589
0.24 -0.0300958 0.0217884 0.131064
0.24 -0.012255 0.0138876 0.138346
0.24 -0.00232686 0.00597089 0.142415
0.24 0.00232686 0.00597089 0.144354
0.24 0.012255 0.0138876 0.148625
0.24 0.0300958 0.0217884 0.157765
0.24 0.0558178 0.0296471 0.176075
0.24 0.0893704 0.0374471 0.203912
0.24 0.130687 0.0451727 0.235671
0.24 0.179686 0.0528088 0.265302
0.24 0.23627 0.06034 0.288941
0.24 0.300326 0.0677513 0.304616
0.24 0.371728 0.0750282 0.311444
0.24 0.450333 0.0821562 0.309127
0.24 0.535985 0.089121 0.297755
0.24 0.628516 0.0959088 0.277798
0.24 0.72774 0.102506 0.250156
0.24 0.83346 0.1089 0.21621
0.24 0.945468 0.115078 0.177816
0.24 1.06354 0.121027 0.137219
0.24 1.18744 0.126736 0.0968773
0.24 1.31693 0.132193 0.0592175
0.24 1.45174 0.137388 0.0263562
0.24 1.59161 0.14231 -0.000157065
0.24 1.73627 0.14695 -0.0195173
0.24 1.88542 0.151298 -0.0317217
0.24 2.03876 0.155345 -0.0374917
0.24 2.196 0.159084 -0.0380789
0.24 2.35683 0.162507 -0.0350046
0.24 2.52091 0.165608 -0.0297942
0.24 2.68793 0.16838 -0.0237615
0.24 2.85756 0.170817 -0.0178819
0.24 3.02945 0.172915 -0.0127569
0.24 3.20328 0.17467 -0.00865533
0.24 3.37868 0.176078 -0.00559947
0.24 3.55532 0.177137 -0.00346164
0.24 3.73284 0.177844 -0.0020491
0.24 3.91089 0.178198 -0.0011637
0.24 4.08911 0.178198 -0.000635324
0.24 4.26716 0.177844 -0.000334143
0.24 4.44468 0.177137 -0.000169676
0.24 4.62132 0.176078 -0.0000833869
0.24 4.79672 0.17467 -0.0000397619
0.24 4.97055 0.172915 -0.0000184464
0.24 5.14244 0.170817 0
0.24 5.31207 0.16838 0
0.24 5.47909 0.165608 0
0.24 5.64317 0.162507 0
0.24 5.804 0.159084 0
0.24 5.96124 0.155345 0
0.24 6.11458 0.151298 0
0.24 6.26373 0.14695 0
0.24 6.40839 0.14231 0
0.24 6.54826 0.137388 0
0.24 6.68307 0.132193 0
0.24 6.81256 0.126736 0
0.24 6.93646 0.121027 0
0.24 7.05453 0.115078 0
0.24 7.16654 0.1089 0
0.24 7.27226 0.102506 0
0.24 7.37148 0.0959088 0
0.24 7.46401 0.089121 0
0.24 7.54967 0.0821562 0
0.24 7.62827 0.0750282 0
0.24 7.69967 0.0677513 0
0.24 7.76373 0.06034 0
0.24 7.82031 0.0528088 0
0.24 7.86931 0.0451727 0
0.24 7.91063 0.0374471 0
0.24 7.94418 0.0296471 0
0.24 7.9699 0.0217884 0
0.24 7.98775 0.0138876 0
0.24 7.99767 0.00597089 0
0.28 -7.99767 0.00597089 0
0.28 -7.98775 0.0138876 0
0.28 -7.9699 0.0217884 0
0.28 -7.94418 0.0296471 0
0.28 -7.91063 0.0374471 0
0.28 -7.86931 0.0451727 0
0.28 -7.82031 0.0528088 0
0.28 -7.76373 0.06034 0
0.28 -7.69967 0.0677513 0
0.28 -7.62827 0.0750282 0
0.28 -7.54967 0.0821562 0
0.28 -7.46401 0.089121 0
0.28 -7.37148 0.0959088 0
0.28 -7.27226 0.102506 0
0.28 -7.16654 0.1089 0
0.28 -7.05453 0.115078 0
0.28 -6.93646 0.121027 0
0.28 -6.81256 0.126736 0
0.28 -6.68307 0.132193 0
0.28 -6.54826 0.137388 0
0.28 -6.40839 0.14231 0
0.28 -6.26373 0.14695 0
0.28 -6.11458 0.151298 0
0.28 -5.96124 0.155345 0
0.28 -5.804 0.159084 0
0.28 -5.64317 0.162507 0
0.28 -5.47909 0.165608 0
0.28 -5.31207 0.16838 0
0.28 -5.14244 0.170817 0
0.28 -4.97055 0.172915 0.0000170826
0.28 -4.79672 0.17467 0.0000367556
0.28 -4.62132 0.176078 0.0000769386
0.28 -4.44468 0.177137 0.000156259
0.28 -4.26716 0.177844 0.000307137
0.28 -4.08911 0.178198 0.000582893
0.28 -3.91089 0.178198 0.00106579
0.28 -3.73284 0.177844 0.0018737
0.28 -3.55532 0.177137 0.00316125
0.28 -3.37868 0.176078 0.00510938
0.28 -3.20328 0.17467 0.00789711
0.28 -3.02945 0.172915 0.0116515
0.28 -2.85756 0.170817 0.0163782
0.28 -2.68793 0.16838 0.0218842
0.28 -2.52091 0.165608 0.0277145
0.28 -2.35683 0.162507 0.0331309
0.28 -2.196 0.159084 0.0371568
0.28 -2.03876 0.155345 0.0387009
0.28 -1.88542 0.151298 0.036747
0.28 -1.73627 0.14695 0.0305754
0.28 -1.59161 0.14231 0.0199657
0.28 -1.45174 0.137388 0.00532606
0.28 -1.31693 0.132193 -0.0122854
0.28 -1.18744 0.126736 -0.0312585
0.28 -1.06354 0.121027 -0.0496278
0.28 -0.945468 0.115078 -0.0653249
0.28 -0.83346 0.1089 -0.0764397
0.28 -0.72774 0.102506 -0.0814458
0.28 -0.628516 0.0959088 -0.0793668
0.28 -0.535985 0.089121 -0.0698815
0.28 -0.450333 0.0821562 -0.0533817
0.28 -0.371728 0.0750282 -0.0310003
0.28 -0.300326 0.0677513 -0.00460916
0.28 -0.23627 0.06034 0.0232749
0.28 -0.179686 0.0528088 0.0498221
0.28 -0.130687 0.0451727 0.0726273
0.28 -0.0893704 0.0374471 0.0906583
0.28 -0.0558178 0.0296471 0.104427
0.28 -0.0300958 0.0217884 0.114761
0.28 -0.012255 0.0138876 0.121922
0.28 -0.00232686 0.00597089 0.125916
0.28 0.00232686 0.00597089 0.127811
0.28 0.012255 0.0138876 0.131932
0.28 0.0300958 0.0217884 0.140046
0.28 0.0558178 0.0296471 0.155364
0.28 0.0893704 0.0374471 0.179808
0.28 0.130687 0.0451727 0.209747
0.28 0.179686 0.0528088 0.239498
0.28 0.23627 0.06034 0.264679
0.28 0.300326 0.0677513 0.28271
0.28 0.371728 0.0750282 0.292264
0.28 0.450333 0.0821562 0.292766
0.28 0.535985 0.089121 0.284148
0.28 0.628516 0.0959088 0.266787
0.28 0.72774 0.102506 0.241527
0.28 0.83346 0.1089 0.209713
0.28 0.945468 0.115078 0.173175
0.28 1.06354 0.121027 0.134143
0.28 1.18744 0.126736 0.0950702
0.28 1.31693 0.132193 0.058391
0.28 1.45174 0.137388 0.0262398
0.28 1.59161 0.14231 0.000196081
0.28 1.73627 0.14695 -0.0188964
0.28 1.88542 0.151298 -0.030991
0.28 2.03876 0.155345 -0.0367637
0.28 2.196 0.159084 -0.0374247
0.28 2.35683 0.162507 -0.0344603
0.28 2.52091 0.165608 -0.0293691
0.28 2.68793 0.16838 -0.0234477
0.28 2.85756 0.170817 -0.0176618
0.28 3.02945 0.172915 -0.0126098
0.28 3.20328 0.17467 -0.00856144
0.28 3.37868 0.176078 -0.00554211
0.28 3.55532 0.177137 -0.00342805
0.28 3.73284 0.177844 -0.0020302
0.28 3.91089 0.178198 -0.00115349
0.28 4.08911 0.178198 -0.000629997
0.28 4.26716 0.177844 -0.000331461
0.28 4.44468 0.177137 -0.000168371
0.28 4.62132 0.176078 -0.0000827703
0.28 4.79672 0.17467 -0.0000394788
0.28 4.97055 0.172915 -0.0000183197
0.28 5.14244 0.170817 0
0.28 5.31207 0.16838 0
0.28 5.47909 0.165608 0
0.28 5.64317 0.162507 0
0.28 5.804 0.159084 0
0.28 5.96124 0.155345 0
0.28 6.11458 0.151298 0
0.28 6.26373 0.14695 0
0.28 6.40839 0.14231 0
0.28 6.54826 0.137388 0
0.28 6.68307 0.132193 0
0.28 6.81256 0.126736 0
0.28 6.93646 0.121027 0
0.28 7.05453 0.115078 0
0.28 7.16654 0.1089 0
0.28 7.27226 0.102506 0
0.28 7.37148 0.0959088 0
0.28 7.46401 0.089121 0
0.28 7.54967 0.0821562 0
0.28 7.62827 0.0750282 0
0.28 7.69967 0.0677513 0
0.28 7.76373 0.06034 0
0.28 7.82031 0.0528088 0
0.28 7.86931 0.0451727 0
0.28 7.91063 0.0374471 0
0.28 7.94418 0.0296471 0
0.28 7.9699 0.0217884 0
0.28 7.98775 0.0138876 0
0.28 7.99767 0.00597089 0
0.32 -7.99767 0.00597089 0
0.32 -7.98775 0.0138876 0
0.32 -7.9699 0.0217884 0
0.32 -7.94418 0.0296471 0
0.32 -7.91063 0.0374471 0
0.32 -7.86931 0.0451727 0
0.32 -7.82031 0.0528088 0
0.32 -7.76373 0.06034 0
0.32 -7.69967 0.0677513 0
0.32 -7.62827 0.0750282 0
0.32 -7.54967 0.0821562 0
0.32 -7.46401 0.089121 0
0.32 -7.37148 0.0959088 0
0.32 -7.27226 0.102506 0
0.32 -7.16654 0.1089 0
0.32 -7.05453 0.115078 0
0.32 -6.93646 0.121027 0
0.32 -6.81256 0.126736 0
0.32 -6.68307 0.132193 0
0.32 -6.54826 0.137388 0
0.32 -6.40839 0.14231 0
0.32 -6.26373 0.14695 0
0.32 -6.11458 0.151298 0
0.32 -5.96124 0.155345 0
0.32 -5.804 0.159084 0
0.32 -5.64317 0.162507 0
0.32 -5.47909 0.165608 0
0.32 -5.31207 0.16838 0
0.32 -5.14244 0.170817 0
0.32 -4.97055 0.172915 0.0000172402
0.32 -4.79672 0.17467 0.0000371067
0.32 -4.62132 0.176078 0.0000777009
0.32 -4.44468 0.177137 0.000157867
0.32 -4.26716 0.177844 0.000310426
0.32 -4.08911 0.178198 0.000589396
0.32 -3.91089 0.178198 0.00107819
0.32 -3.73284 0.177844 0.0018965
0.32 -3.55532 0.177137 0.00320153
0.32 -3.37868 0.176078 0.00517764
0.32 -3.20328 0.17467 0.00800787
0.32 -3.02945 0.172915 0.0118233
0.32 -2.85756 0.170817 0.0166321
0.32 -2.68793 0.16838 0.022241
0.32 -2.52091 0.165608 0.0281891
0.32 -2.35683 0.162507 0.0337245
0.32 -2.196 0.159084 0.037848
0.32 -2.03876 0.155345 0.0394352
0.32 -1.88542 0.151298 0.0374285
0.32 -1.73627 0.14695 0.0310618
0.32 -1.59161 0.14231 0.020068
0.32 -1.45174 0.137388 0.00481512
0.32 -1.31693 0.132193 -0.0136671
0.32 -1.18744 0.126736 -0.0337794
0.32 -1.06354 0.121027 -0.0535461
0.32 -0.945468 0.115078 -0.0708674
0.32 -0.83346 0.1089 -0.0837794
0.32 -0.72774 0.102506 -0.090682
0.32 -0.628516 0.0959088 -0.0905065
0.32 -0.535985 0.089121 -0.0828226
0.32 -0.450333 0.0821562 -0.0678991
0.32 -0.371728 0.0750282 -0.0467415
0.32 -0.300326 0.0677513 -0.0211109
0.32 -0.23627 0.06034 0.00652526
0.32 -0.179686 0.0528088 0.0332591
0.32 -0.130687 0.0451727 0.0564376
0.32 -0.0893704 0.0374471 0.0747146
0.32 -0.0558178 0.0296471 0.0884881
0.32 -0.0300958 0.0217884 0.0987258
0.32 -0.012255 0.0138876 0.105799
0.32 -0.00232686 0.00597089 0.109737
0.32 0.00232686 0.00597089 0.111599
0.32 0.012255 0.0138876 0.115623
0.32 0.0300958 0.0217884 0.123205
0.32 0.0558178 0.0296471 0.136557
0.32 0.0893704 0.0374471 0.158184
0.32 0.130687 0.0451727 0.186157
0.32 0.179686 0.0528088 0.215521
0.32 0.23627 0.06034 0.241692
0.32 0.300326 0.0677513 0.261614
0.32 0.371728 0.0750282 0.273546
0.32 0.450333 0.0821562 0.276627
0.32 0.535985 0.089121 0.270606
0.32 0.628516 0.0959088 0.255745
0.32 0.72774 0.102506 0.232816
0.32 0.83346 0.1089 0.203111
0.32 0.945468 0.115078 0.168427
0.32 1.06354 0.121027 0.13097
0.32 1.18744 0.126736 0.093184
0.32 1.31693 0.132193 0.0575043
0.32 1.45174 0.137388 0.0260815
0.32 1.59161 0.14231 0.000523231
0.32 1.73627 0.14695 -0.0182891
0.32 1.88542 0.151298 -0.0302648
0.32 2.03876 0.155345 -0.0360347
0.32 2.196 0.159084 -0.0367664
0.32 2.35683 0.162507 -0.0339107
0.32 2.52091 0.165608 -0.0289388
0.32 2.68793 0.16838 -0.0231294
0.32 2.85756 0.170817 -0.0174383
0.32 3.02945 0.172915 -0.0124602
0.32 3.20328 0.17467 -0.00846584
0.32 3.37868 0.176078 -0.00548366
0.32 3.55532 0.177137 -0.00339379
0.32 3.73284 0.177844 -0.00201092
0.32 3.91089 0.178198 -0.00114305
0.32 4.08911 0.178198 -0.000624553
0.32 4.26716 0.177844 -0.00032872
0.32 4.44468 0.177137 -0.000167035
0.32 4.62132 0.176078 -0.0000821393
0.32 4.79672 0.17467 -0.0000391891
0.32 4.97055 0.172915 -0.00001819
0.32 5.14244 0.170817 0
0.32 5.31207 0.16838 0
0.32 5.47909 0.165608 0
0.32 5.64317 0.162507 0
0.32 5.804 0.159084 0
0.32 5.96124 0.155345 0
0.32 6.11458 0.151298 0
0.32 6.26373 0.14695 0
0.32 6.40839 0.14231 0
0.32 6.54826 0.137388 0
0.32 6.68307 0.132193 0
0.32 6.81256 0.126736 0
0.32 6.93646 0.121027 0
0.32 7.05453 0.115078 0
0.32 7.16654 0.1089 0
0.32 7.27226 0.102506 0
0.32 7.37148 0.0959088 0
0.32 7.46401 0.089121 0
0.32 7.54967 0.0821562 0
0.32 7.62827 0.0750282 0
0.32 7.69967 0.0677513 0
0.32 7.76373 0.06034 0
0.32 7.82031 0.0528088 0
0.32 7.86931 0.0451727 0
0.32 7.91063 0.0374471 0
0.32 7.94418 0.0296471 0
0.32 7.9699 0.0217884 0
0.32 7.98775 0.0138876 0
0.32 7.99767 0.00597089 0
0.36 -7.99767 0.00597089 0
0.36 -7.98775 0.0138876 0
0.36 -7.9699 0.0217884 0
0.36 -7.94418 0.0296471 0
0.36 -7.91063 0.0374471 0
0.36 -7.86931 0.0451727 0
0.36 -7.82031 0.0528088 0
0.36 -7.76373 0.06034 0
0.36 -7.69967 0.0677513 0
0.36 -7.62827 0.0750282 0
0.36 -7.54967 0.0821562 0
0.36 -7.46401 0.089121 0
0.36 -7.37148 0.0959088 0
0.36 -7.27226 0.102506 0
0.36 -7.16654 0.1089 0
0.36 -7.05453 0.115078 0
0.36 -6.93646 0.121027 0
0.36 -6.81256 0.126736 0
0.36 -6.68307 0.132193 0
0.36 -6.54826 0.137388 0
0.36 -6.40839 0.14231 0
0.36 -6.26373 0.14695 0
0.36 -6.11458 0.151298 0
0.36 -5.96124 0.155345 0
0.36 -5.804 0.159084 0
0.36 -5.64317 0.162507 0
0.36 -5.47909 0.165608 0
0.36 -5.31207 0.16838 0
0.36 -5.14244 0.170817 0
0.36 -4.97055 0.172915 0.0000173951
0.36 -4.79672 0.17467 0.0000374517
0.36 -4.62132 0.176078 0.0000784501
0.36 -4.44468 0.177137 0.000159448
0.36 -4.26716 0.177844 0.00031366
0.36 -4.08911 0.178198 0.000595793
0.36 -3.91089 0.178198 0.00109041
0.36 -3.73284 0.177844 0.00191896
0.36 -3.55532 0.177137 0.00324121
0.36 -3.37868 0.176078 0.00524492
0.36 -3.20328 0.17467 0.00811713
0.36 -3.02945 0.172915 0.0119928
0.36 -2.85756 0.170817 0.016883
0.36 -2.68793 0.16838 0.0225939
0.36 -2.52091 0.165608 0.0286592
0.36 -2.35683 0.162507 0.0343138
0.36 -2.196 0.159084 0.0385358
0.36 -2.03876 0.155345 0.0401687
0.36 -1.88542 0.151298 0.0381138
0.36 -1.73627 0.14695 0.0315592
0.36 -1.59161 0.14231 0.0201911
0.36 -1.45174 0.137388 0.00433666
0.36 -1.31693 0.132193 -0.0150033
0.36 -1.18744 0.126736 -0.0362419
0.36 -1.06354 0.121027 -0.0573959
0.36 -0.945468 0.115078 -0.0763363
0.36 -0.83346 0.1089 -0.0910489
0.36 -0.72774 0.102506 -0.0998631
0.36 -0.628516 0.0959088 -0.10162
0.36 -0.535985 0.089121 -0.0957823
0.36 -0.450333 0.0821562 -0.0824936
0.36 -0.371728 0.0750282 -0.0626248
0.36 -0.300326 0.0677513 -0.0378103
0.36 -0.23627 0.06034 -0.010443
0.36 -0.179686 0.0528088 0.0165183
0.36 -0.130687 0.0451727 0.0401794
0.36 -0.0893704 0.0374471 0.058835
0.36 -0.0558178 0.0296471 0.0727025
0.36 -0.0300958 0.0217884 0.0828861
0.36 -0.012255 0.0138876 0.0898962
0.36 -0.00232686 0.00597089 0.093794
0.36 0.00232686 0.00597089 0.0956319
0.36 0.012255 0.0138876 0.0995882
0.36 0.0300958 0.0217884 0.106878
0.36 0.0558178 0.0296471 0.118959
0.36 0.0893704 0.0374471 0.138346
0.36 0.130687 0.0451727 0.16441
0.36 0.179686 0.0528088 0.193084
0.36 0.23627 0.06034 0.21983
0.36 0.300326 0.0677513 0.24126
0.36 0.371728 0.0750282 0.255268
0.36 0.450333 0.0821562 0.260708
0.36 0.535985 0.089121 0.257136
0.36 0.628516 0.0959088 0.244684
0.36 0.72774 0.102506 0.224033
0.36 0.83346 0.1089 0.196415
0.36 0.945468 0.115078 0.163581
0.36 1.06354 0.121027 0.127708
0.36 1.18744 0.126736 0.0912231
0.36 1.31693 0.132193 0.0565604
0.36 1.45174 0.137388 0.0258832
0.36 1.59161 0.14231 0.000825251
0.36 1.73627 0.14695 -0.0176951
0.36 1.88542 0.151298 -0.0295433
0.36 2.03876 0.155345 -0.0353048
0.36 2.196 0.159084 -0.0361044
0.36 2.35683 0.162507 -0.0333561
0.36 2.52091 0.165608 -0.0285036
0.36 2.68793 0.16838 -0.0228069
0.36 2.85756 0.170817 -0.0172114
0.36 3.02945 0.172915 -0.0123082
0.36 3.20328 0.17467 -0.00836861
0.36 3.37868 0.176078 -0.00542415
0.36 3.55532 0.177137 -0.00335888
0.36 3.73284 0.177844 -0.00199127
0.36 3.91089 0.178198 -0.0011324
0.36 4.08911 0.178198 -0.000618997
0.36 4.26716 0.177844 -0.000325921
0.36 4.44468 0.177137 -0.000165671
0.36 4.62132 0.176078 -0.0000814945
0.36 4.79672 0.17467 -0.0000388928
0.36 4.97055 0.172915 -0.0000180574
0.36 5.14244 0.170817 0
0.36 5.31207 0.16838 0
0.36 5.47909 0.165608 0
0.36 5.64317 0.162507 0
0.36 5.804 0.159084 0
0.36 5.96124 0.155345 0
0.36 6.11458 0.151298 0
0.36 6.26373 0.14695 0
0.36 6.40839 0.14231 0
0.36 6.54826 0.137388 0
0.36 6.68307 0.132193 0
0.36 6.81256 0.126736 0
0.36 6.93646 0.121027 0
0.36 7.05453 0.115078 0
0.36 7.16654 0.1089 0
0.36 7.27226 0.102506 0
0.36 7.37148 0.0959088 0
0.36 7.46401 0.089121 0
0.36 7.54967 0.0821562 0
0.36 7.62827 0.0750282 0
0.36 7.69967 0.0677513 0
0.36 7.76373 0.06034 0
0.36 7.82031 0.0528088 0
0.36 7.86931 0.0451727 0
0.36 7.91063 0.0374471 0
0.36 7.94418 0.0296471 0
0.36 7.9699 0.0217884 0
0.36 7.98775 0.0138876 0
0.36 7.99767 0.00597089 0
0.4 -7.99767 0.00597089 0
0.4 -7.98775 0.0138876 0
0.4 -7.9699 0.0217884 0
0.4 -7.94418 0.0296471 0
0.4 -7.91063 0.0374471 0
0.4 -7.86931 0.0451727 0
0.4 -7.82031 0.0528088 0
0.4 -7.76373 0.06034 0
0.4 -7.69967 0.0677513 0
0.4 -7.62827 0.0750282 0
0.4 -7.54967 0.0821562 0
0.4 -7.46401 0.089121 0
0.4 -7.37148 0.0959088 0
0.4 -7.27226 0.102506 0
0.4 -7.16654 0.1089 0
0.4 -7.05453 0.115078 0
0.4 -6.93646 0.121027 0
0.4 -6.81256 0.126736 0
0.4 -6.68307 0.132193 0
0.4 -6.54826 0.137388 0
0.4 -6.40839 0.14231 0
0.4 -6.26373 0.14695 0
0.4 -6.11458 0.151298 0
0.4 -5.96124 0.155345 0
0.4 -5.804 0.159084 0
0.4 -5.64317 0.162507 0
0.4 -5.47909 0.165608 0
0.4 -5.31207 0.16838 0
0.4 -5.14244 0.170817 0
0.4 -4.97055 0.172915 0.0000175471
0.4 -4.79672 0.17467 0.0000377907
0.4 -4.62132 0.176078 0.0000791863
0.4 -4.44468 0.177137 0.000161002
0.4 -4.26716 0.177844 0.00031684
0.4 -4.08911 0.178198 0.000602086
0.4 -3.91089 0.178198 0.00110243
0.4 -3.73284 0.177844 0.00194106
0.4 -3.55532 0.177137 0.0032803
0.4 -3.37868 0.176078 0.00531125
0.4 -3.20328 0.17467 0.0082249
0.4 -3.02945 0.172915 0.0121602
0.4 -2.85756 0.170817 0.017131
0.4 -2.68793 0.16838 0.0229431
0.4 -2.52091 0.165608 0.029125
0.4 -2.35683 0.162507 0.0348987
0.4 -2.196 0.159084 0.0392203
0.4 -2.03876 0.155345 0.0409015
0.4 -1.88542 0.151298 0.0388033
0.4 -1.73627 0.14695 0.0320678
0.4 -1.59161 0.14231 0.020335
0.4 -1.45174 0.137388 0.00389081
0.4 -1.31693 0.132193 -0.0162939
0.4 -1.18744 0.126736 -0.0386463
0.4 -1.06354 0.121027 -0.0611778
0.4 -0.945468 0.115078 -0.0817331
0.4 -0.83346 0.1089 -0.0982512
0.4 -0.72774 0.102506 -0.108994
0.4 -0.628516 0.0959088 -0.112717
0.4 -0.535985 0.089121 -0.108776
0.4 -0.450333 0.0821562 -0.0971902
0.4 -0.371728 0.0750282 -0.0786885
0.4 -0.300326 0.0677513 -0.0547635
0.4 -0.23627 0.06034 -0.0277061
0.4 -0.179686 0.0528088 -0.000491896
0.4 -0.130687 0.0451727 0.0237591
0.4 -0.0893704 0.0374471 0.0429412
0.4 -0.0558178 0.0296471 0.0570073
0.4 -0.0300958 0.0217884 0.0671809
0.4 -0.012255 0.0138876 0.0741516
0.4 -0.00232686 0.00597089 0.0780226
0.4 0.00232686 0.00597089 0.0798434
0.4 0.012255 0.0138876 0.0837514
0.4 0.0300958 0.0217884 0.0908712
0.4 0.0558178 0.0296471 0.102138
0.4 0.0893704 0.0374471 0.119796
0.4 0.130687 0.0451727 0.144114
0.4 0.179686 0.0528088 0.171936
0.4 0.23627 0.06034 0.198953
0.4 0.300326 0.0677513 0.221579
0.4 0.371728 0.0750282 0.237401
0.4 0.450333 0.0821562 0.245004
0.4 0.535985 0.089121 0.243744
0.4 0.628516 0.0959088 0.233612
0.4 0.72774 0.102506 0.215188
0.4 0.83346 0.1089 0.189633
0.4 0.945468 0.115078 0.158644
0.4 1.06354 0.121027 0.124362
0.4 1.18744 0.126736 0.0891916
0.4 1.31693 0.132193 0.055562
0.4 1.45174 0.137388 0.0256464
0.4 1.59161 0.14231 0.00110292
0.4 1.73627 0.14695 -0.017114
0.4 1.88542 0.151298 -0.0288266
0.4 2.03876 0.155345 -0.0345744
0.4 2.196 0.159084 -0.0354389
0.4 2.35683 0.162507 -0.0327969
0.4 2.52091 0.165608 -0.0280638
0.4 2.68793 0.16838 -0.0224803
0.4 2.85756 0.170817 -0.0169813
0.4 3.02945 0.172915 -0.0121538
0.4 3.20328 0.17467 -0.00826979
0.4 3.37868 0.176078 -0.00536362
0.4 3.55532 0.177137 -0.00332335
0.4 3.73284 0.177844 -0.00197124
0.4 3.91089 0.178198 -0.00112155
0.4 4.08911 0.178198 -0.000613331
0.4 4.26716 0.177844 -0.000323065
0.4 4.44468 0.177137 -0.000164278
0.4 4.62132 0.176078 -0.0000808361
0.4 4.79672 0.17467 -0.0000385903
0.4 4.97055 0.172915 -0.0000179219
0.4 5.14244 0.170817 0
0.4 5.31207 0.16838 0
0.4 5.47909 0.165608 0
0.4 5.64317 0.162507 0
0.4 5.804 0.159084 0
0.4 5.96124 0.155345 0
0.4 6.11458 0.151298 0
0.4 6.26373 0.14695 0
0.4 6.40839 0.14231 0
0.4 6.54826 0.137388 0
0.4 6.68307 0.132193 0
0.4 6.81256 0.126736 0
0.4 6.93646 0.121027 0
0.4 7.05453 0.115078 0
0.4 7.16654 0.1089 0
0.4 7.27226 0.102506 0
0.4 7.37148 0.0959088 0
0.4 7.46401 0.089121 0
0.4 7.54967 0.0821562 0
0.4 7.62827 0.0750282 0
0.4 7.69967 0.0677513 0
0.4 7.76373 0.06034 0
0.4 7.82031 0.0528088 0
0.4 7.86931 0.0451727 0
0.4 7.91063 0.0374471 0
0.4 7.94418 0.0296471 0
0.4 7.9699 0.0217884 0
0.4 7.98775 0.0138876 0
0.4 7.99767 0.00597089 0
0.44 -7.99767 0.00597089 0
0.44 -7.98775 0.0138876 0
0.44 -7.9699 0.0217884 0
0.44 -7.94418 0.0296471 0
0.44 -7.91063 0.0374471 0
0.44 -7.86931 0.0451727 0
0.44 -7.82031 0.0528088 0
0.44 -7.76373 0.06034 0
0.44 -7.69967 0.0677513 0
0.44 -7.62827 0.0750282 0
0.44 -7.54967 0.0821562 0
0.44 -7.46401 0.089121 0
0.44 -7.37148 0.0959088 0
0.44 -7.27226 0.102506 0
0.44 -7.16654 0.1089 0
0.44 -7.05453 0.115078 0
0.44 -6.93646 0.121027 0
0.44 -6.81256 0.126736 0
0.44 -6.68307 0.132193 0
0.44 -6.54826 0.137388 0
0.44 -6.40839 0.14231 0
0.44 -6.26373 0.14695 0
0.44 -6.11458 0.151298 0
0.44 -5.96124 0.155345 0
0.44 -5.804 0.159084 0
0.44 -5.64317 0.162507 0
0.44 -5.47909 0.165608 0
0.44 -5.31207 0.16838 0
0.44 -5.14244 0.170817 0
0.44 -4.97055 0.172915 0.0000176964
0.44 -4.79672 0.17467 0.0000381236
0.44 -4.62132 0.176078 0.0000799097
0.44 -4.44468 0.177137 0.00016253
0.44 -4.26716 0.177844 0.000319966
0.44 -4.08911 0.178198 0.000608276
0.44 -3.91089 0.178198 0.00111425
0.44 -3.73284 0.177844 0.00196283
0.44 -3.55532 0.177137 0.00331881
0.44 -3.37868 0.176078 0.00537662
0.44 -3.20328 0.17467 0.0083312
0.44 -3.02945 0.172915 0.0123255
0.44 -2.85756 0.170817 0.017376
0.44 -2.68793 0.16838 0.0232887
0.44 -2.52091 0.165608 0.0295866
0.44 -2.35683 0.162507 0.0354795
0.44 -2.196 0.159084 0.0399017
0.44 -2.03876 0.155345 0.0416338
0.44 -1.88542 0.151298 0.039497
0.44 -1.73627 0.14695 0.0325878
0.44 -1.59161 0.14231 0.0205
0.44 -1.45174 0.137388 0.00347795
0.44 -1.31693 0.132193 -0.0175386
0.44 -1.18744 0.126736 -0.0409924
0.44 -1.06354 0.121027 -0.0648917
0.44 -0.945468 0.115078 -0.0870583
0.44 -0.83346 0.1089 -0.105388
0.44 -0.72774 0.102506 -0.118079
0.44 -0.628516 0.0959088 -0.123805
0.44 -0.535985 0.089121 -0.121817
0.44 -0.450333 0.0821562 -0.112011
0.44 -0.371728 0.0750282 -0.0949689
0.44 -0.300326 0.0677513 -0.0720259
0.44 -0.23627 0.06034 -0.0453421
0.44 -0.179686 0.0528088 -0.0178695
0.44 -0.130687 0.0451727 0.00707421
0.44 -0.0893704 0.0374471 0.0269491
0.44 -0.0558178 0.0296471 0.0413426
0.44 -0.0300958 0.0217884 0.051557
0.44 -0.012255 0.0138876 0.0585104
0.44 -0.00232686 0.00597089 0.0623667
0.44 0.00232686 0.00597089 0.0641766
0.44 0.012255 0.0138876 0.0680517
0.44 0.0300958 0.0217884 0.0750692
0.44 0.0558178 0.0296471 0.0858193
0.44 0.0893704 0.0374471 0.102172
0.44 0.130687 0.0451727 0.124957
0.44 0.179686 0.0528088 0.151862
0.44 0.23627 0.06034 0.178935
0.44 0.300326 0.0677513 0.202505
0.44 0.371728 0.0750282 0.219915
0.44 0.450333 0.0821562 0.229505
0.44 0.535985 0.089121 0.230431
0.44 0.628516 0.0959088 0.222535
0.44 0.72774 0.102506 0.206289
0.44 0.83346 0.1089 0.182773
0.44 0.945468 0.115078 0.153622
0.44 1.06354 0.121027 0.120936
0.44 1.18744 0.126736 0.0870926
0.44 1.31693 0.132193 0.0545112
0.44 1.45174 0.137388 0.0253724
0.44 1.59161 0.14231 0.00135693
0.44 1.73627 0.14695 -0.0165457
0.44 1.88542 0.151298 -0.0281147
0.44 2.03876 0.155345 -0.0338435
0.44 2.196 0.159084 -0.0347699
0.44 2.35683 0.162507 -0.0322332
0.44 2.52091 0.165608 -0.0276194
0.44 2.68793 0.16838 -0.0221498
0.44 2.85756 0.170817 -0.0167482
0.44 3.02945 0.172915 -0.0119973
0.44 3.20328 0.17467 -0.00816943
0.44 3.37868 0.176078 -0.0053021
0.44 3.55532 0.177137 -0.00328721
0.44 3.73284 0.177844 -0.00195086
0.44 3.91089 0.178198 -0.0011105
0.44 4.08911 0.178198 -0.000607558
0.44 4.26716 0.177844 -0.000320154
0.44 4.44468 0.177137 -0.000162858
0.44 4.62132 0.176078 -0.0000801644
0.44 4.79672 0.17467 -0.0000382815
0.44 4.97055 0.172915 -0.0000177836
0.44 5.14244 0.170817 0
0.44 5.31207 0.16838 0
0.44 5.47909 0.165608 0
0.44 5.64317 0.162507 0
0.44 5.804 0.159084 0
0.44 5.96124 0.155345 0
0.44 6.11458 0.151298 0
0.44 6.26373 0.14695 0
0.44 6.40839 0.14231 0
0.44 6.54826 0.137388 0
0.44 6.68307 0.132193 0
0.44 6.81256 0.126736 0
0.44 6.93646 0.121027 0
0.44 7.05453 0.115078 0
0.44 7.16654 0.1089 0
0.44 7.27226 0.102506 0
0.44 7.37148 0.0959088 0
0.44 7.46401 0.089121 0
0.44 7.54967 0.0821562 0
0.44 7.62827 0.0750282 0
0.44 7.69967 0.0677513 0
0.44 7.76373 0.06034 0
0.44 7.82031 0.0528088 0
0.44 7.86931 0.0451727 0
0.44 7.91063 0.0374471 0
0.44 7.94418 0.0296471 0
0.44 7.9699 0.0217884 0
0.44 7.98775 0.0138876 0
0.44 7.99767 0.00597089 0
0.48 -7.99767 0.00597089 0
0.48 -7.98775 0.0138876 0
0.48 -7.9699 0.0217884 0
0.48 -7.94418 0.0296471 0
0.48 -7.91063 0.0374471 0
0.48 -7.86931 0.0451727 0
0.48 -7.82031 0.0528088 0
0.48 -7.76373 0.06034 0
0.48 -7.69967 0.0677513 0
0.48 -7.62827 0.0750282 0
0.48 -7.54967 0.0821562 0
0.48 -7.46401 0.089121 0
0.48 -7.37148 0.0959088 0
0.48 -7.27226 0.102506 0
0.48 -7.16654 0.1089 0
0.48 -7.05453 0.115078 0
0.48 -6.93646 0.121027 0
0.48 -6.81256 0.126736 0
0.48 -6.68307 0.132193 0
0.48 -6.54826 0.137388 0
0.48 -6.40839 0.14231 0
0.48 -6.26373 0.14695 0
0.48 -6.11458 0.151298 0
0.48 -5.96124 0.155345 0
0.48 -5.804 0.159084 0
0.48 -5.64317 0.162507 0
0.48 -5.47909 0.165608 0
0.48 -5.31207 0.16838 0
0.48 -5.14244 0.170817 0
0.48 -4.97055 0.172915 0.000017843
0.48 -4.79672 0.17467 0.0000384506
0.48 -4.62132 0.176078 0.0000806203
0.48 -4.44468 0.177137 0.000164031
0.48 -4.26716 0.177844 0.000323039
0.48 -4.08911 0.178198 0.000614362
0.48 -3.91089 0.178198 0.00112589
0.48 -3.73284 0.177844 0.00198425
0.48 -3.55532 0.177137 0.00335673
0.48 -3.37868 0.176078 0.00544104
0.48 -3.20328 0.17467 0.00843604
0.48 -3.02945 0.172915 0.0124886
0.48 -2.85756 0.170817 0.0176181
0.48 -2.68793 0.16838 0.0236305
0.48 -2.52091 0.165608 0.0300439
0.48 -2.35683 0.162507 0.036056
0.48 -2.196 0.159084 0.0405801
0.48 -2.03876 0.155345 0.0423658
0.48 -1.88542 0.151298 0.0401951
0.48 -1.73627 0.14695 0.0331196
0.48 -1.59161 0.14231 0.0206866
0.48 -1.45174 0.137388 0.0030986
0.48 -1.31693 0.132193 -0.0187366
0.48 -1.18744 0.126736 -0.0432791
0.48 -1.06354 0.121027 -0.0685367
0.48 -0.945468 0.115078 -0.0923112
0.48 -0.83346 0.1089 -0.112458
0.48 -0.72774 0.102506 -0.127119
0.48 -0.628516 0.0959088 -0.134887
0.48 -0.535985 0.089121 -0.134916
0.48 -0.450333 0.0821562 -0.126976
0.48 -0.371728 0.0750282 -0.111501
0.48 -0.300326 0.0677513 -0.0896535
0.48 -0.23627 0.06034 -0.0634333
0.48 -0.179686 0.0528088 -0.0357221
0.48 -0.130687 0.0451727 -0.00999203
0.48 -0.0893704 0.0374471 0.0107619
0.48 -0.0558178 0.0296471 0.0256454
0.48 -0.0300958 0.0217884 0.0359656
0.48 -0.012255 0.0138876 0.0429238
0.48 -0.00232686 0.00597089 0.0467768
0.48 0.00232686 0.00597089 0.0485814
0.48 0.012255 0.0138876 0.0524366
0.48 0.0300958 0.0217884 0.0593943
0.48 0.0558178 0.0296471 0.0698209
0.48 0.0893704 0.0374471 0.0852088
0.48 0.130687 0.0451727 0.106687
0.48 0.179686 0.0528088 0.132681
0.48 0.23627 0.06034 0.15966
0.48 0.300326 0.0677513 0.183973
0.48 0.371728 0.0750282 0.20278
0.48 0.450333 0.0821562 0.214199
0.48 0.535985 0.089121 0.217194
0.48 0.628516 0.0959088 0.211455
0.48 0.72774 0.102506 0.19734
0.48 0.83346 0.1089 0.175839
0.48 0.945468 0.115078 0.14852
0.48 1.06354 0.121027 0.117434
0.48 1.18744 0.126736 0.084929
0.48 1.31693 0.132193 0.0534098
0.48 1.45174 0.137388 0.0250623
0.48 1.59161 0.14231 0.00158792
0.48 1.73627 0.14695 -0.0159898
0.48 1.88542 0.151298 -0.0274074
0.48 2.03876 0.155345 -0.0331123
0.48 2.196 0.159084 -0.0340978
0.48 2.35683 0.162507 -0.0316651
0.48 2.52091 0.165608 -0.0271707
0.48 2.68793 0.16838 -0.0218155
0.48 2.85756 0.170817 -0.016512
0.48 3.02945 0.172915 -0.0118385
0.48 3.20328 0.17467 -0.00806756
0.48 3.37868 0.176078 -0.0052396
0.48 3.55532 0.177137 -0.00325047
0.48 3.73284 0.177844 -0.00193013
0.48 3.91089 0.178198 -0.00109925
0.48 4.08911 0.178198 -0.000601679
0.48 4.26716 0.177844 -0.000317188
0.48 4.44468 0.177137 -0.000161411
0.48 4.62132 0.176078 -0.0000794797
0.48 4.79672 0.17467 -0.0000379666
0.48 4.97055 0.172915 -0.0000176425
0.48 5.14244 0.170817 0
0.48 5.31207 0.16838 0
0.48 5.47909 0.165608 0
0.48 5.64317 0.162507 0
0.48 5.804 0.159084 0
0.48 5.96124 0.155345 0
0.48 6.11458 0.151298 0
0.48 6.26373 0.14695 0
0.48 6.40839 0.14231 0
0.48 6.54826 0.137388 0
0.48 6.68307 0.132193 0
0.48 6.81256 0.126736 0
0.48 6.93646 0.121027 0
0.48 7.05453 0.115078 0
0.48 7.16654 0.1089 0
0.48 7.27226 0.102506 0
0.48 7.37148 0.0959088 0
0.48 7.46401 0.089121 0
0.48 7.54967 0.0821562 0
0.48 7.62827 0.0750282 0
0.48 7.69967 0.0677513 0
0.48 7.76373 0.06034 0
0.48 7.82031 0.0528088 0
0.48 7.86931 0.0451727 0
0.48 7.91063 0.0374471 0
0.48 7.94418 0.0296471 0
0.48 7.9699 0.0217884 0
0.48 7.98775 0.0138876 0
0.48 7.99767 0.00597089 0
0.52 -7.99767 0.00597089 0
0.52 -7.98775 0.0138876 0
0.52 -7.9699 0.0217884 0
0.52 -7.94418 0.0296471 0
0.52 -7.91063 0.0374471 0
0.52 -7.86931 0.0451727 0
0.52 -7.82031 0.0528088 0
0.52 -7.76373 0.06034 0
0.52 -7.69967 0.0677513 0
0.52 -7.62827 0.0750282 0
0.52 -7.54967 0.0821562 0
0.52 -7.46401 0.089121 0
0.52 -7.37148 0.0959088 0
0.52 -7.27226 0.102506 0
0.52 -7.16654 0.1089 0
0.52 -7.05453 0.115078 0
0.52 -6.93646 0.121027 0
0.52 -6.81256 0.126736 0
0.52 -6.68307 0.132193 0
0.52 -6.54826 0.137388 0
0.52 -6.40839 0.14231 0
0.52 -6.26373 0.14695 0
0.52 -6.11458 0.151298 0
0.52 -5.96124 0.155345 0
0.52 -5.804 0.159084 0
0.52 -5.64317 0.162507 0
0.52 -5.47909 0.165608 0
0.52 -5.31207 0.16838 0
0.52 -5.14244 0.170817 0
0.52 -4.97055 0.172915 0.0000179869
0.52 -4.79672 0.17467 0.0000387715
0.52 -4.62132 0.176078 0.000081318
0.52 -4.44468 0.177137 0.000165505
0.52 -4.26716 0.177844 0.000326059
0.52 -4.08911 0.178198 0.000620345
0.52 -3.91089 0.178198 0.00113733
0.52 -3.73284 0.177844 0.00200533
0.52 -3.55532 0.177137 0.00339406
0.52 -3.37868 0.176078 0.00550451
0.52 -3.20328 0.17467 0.0085394
0.52 -3.02945 0.172915 0.0126495
0.52 -2.85756 0.170817 0.0178572
0.52 -2.68793 0.16838 0.0239686
0.52 -2.52091 0.165608 0.030497
0.52 -2.35683 0.162507 0.0366284
0.52 -2.196 0.159084 0.0412553
0.52 -2.03876 0.155345 0.0430974
0.52 -1.88542 0.151298 0.0408978
0.52 -1.73627 0.14695 0.0336633
0.52 -1.59161 0.14231 0.0208951
0.52 -1.45174 0.137388 0.00275346
0.52 -1.31693 0.132193 -0.0198869
0.52 -1.18744 0.126736 -0.0455052
0.52 -1.06354 0.121027 -0.0721112
0.52 -0.945468 0.115078 -0.0974899
0.52 -0.83346 0.1089 -0.119462
0.52 -0.72774 0.102506 -0.136114
0.52 -0.628516 0.0959088 -0.145967
0.52 -0.535985 0.089121 -0.148081
0.52 -0.450333 0.0821562 -0.142104
0.52 -0.371728 0.0750282 -0.128318
0.52 -0.300326 0.0677513 -0.107703
0.52 -0.23627 0.06034 -0.0820681
0.52 -0.179686 0.0528088 -0.0541703
0.52 -0.130687 0.0451727 -0.0275772
0.52 -0.0893704 0.0374471 -0.00573837
0.52 -0.0558178 0.0296471 0.00984333
0.52 -0.0300958 0.0217884 0.0203581
0.52 -0.012255 0.0138876 0.0273459
0.52 -0.00232686 0.00597089 0.0312069
0.52 0.00232686 0.00597089 0.0330114
0.52 0.012255 0.0138876 0.0368586
0.52 0.0300958 0.0217884 0.0437868
0.52 0.0558178 0.0296471 0.0540189
0.52 0.0893704 0.0374471 0.0687086
0.52 0.130687 0.0451727 0.089102
0.52 0.179686 0.0528088 0.114233
0.52 0.23627 0.06034 0.141026
0.52 0.300326 0.0677513 0.165924
0.52 0.371728 0.0750282 0.185963
0.52 0.450333 0.0821562 0.199071
0.52 0.535985 0.089121 0.204029
0.52 0.628516 0.0959088 0.200375
0.52 0.72774 0.102506 0.188345
0.52 0.83346 0.1089 0.168835
0.52 0.945468 0.115078 0.143342
0.52 1.06354 0.121027 0.11386
0.52 1.18744 0.126736 0.0827029
0.52 1.31693 0.132193 0.0522595
0.52 1.45174 0.137388 0.0247171
0.52 1.59161 0.14231 0.00179645
0.52 1.73627 0.14695 -0.0154461
0.52 1.88542 0.151298 -0.0267047
0.52 2.03876 0.155345 -0.0323807
0.52 2.196 0.159084 -0.0334226
0.52 2.35683 0.162507 -0.0310928
0.52 2.52091 0.165608 -0.0267176
0.52 2.68793 0.16838 -0.0214774
0.52 2.85756 0.170817 -0.0162728
0.52 3.02945 0.172915 -0.0116775
0.52 3.20328 0.17467 -0.0079642
0.52 3.37868 0.176078 -0.00517613
0.52 3.55532 0.177137 -0.00321313
0.52 3.73284 0.177844 -0.00190905
0.52 3.91089 0.178198 -0.00108781
0.52 4.08911 0.178198 -0.000595696
0.52 4.26716 0.177844 -0.000314168
0.52 4.44468 0.177137 -0.000159936
0.52 4.62132 0.176078 -0.000078782
0.52 4.79672 0.17467 -0.0000376457
0.52 4.97055 0.172915 -0.0000174986
0.52 5.14244 0.170817 0
0.52 5.31207 0.16838 0
0.52 5.47909 0.165608 0
0.52 5.64317 0.162507 0
0.52 5.804 0.159084 0
0.52 5.96124 0.155345 0
0.52 6.11458 0.151298 0
0.52 6.26373 0.14695 0
0.52 6.40839 0.14231 0
0.52 6.54826 0.137388 0
0.52 6.68307 0.132193 0
0.52 6.81256 0.126736 0
0.52 6.93646 0.121027 0
0.52 7.05453 0.115078 0
0.52 7.16654 0.1089 0
0.52 7.27226 0.102506 0
0.52 7.37148 0.0959088 0
0.52 7.46401 0.089121 0
0.52 7.54967 0.0821562 0
0.52 7.62827 0.0750282 0
0.52 7.69967 0.0677513 0
0.52 7.76373 0.06034 0
0.52 7.82031 0.0528088 0
0.52 7.86931 0.0451727 0
0.52 7.91063 0.0374471 0
0.52 7.94418 0.0296471 0
0.52 7.9699 0.0217884 0
0.52 7.98775 0.0138876 0
0.52 7.99767 0.00597089 0
0.56 -7.99767 0.00597089 0
0.56 -7.98775 0.0138876 0
0.56 -7.9699 0.0217884 0
0.56 -7.94418 0.0296471 0
0.56 -7.91063 0.0374471 0
0.56 -7.86931 0.0451727 0
0.56 -7.82031 0.0528088 0
0.56 -7.76373 0.06034 0
0.56 -7.69967 0.0677513 0
0.56 -7.62827 0.0750282 0
0.56 -7.54967 0.0821562 0
0.56 -7.46401 0.089121 0
0.56 -7.37148 0.0959088 0
0.56 -7.27226 0.102506 0
0.56 -7.16654 0.1089 0
0.56 -7.05453 0.115078 0
0.56 -6.93646 0.121027 0
0.56 -6.81256 0.126736 0
0.56 -6.68307 0.132193 0
0.56 -6.54826 0.137388 0
0.56 -6.40839 0.14231 0
0.56 -6.26373 0.14695 0
0.56 -6.11458 0.151298 0
0.56 -5.96124 0.155345 0
0.56 -5.804 0.159084 0
0.56 -5.64317 0.162507 0
0.56 -5.47909 0.165608 0
0.56 -5.31207 0.16838 0
0.56 -5.14244 0.170817 0
0.56 -4.97055 0.172915 0.0000181279
0.56 -4.79672 0.17467 0.0000390864
0.56 -4.62132 0.176078 0.0000820027
0.56 -4.44468 0.177137 0.000166952
0.56 -4.26716 0.177844 0.000329025
0.56 -4.08911 0.178198 0.000626224
0.56 -3.91089 0.178198 0.00114858
0.56 -3.73284 0.177844 0.00202606
0.56 -3.55532 0.177137 0.00343081
0.56 -3.37868 0.176078 0.00556701
0.56 -3.20328 0.17467 0.00864127
0.56 -3.02945 0.172915 0.0128083
0.56 -2.85756 0.170817 0.0180934
0.56 -2.68793 0.16838 0.0243029
0.56 -2.52091 0.165608 0.0309458
0.56 -2.35683 0.162507 0.0371964
0.56 -2.196 0.159084 0.0419274
0.56 -2.03876 0.155345 0.0438287
0.56 -1.88542 0.151298 0.0416051
0.56 -1.73627 0.14695 0.0342192
0.56 -1.59161 0.14231 0.0211261
0.56 -1.45174 0.137388 0.00244337
0.56 -1.31693 0.132193 -0.0209883
0.56 -1.18744 0.126736 -0.0476688
0.56 -1.06354 0.121027 -0.0756127
0.56 -0.945468 0.115078 -0.102592
0.56 -0.83346 0.1089 -0.126396
0.56 -0.72774 0.102506 -0.145063
0.56 -0.628516 0.0959088 -0.157047
0.56 -0.535985 0.089121 -0.161318
0.56 -0.450333 0.0821562 -0.157411
0.56 -0.371728 0.0750282 -0.145453
0.56 -0.300326 0.0677513 -0.126235
0.56 -0.23627 0.06034 -0.101342
0.56 -0.179686 0.0528088 -0.0733517
0.56 -0.130687 0.0451727 -0.045847
0.56 -0.0893704 0.0374471 -0.0227018
0.56 -0.0558178 0.0296471 -0.00615498
0.56 -0.0300958 0.0217884 0.00468314
0.56 -0.012255 0.0138876 0.0117308
0.56 -0.00232686 0.00597089 0.0156117
0.56 0.00232686 0.00597089 0.0174216
0.56 0.012255 0.0138876 0.0212721
0.56 0.0300958 0.0217884 0.0281953
0.56 0.0558178 0.0296471 0.0383217
0.56 0.0893704 0.0374471 0.0525214
0.56 0.130687 0.0451727 0.0720358
0.56 0.179686 0.0528088 0.0963803
0.56 0.23627 0.06034 0.122934
0.56 0.300326 0.0677513 0.148296
0.56 0.371728 0.0750282 0.169431
0.56 0.450333 0.0821562 0.184106
0.56 0.535985 0.089121 0.19093
0.56 0.628516 0.0959088 0.189292
0.56 0.72774 0.102506 0.179305
0.56 0.83346 0.1089 0.161764
0.56 0.945468 0.115078 0.138089
0.56 1.06354 0.121027 0.110215
0.56 1.18744 0.126736 0.0804161
0.56 1.31693 0.132193 0.0510615
0.56 1.45174 0.137388 0.0243378
0.56 1.59161 0.14231 0.00198301
0.56 1.73627 0.14695 -0.0149144
0.56 1.88542 0.151298 -0.0260066
0.56 2.03876 0.155345 -0.0316487
0.56 2.196 0.159084 -0.0327442
0.56 2.35683 0.162507 -0.0305162
0.56 2.52091 0.165608 -0.0262602
0.56 2.68793 0.16838 -0.0211356
0.56 2.85756 0.170817 -0.0160308
0.56 3.02945 0.172915 -0.0115144
0.56 3.20328 0.17467 -0.00785936
0.56 3.37868 0.176078 -0.00511171
0.56 3.55532 0.177137 -0.00317521
0.56 3.73284 0.177844 -0.00188763
0.56 3.91089 0.178198 -0.00107618
0.56 4.08911 0.178198 -0.000589609
0.56 4.26716 0.177844 -0.000311095
0.56 4.44468 0.177137 -0.000158436
0.56 4.62132 0.176078 -0.0000780714
0.56 4.79672 0.17467 -0.0000373188
0.56 4.97055 0.172915 -0.000017352
0.56 5.14244 0.170817 0
0.56 5.31207 0.16838 0
0.56 5.47909 0.165608 0
0.56 5.64317 0.162507 0
0.56 5.804 0.159084 0
0.56 5.96124 0.155345 0
0.56 6.11458 0.151298 0
0.56 6.26373 0.14695 0
0.56 6.40839 0.14231 0
0.56 6.54826 0.137388 0
0.56 6.68307 0.132193 0
0.56 6.81256 0.126736 0
0.56 6.93646 0.121027 0
0.56 7.05453 0.115078 0
0.56 7.16654 0.1089 0
0.56 7.27226 0.102506 0
0.56 7.37148 0.0959088 0
0.56 7.46401 0.089121 0
0.56 7.54967 0.0821562 0
0.56 7.62827 0.0750282 0
0.56 7.69967 0.0677513 0
0.56 7.76373 0.06034 0
0.56 7.82031 0.0528088 0
0.56 7.86931 0.0451727 0
0.56 7.91063 0.0374471 0
0.56 7.94418 0.0296471 0
0.56 7.9699 0.0217884 0
0.56 7.98775 0.0138876 0
0.56 7.99767 0.00597089 0
0.6 -7.99767 0.00597089 0
0.6 -7.98775 0.0138876 0
0.6 -7.9699 0.0217884 0
0.6 -7.94418 0.0296471 0
0.6 -7.91063 0.0374471 0
0.6 -7.86931 0.0451727 0
0.6 -7.82031 0.0528088 0
0.6 -7.76373 0.06034 0
0.6 -7.69967 0.0677513 0
0.6 -7.62827 0.0750282 0
0.6 -7.54967 0.0821562 0
0.6 -7.46401 0.089121 0
0.6 -7.37148 0.0959088 0
0.6 -7.27226 0.102506 0
0.6 -7.16654 0.1089 0
0.6 -7.05453 0.115078 0
0.6 -6.93646 0.121027 0
0.6 -6.81256 0.126736 0
0.6 -6.68307 0.132193 0
0.6 -6.54826 0.137388 0
0.6 -6.40839 0.14231 0
0.6 -6.26373 0.14695 0
0.6 -6.11458 0.151298 0
0.6 -5.96124 0.155345 0
0.6 -5.804 0.159084 0
0.6 -5.64317 0.162507 0
0.6 -5.47909 0.165608 0
0.6 -5.31207 0.16838 0
0.6 -5.14244 0.170817 0
0.6 -4.97055 0.172915 0.0000182663
0.6 -4.79672 0.17467 0.0000393951
0.6 -4.62132 0.176078 0.0000826744
0.6 -4.44468 0.177137 0.000168372
0.6 -4.26716 0.177844 0.000331936
0.6 -4.08911 0.178198 0.000631997
0.6 -3.91089 0.178198 0.00115963
0.6 -3.73284 0.177844 0.00204644
0.6 -3.55532 0.177137 0.00346695
0.6 -3.37868 0.176078 0.00562854
0.6 -3.20328 0.17467 0.00874163
0.6 -3.02945 0.172915 0.0129649
0.6 -2.85756 0.170817 0.0183265
0.6 -2.68793 0.16838 0.0246334
0.6 -2.52091 0.165608 0.0313902
0.6 -2.35683 0.162507 0.0377602
0.6 -2.196 0.159084 0.0425963
0.6 -2.03876 0.155345 0.0445596
0.6 -1.88542 0.151298 0.0423171
0.6 -1.73627 0.14695 0.0347875
0.6 -1.59161 0.14231 0.0213801
0.6 -1.45174 0.137388 0.00216933
0.6 -1.31693 0.132193 -0.0220391
0.6 -1.18744 0.126736 -0.0497678
0.6 -1.06354 0.121027 -0.0790385
0.6 -0.945468 0.115078 -0.107614
0.6 -0.83346 0.1089 -0.133257
0.6 -0.72774 0.102506 -0.153962
0.6 -0.628516 0.0959088 -0.168124
0.6 -0.535985 0.089121 -0.174632
0.6 -0.450333 0.0821562 -0.17291
0.6 -0.371728 0.0750282 -0.162939
0.6 -0.300326 0.0677513 -0.145309
0.6 -0.23627 0.06034 -0.12136
0.6 -0.179686 0.0528088 -0.0934248
0.6 -0.130687 0.0451727 -0.0650042
0.6 -0.0893704 0.0374471 -0.0403259
0.6 -0.0558178 0.0296471 -0.0224742
0.6 -0.0300958 0.0217884 -0.0111189
0.6 -0.012255 0.0138876 -0.00396897
0.6 -0.00232686 0.00597089 -0.0000551398
0.6 0.00232686 0.00597089 0.00176564
0.6 0.012255 0.0138876 0.00563091
0.6 0.0300958 0.0217884 0.0125715
0.6 0.0558178 0.0296471 0.022657
0.6 0.0893704 0.0374471 0.0365292
0.6 0.130687 0.0451727 0.0553509
0.6 0.179686 0.0528088 0.0790026
0.6 0.23627 0.06034 0.105298
0.6 0.300326 0.0677513 0.131034
0.6 0.371728 0.0750282 0.15315
0.6 0.450333 0.0821562 0.169285
0.6 0.535985 0.089121 0.177889
0.6 0.628516 0.0959088 0.178205
0.6 0.72774 0.102506 0.170221
0.6 0.83346 0.1089 0.154628
0.6 0.945468 0.115078 0.132764
0.6 1.06354 0.121027 0.106501
0.6 1.18744 0.126736 0.0780701
0.6 1.31693 0.132193 0.0498168
0.6 1.45174 0.137388 0.0239249
0.6 1.59161 0.14231 0.00214806
0.6 1.73627 0.14695 -0.0143943
0.6 1.88542 0.151298 -0.0253129
0.6 2.03876 0.155345 -0.0309163
0.6 2.196 0.159084 -0.0320628
0.6 2.35683 0.162507 -0.0299355
0.6 2.52091 0.165608 -0.0257987
0.6 2.68793 0.16838 -0.0207901
0.6 2.85756 0.170817 -0.0157857
0.6 3.02945 0.172915 -0.0113492
0.6 3.20328 0.17467 -0.00775306
0.6 3.37868 0.176078 -0.00504633
0.6 3.55532 0.177137 -0.00313671
0.6 3.73284 0.177844 -0.00186587
0.6 3.91089 0.178198 -0.00106435
0.6 4.08911 0.178198 -0.00058342
0.6 4.26716 0.177844 -0.000307968
0.6 4.44468 0.177137 -0.000156908
0.6 4.62132 0.176078 -0.000077348
0.6 4.79672 0.17467 -0.0000369858
0.6 4.97055 0.172915 -0.0000172027
0.6 5.14244 0.170817 0
0.6 5.31207 0.16838 0
0.6 5.47909 0.165608 0
0.6 5.64317 0.162507 0
0.6 5.804 0.159084 0
0.6 5.96124 0.155345 0
0.6 6.11458 0.151298 0
0.6 6.26373 0.14695 0
0.6 6.40839 0.14231 0
0.6 6.54826 0.137388 0
0.6 6.68307 0.132193 0
0.6 6.81256 0.126736 0
0.6 6.93646 0.121027 0
0.6 7.05453 0.115078 0
0.6 7.16654 0.1089 0
0.6 7.27226 0.102506 0
0.6 7.37148 0.0959088 0
0.6 7.46401 0.089121 0
0.6 7.54967 0.0821562 0
0.6 7.62827 0.0750282 0
0.6 7.69967 0.0677513 0
0.6 7.76373 0.06034 0
0.6 7.82031 0.0528088 0
0.6 7.86931 0.0451727 0
0.6 7.91063 0.0374471 0
0.6 7.94418 0.0296471 0
0.6 7.9699 0.0217884 0
0.6 7.98775 0.0138876 0
0.6 7.99767 0.00597089 0
0.64 -7.99767 0.00597089 0
0.64 -7.98775 0.0138876 0
0.64 -7.9699 0.0217884 0
0.64 -7.94418 0.0296471 0
0.64 -7.91063 0.0374471 0
0.64 -7.86931 0.0451727 0
0.64 -7.82031 0.0528088 0
0.64 -7.76373 0.06034 0
0.64 -7.69967 0.0677513 0
0.64 -7.62827 0.0750282 0
0.64 -7.54967 0.0821562 0
0.64 -7.46401 0.089121 0
0.64 -7.37148 0.0959088 0
0.64 -7.27226 0.102506 0
0.64 -7.16654 0.1089 0
0.64 -7.05453 0.115078 0
0.64 -6.93646 0.121027 0
0.64 -6.81256 0.126736 0
0.64 -6.68307 0.132193 0
0.64 -6.54826 0.137388 0
0.64 -6.40839 0.14231 0
0.64 -6.26373 0.14695 0
0.64 -6.11458 0.151298 0
0.64 -5.96124 0.155345 0
0.64 -5.804 0.159084 0
0.64 -5.64317 0.162507 0
0.64 -5.47909 0.165608 0
0.64 -5.31207 0.16838 0
0.64 -5.14244 0.170817 0
0.64 -4.97055 0.172915 0.0000184018
0.64 -4.79672 0.17467 0.0000396977
0.64 -4.62132 0.176078 0.0000833327
0.64 -4.44468 0.177137 0.000169765
0.64 -4.26716 0.177844 0.000334792
0.64 -4.08911 0.178198 0.000637663
0.64 -3.91089 0.178198 0.00117048
0.64 -3.73284 0.177844 0.00206646
0.64 -3.55532 0.177137 0.00350248
0.64 -3.37868 0.176078 0.00568906
0.64 -3.20328 0.17467 0.00884045
0.64 -3.02945 0.172915 0.0131192
0.64 -2.85756 0.170817 0.0185566
0.64 -2.68793 0.16838 0.0249599
0.64 -2.52091 0.165608 0.03183
0.64 -2.35683 0.162507 0.0383194
0.64 -2.196 0.159084 0.0432619
0.64 -2.03876 0.155345 0.04529
0.64 -1.88542 0.151298 0.0430338
0.64 -1.73627 0.14695 0.0353686
0.64 -1.59161 0.14231 0.0216578
0.64 -1.45174 0.137388 0.0019325
0.64 -1.31693 0.132193 -0.0230375
0.64 -1.18744 0.126736 -0.0517993
0.64 -1.06354 0.121027 -0.0823846
0.64 -0.945468 0.115078 -0.11255
0.64 -0.83346 0.1089 -0.140038
0.64 -0.72774 0.102506 -0.162807
0.64 -0.628516 0.0959088 -0.179196
0.64 -0.535985 0.089121 -0.188024
0.64 -0.450333 0.0821562 -0.188614
0.64 -0.371728 0.0750282 -0.180806
0.64 -0.300326 0.0677513 -0.16499
0.64 -0.23627 0.06034 -0.142238
0.64 -0.179686 0.0528088 -0.114573
0.64 -0.130687 0.0451727 -0.0852999
0.64 -0.0893704 0.0374471 -0.0588759
0.64 -0.0558178 0.0296471 -0.0392952
0.64 -0.0300958 0.0217884 -0.0271258
0.64 -0.012255 0.0138876 -0.0198057
0.64 -0.00232686 0.00597089 -0.0158436
0.64 0.00232686 0.00597089 -0.0140058
0.64 0.012255 0.0138876 -0.0101137
0.64 0.0300958 0.0217884 -0.00313377
0.64 0.0558178 0.0296471 0.00696178
0.64 0.0893704 0.0374471 0.0206354
0.64 0.130687 0.0451727 0.0389306
0.64 0.179686 0.0528088 0.0619924
0.64 0.23627 0.06034 0.0880353
0.64 0.300326 0.0677513 0.11408
0.64 0.371728 0.0750282 0.137087
0.64 0.450333 0.0821562 0.154588
0.64 0.535985 0.089121 0.164895
0.64 0.628516 0.0959088 0.167108
0.64 0.72774 0.102506 0.161089
0.64 0.83346 0.1089 0.147425
0.64 0.945468 0.115078 0.127367
0.64 1.06354 0.121027 0.102719
0.64 1.18744 0.126736 0.0756657
0.64 1.31693 0.132193 0.0485262
0.64 1.45174 0.137388 0.0234791
0.64 1.59161 0.14231 0.00229195
0.64 1.73627 0.14695 -0.0138857
0.64 1.88542 0.151298 -0.0246234
0.64 2.03876 0.155345 -0.0301835
0.64 2.196 0.159084 -0.0313783
0.64 2.35683 0.162507 -0.0293505
0.64 2.52091 0.165608 -0.0253328
0.64 2.68793 0.16838 -0.0204409
0.64 2.85756 0.170817 -0.0155378
0.64 3.02945 0.172915 -0.0111818
0.64 3.20328 0.17467 -0.00764528
0.64 3.37868 0.176078 -0.00498001
0.64 3.55532 0.177137 -0.00309761
0.64 3.73284 0.177844 -0.00184376
0.64 3.91089 0.178198 -0.00105233
0.64 4.08911 0.178198 -0.000577127
0.64 4.26716 0.177844 -0.000304789
0.64 4.44468 0.177137 -0.000155354
0.64 4.62132 0.176078 -0.0000766118
0.64 4.79672 0.17467 -0.0000366469
0.64 4.97055 0.172915 -0.0000170506
0.64 5.14244 0.170817 0
0.64 5.31207 0.16838 0
0.64 5.47909 0.165608 0
0.64 5.64317 0.162507 0
0.64 5.804 0.159084 0
0.64 5.96124 0.155345 0
0.64 6.11458 0.151298 0
0.64 6.26373 0.14695 0
0.64 6.40839 0.14231 0
0.64 6.54826 0.137388 0
0.64 6.68307 0.132193 0
0.64 6.81256 0.126736 0
0.64 6.93646 0.121027 0
0.64 7.05453 0.115078 0
0.64 7.16654 0.1089 0
0.64 7.27226 0.102506 0
0.64 7.37148 0.0959088 0
0.64 7.46401 0.089121 0
0.64 7.54967 0.0821562 0
0.64 7.62827 0.0750282 0
0.64 7.69967 0.0677513 0
0.64 7.76373 0.06034 0
0.64 7.82031 0.0528088 0
0.64 7.86931 0.0451727 0
0.64 7.91063 0.0374471 0
0.64 7.94418 0.0296471 0
0.64 7.9699 0.0217884 0
0.64 7.98775 0.0138876 0
0.64 7.99767 0.00597089 0
0.68 -7.99767 0.00597089 0
0.68 -7.98775 0.0138876 0
0.68 -7.9699 0.0217884 0
0.68 -7.94418 0.0296471 0
0.68 -7.91063 0.0374471 0
0.68 -7.86931 0.0451727 0
0.68 -7.82031 0.0528088 0
0.68 -7.76373 0.06034 0
0.68 -7.69967 0.0677513 0
0.68 -7.62827 0.0750282 0
0.68 -7.54967 0.0821562 0
0.68 -7.46401 0.089121 0
0.68 -7.37148 0.0959088 0
0.68 -7.27226 0.102506 0
0.68 -7.16654 0.1089 0
0.68 -7.05453 0.115078 0
0.68 -6.93646 0.121027 0
0.68 -6.81256 0.126736 0
0.68 -6.68307 0.132193 0
0.68 -6.54826 0.137388 0
0.68 -6.40839 0.14231 0
0.68 -6.26373 0.14695 0
0.68 -6.11458 0.151298 0
0.68 -5.96124 0.155345 0
0.68 -5.804 0.159084 0
0.68 -5.64317 0.162507 0
0.68 -5.47909 0.165608 0
0.68 -5.31207 0.16838 0
0.68 -5.14244 0.170817 0
0.68 -4.97055 0.172915 0.0000185344
0.68 -4.79672 0.17467 0.0000399939
0.68 -4.62132 0.176078 0.0000839776
0.68 -4.44468 0.177137 0.000171129
0.68 -4.26716 0.177844 0.000337591
0.68 -4.08911 0.178198 0.000643219
0.68 -3.91089 0.178198 0.00118113
0.68 -3.73284 0.177844 0.00208612
0.68 -3.55532 0.177137 0.00353738
0.68 -3.37868 0.176078 0.00574857
0.68 -3.20328 0.17467 0.00893768
0.68 -3.02945 0.172915 0.0132712
0.68 -2.85756 0.170817 0.0187835
0.68 -2.68793 0.16838 0.0252824
0.68 -2.52091 0.165608 0.0322652
0.68 -2.35683 0.162507 0.0388739
0.68 -2.196 0.159084 0.0439239
0.68 -2.03876 0.155345 0.0460198
0.68 -1.88542 0.151298 0.0437552
0.68 -1.73627 0.14695 0.0359626
0.68 -1.59161 0.14231 0.0219598
0.68 -1.45174 0.137388 0.00173421
0.68 -1.31693 0.132193 -0.0239814
0.68 -1.18744 0.126736 -0.0537602
0.68 -1.06354 0.121027 -0.0856467
0.68 -0.945468 0.115078 -0.117396
0.68 -0.83346 0.1089 -0.146734
0.68 -0.72774 0.102506 -0.171589
0.68 -0.628516 0.0959088 -0.190258
0.68 -0.535985 0.089121 -0.201493
0.68 -0.450333 0.0821562 -0.204532
0.68 -0.371728 0.0750282 -0.199084
0.68 -0.300326 0.0677513 -0.185344
0.68 -0.23627 0.06034 -0.1641
0.68 -0.179686 0.0528088 -0.137011
0.68 -0.130687 0.0451727 -0.107047
0.68 -0.0893704 0.0374471 -0.0787135
0.68 -0.0558178 0.0296471 -0.0568931
0.68 -0.0300958 0.0217884 -0.0434528
0.68 -0.012255 0.0138876 -0.0358403
0.68 -0.00232686 0.00597089 -0.0318104
0.68 0.00232686 0.00597089 -0.0299484
0.68 0.012255 0.0138876 -0.0260161
0.68 0.0300958 0.0217884 -0.0189735
0.68 0.0558178 0.0296471 -0.00882384
0.68 0.0893704 0.0374471 0.00475587
0.68 0.130687 0.0451727 0.0226724
0.68 0.179686 0.0528088 0.0452517
0.68 0.23627 0.06034 0.071067
0.68 0.300326 0.0677513 0.097381
0.68 0.371728 0.0750282 0.121203
0.68 0.450333 0.0821562 0.139994
0.68 0.535985 0.089121 0.151935
0.68 0.628516 0.0959088 0.155994
0.68 0.72774 0.102506 0.151908
0.68 0.83346 0.1089 0.140156
0.68 0.945468 0.115078 0.121898
0.68 1.06354 0.121027 0.0988694
0.68 1.18744 0.126736 0.0732031
0.68 1.31693 0.132193 0.04719
0.68 1.45174 0.137388 0.0230006
0.68 1.59161 0.14231 0.00241498
0.68 1.73627 0.14695 -0.0133883
0.68 1.88542 0.151298 -0.023938
0.68 2.03876 0.155345 -0.02945
0.68 2.196 0.159084 -0.0306905
0.68 2.35683 0.162507 -0.0287613
0.68 2.52091 0.165608 -0.0248627
0.68 2.68793 0.16838 -0.0200879
0.68 2.85756 0.170817 -0.0152869
0.68 3.02945 0.172915 -0.0110122
0.68 3.20328 0.17467 -0.00753603
0.68 3.37868 0.176078 -0.00491273
0.68 3.55532 0.177137 -0.00305793
0.68 3.73284 0.177844 -0.00182131
0.68 3.91089 0.178198 -0.00104012
0.68 4.08911 0.178198 -0.000570729
0.68 4.26716 0.177844 -0.000301555
0.68 4.44468 0.177137 -0.000153773
0.68 4.62132 0.176078 -0.0000758626
0.68 4.79672 0.17467 -0.0000363018
0.68 4.97055 0.172915 -0.0000168958
0.68 5.14244 0.170817 0
0.68 5.31207 0.16838 0
0.68 5.47909 0.165608 0
0.68 5.64317 0.162507 0
0.68 5.804 0.159084 0
0.68 5.96124 0.155345 0
0.68 6.11458 0.151298 0
0.68 6.26373 0.14695 0
0.68 6.40839 0.14231 0
0.68 6.54826 0.137388 0
0.68 6.68307 0.132193 0
0.68 6.81256 0.126736 0
0.68 6.93646 0.121027 0
0.68 7.05453 0.115078 0
0.68 7.16654 0.1089 0
0.68 7.27226 0.102506 0
0.68 7.37148 0.0959088 0
0.68 7.46401 0.089121 0
0.68 7.54967 0.0821562 0
0.68 7.62827 0.0750282 0
0.68 7.69967 0.0677513 0
0.68 7.76373 0.06034 0
0.68 7.82031 0.0528088 0
0.68 7.86931 0.0451727 0
0.68 7.91063 0.0374471 0
0.68 7.94418 0.0296471 0
0.68 7.9699 0.0217884 0
0.68 7.98775 0.0138876 0
0.68 7.99767 0.00597089 0
0.72 -7.99767 0.00597089 0
0.72 -7.98775 0.0138876 0
0.72 -7.9699 0.0217884 0
0.72 -7.94418 0.0296471 0
0.72 -7.91063 0.0374471 0
0.72 -7.86931 0.0451727 0
0.72 -7.82031 0.0528088 0
0.72 -7.76373 0.06034 0
0.72 -7.69967 0.0677513 0
0.72 -7.62827 0.0750282 0
0.72 -7.54967 0.0821562 0
0.72 -7.46401 0.089121 0
0.72 -7.37148 0.0959088 0
0.72 -7.27226 0.102506 0
0.72 -7.16654 0.1089 0
0.72 -7.05453 0.115078 0
0.72 -6.93646 0.121027 0
0.72 -6.81256 0.126736 0
0.72 -6.68307 0.132193 0
0.72 -6.54826 0.137388 0
0.72 -6.40839 0.14231 0
0.72 -6.26373 0.14695 0
0.72 -6.11458 0.151298 0
0.72 -5.96124 0.155345 0
0.72 -5.804 0.159084 0
0.72 -5.64317 0.162507 0
0.72 -5.47909 0.165608 0
0.72 -5.31207 0.16838 0
0.72 -5.14244 0.170817 0
0.72 -4.97055 0.172915 0.0000186641
0.72 -4.79672 0.17467 0.0000402837
0.72 -4.62132 0.176078 0.0000846086
0.72 -4.44468 0.177137 0.000172465
0.72 -4.26716 0.177844 0.000340332
0.72 -4.08911 0.178198 0.000648663
0.72 -3.91089 0.178198 0.00119156
0.72 -3.73284 0.177844 0.0021054
0.72 -3.55532 0.177137 0.00357164
0.72 -3.37868 0.176078 0.00580702
0.72 -3.20328 0.17467 0.00903328
0.72 -3.02945 0.172915 0.0134208
0.72 -2.85756 0.170817 0.019007
0.72 -2.68793 0.16838 0.0256007
0.72 -2.52091 0.165608 0.0326954
0.72 -2.35683 0.162507 0.0394235
0.72 -2.196 0.159084 0.0445822
0.72 -2.03876 0.155345 0.0467489
0.72 -1.88542 0.151298 0.0444814
0.72 -1.73627 0.14695 0.0365699
0.72 -1.59161 0.14231 0.0222869
0.72 -1.45174 0.137388 0.00157598
0.72 -1.31693 0.132193 -0.0248681
0.72 -1.18744 0.126736 -0.0556464
0.72 -1.06354 0.121027 -0.0888193
0.72 -0.945468 0.115078 -0.122144
0.72 -0.83346 0.1089 -0.153336
0.72 -0.72774 0.102506 -0.180301
0.72 -0.628516 0.0959088 -0.201299
0.72 -0.535985 0.089121 -0.215035
0.72 -0.450333 0.0821562 -0.220671
0.72 -0.371728 0.0750282 -0.217802
0.72 -0.300326 0.0677513 -0.20644
0.72 -0.23627 0.06034 -0.187087
0.72 -0.179686 0.0528088 -0.160987
0.72 -0.130687 0.0451727 -0.130637
0.72 -0.0893704 0.0374471 -0.100338
0.72 -0.0558178 0.0296471 -0.0757
0.72 -0.0300958 0.0217884 -0.0602939
0.72 -0.012255 0.0138876 -0.0521492
0.72 -0.00232686 0.00597089 -0.0480229
0.72 0.00232686 0.00597089 -0.046128
0.72 0.012255 0.0138876 -0.0421398
0.72 0.0300958 0.0217884 -0.0350083
0.72 0.0558178 0.0296471 -0.0247625
0.72 0.0893704 0.0374471 -0.0111879
0.72 0.130687 0.0451727 0.00648272
0.72 0.179686 0.0528088 0.0286886
0.72 0.23627 0.06034 0.0543174
0.72 0.300326 0.0677513 0.0808793
0.72 0.371728 0.0750282 0.105462
0.72 0.450333 0.0821562 0.125476
0.72 0.535985 0.089121 0.138994
0.72 0.628516 0.0959088 0.144854
0.72 0.72774 0.102506 0.142672
0.72 0.83346 0.1089 0.132816
0.72 0.945468 0.115078 0.116355
0.72 1.06354 0.121027 0.094951
0.72 1.18744 0.126736 0.0706823
0.72 1.31693 0.132193 0.0458083
0.72 1.45174 0.137388 0.0224897
0.72 1.59161 0.14231 0.00251738
0.72 1.73627 0.14695 -0.0129019
0.72 1.88542 0.151298 -0.0232565
0.72 2.03876 0.155345 -0.0287158
0.72 2.196 0.159084 -0.0299993
0.72 2.35683 0.162507 -0.0281676
0.72 2.52091 0.165608 -0.0243881
0.72 2.68793 0.16838 -0.0197311
0.72 2.85756 0.170817 -0.015033
0.72 3.02945 0.172915 -0.0108405
0.72 3.20328 0.17467 -0.00742527
0.72 3.37868 0.176078 -0.00484447
0.72 3.55532 0.177137 -0.00301765
0.72 3.73284 0.177844 -0.0017985
0.72 3.91089 0.178198 -0.00102771
0.72 4.08911 0.178198 -0.000564227
0.72 4.26716 0.177844 -0.000298266
0.72 4.44468 0.177137 -0.000152165
0.72 4.62132 0.176078 -0.0000751003
0.72 4.79672 0.17467 -0.0000359507
0.72 4.97055 0.172915 -0.0000167382
0.72 5.14244 0.170817 0
0.72 5.31207 0.16838 0
0.72 5.47909 0.165608 0
0.72 5.64317 0.162507 0
0.72 5.804 0.159084 0
0.72 5.96124 0.155345 0
0.72 6.11458 0.151298 0
0.72 6.26373 0.14695 0
0.72 6.40839 0.14231 0
0.72 6.54826 0.137388 0
0.72 6.68307 0.132193 0
0.72 6.81256 0.126736 0
0.72 6.93646 0.121027 0
0.72 7.05453 0.115078 0
0.72 7.16654 0.1089 0
0.72 7.27226 0.102506 0
0.72 7.37148 0.0959088 0
0.72 7.46401 0.089121 0
0.72 7.54967 0.0821562 0
0.72 7.62827 0.0750282 0
0.72 7.69967 0.0677513 0
0.72 7.76373 0.06034 0
0.72 7.82031 0.0528088 0
0.72 7.86931 0.0451727 0
0.72 7.91063 0.0374471 0
0.72 7.94418 0.0296471 0
0.72 7.9699 0.0217884 0
0.72 7.98775 0.0138876 0
0.72 7.99767 0.00597089 0
0.76 -7.99767 0.00597089 0
0.76 -7.98775 0.0138876 0
0.76 -7.9699 0.0217884 0
0.76 -7.94418 0.0296471 0
0.76 -7.91063 0.0374471 0
0.76 -7.86931 0.0451727 0
0.76 -7.82031 0.0528088 0
0.76 -7.76373 0.06034 0
0.76 -7.69967 0.0677513 0
0.76 -7.62827 0.0750282 0
0.76 -7.54967 0.0821562 0
0.76 -7.46401 0.089121 0
0.76 -7.37148 0.0959088 0
0.76 -7.27226 0.102506 0
0.76 -7.16654 0.1089 0
0.76 -7.05453 0.115078 0
0.76 -6.93646 0.121027 0
0.76 -6.81256 0.126736 0
0.76 -6.68307 0.132193 0
0.76 -6.54826 0.137388 0
0.76 -6.40839 0.14231 0
0.76 -6.26373 0.14695 0
0.76 -6.11458 0.151298 0
0.76 -5.96124 0.155345 0
0.76 -5.804 0.159084 0
0.76 -5.64317 0.162507 0
0.76 -5.47909 0.165608 0
0.76 -5.31207 0.16838 0
0.76 -5.14244 0.170817 0
0.76 -4.97055 0.172915 0.0000187907
0.76 -4.79672 0.17467 0.0000405668
0.76 -4.62132 0.176078 0.0000852252
0.76 -4.44468 0.177137 0.00017377
0.76 -4.26716 0.177844 0.000343014
0.76 -4.08911 0.178198 0.00065399
0.76 -3.91089 0.178198 0.00120178
0.76 -3.73284 0.177844 0.00212429
0.76 -3.55532 0.177137 0.00360523
0.76 -3.37868 0.176078 0.00586438
0.76 -3.20328 0.17467 0.00912717
0.76 -3.02945 0.172915 0.0135679
0.76 -2.85756 0.170817 0.0192272
0.76 -2.68793 0.16838 0.0259146
0.76 -2.52091 0.165608 0.0331205
0.76 -2.35683 0.162507 0.0399679
0.76 -2.196 0.159084 0.0452363
0.76 -2.03876 0.155345 0.0474768
0.76 -1.88542 0.151298 0.0452122
0.76 -1.73627 0.14695 0.0371908
0.76 -1.59161 0.14231 0.0226401
0.76 -1.45174 0.137388 0.00145958
0.76 -1.31693 0.132193 -0.0256946
0.76 -1.18744 0.126736 -0.0574535
0.76 -1.06354 0.121027 -0.0918959
0.76 -0.945468 0.115078 -0.126786
0.76 -0.83346 0.1089 -0.159833
0.76 -0.72774 0.102506 -0.188929
0.76 -0.628516 0.0959088 -0.21231
0.76 -0.535985 0.089121 -0.228642
0.76 -0.450333 0.0821562 -0.237032
0.76 -0.371728 0.0750282 -0.236982
0.76 -0.300326 0.0677513 -0.228346
0.76 -0.23627 0.06034 -0.211349
0.76 -0.179686 0.0528088 -0.186792
0.76 -0.130687 0.0451727 -0.156561
0.76 -0.0893704 0.0374471 -0.124441
0.76 -0.0558178 0.0296471 -0.0964104
0.76 -0.0300958 0.0217884 -0.0780124
0.76 -0.012255 0.0138876 -0.0688424
0.76 -0.00232686 0.00597089 -0.0645654
0.76 0.00232686 0.00597089 -0.0626263
0.76 0.012255 0.0138876 -0.0585631
0.76 0.0300958 0.0217884 -0.0513113
0.76 0.0558178 0.0296471 -0.040925
0.76 0.0893704 0.0374471 -0.0272754
0.76 0.130687 0.0451727 -0.00972942
0.76 0.179686 0.0528088 0.0122134
0.76 0.23627 0.06034 0.03771
0.76 0.300326 0.0677513 0.0645165
0.76 0.371728 0.0750282 0.0898212
0.76 0.450333 0.0821562 0.111007
0.76 0.535985 0.089121 0.126053
0.76 0.628516 0.0959088 0.133676
0.76 0.72774 0.102506 0.133373
0.76 0.83346 0.1089 0.125401
0.76 0.945468 0.115078 0.110736
0.76 1.06354 0.121027 0.0909624
0.76 1.18744 0.126736 0.0681023
0.76 1.31693 0.132193 0.0443806
0.76 1.45174 0.137388 0.0219462
0.76 1.59161 0.14231 0.00259924
0.76 1.73627 0.14695 -0.0124263
0.76 1.88542 0.151298 -0.0225786
0.76 2.03876 0.155345 -0.0279804
0.76 2.196 0.159084 -0.0293045
0.76 2.35683 0.162507 -0.0275693
0.76 2.52091 0.165608 -0.023909
0.76 2.68793 0.16838 -0.0193704
0.76 2.85756 0.170817 -0.014776
0.76 3.02945 0.172915 -0.0106664
0.76 3.20328 0.17467 -0.00731297
0.76 3.37868 0.176078 -0.00477522
0.76 3.55532 0.177137 -0.00297676
0.76 3.73284 0.177844 -0.00177534
0.76 3.91089 0.178198 -0.0010151
0.76 4.08911 0.178198 -0.000557616
0.76 4.26716 0.177844 -0.000294922
0.76 4.44468 0.177137 -0.000150529
0.76 4.62132 0.176078 -0.0000743246
0.76 4.79672 0.17467 -0.0000355933
0.76 4.97055 0.172915 -0.0000165778
0.76 5.14244 0.170817 0
0.76 5.31207 0.16838 0
0.76 5.47909 0.165608 0
0.76 5.64317 0.162507 0
0.76 5.804 0.159084 0
0.76 5.96124 0.155345 0
0.76 6.11458 0.151298 0
0.76 6.26373 0.14695 0
0.76 6.40839 0.14231 0
0.76 6.54826 0.137388 0
0.76 6.68307 0.132193 0
0.76 6.81256 0.126736 0
0.76 6.93646 0.121027 0
0.76 7.05453 0.115078 0
0.76 7.16654 0.1089 0
0.76 7.27226 0.102506 0
0.76 7.37148 0.0959088 0
0.76 7.46401 0.089121 0
0.76 7.54967 0.0821562 0
0.76 7.62827 0.0750282 0
0.76 7.69967 0.0677513 0
0.76 7.76373 0.06034 0
0.76 7.82031 0.0528088 0
0.76 7.86931 0.0451727 0
0.76 7.91063 0.0374471 0
0.76 7.94418 0.0296471 0
0.76 7.9699 0.0217884 0
0.76 7.98775 0.0138876 0
0.76 7.99767 0.00597089 0
0.8 -7.99767 0.00597089 0
0.8 -7.98775 0.0138876 0
0.8 -7.9699 0.0217884 0
0.8 -7.94418 0.0296471 0
0.8 -7.91063 0.0374471 0
0.8 -7.86931 0.0451727 0
0.8 -7.82031 0.0528088 0
0.8 -7.76373 0.06034 0
0.8 -7.69967 0.0677513 0
0.8 -7.62827 0.0750282 0
0.8 -7.54967 0.0821562 0
0.8 -7.46401 0.089121 0
0.8 -7.37148 0.0959088 0
0.8 -7.27226 0.102506 0
0.8 -7.16654 0.1089 0
0.8 -7.05453 0.115078 0
0.8 -6.93646 0.121027 0
0.8 -6.81256 0.126736 0
0.8 -6.68307 0.132193 0
0.8 -6.54826 0.137388 0
0.8 -6.40839 0.14231 0
0.8 -6.26373 0.14695 0
0.8 -6.11458 0.151298 0
0.8 -5.96124 0.155345 0
0.8 -5.804 0.159084 0
0.8 -5.64317 0.162507 0
0.8 -5.47909 0.165608 0
0.8 -5.31207 0.16838 0
0.8 -5.14244 0.170817 0
0.8 -4.97055 0.172915 0.0000189143
0.8 -4.79672 0.17467 0.0000408429
0.8 -4.62132 0.176078 0.0000858271
0.8 -4.44468 0.177137 0.000175045
0.8 -4.26716 0.177844 0.000345633
0.8 -4.08911 0.178198 0.000659197
0.8 -3.91089 0.178198 0.00121178
0.8 -3.73284 0.177844 0.00214278
0.8 -3.55532 0.177137 0.00363813
0.8 -3.37868 0.176078 0.0059206
0.8 -3.20328 0.17467 0.00921929
0.8 -3.02945 0.172915 0.0137124
0.8 -2.85756 0.170817 0.0194436
0.8 -2.68793 0.16838 0.0262238
0.8 -2.52091 0.165608 0.0335401
0.8 -2.35683 0.162507 0.0405066
0.8 -2.196 0.159084 0.045886
0.8 -2.03876 0.155345 0.0482034
0.8 -1.88542 0.151298 0.0459475
0.8 -1.73627 0.14695 0.0378254
0.8 -1.59161 0.14231 0.0230202
0.8 -1.45174 0.137388 0.00138703
0.8 -1.31693 0.132193 -0.0264575
0.8 -1.18744 0.126736 -0.059176
0.8 -1.06354 0.121027 -0.0948686
0.8 -0.945468 0.115078 -0.13131
0.8 -0.83346 0.1089 -0.166212
0.8 -0.72774 0.102506 -0.197459
0.8 -0.628516 0.0959088 -0.223272
0.8 -0.535985 0.089121 -0.242299
0.8 -0.450333 0.0821562 -0.253611
0.8 -0.371728 0.0750282 -0.256645
0.8 -0.300326 0.0677513 -0.25113
0.8 -0.23627 0.06034 -0.23705
0.8 -0.179686 0.0528088 -0.214763
0.8 -0.130687 0.0451727 -0.185437
0.8 -0.0893704 0.0374471 -0.15199
0.8 -0.0558178 0.0296471 -0.120157
0.8 -0.0300958 0.0217884 -0.0973453
0.8 -0.012255 0.0138876 -0.0861183
0.8 -0.00232686 0.00597089 -0.0815496
0.8 0.00232686 0.00597089 -0.0795508
0.8 0.012255 0.0138876 -0.0753876
0.8 0.0300958 0.0217884 -0.0679763
0.8 0.0558178 0.0296471 -0.0573981
0.8 0.0893704 0.0374471 -0.0435952
0.8 0.130687 0.0451727 -0.0260588
0.8 0.179686 0.0528088 -0.0042668
0.8 0.23627 0.06034 0.0211642
0.8 0.300326 0.0677513 0.0482291
0.8 0.371728 0.0750282 0.074233
0.8 0.450333 0.0821562 0.0965532
0.8 0.535985 0.089121 0.113088
0.8 0.628516 0.0959088 0.122443
0.8 0.72774 0.102506 0.123999
0.8 0.83346 0.1089 0.117904
0.8 0.945468 0.115078 0.105036
0.8 1.06354 0.121027 0.0869003
0.8 1.18744 0.126736 0.0654612
0.8 1.31693 0.132193 0.042906
0.8 1.45174 0.137388 0.0213698
0.8 1.59161 0.14231 0.00266055
0.8 1.73627 0.14695 -0.0119612
0.8 1.88542 0.151298 -0.021904
0.8 2.03876 0.155345 -0.0272437
0.8 2.196 0.159084 -0.0286057
0.8 2.35683 0.162507 -0.0269661
0.8 2.52091 0.165608 -0.0234251
0.8 2.68793 0.16838 -0.0190056
0.8 2.85756 0.170817 -0.0145158
0.8 3.02945 0.172915 -0.0104901
0.8 3.20328 0.17467 -0.00719907
0.8 3.37868 0.176078 -0.00470493
0.8 3.55532 0.177137 -0.00293524
0.8 3.73284 0.177844 -0.00175181
0.8 3.91089 0.178198 -0.00100228
0.8 4.08911 0.178198 -0.000550894
0.8 4.26716 0.177844 -0.000291521
0.8 4.44468 0.177137 -0.000148865
0.8 4.62132 0.176078 -0.000073535
0.8 4.79672 0.17467 -0.0000352294
0.8 4.97055 0.172915 -0.0000164144
0.8 5.14244 0.170817 0
0.8 5.31207 0.16838 0
0.8 5.47909 0.165608 0
0.8 5.64317 0.162507 0
0.8 5.804 0.159084 0
0.8 5.96124 0.155345 0
0.8 6.11458 0.151298 0
0.8 6.26373 0.14695 0
0.8 6.40839 0.14231 0
0.8 6.54826 0.137388 0
0.8 6.68307 0.132193 0
0.8 6.81256 0.126736 0
0.8 6.93646 0.121027 0
0.8 7.05453 0.115078 0
0.8 7.16654 0.1089 0
0.8 7.27226 0.102506 0
0.8 7.37148 0.0959088 0
0.8 7.46401 0.089121 0
0.8 7.54967 0.0821562 0
0.8 7.62827 0.0750282 0
0.8 7.69967 0.0677513 0
0.8 7.76373 0.06034 0
0.8 7.82031 0.0528088 0
0.8 7.86931 0.0451727 0
0.8 7.91063 0.0374471 0
0.8 7.94418 0.0296471 0
0.8 7.9699 0.0217884 0
0.8 7.98775 0.0138876 0
0.8 7.99767 0.00597089 0
0.84 -7.99767 0.00597089 0
0.84 -7.98775 0.0138876 0
0.84 -7.9699 0.0217884 0
0.84 -7.94418 0.0296471 0
0.84 -7.91063 0.0374471 0
0.84 -7.86931 0.0451727 0
0.84 -7.82031 0.0528088 0
0.84 -7.76373 0.06034 0
0.84 -7.69967 0.0677513 0
0.84 -7.62827 0.0750282 0
0.84 -7.54967 0.0821562 0
0.84 -7.46401 0.089121 0
0.84 -7.37148 0.0959088 0
0.84 -7.27226 0.102506 0
0.84 -7.16654 0.1089 0
0.84 -7.05453 0.115078 0
0.84 -6.93646 0.121027 0
0.84 -6.81256 0.126736 0
0.84 -6.68307 0.132193 0
0.84 -6.54826 0.137388 0
0.84 -6.40839 0.14231 0
0.84 -6.26373 0.14695 0
0.84 -6.11458 0.151298 0
0.84 -5.96124 0.155345 0
0.84 -5.804 0.159084 0
0.84 -5.64317 0.162507 0
0.84 -5.47909 0.165608 0
0.84 -5.31207 0.16838 0
0.84 -5.14244 0.170817 0
0.84 -4.97055 0.172915 0.0000190345
0.84 -4.79672 0.17467 0.0000411119
0.84 -4.62132 0.176078 0.0000864135
0.84 -4.44468 0.177137 0.000176288
0.84 -4.26716 0.177844 0.000348188
0.84 -4.08911 0.178198 0.000664277
0.84 -3.91089 0.178198 0.00122153
0.84 -3.73284 0.177844 0.00216084
0.84 -3.55532 0.177137 0.00367029
0.84 -3.37868 0.176078 0.00597561
0.84 -3.20328 0.17467 0.00930952
0.84 -3.02945 0.172915 0.0138541
0.84 -2.85756 0.170817 0.0196563
0.84 -2.68793 0.16838 0.026528
0.84 -2.52091 0.165608 0.0339539
0.84 -2.35683 0.162507 0.0410393
0.84 -2.196 0.159084 0.0465306
0.84 -2.03876 0.155345 0.0489282
0.84 -1.88542 0.151298 0.046687
0.84 -1.73627 0.14695 0.0384742
0.84 -1.59161 0.14231 0.0234284
0.84 -1.45174 0.137388 0.00136072
0.84 -1.31693 0.132193 -0.0271526
0.84 -1.18744 0.126736 -0.0608073
0.84 -1.06354 0.121027 -0.0977279
0.84 -0.945468 0.115078 -0.135704
0.84 -0.83346 0.1089 -0.172456
0.84 -0.72774 0.102506 -0.205869
0.84 -0.628516 0.0959088 -0.234164
0.84 -0.535985 0.089121 -0.255986
0.84 -0.450333 0.0821562 -0.270395
0.84 -0.371728 0.0750282 -0.276801
0.84 -0.300326 0.0677513 -0.274857
0.84 -0.23627 0.06034 -0.264365
0.84 -0.179686 0.0528088 -0.245288
0.84 -0.130687 0.0451727 -0.218038
0.84 -0.0893704 0.0374471 -0.184335
0.84 -0.0558178 0.0296471 -0.148808
0.84 -0.0300958 0.0217884 -0.119864
0.84 -0.012255 0.0138876 -0.104468
0.84 -0.00232686 0.00597089 -0.0991357
0.84 0.00232686 0.00597089 -0.0970523
0.84 0.012255 0.0138876 -0.0927546
0.84 0.0300958 0.0217884 -0.0851307
0.84 0.0558178 0.0296471 -0.0742962
0.84 0.0893704 0.0374471 -0.0602555
0.84 0.130687 0.0451727 -0.0426134
0.84 0.179686 0.0528088 -0.020855
0.84 0.23627 0.06034 0.00459018
0.84 0.300326 0.0677513 0.0319442
0.84 0.371728 0.0750282 0.0586415
0.84 0.450333 0.0821562 0.082072
0.84 0.535985 0.089121 0.100068
0.84 0.628516 0.0959088 0.111134
0.84 0.72774 0.102506 0.114536
0.84 0.83346 0.1089 0.110313
0.84 0.945468 0.115078 0.0992464
0.84 1.06354 0.121027 0.0827599
0.84 1.18744 0.126736 0.0627558
0.84 1.31693 0.132193 0.0413826
0.84 1.45174 0.137388 0.0207595
0.84 1.59161 0.14231 0.00270112
0.84 1.73627 0.14695 -0.0115065
0.84 1.88542 0.151298 -0.0212322
0.84 2.03876 0.155345 -0.026505
0.84 2.196 0.159084 -0.0279024
0.84 2.35683 0.162507 -0.0263576
0.84 2.52091 0.165608 -0.0229361
0.84 2.68793 0.16838 -0.0186364
0.84 2.85756 0.170817 -0.0142521
0.84 3.02945 0.172915 -0.0103113
0.84 3.20328 0.17467 -0.00708349
0.84 3.37868 0.176078 -0.00463356
0.84 3.55532 0.177137 -0.00289305
0.84 3.73284 0.177844 -0.00172789
0.84 3.91089 0.178198 -0.000989249
0.84 4.08911 0.178198 -0.000544056
0.84 4.26716 0.177844 -0.000288059
0.84 4.44468 0.177137 -0.00014717
0.84 4.62132 0.176078 -0.0000727311
0.84 4.79672 0.17467 -0.0000348588
0.84 4.97055 0.172915 -0.0000162479
0.84 5.14244 0.170817 0
0.84 5.31207 0.16838 0
0.84 5.47909 0.165608 0
0.84 5.64317 0.162507 0
0.84 5.804 0.159084 0
0.84 5.96124 0.155345 0
0.84 6.11458 0.151298 0
0.84 6.26373 0.14695 0
0.84 6.40839 0.14231 0
0.84 6.54826 0.137388 0
0.84 6.68307 0.132193 0
0.84 6.81256 0.126736 0
0.84 6.93646 0.121027 0
0.84 7.05453 0.115078 0
0.84 7.16654 0.1089 0
0.84 7.27226 0.102506 0
0.84 7.37148 0.0959088 0
0.84 7.46401 0.089121 0
0.84 7.54967 0.0821562 0
0.84 7.62827 0.0750282 0
0.84 7.69967 0.0677513 0
0.84 7.76373 0.06034 0
0.84 7.82031 0.0528088 0
0.84 7.86931 0.0451727 0
0.84 7.91063 0.0374471 0
0.84 7.94418 0.0296471 0
0.84 7.9699 0.0217884 0
0.84 7.98775 0.0138876 0
0.84 7.99767 0.00597089 0
0.88 -7.99767 0.00597089 0
0.88 -7.98775 0.0138876 0
0.88 -7.9699 0.0217884 0
0.88 -7.94418 0.0296471 0
0.88 -7.91063 0.0374471 0
0.88 -7.86931 0.0451727 0
0.88 -7.82031 0.0528088 0
0.88 -7.76373 0.06034 0
0.88 -7.69967 0.0677513 0
0.88 -7.62827 0.0750282 0
0.88 -7.54967 0.0821562 0
0.88 -7.46401 0.089121 0
0.88 -7.37148 0.0959088 0
0.88 -7.27226 0.102506 0
0.88 -7.16654 0.1089 0
0.88 -7.05453 0.115078 0
0.88 -6.93646 0.121027 0
0.88 -6.81256 0.126736 0
0.88 -6.68307 0.132193 0
0.88 -6.54826 0.137388 0
0.88 -6.40839 0.14231 0
0.88 -6.26373 0.14695 0
0.88 -6.11458 0.151298 0
0.88 -5.96124 0.155345 0
0.88 -5.804 0.159084 0
0.88 -5.64317 0.162507 0
0.88 -5.47909 0.165608 0
0.88 -5.31207 0.16838 0
0.88 -5.14244 0.170817 0
0.88 -4.97055 0.172915 0.0000191514
0.88 -4.79672 0.17467 0.0000413733
0.88 -4.62132 0.176078 0.0000869835
0.88 -4.44468 0.177137 0.000177497
0.88 -4.26716 0.177844 0.000350673
0.88 -4.08911 0.178198 0.000669224
0.88 -3.91089 0.178198 0.00123104
0.88 -3.73284 0.177844 0.00217845
0.88 -3.55532 0.177137 0.00370167
0.88 -3.37868 0.176078 0.00602934
0.88 -3.20328 0.17467 0.00939775
0.88 -3.02945 0.172915 0.0139928
0.88 -2.85756 0.170817 0.0198647
0.88 -2.68793 0.16838 0.0268268
0.88 -2.52091 0.165608 0.0343612
0.88 -2.35683 0.162507 0.0415651
0.88 -2.196 0.159084 0.0471695
0.88 -2.03876 0.155345 0.0496505
0.88 -1.88542 0.151298 0.0474305
0.88 -1.73627 0.14695 0.0391373
0.88 -1.59161 0.14231 0.023866
0.88 -1.45174 0.137388 0.00138354
0.88 -1.31693 0.132193 -0.0277747
0.88 -1.18744 0.126736 -0.0623393
0.88 -1.06354 0.121027 -0.100462
0.88 -0.945468 0.115078 -0.139952
0.88 -0.83346 0.1089 -0.178543
0.88 -0.72774 0.102506 -0.214133
0.88 -0.628516 0.0959088 -0.244955
0.88 -0.535985 0.089121 -0.269669
0.88 -0.450333 0.0821562 -0.287358
0.88 -0.371728 0.0750282 -0.297447
0.88 -0.300326 0.0677513 -0.29958
0.88 -0.23627 0.06034 -0.293473
0.88 -0.179686 0.0528088 -0.278811
0.88 -0.130687 0.0451727 -0.255327
0.88 -0.0893704 0.0374471 -0.22336
0.88 -0.0558178 0.0296471 -0.185458
0.88 -0.0300958 0.0217884 -0.149025
0.88 -0.012255 0.0138876 -0.125485
0.88 -0.00232686 0.00597089 -0.117601
0.88 0.00232686 0.00597089 -0.11536
0.88 0.012255 0.0138876 -0.110876
0.88 0.0300958 0.0217884 -0.102963
0.88 0.0558178 0.0296471 -0.0917835
0.88 0.0893704 0.0374471 -0.0774031
0.88 0.130687 0.0451727 -0.0595302
0.88 0.179686 0.0528088 -0.0376771
0.88 0.23627 0.06034 -0.0121217
0.88 0.300326 0.0677513 0.0155719
0.88 0.371728 0.0750282 0.0429761
0.88 0.450333 0.0821562 0.0675094
0.88 0.535985 0.089121 0.0869526
0.88 0.628516 0.0959088 0.0997173
0.88 0.72774 0.102506 0.10496
0.88 0.83346 0.1089 0.102612
0.88 0.945468 0.115078 0.0933564
0.88 1.06354 0.121027 0.0785331
0.88 1.18744 0.126736 0.0599811
0.88 1.31693 0.132193 0.0398075
0.88 1.45174 0.137388 0.020114
0.88 1.59161 0.14231 0.00272045
0.88 1.73627 0.14695 -0.011062
0.88 1.88542 0.151298 -0.0205628
0.88 2.03876 0.155345 -0.0257637
0.88 2.196 0.159084 -0.027194
0.88 2.35683 0.162507 -0.0257431
0.88 2.52091 0.165608 -0.0224413
0.88 2.68793 0.16838 -0.0182624
0.88 2.85756 0.170817 -0.0139848
0.88 3.02945 0.172915 -0.0101298
0.88 3.20328 0.17467 -0.00696611
0.88 3.37868 0.176078 -0.00456104
0.88 3.55532 0.177137 -0.00285016
0.88 3.73284 0.177844 -0.00170356
0.88 3.91089 0.178198 -0.000975985
0.88 4.08911 0.178198 -0.000537095
0.88 4.26716 0.177844 -0.000284534
0.88 4.44468 0.177137 -0.000145444
0.88 4.62132 0.176078 -0.000071912
0.88 4.79672 0.17467 -0.000034481
0.88 4.97055 0.172915 -0.0000160782
0.88 5.14244 0.170817 0
0.88 5.31207 0.16838 0
0.88 5.47909 0.165608 0
0.88 5.64317 0.162507 0
0.88 5.804 0.159084 0
0.88 5.96124 0.155345 0
0.88 6.11458 0.151298 0
0.88 6.26373 0.14695 0
0.88 6.40839 0.14231 0
0.88 6.54826 0.137388 0
0.88 6.68307 0.132193 0
0.88 6.81256 0.126736 0
0.88 6.93646 0.121027 0
0.88 7.05453 0.115078 0
0.88 7.16654 0.1089 0
0.88 7.27226 0.102506 0
0.88 7.37148 0.0959088 0
0.88 7.46401 0.089121 0
0.88 7.54967 0.0821562 0
0.88 7.62827 0.0750282 0
0.88 7.69967 0.0677513 0
0.88 7.76373 0.06034 0
0.88 7.82031 0.0528088 0
0.88 7.86931 0.0451727 0
0.88 7.91063 0.0374471 0
0.88 7.94418 0.0296471 0
0.88 7.9699 0.0217884 0
0.88 7.98775 0.0138876 0
0.88 7.99767 0.00597089 0
0.92 -7.99767 0.00597089 0
0.92 -7.98775 0.0138876 0
0.92 -7.9699 0.0217884 0
0.92 -7.94418 0.0296471 0
0.92 -7.91063 0.0374471 0
0.92 -7.86931 0.0451727 0
0.92 -7.82031 0.0528088 0
0.92 -7.76373 0.06034 0
0.92 -7.69967 0.0677513 0
0.92 -7.62827 0.0750282 0
0.92 -7.54967 0.0821562 0
0.92 -7.46401 0.089121 0
0.92 -7.37148 0.0959088 0
0.92 -7.27226 0.102506 0
0.92 -7.16654 0.1089 0
0.92 -7.05453 0.115078 0
0.92 -6.93646 0.121027 0
0.92 -6.81256 0.126736 0
0.92 -6.68307 0.132193 0
0.92 -6.54826 0.137388 0
0.92 -6.40839 0.14231 0
0.92 -6.26373 0.14695 0
0.92 -6.11458 0.151298 0
0.92 -5.96124 0.155345 0
0.92 -5.804 0.159084 0
0.92 -5.64317 0.162507 0
0.92 -5.47909 0.165608 0
0.92 -5.31207 0.16838 0
0.92 -5.14244 0.170817 0
0.92 -4.97055 0.172915 0.0000192645
0.92 -4.79672 0.17467 0.0000416266
0.92 -4.62132 0.176078 0.0000875362
0.92 -4.44468 0.177137 0.000178669
0.92 -4.26716 0.177844 0.000353085
0.92 -4.08911 0.178198 0.000674027
0.92 -3.91089 0.178198 0.00124027
0.92 -3.73284 0.177844 0.00219557
0.92 -3.55532 0.177137 0.00373221
0.92 -3.37868 0.176078 0.00608168
0.92 -3.20328 0.17467 0.0094838
0.92 -3.02945 0.172915 0.0141283
0.92 -2.85756 0.170817 0.0200686
0.92 -2.68793 0.16838 0.0271196
0.92 -2.52091 0.165608 0.0347613
0.92 -2.35683 0.162507 0.0420834
0.92 -2.196 0.159084 0.0478018
0.92 -2.03876 0.155345 0.0503695
0.92 -1.88542 0.151298 0.0481775
0.92 -1.73627 0.14695 0.0398151
0.92 -1.59161 0.14231 0.0243345
0.92 -1.45174 0.137388 0.0014591
0.92 -1.31693 0.132193 -0.0283173
0.92 -1.18744 0.126736 -0.0637615
0.92 -1.06354 0.121027 -0.103055
0.92 -0.945468 0.115078 -0.144031
0.92 -0.83346 0.1089 -0.184445
0.92 -0.72774 0.102506 -0.222214
0.92 -0.628516 0.0959088 -0.255601
0.92 -0.535985 0.089121 -0.283302
0.92 -0.450333 0.0821562 -0.304455
0.92 -0.371728 0.0750282 -0.318557
0.92 -0.300326 0.0677513 -0.32533
0.92 -0.23627 0.06034 -0.324543
0.92 -0.179686 0.0528088 -0.315819
0.92 -0.130687 0.0451727 -0.298492
0.92 -0.0893704 0.0374471 -0.271693
0.92 -0.0558178 0.0296471 -0.235254
0.92 -0.0300958 0.0217884 -0.192568
0.92 -0.012255 0.0138876 -0.1552
0.92 -0.00232686 0.00597089 -0.137962
0.92 0.00232686 0.00597089 -0.134868
0.92 0.012255 0.0138876 -0.130111
0.92 0.0300958 0.0217884 -0.121784
0.92 0.0558178 0.0296471 -0.110123
0.92 0.0893704 0.0374471 -0.0952632
0.92 0.130687 0.0451727 -0.0770071
0.92 0.179686 0.0528088 -0.0549077
0.92 0.23627 0.06034 -0.0291209
0.92 0.300326 0.0677513 -0.00101119
0.92 0.371728 0.0750282 0.0271376
0.92 0.450333 0.0821562 0.0527875
0.92 0.535985 0.089121 0.0736816
0.92 0.628516 0.0959088 0.0881472
0.92 0.72774 0.102506 0.0952367
0.92 0.83346 0.1089 0.0947758
0.92 0.945468 0.115078 0.0873473
0.92 1.06354 0.121027 0.0742073
0.92 1.18744 0.126736 0.0571287
0.92 1.31693 0.132193 0.0381757
0.92 1.45174 0.137388 0.0194306
0.92 1.59161 0.14231 0.0027176
0.92 1.73627 0.14695 -0.0106276
0.92 1.88542 0.151298 -0.019895
0.92 2.03876 0.155345 -0.0250189
0.92 2.196 0.159084 -0.0264794
0.92 2.35683 0.162507 -0.0251217
0.92 2.52091 0.165608 -0.0219402
0.92 2.68793 0.16838 -0.0178831
0.92 2.85756 0.170817 -0.0137134
0.92 3.02945 0.172915 -0.00994541
0.92 3.20328 0.17467 -0.00684674
0.92 3.37868 0.176078 -0.00448724
0.92 3.55532 0.177137 -0.00280649
0.92 3.73284 0.177844 -0.00167877
0.92 3.91089 0.178198 -0.000962469
0.92 4.08911 0.178198 -0.000529998
0.92 4.26716 0.177844 -0.000280939
0.92 4.44468 0.177137 -0.000143683
0.92 4.62132 0.176078 -0.0000710762
0.92 4.79672 0.17467 -0.0000340956
0.92 4.97055 0.172915 -0.000015905
0.92 5.14244 0.170817 0
0.92 5.31207 0.16838 0
0.92 5.47909 0.165608 0
0.92 5.64317 0.162507 0
0.92 5.804 0.159084 0
0.92 5.96124 0.155345 0
0.92 6.11458 0.151298 0
0.92 6.26373 0.14695 0
0.92 6.40839 0.14231 0
0.92 6.54826 0.137388 0
0.92 6.68307 0.132193 0
0.92 6.81256 0.126736 0
0.92 6.93646 0.121027 0
0.92 7.05453 0.115078 0
0.92 7.16654 0.1089 0
0.92 7.27226 0.102506 0
0.92 7.37148 0.0959088 0
0.92 7.46401 0.089121 0
0.92 7.54967 0.0821562 0
0.92 7.62827 0.0750282 0
0.92 7.69967 0.0677513 0
0.92 7.76373 0.06034 0
0.92 7.82031 0.0528088 0
0.92 7.86931 0.0451727 0
0.92 7.91063 0.0374471 0
0.92 7.94418 0.0296471 0
0.92 7.9699 0.0217884 0
0.92 7.98775 0.0138876 0
0.92 7.99767 0.00597089 0
0.96 -7.99767 0.00597089 0
0.96 -7.98775 0.0138876 0
0.96 -7.9699 0.0217884 0
0.96 -7.94418 0.0296471 0
0.96 -7.91063 0.0374471 0
0.96 -7.86931 0.0451727 0
0.96 -7.82031 0.0528088 0
0.96 -7.76373 0.06034 0
0.96 -7.69967 0.0677513 0
0.96 -7.62827 0.0750282 0
0.96 -7.54967 0.0821562 0
0.96 -7.46401 0.089121 0
0.96 -7.37148 0.0959088 0
0.96 -7.27226 0.102506 0
0.96 -7.16654 0.1089 0
0.96 -7.05453 0.115078 0
0.96 -6.93646 0.121027 0
0.96 -6.81256 0.126736 0
0.96 -6.68307 0.132193 0
0.96 -6.54826 0.137388 0
0.96 -6.40839 0.14231 0
0.96 -6.26373 0.14695 0
0.96 -6.11458 0.151298 0
0.96 -5.96124 0.155345 0
0.96 -5.804 0.159084 0
0.96 -5.64317 0.162507 0
0.96 -5.47909 0.165608 0
0.96 -5.31207 0.16838 0
0.96 -5.14244 0.170817 0
0.96 -4.97055 0.172915 0.0000193737
0.96 -4.79672 0.17467 0.000041871
0.96 -4.62132 0.176078 0.0000880696
0.96 -4.44468 0.177137 0.000179802
0.96 -4.26716 0.177844 0.000355416
0.96 -4.08911 0.178198 0.000678671
0.96 -3.91089 0.178198 0.00124921
0.96 -3.73284 0.177844 0.00221215
0.96 -3.55532 0.177137 0.00376182
0.96 -3.37868 0.176078 0.00613248
0.96 -3.20328 0.17467 0.00956741
0.96 -3.02945 0.172915 0.0142601
0.96 -2.85756 0.170817 0.0202674
0.96 -2.68793 0.16838 0.0274057
0.96 -2.52091 0.165608 0.0351533
0.96 -2.35683 0.162507 0.0425928
0.96 -2.196 0.159084 0.0484261
0.96 -2.03876 0.155345 0.0510839
0.96 -1.88542 0.151298 0.0489272
0.96 -1.73627 0.14695 0.0405077
0.96 -1.59161 0.14231 0.0248361
0.96 -1.45174 0.137388 0.00159222
0.96 -1.31693 0.132193 -0.0287715
0.96 -1.18744 0.126736 -0.0650595
0.96 -1.06354 0.121027 -0.105486
0.96 -0.945468 0.115078 -0.147913
0.96 -0.83346 0.1089 -0.190121
0.96 -0.72774 0.102506 -0.230061
0.96 -0.628516 0.0959088 -0.266037
0.96 -0.535985 0.089121 -0.29681
0.96 -0.450333 0.0821562 -0.321608
0.96 -0.371728 0.0750282 -0.340065
0.96 -0.300326 0.0677513 -0.352094
0.96 -0.23627 0.06034 -0.357712
0.96 -0.179686 0.0528088 -0.356826
0.96 -0.130687 0.0451727 -0.348962
0.96 -0.0893704 0.0374471 -0.332957
0.96 -0.0558178 0.0296471 -0.306743
0.96 -0.0300958 0.0217884 -0.267984
0.96 -0.012255 0.0138876 -0.218011
0.96 -0.00232686 0.00597089 -0.1718
0.96 0.00232686 0.00597089 -0.156395
0.96 0.012255 0.0138876 -0.151189
0.96 0.0300958 0.0217884 -0.142207
0.96 0.0558178 0.0296471 -0.129821
0.96 0.0893704 0.0374471 -0.114251
0.96 0.130687 0.0451727 -0.0953909
0.96 0.179686 0.0528088 -0.0728393
0.96 0.23627 0.06034 -0.0466519
0.96 0.300326 0.0677513 -0.0180062
0.96 0.371728 0.0750282 0.0109634
0.96 0.450333 0.0821562 0.0377766
0.96 0.535985 0.089121 0.0601526
0.96 0.628516 0.0959088 0.0763442
0.96 0.72774 0.102506 0.0853055
0.96 0.83346 0.1089 0.0867581
0.96 0.945468 0.115078 0.0811858
0.96 1.06354 0.121027 0.0697588
0.96 1.18744 0.126736 0.054183
0.96 1.31693 0.132193 0.0364774
0.96 1.45174 0.137388 0.0187041
0.96 1.59161 0.14231 0.00269063
0.96 1.73627 0.14695 -0.0102031
0.96 1.88542 0.151298 -0.0192276
0.96 2.03876 0.155345 -0.0242687
0.96 2.196 0.159084 -0.0257569
0.96 2.35683 0.162507 -0.0244918
0.96 2.52091 0.165608 -0.0214313
0.96 2.68793 0.16838 -0.0174973
0.96 2.85756 0.170817 -0.0134372
0.96 3.02945 0.172915 -0.00975754
0.96 3.20328 0.17467 -0.00672504
0.96 3.37868 0.176078 -0.00441196
0.96 3.55532 0.177137 -0.00276192
0.96 3.73284 0.177844 -0.00165347
0.96 3.91089 0.178198 -0.000948664
0.96 4.08911 0.178198 -0.000522748
0.96 4.26716 0.177844 -0.000277265
0.96 4.44468 0.177137 -0.000141883
0.96 4.62132 0.176078 -0.0000702216
0.96 4.79672 0.17467 -0.0000337013
0.96 4.97055 0.172915 -0.0000157278
0.96 5.14244 0.170817 0
0.96 5.31207 0.16838 0
0.96 5.47909 0.165608 0
0.96 5.64317 0.162507 0
0.96 5.804 0.159084 0
0.96 5.96124 0.155345 0
0.96 6.11458 0.151298 0
0.96 6.26373 0.14695 0
0.96 6.40839 0.14231 0
0.96 6.54826 0.137388 0
0.96 6.68307 0.132193 0
0.96 6.81256 0.126736 0
0.96 6.93646 0.121027 0
0.96 7.05453 0.115078 0
0.96 7.16654 0.1089 0
0.96 7.27226 0.102506 0
0.96 7.37148 0.0959088 0
0.96 7.46401 0.089121 0
0.96 7.54967 0.0821562 0
0.96 7.62827 0.0750282 0
0.96 7.69967 0.0677513 0
0.96 7.76373 0.06034 0
0.96 7.82031 0.0528088 0
0.96 7.86931 0.0451727 0
0.96 7.91063 0.0374471 0
0.96 7.94418 0.0296471 0
0.96 7.9699 0.0217884 0
0.96 7.98775 0.0138876 0
0.96 7.99767 0.00597089 0
