#x points: 24 #c points: 70
xloc: cloc: weight: f
values below 10e-5 have been chopped
0.04 -7.99083 0.0235337 0
0.04 -7.95174 0.0546033 0
0.04 -7.88175 0.0852919 0
0.04 -7.78138 0.115317 0
0.04 -7.65142 0.14444 0
0.04 -7.49288 0.172434 0
0.04 -7.307 0.199077 0
0.04 -7.09524 0.224163 0
0.04 -6.85926 0.247495 0
0.04 -6.6009 0.268889 0
0.04 -6.32218 0.288179 0
0.04 -6.02529 0.305214 0
0.04 -5.71255 0.31986 0
0.04 -5.38641 0.332002 0
0.04 -5.04941 0.341547 0.0000112375
0.04 -4.7042 0.348418 0.0000511062
0.04 -4.35349 0.352562 0.000207225
0.04 -4. 0.353947 0.000734444
0.04 -3.64651 0.352562 0.00223642
0.04 -3.2958 0.348418 0.00576372
0.04 -2.95059 0.341547 0.0123975
0.04 -2.61359 0.332002 0.0219171
0.04 -2.28745 0.31986 0.031142
0.04 -1.97471 0.305214 0.0340002
0.04 -1.67782 0.288179 0.0250075
0.04 -1.3991 0.268889 0.00453692
0.04 -1.14074 0.247495 -0.0187041
0.04 -0.904759 0.224163 -0.0309329
0.04 -0.693 0.199077 -0.0203269
0.04 -0.507123 0.172434 0.0167384
0.04 -0.348583 0.14444 0.0730801
0.04 -0.218619 0.115317 0.132694
0.04 -0.11825 0.0852919 0.1803
0.04 -0.0482569 0.0546033 0.213104
0.04 -0.00917372 0.0235337 0.232572
0.04 0.00917372 0.0235337 0.285459
0.04 0.0482569 0.0546033 0.377485
0.04 0.11825 0.0852919 0.424577
0.04 0.218619 0.115317 0.436045
0.04 0.348583 0.14444 0.419609
0.04 0.507123 0.172434 0.375789
0.04 0.693 0.199077 0.305663
0.04 0.904759 0.224163 0.216113
0.04 1.14074 0.247495 0.121332
0.04 1.3991 0.268889 0.0393149
0.04 1.67782 0.288179 -0.0156127
0.04 1.97471 0.305214 -0.0395096
0.04 2.28745 0.31986 -0.039547
0.04 2.61359 0.332002 -0.0281861
0.04 2.95059 0.341547 -0.0158216
0.04 3.2958 0.348418 -0.00725637
0.04 3.64651 0.352562 -0.00277446
0.04 4. 0.353947 -0.000898349
0.04 4.35349 0.352562 -0.000250212
0.04 4.7042 0.348418 -0.0000609962
0.04 5.04941 0.341547 -0.0000132751
0.04 5.38641 0.332002 0
0.04 5.71255 0.31986 0
0.04 6.02529 0.305214 0
0.04 6.32218 0.288179 0
0.04 6.6009 0.268889 0
0.04 6.85926 0.247495 0
0.04 7.09524 0.224163 0
0.04 7.307 0.199077 0
0.04 7.49288 0.172434 0
0.04 7.65142 0.14444 0
0.04 7.78138 0.115317 0
0.04 7.88175 0.0852919 0
0.04 7.95174 0.0546033 0
0.04 7.99083 0.0235337 0
0.08 -7.99083 0.0235337 0
0.08 -7.95174 0.0546033 0
0.08 -7.88175 0.0852919 0
0.08 -7.78138 0.115317 0
0.08 -7.65142 0.14444 0
0.08 -7.49288 0.172434 0
0.08 -7.307 0.199077 0
0.08 -7.09524 0.224163 0
0.08 -6.85926 0.247495 0
0.08 -6.6009 0.268889 0
0.08 -6.32218 0.288179 0
0.08 -6.02529 0.305214 0
0.08 -5.71255 0.31986 0
0.08 -5.38641 0.332002 0
0.08 -5.04941 0.341547 0.0000113595
0.08 -4.7042 0.348418 0.0000517017
0.08 -4.35349 0.352562 0.000209833
0.08 -4. 0.353947 0.000744495
0.08 -3.64651 0.352562 0.00226991
0.08 -3.2958 0.348418 0.00585867
0.08 -2.95059 0.341547 0.012623
0.08 -2.61359 0.332002 0.0223564
0.08 -2.28745 0.31986 0.031817
0.08 -1.97471 0.305214 0.0347323
0.08 -1.67782 0.288179 0.0252788
0.08 -1.3991 0.268889 0.00346841
0.08 -1.14074 0.247495 -0.0221802
0.08 -0.904759 0.224163 -0.0377451
0.08 -0.693 0.199077 -0.0309094
0.08 -0.507123 0.172434 0.00269198
0.08 -0.348583 0.14444 0.0566127
0.08 -0.218619 0.115317 0.115038
0.08 -0.11825 0.0852919 0.161761
0.08 -0.0482569 0.0546033 0.193212
0.08 -0.00917372 0.0235337 0.211358
0.08 0.00917372 0.0235337 0.228755
0.08 0.0482569 0.0546033 0.303979
0.08 0.11825 0.0852919 0.371157
0.08 0.218619 0.115317 0.400701
0.08 0.348583 0.14444 0.396562
0.08 0.507123 0.172434 0.361154
0.08 0.693 0.199077 0.296978
0.08 0.904759 0.224163 0.211632
0.08 1.14074 0.247495 0.119648
0.08 1.3991 0.268889 0.0392494
0.08 1.67782 0.288179 -0.0149781
0.08 1.97471 0.305214 -0.0387719
0.08 2.28745 0.31986 -0.038987
0.08 2.61359 0.332002 -0.0278551
0.08 2.95059 0.341547 -0.0156616
0.08 3.2958 0.348418 -0.00719178
0.08 3.64651 0.352562 -0.00275238
0.08 4. 0.353947 -0.000891877
0.08 4.35349 0.352562 -0.000248564
0.08 4.7042 0.348418 -0.0000606257
0.08 5.04941 0.341547 -0.0000132002
0.08 5.38641 0.332002 0
0.08 5.71255 0.31986 0
0.08 6.02529 0.305214 0
0.08 6.32218 0.288179 0
0.08 6.6009 0.268889 0
0.08 6.85926 0.247495 0
0.08 7.09524 0.224163 0
0.08 7.307 0.199077 0
0.08 7.49288 0.172434 0
0.08 7.65142 0.14444 0
0.08 7.78138 0.115317 0
0.08 7.88175 0.0852919 0
0.08 7.95174 0.0546033 0
0.08 7.99083 0.0235337 0
0.12 -7.99083 0.0235337 0
0.12 -7.95174 0.0546033 0
0.12 -7.88175 0.0852919 0
0.12 -7.78138 0.115317 0
0.12 -7.65142 0.14444 0
0.12 -7.49288 0.172434 0
0.12 -7.307 0.199077 0
0.12 -7.09524 0.224163 0
0.12 -6.85926 0.247495 0
0.12 -6.6009 0.268889 0
0.12 -6.32218 0.288179 0
0.12 -6.02529 0.305214 0
0.12 -5.71255 0.31986 0
0.12 -5.38641 0.332002 0
0.12 -5.04941 0.341547 0.0000114787
0.12 -4.7042 0.348418 0.0000522839
0.12 -4.35349 0.352562 0.000212385
0.12 -4. 0.353947 0.000754333
0.12 -3.64651 0.352562 0.00230271
0.12 -3.2958 0.348418 0.00595177
0.12 -2.95059 0.341547 0.0128444
0.12 -2.61359 0.332002 0.0227886
0.12 -2.28745 0.31986 0.0324835
0.12 -1.97471 0.305214 0.035461
0.12 -1.67782 0.288179 0.0255652
0.12 -1.3991 0.268889 0.00245143
0.12 -1.14074 0.247495 -0.0255523
0.12 -0.904759 0.224163 -0.0443941
0.12 -0.693 0.199077 -0.0412749
0.12 -0.507123 0.172434 -0.0110869
0.12 -0.348583 0.14444 0.0405016
0.12 -0.218619 0.115317 0.0979602
0.12 -0.11825 0.0852919 0.144193
0.12 -0.0482569 0.0546033 0.174745
0.12 -0.00917372 0.0235337 0.192049
0.12 0.00917372 0.0235337 0.202259
0.12 0.0482569 0.0546033 0.254936
0.12 0.11825 0.0852919 0.326351
0.12 0.218619 0.115317 0.367917
0.12 0.348583 0.14444 0.374069
0.12 0.507123 0.172434 0.346441
0.12 0.693 0.199077 0.288063
0.12 0.904759 0.224163 0.206941
0.12 1.14074 0.247495 0.117827
0.12 1.3991 0.268889 0.0391152
0.12 1.67782 0.288179 -0.0143648
0.12 1.97471 0.305214 -0.0380321
0.12 2.28745 0.31986 -0.0384182
0.12 2.61359 0.332002 -0.0275167
0.12 2.95059 0.341547 -0.0154974
0.12 3.2958 0.348418 -0.00712526
0.12 3.64651 0.352562 -0.00272959
0.12 4. 0.353947 -0.000885187
0.12 4.35349 0.352562 -0.000246858
0.12 4.7042 0.348418 -0.0000602419
0.12 5.04941 0.341547 -0.0000131225
0.12 5.38641 0.332002 0
0.12 5.71255 0.31986 0
0.12 6.02529 0.305214 0
0.12 6.32218 0.288179 0
0.12 6.6009 0.268889 0
0.12 6.85926 0.247495 0
0.12 7.09524 0.224163 0
0.12 7.307 0.199077 0
0.12 7.49288 0.172434 0
0.12 7.65142 0.14444 0
0.12 7.78138 0.115317 0
0.12 7.88175 0.0852919 0
0.12 7.95174 0.0546033 0
0.12 7.99083 0.0235337 0
0.16 -7.99083 0.0235337 0
0.16 -7.95174 0.0546033 0
0.16 -7.88175 0.0852919 0
0.16 -7.78138 0.115317 0
0.16 -7.65142 0.14444 0
0.16 -7.49288 0.172434 0
0.16 -7.307 0.199077 0
0.16 -7.09524 0.224163 0
0.16 -6.85926 0.247495 0
0.16 -6.6009 0.268889 0
0.16 -6.32218 0.288179 0
0.16 -6.02529 0.305214 0
0.16 -5.71255 0.31986 0
0.16 -5.38641 0.332002 0
0.16 -5.04941 0.341547 0.0000115954
0.16 -4.7042 0.348418 0.0000528545
0.16 -4.35349 0.352562 0.000214887
0.16 -4. 0.353947 0.000763987
0.16 -3.64651 0.352562 0.00233492
0.16 -3.2958 0.348418 0.00604329
0.16 -2.95059 0.341547 0.0130624
0.16 -2.61359 0.332002 0.023215
0.16 -2.28745 0.31986 0.0331433
0.16 -1.97471 0.305214 0.0361879
0.16 -1.67782 0.288179 0.025866
0.16 -1.3991 0.268889 0.00147933
0.16 -1.14074 0.247495 -0.0288387
0.16 -0.904759 0.224163 -0.0509179
0.16 -0.693 0.199077 -0.0514907
0.16 -0.507123 0.172434 -0.0247097
0.16 -0.348583 0.14444 0.0245713
0.16 -0.218619 0.115317 0.0812001
0.16 -0.11825 0.0852919 0.127226
0.16 -0.0482569 0.0546033 0.157163
0.16 -0.00917372 0.0235337 0.173871
0.16 0.00917372 0.0235337 0.182386
0.16 0.0482569 0.0546033 0.219819
0.16 0.11825 0.0852919 0.288286
0.16 0.218619 0.115317 0.337477
0.16 0.348583 0.14444 0.352188
0.16 0.507123 0.172434 0.331725
0.16 0.693 0.199077 0.278974
0.16 0.904759 0.224163 0.202074
0.16 1.14074 0.247495 0.115883
0.16 1.3991 0.268889 0.0389185
0.16 1.67782 0.288179 -0.013772
0.16 1.97471 0.305214 -0.0372913
0.16 2.28745 0.31986 -0.037842
0.16 2.61359 0.332002 -0.0271718
0.16 2.95059 0.341547 -0.0153293
0.16 3.2958 0.348418 -0.00705702
0.16 3.64651 0.352562 -0.00270616
0.16 4. 0.353947 -0.000878299
0.16 4.35349 0.352562 -0.0002451
0.16 4.7042 0.348418 -0.0000598459
0.16 5.04941 0.341547 -0.0000130423
0.16 5.38641 0.332002 0
0.16 5.71255 0.31986 0
0.16 6.02529 0.305214 0
0.16 6.32218 0.288179 0
0.16 6.6009 0.268889 0
0.16 6.85926 0.247495 0
0.16 7.09524 0.224163 0
0.16 7.307 0.199077 0
0.16 7.49288 0.172434 0
0.16 7.65142 0.14444 0
0.16 7.78138 0.115317 0
0.16 7.88175 0.0852919 0
0.16 7.95174 0.0546033 0
0.16 7.99083 0.0235337 0
0.2 -7.99083 0.0235337 0
0.2 -7.95174 0.0546033 0
0.2 -7.88175 0.0852919 0
0.2 -7.78138 0.115317 0
0.2 -7.65142 0.14444 0
0.2 -7.49288 0.172434 0
0.2 -7.307 0.199077 0
0.2 -7.09524 0.224163 0
0.2 -6.85926 0.247495 0
0.2 -6.6009 0.268889 0
0.2 -6.32218 0.288179 0
0.2 -6.02529 0.305214 0
0.2 -5.71255 0.31986 0
0.2 -5.38641 0.332002 0
0.2 -5.04941 0.341547 0.0000117099
0.2 -4.7042 0.348418 0.0000534144
0.2 -4.35349 0.352562 0.000217344
0.2 -4. 0.353947 0.000773471
0.2 -3.64651 0.352562 0.00236659
0.2 -3.2958 0.348418 0.00613337
0.2 -2.95059 0.341547 0.0132773
0.2 -2.61359 0.332002 0.0236363
0.2 -2.28745 0.31986 0.0337973
0.2 -1.97471 0.305214 0.0369139
0.2 -1.67782 0.288179 0.0261811
0.2 -1.3991 0.268889 0.000548624
0.2 -1.14074 0.247495 -0.0320493
0.2 -0.904759 0.224163 -0.0573371
0.2 -0.693 0.199077 -0.0615951
0.2 -0.507123 0.172434 -0.0382418
0.2 -0.348583 0.14444 0.00871622
0.2 -0.218619 0.115317 0.0646017
0.2 -0.11825 0.0852919 0.110659
0.2 -0.0482569 0.0546033 0.140194
0.2 -0.00917372 0.0235337 0.156461
0.2 0.00917372 0.0235337 0.164414
0.2 0.0482569 0.0546033 0.192685
0.2 0.11825 0.0852919 0.255462
0.2 0.218619 0.115317 0.30914
0.2 0.348583 0.14444 0.330929
0.2 0.507123 0.172434 0.317055
0.2 0.693 0.199077 0.269749
0.2 0.904759 0.224163 0.197056
0.2 1.14074 0.247495 0.113831
0.2 1.3991 0.268889 0.0386639
0.2 1.67782 0.288179 -0.013199
0.2 1.97471 0.305214 -0.0365503
0.2 2.28745 0.31986 -0.0372592
0.2 2.61359 0.332002 -0.0268209
0.2 2.95059 0.341547 -0.0151577
0.2 3.2958 0.348418 -0.00698718
0.2 3.64651 0.352562 -0.00268213
0.2 4. 0.353947 -0.000871227
0.2 4.35349 0.352562 -0.000243293
0.2 4.7042 0.348418 -0.0000594385
0.2 5.04941 0.341547 -0.0000129597
0.2 5.38641 0.332002 0
0.2 5.71255 0.31986 0
0.2 6.02529 0.305214 0
0.2 6.32218 0.288179 0
0.2 6.6009 0.268889 0
0.2 6.85926 0.247495 0
0.2 7.09524 0.224163 0
0.2 7.307 0.199077 0
0.2 7.49288 0.172434 0
0.2 7.65142 0.14444 0
0.2 7.78138 0.115317 0
0.2 7.88175 0.0852919 0
0.2 7.95174 0.0546033 0
0.2 7.99083 0.0235337 0
0.24 -7.99083 0.0235337 0
0.24 -7.95174 0.0546033 0
0.24 -7.88175 0.0852919 0
0.24 -7.78138 0.115317 0
0.24 -7.65142 0.14444 0
0.24 -7.49288 0.172434 0
0.24 -7.307 0.199077 0
0.24 -7.09524 0.224163 0
0.24 -6.85926 0.247495 0
0.24 -6.6009 0.268889 0
0.24 -6.32218 0.288179 0
0.24 -6.02529 0.305214 0
0.24 -5.71255 0.31986 0
0.24 -5.38641 0.332002 0
0.24 -5.04941 0.341547 0.0000118223
0.24 -4.7042 0.348418 0.0000539642
0.24 -4.35349 0.352562 0.000219757
0.24 -4. 0.353947 0.000782796
0.24 -3.64651 0.352562 0.00239776
0.24 -3.2958 0.348418 0.00622211
0.24 -2.95059 0.341547 0.0134893
0.24 -2.61359 0.332002 0.0240527
0.24 -2.28745 0.31986 0.0344461
0.24 -1.97471 0.305214 0.0376397
0.24 -1.67782 0.288179 0.0265103
0.24 -1.3991 0.268889 -0.00034268
0.24 -1.14074 0.247495 -0.0351901
0.24 -0.904759 0.224163 -0.0636649
0.24 -0.693 0.199077 -0.071613
0.24 -0.507123 0.172434 -0.0517281
0.24 -0.348583 0.14444 -0.00714004
0.24 -0.218619 0.115317 0.0480506
0.24 -0.11825 0.0852919 0.0943523
0.24 -0.0482569 0.0546033 0.123669
0.24 -0.00917372 0.0235337 0.139606
0.24 0.00917372 0.0235337 0.147275
0.24 0.0482569 0.0546033 0.170182
0.24 0.11825 0.0852919 0.226701
0.24 0.218619 0.115317 0.282667
0.24 0.348583 0.14444 0.310284
0.24 0.507123 0.172434 0.302462
0.24 0.693 0.199077 0.260417
0.24 0.904759 0.224163 0.191904
0.24 1.14074 0.247495 0.111679
0.24 1.3991 0.268889 0.038355
0.24 1.67782 0.288179 -0.0126452
0.24 1.97471 0.305214 -0.0358096
0.24 2.28745 0.31986 -0.0366706
0.24 2.61359 0.332002 -0.0264646
0.24 2.95059 0.341547 -0.0149829
0.24 3.2958 0.348418 -0.00691584
0.24 3.64651 0.352562 -0.00265756
0.24 4. 0.353947 -0.000863981
0.24 4.35349 0.352562 -0.000241439
0.24 4.7042 0.348418 -0.0000590202
0.24 5.04941 0.341547 -0.0000128749
0.24 5.38641 0.332002 0
0.24 5.71255 0.31986 0
0.24 6.02529 0.305214 0
0.24 6.32218 0.288179 0
0.24 6.6009 0.268889 0
0.24 6.85926 0.247495 0
0.24 7.09524 0.224163 0
0.24 7.307 0.199077 0
0.24 7.49288 0.172434 0
0.24 7.65142 0.14444 0
0.24 7.78138 0.115317 0
0.24 7.88175 0.0852919 0
0.24 7.95174 0.0546033 0
0.24 7.99083 0.0235337 0
0.28 -7.99083 0.0235337 0
0.28 -7.95174 0.0546033 0
0.28 -7.88175 0.0852919 0
0.28 -7.78138 0.115317 0
0.28 -7.65142 0.14444 0
0.28 -7.49288 0.172434 0
0.28 -7.307 0.199077 0
0.28 -7.09524 0.224163 0
0.28 -6.85926 0.247495 0
0.28 -6.6009 0.268889 0
0.28 -6.32218 0.288179 0
0.28 -6.02529 0.305214 0
0.28 -5.71255 0.31986 0
0.28 -5.38641 0.332002 0
0.28 -5.04941 0.341547 0.0000119327
0.28 -4.7042 0.348418 0.0000545043
0.28 -4.35349 0.352562 0.00022213
0.28 -4. 0.353947 0.000791968
0.28 -3.64651 0.352562 0.00242844
0.28 -3.2958 0.348418 0.00630958
0.28 -2.95059 0.341547 0.0136985
0.28 -2.61359 0.332002 0.0244647
0.28 -2.28745 0.31986 0.0350903
0.28 -1.97471 0.305214 0.0383658
0.28 -1.67782 0.288179 0.0268538
0.28 -1.3991 0.268889 -0.00119575
0.28 -1.14074 0.247495 -0.038265
0.28 -0.904759 0.224163 -0.0699098
0.28 -0.693 0.199077 -0.081562
0.28 -0.507123 0.172434 -0.0652025
0.28 -0.348583 0.14444 -0.0230587
0.28 -0.218619 0.115317 0.0314519
0.28 -0.11825 0.0852919 0.0781977
0.28 -0.0482569 0.0546033 0.107471
0.28 -0.00917372 0.0235337 0.12316
0.28 0.00917372 0.0235337 0.130643
0.28 0.0482569 0.0546033 0.150407
0.28 0.11825 0.0852919 0.201083
0.28 0.218619 0.115317 0.257835
0.28 0.348583 0.14444 0.290229
0.28 0.507123 0.172434 0.287966
0.28 0.693 0.199077 0.250999
0.28 0.904759 0.224163 0.186632
0.28 1.14074 0.247495 0.109434
0.28 1.3991 0.268889 0.037995
0.28 1.67782 0.288179 -0.01211
0.28 1.97471 0.305214 -0.0350696
0.28 2.28745 0.31986 -0.0360767
0.28 2.61359 0.332002 -0.0261032
0.28 2.95059 0.341547 -0.014805
0.28 3.2958 0.348418 -0.00684308
0.28 3.64651 0.352562 -0.00263245
0.28 4. 0.353947 -0.000856569
0.28 4.35349 0.352562 -0.000239541
0.28 4.7042 0.348418 -0.0000585916
0.28 5.04941 0.341547 -0.0000127879
0.28 5.38641 0.332002 0
0.28 5.71255 0.31986 0
0.28 6.02529 0.305214 0
0.28 6.32218 0.288179 0
0.28 6.6009 0.268889 0
0.28 6.85926 0.247495 0
0.28 7.09524 0.224163 0
0.28 7.307 0.199077 0
0.28 7.49288 0.172434 0
0.28 7.65142 0.14444 0
0.28 7.78138 0.115317 0
0.28 7.88175 0.0852919 0
0.28 7.95174 0.0546033 0
0.28 7.99083 0.0235337 0
0.32 -7.99083 0.0235337 0
0.32 -7.95174 0.0546033 0
0.32 -7.88175 0.0852919 0
0.32 -7.78138 0.115317 0
0.32 -7.65142 0.14444 0
0.32 -7.49288 0.172434 0
0.32 -7.307 0.199077 0
0.32 -7.09524 0.224163 0
0.32 -6.85926 0.247495 0
0.32 -6.6009 0.268889 0
0.32 -6.32218 0.288179 0
0.32 -6.02529 0.305214 0
0.32 -5.71255 0.31986 0
0.32 -5.38641 0.332002 0
0.32 -5.04941 0.341547 0.0000120411
0.32 -4.7042 0.348418 0.0000550351
0.32 -4.35349 0.352562 0.000224463
0.32 -4. 0.353947 0.000800992
0.32 -3.64651 0.352562 0.00245866
0.32 -3.2958 0.348418 0.00639581
0.32 -2.95059 0.341547 0.0139051
0.32 -2.61359 0.332002 0.0248724
0.32 -2.28745 0.31986 0.0357301
0.32 -1.97471 0.305214 0.0390924
0.32 -1.67782 0.288179 0.0272116
0.32 -1.3991 0.268889 -0.0020112
0.32 -1.14074 0.247495 -0.041276
0.32 -0.904759 0.224163 -0.0760776
0.32 -0.693 0.199077 -0.0914548
0.32 -0.507123 0.172434 -0.0786915
0.32 -0.348583 0.14444 -0.0390919
0.32 -0.218619 0.115317 0.0147206
0.32 -0.11825 0.0852919 0.0621014
0.32 -0.0482569 0.0546033 0.0915099
0.32 -0.00917372 0.0235337 0.10702
0.32 0.00917372 0.0235337 0.114369
0.32 0.0482569 0.0546033 0.13227
0.32 0.11825 0.0852919 0.177896
0.32 0.218619 0.115317 0.234437
0.32 0.348583 0.14444 0.270734
0.32 0.507123 0.172434 0.273578
0.32 0.693 0.199077 0.241511
0.32 0.904759 0.224163 0.181253
0.32 1.14074 0.247495 0.107104
0.32 1.3991 0.268889 0.0375862
0.32 1.67782 0.288179 -0.011593
0.32 1.97471 0.305214 -0.0343305
0.32 2.28745 0.31986 -0.0354778
0.32 2.61359 0.332002 -0.025737
0.32 2.95059 0.341547 -0.0146242
0.32 3.2958 0.348418 -0.00676897
0.32 3.64651 0.352562 -0.00260683
0.32 4. 0.353947 -0.000848998
0.32 4.35349 0.352562 -0.0002376
0.32 4.7042 0.348418 -0.000058153
0.32 5.04941 0.341547 -0.0000126988
0.32 5.38641 0.332002 0
0.32 5.71255 0.31986 0
0.32 6.02529 0.305214 0
0.32 6.32218 0.288179 0
0.32 6.6009 0.268889 0
0.32 6.85926 0.247495 0
0.32 7.09524 0.224163 0
0.32 7.307 0.199077 0
0.32 7.49288 0.172434 0
0.32 7.65142 0.14444 0
0.32 7.78138 0.115317 0
0.32 7.88175 0.0852919 0
0.32 7.95174 0.0546033 0
0.32 7.99083 0.0235337 0
0.36 -7.99083 0.0235337 0
0.36 -7.95174 0.0546033 0
0.36 -7.88175 0.0852919 0
0.36 -7.78138 0.115317 0
0.36 -7.65142 0.14444 0
0.36 -7.49288 0.172434 0
0.36 -7.307 0.199077 0
0.36 -7.09524 0.224163 0
0.36 -6.85926 0.247495 0
0.36 -6.6009 0.268889 0
0.36 -6.32218 0.288179 0
0.36 -6.02529 0.305214 0
0.36 -5.71255 0.31986 0
0.36 -5.38641 0.332002 0
0.36 -5.04941 0.341547 0.0000121476
0.36 -4.7042 0.348418 0.0000555566
0.36 -4.35349 0.352562 0.000226756
0.36 -4. 0.353947 0.000809871
0.36 -3.64651 0.352562 0.00248841
0.36 -3.2958 0.348418 0.00648084
0.36 -2.95059 0.341547 0.0141092
0.36 -2.61359 0.332002 0.025276
0.36 -2.28745 0.31986 0.0363658
0.36 -1.97471 0.305214 0.0398199
0.36 -1.67782 0.288179 0.0275841
0.36 -1.3991 0.268889 -0.00278921
0.36 -1.14074 0.247495 -0.0442246
0.36 -0.904759 0.224163 -0.0821719
0.36 -0.693 0.199077 -0.101301
0.36 -0.507123 0.172434 -0.0922172
0.36 -0.348583 0.14444 -0.0552866
0.36 -0.218619 0.115317 -0.00222471
0.36 -0.11825 0.0852919 0.045975
0.36 -0.0482569 0.0546033 0.0757161
0.36 -0.00917372 0.0235337 0.091106
0.36 0.00917372 0.0235337 0.0983576
0.36 0.0482569 0.0546033 0.115137
0.36 0.11825 0.0852919 0.156584
0.36 0.218619 0.115317 0.212288
0.36 0.348583 0.14444 0.251764
0.36 0.507123 0.172434 0.259304
0.36 0.693 0.199077 0.231967
0.36 0.904759 0.224163 0.175776
0.36 1.14074 0.247495 0.104693
0.36 1.3991 0.268889 0.037131
0.36 1.67782 0.288179 -0.0110935
0.36 1.97471 0.305214 -0.0335926
0.36 2.28745 0.31986 -0.0348743
0.36 2.61359 0.332002 -0.0253663
0.36 2.95059 0.341547 -0.0144405
0.36 3.2958 0.348418 -0.00669356
0.36 3.64651 0.352562 -0.00258072
0.36 4. 0.353947 -0.000841271
0.36 4.35349 0.352562 -0.000235618
0.36 4.7042 0.348418 -0.0000577046
0.36 5.04941 0.341547 -0.0000126076
0.36 5.38641 0.332002 0
0.36 5.71255 0.31986 0
0.36 6.02529 0.305214 0
0.36 6.32218 0.288179 0
0.36 6.6009 0.268889 0
0.36 6.85926 0.247495 0
0.36 7.09524 0.224163 0
0.36 7.307 0.199077 0
0.36 7.49288 0.172434 0
0.36 7.65142 0.14444 0
0.36 7.78138 0.115317 0
0.36 7.88175 0.0852919 0
0.36 7.95174 0.0546033 0
0.36 7.99083 0.0235337 0
0.4 -7.99083 0.0235337 0
0.4 -7.95174 0.0546033 0
0.4 -7.88175 0.0852919 0
0.4 -7.78138 0.115317 0
0.4 -7.65142 0.14444 0
0.4 -7.49288 0.172434 0
0.4 -7.307 0.199077 0
0.4 -7.09524 0.224163 0
0.4 -6.85926 0.247495 0
0.4 -6.6009 0.268889 0
0.4 -6.32218 0.288179 0
0.4 -6.02529 0.305214 0
0.4 -5.71255 0.31986 0
0.4 -5.38641 0.332002 0
0.4 -5.04941 0.341547 0.0000122521
0.4 -4.7042 0.348418 0.0000560691
0.4 -4.35349 0.352562 0.000229011
0.4 -4. 0.353947 0.000818608
0.4 -3.64651 0.352562 0.00251772
0.4 -3.2958 0.348418 0.00656469
0.4 -2.95059 0.341547 0.0143108
0.4 -2.61359 0.332002 0.0256756
0.4 -2.28745 0.31986 0.0369975
0.4 -1.97471 0.305214 0.0405484
0.4 -1.67782 0.288179 0.0279713
0.4 -1.3991 0.268889 -0.00352968
0.4 -1.14074 0.247495 -0.047111
0.4 -0.904759 0.224163 -0.0881948
0.4 -0.693 0.199077 -0.111106
0.4 -0.507123 0.172434 -0.105798
0.4 -0.348583 0.14444 -0.0716865
0.4 -0.218619 0.115317 -0.0194657
0.4 -0.11825 0.0852919 0.0297274
0.4 -0.0482569 0.0546033 0.0600284
0.4 -0.00917372 0.0235337 0.0753536
0.4 0.00917372 0.0235337 0.082537
0.4 0.0482569 0.0546033 0.0986323
0.4 0.11825 0.0852919 0.136718
0.4 0.218619 0.115317 0.191221
0.4 0.348583 0.14444 0.23328
0.4 0.507123 0.172434 0.245147
0.4 0.693 0.199077 0.222374
0.4 0.904759 0.224163 0.170208
0.4 1.14074 0.247495 0.102206
0.4 1.3991 0.268889 0.0366311
0.4 1.67782 0.288179 -0.0106112
0.4 1.97471 0.305214 -0.0328559
0.4 2.28745 0.31986 -0.0342664
0.4 2.61359 0.332002 -0.0249912
0.4 2.95059 0.341547 -0.0142542
0.4 3.2958 0.348418 -0.00661688
0.4 3.64651 0.352562 -0.00255413
0.4 4. 0.353947 -0.000833395
0.4 4.35349 0.352562 -0.000233595
0.4 4.7042 0.348418 -0.0000572468
0.4 5.04941 0.341547 -0.0000125145
0.4 5.38641 0.332002 0
0.4 5.71255 0.31986 0
0.4 6.02529 0.305214 0
0.4 6.32218 0.288179 0
0.4 6.6009 0.268889 0
0.4 6.85926 0.247495 0
0.4 7.09524 0.224163 0
0.4 7.307 0.199077 0
0.4 7.49288 0.172434 0
0.4 7.65142 0.14444 0
0.4 7.78138 0.115317 0
0.4 7.88175 0.0852919 0
0.4 7.95174 0.0546033 0
0.4 7.99083 0.0235337 0
0.44 -7.99083 0.0235337 0
0.44 -7.95174 0.0546033 0
0.44 -7.88175 0.0852919 0
0.44 -7.78138 0.115317 0
0.44 -7.65142 0.14444 0
0.44 -7.49288 0.172434 0
0.44 -7.307 0.199077 0
0.44 -7.09524 0.224163 0
0.44 -6.85926 0.247495 0
0.44 -6.6009 0.268889 0
0.44 -6.32218 0.288179 0
0.44 -6.02529 0.305214 0
0.44 -5.71255 0.31986 0
0.44 -5.38641 0.332002 0
0.44 -5.04941 0.341547 0.0000123548
0.44 -4.7042 0.348418 0.0000565725
0.44 -4.35349 0.352562 0.000231227
0.44 -4. 0.353947 0.000827203
0.44 -3.64651 0.352562 0.00254658
0.44 -3.2958 0.348418 0.00664736
0.44 -2.95059 0.341547 0.0145098
0.44 -2.61359 0.332002 0.0260711
0.44 -2.28745 0.31986 0.0376253
0.44 -1.97471 0.305214 0.0412781
0.44 -1.67782 0.288179 0.0283735
0.44 -1.3991 0.268889 -0.00423222
0.44 -1.14074 0.247495 -0.0499349
0.44 -0.904759 0.224163 -0.0941468
0.44 -0.693 0.199077 -0.120876
0.44 -0.507123 0.172434 -0.119449
0.44 -0.348583 0.14444 -0.088333
0.44 -0.218619 0.115317 -0.037087
0.44 -0.11825 0.0852919 0.0132594
0.44 -0.0482569 0.0546033 0.0443904
0.44 -0.00917372 0.0235337 0.0597081
0.44 0.00917372 0.0235337 0.0668482
0.44 0.0482569 0.0546033 0.0825244
0.44 0.11825 0.0852919 0.11796
0.44 0.218619 0.115317 0.171084
0.44 0.348583 0.14444 0.215243
0.44 0.507123 0.172434 0.231105
0.44 0.693 0.199077 0.212741
0.44 0.904759 0.224163 0.164556
0.44 1.14074 0.247495 0.0996464
0.44 1.3991 0.268889 0.0360884
0.44 1.67782 0.288179 -0.0101456
0.44 1.97471 0.305214 -0.0321206
0.44 2.28745 0.31986 -0.0336544
0.44 2.61359 0.332002 -0.0246118
0.44 2.95059 0.341547 -0.0140652
0.44 3.2958 0.348418 -0.00653896
0.44 3.64651 0.352562 -0.00252707
0.44 4. 0.353947 -0.000825371
0.44 4.35349 0.352562 -0.000231533
0.44 4.7042 0.348418 -0.0000567796
0.44 5.04941 0.341547 -0.0000124195
0.44 5.38641 0.332002 0
0.44 5.71255 0.31986 0
0.44 6.02529 0.305214 0
0.44 6.32218 0.288179 0
0.44 6.6009 0.268889 0
0.44 6.85926 0.247495 0
0.44 7.09524 0.224163 0
0.44 7.307 0.199077 0
0.44 7.49288 0.172434 0
0.44 7.65142 0.14444 0
0.44 7.78138 0.115317 0
0.44 7.88175 0.0852919 0
0.44 7.95174 0.0546033 0
0.44 7.99083 0.0235337 0
0.48 -7.99083 0.0235337 0
0.48 -7.95174 0.0546033 0
0.48 -7.88175 0.0852919 0
0.48 -7.78138 0.115317 0
0.48 -7.65142 0.14444 0
0.48 -7.49288 0.172434 0
0.48 -7.307 0.199077 0
0.48 -7.09524 0.224163 0
0.48 -6.85926 0.247495 0
0.48 -6.6009 0.268889 0
0.48 -6.32218 0.288179 0
0.48 -6.02529 0.305214 0
0.48 -5.71255 0.31986 0
0.48 -5.38641 0.332002 0
0.48 -5.04941 0.341547 0.0000124556
0.48 -4.7042 0.348418 0.0000570669
0.48 -4.35349 0.352562 0.000233406
0.48 -4. 0.353947 0.000835656
0.48 -3.64651 0.352562 0.00257499
0.48 -3.2958 0.348418 0.00672885
0.48 -2.95059 0.341547 0.0147064
0.48 -2.61359 0.332002 0.0264627
0.48 -2.28745 0.31986 0.0382492
0.48 -1.97471 0.305214 0.0420092
0.48 -1.67782 0.288179 0.0287911
0.48 -1.3991 0.268889 -0.00489623
0.48 -1.14074 0.247495 -0.0526955
0.48 -0.904759 0.224163 -0.100027
0.48 -0.693 0.199077 -0.130612
0.48 -0.507123 0.172434 -0.133183
0.48 -0.348583 0.14444 -0.105267
0.48 -0.218619 0.115317 -0.0551793
0.48 -0.11825 0.0852919 -0.00354326
0.48 -0.0482569 0.0546033 0.0287455
0.48 -0.00917372 0.0235337 0.0441208
0.48 0.00917372 0.0235337 0.0512396
0.48 0.0482569 0.0546033 0.0666644
0.48 0.11825 0.0852919 0.100049
0.48 0.218619 0.115317 0.151745
0.48 0.348583 0.14444 0.197614
0.48 0.507123 0.172434 0.217173
0.48 0.693 0.199077 0.203071
0.48 0.904759 0.224163 0.158824
0.48 1.14074 0.247495 0.0970175
0.48 1.3991 0.268889 0.035504
0.48 1.67782 0.288179 -0.00969642
0.48 1.97471 0.305214 -0.0313868
0.48 2.28745 0.31986 -0.0330383
0.48 2.61359 0.332002 -0.0242283
0.48 2.95059 0.341547 -0.0138737
0.48 3.2958 0.348418 -0.00645984
0.48 3.64651 0.352562 -0.00249956
0.48 4. 0.353947 -0.000817202
0.48 4.35349 0.352562 -0.000229431
0.48 4.7042 0.348418 -0.0000563033
0.48 5.04941 0.341547 -0.0000123225
0.48 5.38641 0.332002 0
0.48 5.71255 0.31986 0
0.48 6.02529 0.305214 0
0.48 6.32218 0.288179 0
0.48 6.6009 0.268889 0
0.48 6.85926 0.247495 0
0.48 7.09524 0.224163 0
0.48 7.307 0.199077 0
0.48 7.49288 0.172434 0
0.48 7.65142 0.14444 0
0.48 7.78138 0.115317 0
0.48 7.88175 0.0852919 0
0.48 7.95174 0.0546033 0
0.48 7.99083 0.0235337 0
0.52 -7.99083 0.0235337 0
0.52 -7.95174 0.0546033 0
0.52 -7.88175 0.0852919 0
0.52 -7.78138 0.115317 0
0.52 -7.65142 0.14444 0
0.52 -7.49288 0.172434 0
0.52 -7.307 0.199077 0
0.52 -7.09524 0.224163 0
0.52 -6.85926 0.247495 0
0.52 -6.6009 0.268889 0
0.52 -6.32218 0.288179 0
0.52 -6.02529 0.305214 0
0.52 -5.71255 0.31986 0
0.52 -5.38641 0.332002 0
0.52 -5.04941 0.341547 0.0000125545
0.52 -4.7042 0.348418 0.0000575523
0.52 -4.35349 0.352562 0.000235546
0.52 -4. 0.353947 0.000843968
0.52 -3.64651 0.352562 0.00260296
0.52 -3.2958 0.348418 0.00680916
0.52 -2.95059 0.341547 0.0149004
0.52 -2.61359 0.332002 0.0268503
0.52 -2.28745 0.31986 0.0388692
0.52 -1.97471 0.305214 0.0427416
0.52 -1.67782 0.288179 0.0292243
0.52 -1.3991 0.268889 -0.0055209
0.52 -1.14074 0.247495 -0.0553912
0.52 -0.904759 0.224163 -0.105835
0.52 -0.693 0.199077 -0.140315
0.52 -0.507123 0.172434 -0.147012
0.52 -0.348583 0.14444 -0.122529
0.52 -0.218619 0.115317 -0.0738408
0.52 -0.11825 0.0852919 -0.0208167
0.52 -0.0482569 0.0546033 0.0130312
0.52 -0.00917372 0.0235337 0.0285455
0.52 0.00917372 0.0235337 0.0356643
0.52 0.0482569 0.0546033 0.0509501
0.52 0.11825 0.0852919 0.0827758
0.52 0.218619 0.115317 0.133084
0.52 0.348583 0.14444 0.180352
0.52 0.507123 0.172434 0.203344
0.52 0.693 0.199077 0.193368
0.52 0.904759 0.224163 0.153016
0.52 1.14074 0.247495 0.0943218
0.52 1.3991 0.268889 0.0348794
0.52 1.67782 0.288179 -0.00926321
0.52 1.97471 0.305214 -0.0306544
0.52 2.28745 0.31986 -0.0324183
0.52 2.61359 0.332002 -0.0238407
0.52 2.95059 0.341547 -0.0136796
0.52 3.2958 0.348418 -0.00637953
0.52 3.64651 0.352562 -0.0024716
0.52 4. 0.353947 -0.00080889
0.52 4.35349 0.352562 -0.000227291
0.52 4.7042 0.348418 -0.0000558179
0.52 5.04941 0.341547 -0.0000122236
0.52 5.38641 0.332002 0
0.52 5.71255 0.31986 0
0.52 6.02529 0.305214 0
0.52 6.32218 0.288179 0
0.52 6.6009 0.268889 0
0.52 6.85926 0.247495 0
0.52 7.09524 0.224163 0
0.52 7.307 0.199077 0
0.52 7.49288 0.172434 0
0.52 7.65142 0.14444 0
0.52 7.78138 0.115317 0
0.52 7.88175 0.0852919 0
0.52 7.95174 0.0546033 0
0.52 7.99083 0.0235337 0
0.56 -7.99083 0.0235337 0
0.56 -7.95174 0.0546033 0
0.56 -7.88175 0.0852919 0
0.56 -7.78138 0.115317 0
0.56 -7.65142 0.14444 0
0.56 -7.49288 0.172434 0
0.56 -7.307 0.199077 0
0.56 -7.09524 0.224163 0
0.56 -6.85926 0.247495 0
0.56 -6.6009 0.268889 0
0.56 -6.32218 0.288179 0
0.56 -6.02529 0.305214 0
0.56 -5.71255 0.31986 0
0.56 -5.38641 0.332002 0
0.56 -5.04941 0.341547 0.0000126514
0.56 -4.7042 0.348418 0.0000580286
0.56 -4.35349 0.352562 0.000237647
0.56 -4. 0.353947 0.000852137
0.56 -3.64651 0.352562 0.00263047
0.56 -3.2958 0.348418 0.00688829
0.56 -2.95059 0.341547 0.015092
0.56 -2.61359 0.332002 0.0272338
0.56 -2.28745 0.31986 0.0394853
0.56 -1.97471 0.305214 0.0434755
0.56 -1.67782 0.288179 0.0296735
0.56 -1.3991 0.268889 -0.00610523
0.56 -1.14074 0.247495 -0.0580201
0.56 -0.904759 0.224163 -0.111567
0.56 -0.693 0.199077 -0.149985
0.56 -0.507123 0.172434 -0.160944
0.56 -0.348583 0.14444 -0.140158
0.56 -0.218619 0.115317 -0.0931798
0.56 -0.11825 0.0852919 -0.0387279
0.56 -0.0482569 0.0546033 -0.00282877
0.56 -0.00917372 0.0235337 0.0129369
0.56 0.00917372 0.0235337 0.020077
0.56 0.0482569 0.0546033 0.0353052
0.56 0.11825 0.0852919 0.0659732
0.56 0.218619 0.115317 0.114991
0.56 0.348583 0.14444 0.163418
0.56 0.507123 0.172434 0.18961
0.56 0.693 0.199077 0.183632
0.56 0.904759 0.224163 0.147136
0.56 1.14074 0.247495 0.0915613
0.56 1.3991 0.268889 0.0342153
0.56 1.67782 0.288179 -0.00884565
0.56 1.97471 0.305214 -0.0299233
0.56 2.28745 0.31986 -0.0317944
0.56 2.61359 0.332002 -0.0234491
0.56 2.95059 0.341547 -0.0134831
0.56 3.2958 0.348418 -0.00629803
0.56 3.64651 0.352562 -0.00244318
0.56 4. 0.353947 -0.000800437
0.56 4.35349 0.352562 -0.000225113
0.56 4.7042 0.348418 -0.0000553234
0.56 5.04941 0.341547 -0.0000121228
0.56 5.38641 0.332002 0
0.56 5.71255 0.31986 0
0.56 6.02529 0.305214 0
0.56 6.32218 0.288179 0
0.56 6.6009 0.268889 0
0.56 6.85926 0.247495 0
0.56 7.09524 0.224163 0
0.56 7.307 0.199077 0
0.56 7.49288 0.172434 0
0.56 7.65142 0.14444 0
0.56 7.78138 0.115317 0
0.56 7.88175 0.0852919 0
0.56 7.95174 0.0546033 0
0.56 7.99083 0.0235337 0
0.6 -7.99083 0.0235337 0
0.6 -7.95174 0.0546033 0
0.6 -7.88175 0.0852919 0
0.6 -7.78138 0.115317 0
0.6 -7.65142 0.14444 0
0.6 -7.49288 0.172434 0
0.6 -7.307 0.199077 0
0.6 -7.09524 0.224163 0
0.6 -6.85926 0.247495 0
0.6 -6.6009 0.268889 0
0.6 -6.32218 0.288179 0
0.6 -6.02529 0.305214 0
0.6 -5.71255 0.31986 0
0.6 -5.38641 0.332002 0
0.6 -5.04941 0.341547 0.0000127465
0.6 -4.7042 0.348418 0.0000584958
0.6 -4.35349 0.352562 0.00023971
0.6 -4. 0.353947 0.000860161
0.6 -3.64651 0.352562 0.00265753
0.6 -3.2958 0.348418 0.0069662
0.6 -2.95059 0.341547 0.0152809
0.6 -2.61359 0.332002 0.0276132
0.6 -2.28745 0.31986 0.0400973
0.6 -1.97471 0.305214 0.0442107
0.6 -1.67782 0.288179 0.030139
0.6 -1.3991 0.268889 -0.00664801
0.6 -1.14074 0.247495 -0.0605796
0.6 -0.904759 0.224163 -0.117219
0.6 -0.693 0.199077 -0.159618
0.6 -0.507123 0.172434 -0.174986
0.6 -0.348583 0.14444 -0.158195
0.6 -0.218619 0.115317 -0.113316
0.6 -0.11825 0.0852919 -0.057485
0.6 -0.0482569 0.0546033 -0.0189367
0.6 -0.00917372 0.0235337 -0.00275192
0.6 0.00917372 0.0235337 0.00443152
0.6 0.0482569 0.0546033 0.0196672
0.6 0.11825 0.0852919 0.0495052
0.6 0.218619 0.115317 0.09737
0.6 0.348583 0.14444 0.146772
0.6 0.507123 0.172434 0.175959
0.6 0.693 0.199077 0.173862
0.6 0.904759 0.224163 0.141184
0.6 1.14074 0.247495 0.0887373
0.6 1.3991 0.268889 0.0335128
0.6 1.67782 0.288179 -0.00844341
0.6 1.97471 0.305214 -0.0291936
0.6 2.28745 0.31986 -0.0311666
0.6 2.61359 0.332002 -0.0230536
0.6 2.95059 0.341547 -0.013284
0.6 3.2958 0.348418 -0.00621536
0.6 3.64651 0.352562 -0.00241432
0.6 4. 0.353947 -0.000791842
0.6 4.35349 0.352562 -0.000222896
0.6 4.7042 0.348418 -0.00005482
0.6 5.04941 0.341547 -0.0000120202
0.6 5.38641 0.332002 0
0.6 5.71255 0.31986 0
0.6 6.02529 0.305214 0
0.6 6.32218 0.288179 0
0.6 6.6009 0.268889 0
0.6 6.85926 0.247495 0
0.6 7.09524 0.224163 0
0.6 7.307 0.199077 0
0.6 7.49288 0.172434 0
0.6 7.65142 0.14444 0
0.6 7.78138 0.115317 0
0.6 7.88175 0.0852919 0
0.6 7.95174 0.0546033 0
0.6 7.99083 0.0235337 0
0.64 -7.99083 0.0235337 0
0.64 -7.95174 0.0546033 0
0.64 -7.88175 0.0852919 0
0.64 -7.78138 0.115317 0
0.64 -7.65142 0.14444 0
0.64 -7.49288 0.172434 0
0.64 -7.307 0.199077 0
0.64 -7.09524 0.224163 0
0.64 -6.85926 0.247495 0
0.64 -6.6009 0.268889 0
0.64 -6.32218 0.288179 0
0.64 -6.02529 0.305214 0
0.64 -5.71255 0.31986 0
0.64 -5.38641 0.332002 0
0.64 -5.04941 0.341547 0.0000128396
0.64 -4.7042 0.348418 0.0000589536
0.64 -4.35349 0.352562 0.000241733
0.64 -4. 0.353947 0.000868037
0.64 -3.64651 0.352562 0.00268412
0.64 -3.2958 0.348418 0.00704288
0.64 -2.95059 0.341547 0.0154673
0.64 -2.61359 0.332002 0.0279883
0.64 -2.28745 0.31986 0.0407052
0.64 -1.97471 0.305214 0.0449474
0.64 -1.67782 0.288179 0.0306213
0.64 -1.3991 0.268889 -0.00714783
0.64 -1.14074 0.247495 -0.0630667
0.64 -0.904759 0.224163 -0.122787
0.64 -0.693 0.199077 -0.169211
0.64 -0.507123 0.172434 -0.189144
0.64 -0.348583 0.14444 -0.176679
0.64 -0.218619 0.115317 -0.134384
0.64 -0.11825 0.0852919 -0.0773515
0.64 -0.0482569 0.0546033 -0.0354413
0.64 -0.00917372 0.0235337 -0.0185724
0.64 0.00917372 0.0235337 -0.0113209
0.64 0.0482569 0.0546033 0.00397951
0.64 0.11825 0.0852919 0.0332576
0.64 0.218619 0.115317 0.0801291
0.64 0.348583 0.14444 0.130372
0.64 0.507123 0.172434 0.162378
0.64 0.693 0.199077 0.164057
0.64 0.904759 0.224163 0.135161
0.64 1.14074 0.247495 0.0858509
0.64 1.3991 0.268889 0.0327723
0.64 1.67782 0.288179 -0.00805622
0.64 1.97471 0.305214 -0.0284651
0.64 2.28745 0.31986 -0.0305349
0.64 2.61359 0.332002 -0.022654
0.64 2.95059 0.341547 -0.0130825
0.64 3.2958 0.348418 -0.00613152
0.64 3.64651 0.352562 -0.00238501
0.64 4. 0.353947 -0.000783105
0.64 4.35349 0.352562 -0.000220641
0.64 4.7042 0.348418 -0.0000543076
0.64 5.04941 0.341547 -0.0000119156
0.64 5.38641 0.332002 0
0.64 5.71255 0.31986 0
0.64 6.02529 0.305214 0
0.64 6.32218 0.288179 0
0.64 6.6009 0.268889 0
0.64 6.85926 0.247495 0
0.64 7.09524 0.224163 0
0.64 7.307 0.199077 0
0.64 7.49288 0.172434 0
0.64 7.65142 0.14444 0
0.64 7.78138 0.115317 0
0.64 7.88175 0.0852919 0
0.64 7.95174 0.0546033 0
0.64 7.99083 0.0235337 0
0.68 -7.99083 0.0235337 0
0.68 -7.95174 0.0546033 0
0.68 -7.88175 0.0852919 0
0.68 -7.78138 0.115317 0
0.68 -7.65142 0.14444 0
0.68 -7.49288 0.172434 0
0.68 -7.307 0.199077 0
0.68 -7.09524 0.224163 0
0.68 -6.85926 0.247495 0
0.68 -6.6009 0.268889 0
0.68 -6.32218 0.288179 0
0.68 -6.02529 0.305214 0
0.68 -5.71255 0.31986 0
0.68 -5.38641 0.332002 0
0.68 -5.04941 0.341547 0.0000129307
0.68 -4.7042 0.348418 0.000059402
0.68 -4.35349 0.352562 0.000243715
0.68 -4. 0.353947 0.000875764
0.68 -3.64651 0.352562 0.00271023
0.68 -3.2958 0.348418 0.0071183
0.68 -2.95059 0.341547 0.0156509
0.68 -2.61359 0.332002 0.0283591
0.68 -2.28745 0.31986 0.0413087
0.68 -1.97471 0.305214 0.0456853
0.68 -1.67782 0.288179 0.0311208
0.68 -1.3991 0.268889 -0.00760307
0.68 -1.14074 0.247495 -0.0654776
0.68 -0.904759 0.224163 -0.128264
0.68 -0.693 0.199077 -0.178755
0.68 -0.507123 0.172434 -0.203417
0.68 -0.348583 0.14444 -0.195649
0.68 -0.218619 0.115317 -0.156533
0.68 -0.11825 0.0852919 -0.0986631
0.68 -0.0482569 0.0546033 -0.0525739
0.68 -0.00917372 0.0235337 -0.0345836
0.68 0.00917372 0.0235337 -0.027235
0.68 0.0482569 0.0546033 -0.0118143
0.68 0.11825 0.0852919 0.0171311
0.68 0.218619 0.115317 0.0631837
0.68 0.348583 0.14444 0.114177
0.68 0.507123 0.172434 0.148852
0.68 0.693 0.199077 0.154211
0.68 0.904759 0.224163 0.129067
0.68 1.14074 0.247495 0.0829024
0.68 1.3991 0.268889 0.0319943
0.68 1.67782 0.288179 -0.0076838
0.68 1.97471 0.305214 -0.0277376
0.68 2.28745 0.31986 -0.0298993
0.68 2.61359 0.332002 -0.0222504
0.68 2.95059 0.341547 -0.0128784
0.68 3.2958 0.348418 -0.00604649
0.68 3.64651 0.352562 -0.00235526
0.68 4. 0.353947 -0.000774226
0.68 4.35349 0.352562 -0.000218348
0.68 4.7042 0.348418 -0.000053786
0.68 5.04941 0.341547 -0.0000118091
0.68 5.38641 0.332002 0
0.68 5.71255 0.31986 0
0.68 6.02529 0.305214 0
0.68 6.32218 0.288179 0
0.68 6.6009 0.268889 0
0.68 6.85926 0.247495 0
0.68 7.09524 0.224163 0
0.68 7.307 0.199077 0
0.68 7.49288 0.172434 0
0.68 7.65142 0.14444 0
0.68 7.78138 0.115317 0
0.68 7.88175 0.0852919 0
0.68 7.95174 0.0546033 0
0.68 7.99083 0.0235337 0
0.72 -7.99083 0.0235337 0
0.72 -7.95174 0.0546033 0
0.72 -7.88175 0.0852919 0
0.72 -7.78138 0.115317 0
0.72 -7.65142 0.14444 0
0.72 -7.49288 0.172434 0
0.72 -7.307 0.199077 0
0.72 -7.09524 0.224163 0
0.72 -6.85926 0.247495 0
0.72 -6.6009 0.268889 0
0.72 -6.32218 0.288179 0
0.72 -6.02529 0.305214 0
0.72 -5.71255 0.31986 0
0.72 -5.38641 0.332002 0
0.72 -5.04941 0.341547 0.0000130198
0.72 -4.7042 0.348418 0.0000598406
0.72 -4.35349 0.352562 0.000245656
0.72 -4. 0.353947 0.000883335
0.72 -3.64651 0.352562 0.00273584
0.72 -3.2958 0.348418 0.00719241
0.72 -2.95059 0.341547 0.0158317
0.72 -2.61359 0.332002 0.0287252
0.72 -2.28745 0.31986 0.0419075
0.72 -1.97471 0.305214 0.0464244
0.72 -1.67782 0.288179 0.0316379
0.72 -1.3991 0.268889 -0.00801182
0.72 -1.14074 0.247495 -0.0678078
0.72 -0.904759 0.224163 -0.133643
0.72 -0.693 0.199077 -0.188243
0.72 -0.507123 0.172434 -0.217805
0.72 -0.348583 0.14444 -0.215144
0.72 -0.218619 0.115317 -0.179931
0.72 -0.11825 0.0852919 -0.121851
0.72 -0.0482569 0.0546033 -0.070711
0.72 -0.00917372 0.0235337 -0.0508575
0.72 0.00917372 0.0235337 -0.043375
0.72 0.0482569 0.0546033 -0.027775
0.72 0.11825 0.0852919 0.00103491
0.72 0.218619 0.115317 0.0464524
0.72 0.348583 0.14444 0.0981439
0.72 0.507123 0.172434 0.135363
0.72 0.693 0.199077 0.144318
0.72 0.904759 0.224163 0.122899
0.72 1.14074 0.247495 0.0798913
0.72 1.3991 0.268889 0.0311789
0.72 1.67782 0.288179 -0.00732595
0.72 1.97471 0.305214 -0.027011
0.72 2.28745 0.31986 -0.0292594
0.72 2.61359 0.332002 -0.0218427
0.72 2.95059 0.341547 -0.0126718
0.72 3.2958 0.348418 -0.00596026
0.72 3.64651 0.352562 -0.00232504
0.72 4. 0.353947 -0.000765202
0.72 4.35349 0.352562 -0.000216015
0.72 4.7042 0.348418 -0.0000532553
0.72 5.04941 0.341547 -0.0000117007
0.72 5.38641 0.332002 0
0.72 5.71255 0.31986 0
0.72 6.02529 0.305214 0
0.72 6.32218 0.288179 0
0.72 6.6009 0.268889 0
0.72 6.85926 0.247495 0
0.72 7.09524 0.224163 0
0.72 7.307 0.199077 0
0.72 7.49288 0.172434 0
0.72 7.65142 0.14444 0
0.72 7.78138 0.115317 0
0.72 7.88175 0.0852919 0
0.72 7.95174 0.0546033 0
0.72 7.99083 0.0235337 0
0.76 -7.99083 0.0235337 0
0.76 -7.95174 0.0546033 0
0.76 -7.88175 0.0852919 0
0.76 -7.78138 0.115317 0
0.76 -7.65142 0.14444 0
0.76 -7.49288 0.172434 0
0.76 -7.307 0.199077 0
0.76 -7.09524 0.224163 0
0.76 -6.85926 0.247495 0
0.76 -6.6009 0.268889 0
0.76 -6.32218 0.288179 0
0.76 -6.02529 0.305214 0
0.76 -5.71255 0.31986 0
0.76 -5.38641 0.332002 0
0.76 -5.04941 0.341547 0.0000131068
0.76 -4.7042 0.348418 0.0000602693
0.76 -4.35349 0.352562 0.000247554
0.76 -4. 0.353947 0.000890747
0.76 -3.64651 0.352562 0.00276095
0.76 -3.2958 0.348418 0.00726516
0.76 -2.95059 0.341547 0.0160096
0.76 -2.61359 0.332002 0.0290866
0.76 -2.28745 0.31986 0.0425015
0.76 -1.97471 0.305214 0.0471644
0.76 -1.67782 0.288179 0.0321731
0.76 -1.3991 0.268889 -0.00837191
0.76 -1.14074 0.247495 -0.0700523
0.76 -0.904759 0.224163 -0.138915
0.76 -0.693 0.199077 -0.197661
0.76 -0.507123 0.172434 -0.232301
0.76 -0.348583 0.14444 -0.235199
0.76 -0.218619 0.115317 -0.204763
0.76 -0.11825 0.0852919 -0.147468
0.76 -0.0482569 0.0546033 -0.0904861
0.76 -0.00917372 0.0235337 -0.0674895
0.76 0.00917372 0.0235337 -0.0598208
0.76 0.0482569 0.0546033 -0.0439736
0.76 0.11825 0.0852919 -0.0151197
0.76 0.218619 0.115317 0.0298537
0.76 0.348583 0.14444 0.0822253
0.76 0.507123 0.172434 0.121889
0.76 0.693 0.199077 0.134369
0.76 0.904759 0.224163 0.116654
0.76 1.14074 0.247495 0.0768165
0.76 1.3991 0.268889 0.0303258
0.76 1.67782 0.288179 -0.00698246
0.76 1.97471 0.305214 -0.0262849
0.76 2.28745 0.31986 -0.0286153
0.76 2.61359 0.332002 -0.0214307
0.76 2.95059 0.341547 -0.0124625
0.76 3.2958 0.348418 -0.00587279
0.76 3.64651 0.352562 -0.00229436
0.76 4. 0.353947 -0.000756029
0.76 4.35349 0.352562 -0.000213643
0.76 4.7042 0.348418 -0.0000527152
0.76 5.04941 0.341547 -0.0000115903
0.76 5.38641 0.332002 0
0.76 5.71255 0.31986 0
0.76 6.02529 0.305214 0
0.76 6.32218 0.288179 0
0.76 6.6009 0.268889 0
0.76 6.85926 0.247495 0
0.76 7.09524 0.224163 0
0.76 7.307 0.199077 0
0.76 7.49288 0.172434 0
0.76 7.65142 0.14444 0
0.76 7.78138 0.115317 0
0.76 7.88175 0.0852919 0
0.76 7.95174 0.0546033 0
0.76 7.99083 0.0235337 0
0.8 -7.99083 0.0235337 0
0.8 -7.95174 0.0546033 0
0.8 -7.88175 0.0852919 0
0.8 -7.78138 0.115317 0
0.8 -7.65142 0.14444 0
0.8 -7.49288 0.172434 0
0.8 -7.307 0.199077 0
0.8 -7.09524 0.224163 0
0.8 -6.85926 0.247495 0
0.8 -6.6009 0.268889 0
0.8 -6.32218 0.288179 0
0.8 -6.02529 0.305214 0
0.8 -5.71255 0.31986 0
0.8 -5.38641 0.332002 0
0.8 -5.04941 0.341547 0.0000131917
0.8 -4.7042 0.348418 0.0000606875
0.8 -4.35349 0.352562 0.000249408
0.8 -4. 0.353947 0.000897993
0.8 -3.64651 0.352562 0.00278553
0.8 -3.2958 0.348418 0.0073365
0.8 -2.95059 0.341547 0.0161845
0.8 -2.61359 0.332002 0.0294429
0.8 -2.28745 0.31986 0.0430901
0.8 -1.97471 0.305214 0.0479051
0.8 -1.67782 0.288179 0.0327269
0.8 -1.3991 0.268889 -0.00868078
0.8 -1.14074 0.247495 -0.0722046
0.8 -0.904759 0.224163 -0.144067
0.8 -0.693 0.199077 -0.206993
0.8 -0.507123 0.172434 -0.246894
0.8 -0.348583 0.14444 -0.255844
0.8 -0.218619 0.115317 -0.231236
0.8 -0.11825 0.0852919 -0.17623
0.8 -0.0482569 0.0546033 -0.112989
0.8 -0.00917372 0.0235337 -0.0846293
0.8 0.00917372 0.0235337 -0.0766763
0.8 0.0482569 0.0546033 -0.0604986
0.8 0.11825 0.0852919 -0.0314265
0.8 0.218619 0.115317 0.0133026
0.8 0.348583 0.14444 0.066369
0.8 0.507123 0.172434 0.108403
0.8 0.693 0.199077 0.124351
0.8 0.904759 0.224163 0.110326
0.8 1.14074 0.247495 0.0736756
0.8 1.3991 0.268889 0.0294345
0.8 1.67782 0.288179 -0.00665322
0.8 1.97471 0.305214 -0.0255591
0.8 2.28745 0.31986 -0.0279664
0.8 2.61359 0.332002 -0.0210142
0.8 2.95059 0.341547 -0.0122505
0.8 3.2958 0.348418 -0.00578405
0.8 3.64651 0.352562 -0.00226319
0.8 4. 0.353947 -0.000746705
0.8 4.35349 0.352562 -0.000211229
0.8 4.7042 0.348418 -0.0000521653
0.8 5.04941 0.341547 -0.0000114779
0.8 5.38641 0.332002 0
0.8 5.71255 0.31986 0
0.8 6.02529 0.305214 0
0.8 6.32218 0.288179 0
0.8 6.6009 0.268889 0
0.8 6.85926 0.247495 0
0.8 7.09524 0.224163 0
0.8 7.307 0.199077 0
0.8 7.49288 0.172434 0
0.8 7.65142 0.14444 0
0.8 7.78138 0.115317 0
0.8 7.88175 0.0852919 0
0.8 7.95174 0.0546033 0
0.8 7.99083 0.0235337 0
0.84 -7.99083 0.0235337 0
0.84 -7.95174 0.0546033 0
0.84 -7.88175 0.0852919 0
0.84 -7.78138 0.115317 0
0.84 -7.65142 0.14444 0
0.84 -7.49288 0.172434 0
0.84 -7.307 0.199077 0
0.84 -7.09524 0.224163 0
0.84 -6.85926 0.247495 0
0.84 -6.6009 0.268889 0
0.84 -6.32218 0.288179 0
0.84 -6.02529 0.305214 0
0.84 -5.71255 0.31986 0
0.84 -5.38641 0.332002 0
0.84 -5.04941 0.341547 0.0000132743
0.84 -4.7042 0.348418 0.000061095
0.84 -4.35349 0.352562 0.000251215
0.84 -4. 0.353947 0.000905066
0.84 -3.64651 0.352562 0.00280956
0.84 -3.2958 0.348418 0.00740634
0.84 -2.95059 0.341547 0.016356
0.84 -2.61359 0.332002 0.0297938
0.84 -2.28745 0.31986 0.0436728
0.84 -1.97471 0.305214 0.0486461
0.84 -1.67782 0.288179 0.0332998
0.84 -1.3991 0.268889 -0.0089354
0.84 -1.14074 0.247495 -0.0742571
0.84 -0.904759 0.224163 -0.149085
0.84 -0.693 0.199077 -0.216218
0.84 -0.507123 0.172434 -0.261564
0.84 -0.348583 0.14444 -0.277102
0.84 -0.218619 0.115317 -0.259573
0.84 -0.11825 0.0852919 -0.209054
0.84 -0.0482569 0.0546033 -0.140123
0.84 -0.00917372 0.0235337 -0.102601
0.84 0.00917372 0.0235337 -0.0940856
0.84 0.0482569 0.0546033 -0.0774676
0.84 0.11825 0.0852919 -0.0479937
0.84 0.218619 0.115317 -0.00329573
0.84 0.348583 0.14444 0.0505139
0.84 0.507123 0.172434 0.0948707
0.84 0.693 0.199077 0.114247
0.84 0.904759 0.224163 0.103907
0.84 1.14074 0.247495 0.070465
0.84 1.3991 0.268889 0.0285038
0.84 1.67782 0.288179 -0.00633815
0.84 1.97471 0.305214 -0.0248331
0.84 2.28745 0.31986 -0.0273124
0.84 2.61359 0.332002 -0.020593
0.84 2.95059 0.341547 -0.0120357
0.84 3.2958 0.348418 -0.00569396
0.84 3.64651 0.352562 -0.00223152
0.84 4. 0.353947 -0.000737221
0.84 4.35349 0.352562 -0.000208772
0.84 4.7042 0.348418 -0.0000516054
0.84 5.04941 0.341547 -0.0000113634
0.84 5.38641 0.332002 0
0.84 5.71255 0.31986 0
0.84 6.02529 0.305214 0
0.84 6.32218 0.288179 0
0.84 6.6009 0.268889 0
0.84 6.85926 0.247495 0
0.84 7.09524 0.224163 0
0.84 7.307 0.199077 0
0.84 7.49288 0.172434 0
0.84 7.65142 0.14444 0
0.84 7.78138 0.115317 0
0.84 7.88175 0.0852919 0
0.84 7.95174 0.0546033 0
0.84 7.99083 0.0235337 0
0.88 -7.99083 0.0235337 0
0.88 -7.95174 0.0546033 0
0.88 -7.88175 0.0852919 0
0.88 -7.78138 0.115317 0
0.88 -7.65142 0.14444 0
0.88 -7.49288 0.172434 0
0.88 -7.307 0.199077 0
0.88 -7.09524 0.224163 0
0.88 -6.85926 0.247495 0
0.88 -6.6009 0.268889 0
0.88 -6.32218 0.288179 0
0.88 -6.02529 0.305214 0
0.88 -5.71255 0.31986 0
0.88 -5.38641 0.332002 0
0.88 -5.04941 0.341547 0.0000133545
0.88 -4.7042 0.348418 0.000061491
0.88 -4.35349 0.352562 0.000252973
0.88 -4. 0.353947 0.000911953
0.88 -3.64651 0.352562 0.00283298
0.88 -3.2958 0.348418 0.00747459
0.88 -2.95059 0.341547 0.0165241
0.88 -2.61359 0.332002 0.0301387
0.88 -2.28745 0.31986 0.0442491
0.88 -1.97471 0.305214 0.0493869
0.88 -1.67782 0.288179 0.0338926
0.88 -1.3991 0.268889 -0.00913211
0.88 -1.14074 0.247495 -0.0762003
0.88 -0.904759 0.224163 -0.153952
0.88 -0.693 0.199077 -0.225307
0.88 -0.507123 0.172434 -0.27628
0.88 -0.348583 0.14444 -0.298984
0.88 -0.218619 0.115317 -0.290013
0.88 -0.11825 0.0852919 -0.247119
0.88 -0.0482569 0.0546033 -0.175241
0.88 -0.00917372 0.0235337 -0.122474
0.88 0.00917372 0.0235337 -0.112264
0.88 0.0482569 0.0546033 -0.0950495
0.88 0.11825 0.0852919 -0.0649602
0.88 0.218619 0.115317 -0.0200558
0.88 0.348583 0.14444 0.0345837
0.88 0.507123 0.172434 0.0812478
0.88 0.693 0.199077 0.104031
0.88 0.904759 0.224163 0.0973831
0.88 1.14074 0.247495 0.0671786
0.88 1.3991 0.268889 0.0275317
0.88 1.67782 0.288179 -0.00603732
0.88 1.97471 0.305214 -0.0241062
0.88 2.28745 0.31986 -0.0266527
0.88 2.61359 0.332002 -0.0201666
0.88 2.95059 0.341547 -0.0118177
0.88 3.2958 0.348418 -0.00560244
0.88 3.64651 0.352562 -0.00219931
0.88 4. 0.353947 -0.000727567
0.88 4.35349 0.352562 -0.00020627
0.88 4.7042 0.348418 -0.0000510348
0.88 5.04941 0.341547 -0.0000112467
0.88 5.38641 0.332002 0
0.88 5.71255 0.31986 0
0.88 6.02529 0.305214 0
0.88 6.32218 0.288179 0
0.88 6.6009 0.268889 0
0.88 6.85926 0.247495 0
0.88 7.09524 0.224163 0
0.88 7.307 0.199077 0
0.88 7.49288 0.172434 0
0.88 7.65142 0.14444 0
0.88 7.78138 0.115317 0
0.88 7.88175 0.0852919 0
0.88 7.95174 0.0546033 0
0.88 7.99083 0.0235337 0
0.92 -7.99083 0.0235337 0
0.92 -7.95174 0.0546033 0
0.92 -7.88175 0.0852919 0
0.92 -7.78138 0.115317 0
0.92 -7.65142 0.14444 0
0.92 -7.49288 0.172434 0
0.92 -7.307 0.199077 0
0.92 -7.09524 0.224163 0
0.92 -6.85926 0.247495 0
0.92 -6.6009 0.268889 0
0.92 -6.32218 0.288179 0
0.92 -6.02529 0.305214 0
0.92 -5.71255 0.31986 0
0.92 -5.38641 0.332002 0
0.92 -5.04941 0.341547 0.0000134321
0.92 -4.7042 0.348418 0.0000618748
0.92 -4.35349 0.352562 0.000254679
0.92 -4. 0.353947 0.000918643
0.92 -3.64651 0.352562 0.00285577
0.92 -3.2958 0.348418 0.0075411
0.92 -2.95059 0.341547 0.0166884
0.92 -2.61359 0.332002 0.0304771
0.92 -2.28745 0.31986 0.0448178
0.92 -1.97471 0.305214 0.0501267
0.92 -1.67782 0.288179 0.0345059
0.92 -1.3991 0.268889 -0.00926628
0.92 -1.14074 0.247495 -0.078022
0.92 -0.904759 0.224163 -0.158643
0.92 -0.693 0.199077 -0.234222
0.92 -0.507123 0.172434 -0.290993
0.92 -0.348583 0.14444 -0.321476
0.92 -0.218619 0.115317 -0.322797
0.92 -0.11825 0.0852919 -0.291924
0.92 -0.0482569 0.0546033 -0.224283
0.92 -0.00917372 0.0235337 -0.14897
0.92 0.00917372 0.0235337 -0.131573
0.92 0.0482569 0.0546033 -0.113516
0.92 0.11825 0.0852919 -0.0825287
0.92 0.218619 0.115317 -0.0371336
0.92 0.348583 0.14444 0.0184726
0.92 0.507123 0.172434 0.067469
0.92 0.693 0.199077 0.0936654
0.92 0.904759 0.224163 0.0907341
0.92 1.14074 0.247495 0.0638065
0.92 1.3991 0.268889 0.0265147
0.92 1.67782 0.288179 -0.00575095
0.92 1.97471 0.305214 -0.0233775
0.92 2.28745 0.31986 -0.0259861
0.92 2.61359 0.332002 -0.0197344
0.92 2.95059 0.341547 -0.0115963
0.92 3.2958 0.348418 -0.00550934
0.92 3.64651 0.352562 -0.00216651
0.92 4. 0.353947 -0.000717729
0.92 4.35349 0.352562 -0.000203719
0.92 4.7042 0.348418 -0.0000504526
0.92 5.04941 0.341547 -0.0000111275
0.92 5.38641 0.332002 0
0.92 5.71255 0.31986 0
0.92 6.02529 0.305214 0
0.92 6.32218 0.288179 0
0.92 6.6009 0.268889 0
0.92 6.85926 0.247495 0
0.92 7.09524 0.224163 0
0.92 7.307 0.199077 0
0.92 7.49288 0.172434 0
0.92 7.65142 0.14444 0
0.92 7.78138 0.115317 0
0.92 7.88175 0.0852919 0
0.92 7.95174 0.0546033 0
0.92 7.99083 0.0235337 0
0.96 -7.99083 0.0235337 0
0.96 -7.95174 0.0546033 0
0.96 -7.88175 0.0852919 0
0.96 -7.78138 0.115317 0
0.96 -7.65142 0.14444 0
0.96 -7.49288 0.172434 0
0.96 -7.307 0.199077 0
0.96 -7.09524 0.224163 0
0.96 -6.85926 0.247495 0
0.96 -6.6009 0.268889 0
0.96 -6.32218 0.288179 0
0.96 -6.02529 0.305214 0
0.96 -5.71255 0.31986 0
0.96 -5.38641 0.332002 0
0.96 -5.04941 0.341547 0.0000135071
0.96 -4.7042 0.348418 0.0000622452
0.96 -4.35349 0.352562 0.000256327
0.96 -4. 0.353947 0.000925115
0.96 -3.64651 0.352562 0.00287786
0.96 -3.2958 0.348418 0.0076057
0.96 -2.95059 0.341547 0.0168484
0.96 -2.61359 0.332002 0.0308081
0.96 -2.28745 0.31986 0.0453779
0.96 -1.97471 0.305214 0.0508644
0.96 -1.67782 0.288179 0.0351406
0.96 -1.3991 0.268889 -0.00933174
0.96 -1.14074 0.247495 -0.0797057
0.96 -0.904759 0.224163 -0.163124
0.96 -0.693 0.199077 -0.242907
0.96 -0.507123 0.172434 -0.305628
0.96 -0.348583 0.14444 -0.344523
0.96 -0.218619 0.115317 -0.35814
0.96 -0.11825 0.0852919 -0.345344
0.96 -0.0482569 0.0546033 -0.297789
0.96 -0.00917372 0.0235337 -0.205674
0.96 0.00917372 0.0235337 -0.152787
0.96 0.0482569 0.0546033 -0.133409
0.96 0.11825 0.0852919 -0.101068
0.96 0.218619 0.115317 -0.0547897
0.96 0.348583 0.14444 0.00200513
0.96 0.507123 0.172434 0.0534225
0.96 0.693 0.199077 0.0830829
0.96 0.904759 0.224163 0.0839219
0.96 1.14074 0.247495 0.0603304
0.96 1.3991 0.268889 0.0254462
0.96 1.67782 0.288179 -0.00547968
0.96 1.97471 0.305214 -0.0226454
0.96 2.28745 0.31986 -0.0253111
0.96 2.61359 0.332002 -0.019295
0.96 2.95059 0.341547 -0.0113708
0.96 3.2958 0.348418 -0.0054144
0.96 3.64651 0.352562 -0.00213302
0.96 4. 0.353947 -0.000707677
0.96 4.35349 0.352562 -0.00020111
0.96 4.7042 0.348418 -0.0000498572
0.96 5.04941 0.341547 -0.0000110055
0.96 5.38641 0.332002 0
0.96 5.71255 0.31986 0
0.96 6.02529 0.305214 0
0.96 6.32218 0.288179 0
0.96 6.6009 0.268889 0
0.96 6.85926 0.247495 0
0.96 7.09524 0.224163 0
0.96 7.307 0.199077 0
0.96 7.49288 0.172434 0
0.96 7.65142 0.14444 0
0.96 7.78138 0.115317 0
0.96 7.88175 0.0852919 0
0.96 7.95174 0.0546033 0
0.96 7.99083 0.0235337 0
