#x points: 24 #c points: 60
xloc: cloc: weight: f
values below 10e-5 have been chopped
0.04 -7.98757 0.0318728 0
0.04 -7.93467 0.0738659 0
0.04 -7.84009 0.115139 0
0.04 -7.7048 0.155197 0
0.04 -7.53024 0.193611 0
0.04 -7.31826 0.229973 0
0.04 -7.07111 0.263897 0
0.04 -6.7914 0.295024 0
0.04 -6.4821 0.323024 0
0.04 -6.1465 0.347599 0
0.04 -5.78814 0.36849 0
0.04 -5.41082 0.385475 0
0.04 -5.01855 0.398374 0.0000129374
0.04 -4.61548 0.40705 0.0000738042
0.04 -4.20589 0.411411 0.000357877
0.04 -3.79411 0.411411 0.00143166
0.04 -3.38452 0.40705 0.00460689
0.04 -2.98145 0.398374 0.0116599
0.04 -2.58918 0.385475 0.0226675
0.04 -2.21186 0.36849 0.0326507
0.04 -1.8535 0.347599 0.0319757
0.04 -1.5179 0.323024 0.0144695
0.04 -1.2086 0.295024 -0.0128922
0.04 -0.92889 0.263897 -0.0305585
0.04 -0.681737 0.229973 -0.0189134
0.04 -0.469758 0.193611 0.0279659
0.04 -0.2952 0.155197 0.0966111
0.04 -0.159913 0.115139 0.160754
0.04 -0.0653275 0.0738659 0.204976
0.04 -0.0124261 0.0318728 0.230886
0.04 0.0124261 0.0318728 0.298441
0.04 0.0653275 0.0738659 0.395687
0.04 0.159913 0.115139 0.433445
0.04 0.2952 0.155197 0.429133
0.04 0.469758 0.193611 0.387817
0.04 0.681737 0.229973 0.310265
0.04 0.92889 0.263897 0.205911
0.04 1.2086 0.295024 0.0971205
0.04 1.5179 0.323024 0.0115915
0.04 1.8535 0.347599 -0.0333904
0.04 2.21186 0.36849 -0.0410488
0.04 2.58918 0.385475 -0.0291529
0.04 2.98145 0.398374 -0.0148641
0.04 3.38452 0.40705 -0.00577835
0.04 3.79411 0.411411 -0.00176541
0.04 4.20589 0.411411 -0.00043439
0.04 4.61548 0.40705 -0.0000883353
0.04 5.01855 0.398374 -0.0000152966
0.04 5.41082 0.385475 0
0.04 5.78814 0.36849 0
0.04 6.1465 0.347599 0
0.04 6.4821 0.323024 0
0.04 6.7914 0.295024 0
0.04 7.07111 0.263897 0
0.04 7.31826 0.229973 0
0.04 7.53024 0.193611 0
0.04 7.7048 0.155197 0
0.04 7.84009 0.115139 0
0.04 7.93467 0.0738659 0
0.04 7.98757 0.0318728 0
0.08 -7.98757 0.0318728 0
0.08 -7.93467 0.0738659 0
0.08 -7.84009 0.115139 0
0.08 -7.7048 0.155197 0
0.08 -7.53024 0.193611 0
0.08 -7.31826 0.229973 0
0.08 -7.07111 0.263897 0
0.08 -6.7914 0.295024 0
0.08 -6.4821 0.323024 0
0.08 -6.1465 0.347599 0
0.08 -5.78814 0.36849 0
0.08 -5.41082 0.385475 0
0.08 -5.01855 0.398374 0.0000130787
0.08 -4.61548 0.40705 0.0000746806
0.08 -4.20589 0.411411 0.000362538
0.08 -3.79411 0.411411 0.00145229
0.08 -3.38452 0.40705 0.00468092
0.08 -2.98145 0.398374 0.0118701
0.08 -2.58918 0.385475 0.0231249
0.08 -2.21186 0.36849 0.0333663
0.08 -1.8535 0.347599 0.0326067
0.08 -1.5179 0.323024 0.0141098
0.08 -1.2086 0.295024 -0.0156119
0.08 -0.92889 0.263897 -0.0369816
0.08 -0.681737 0.229973 -0.0297087
0.08 -0.469758 0.193611 0.013275
0.08 -0.2952 0.155197 0.0795658
0.08 -0.159913 0.115139 0.142661
0.08 -0.0653275 0.0738659 0.185499
0.08 -0.0124261 0.0318728 0.209801
0.08 0.0124261 0.0318728 0.235328
0.08 0.0653275 0.0738659 0.327043
0.08 0.159913 0.115139 0.388985
0.08 0.2952 0.155197 0.401925
0.08 0.469758 0.193611 0.371575
0.08 0.681737 0.229973 0.301294
0.08 0.92889 0.263897 0.201792
0.08 1.2086 0.295024 0.0959819
0.08 1.5179 0.323024 0.0119253
0.08 1.8535 0.347599 -0.0326438
0.08 2.21186 0.36849 -0.0404353
0.08 2.58918 0.385475 -0.0288063
0.08 2.98145 0.398374 -0.0147156
0.08 3.38452 0.40705 -0.00572841
0.08 3.79411 0.411411 -0.00175195
0.08 4.20589 0.411411 -0.000431423
0.08 4.61548 0.40705 -0.000087788
0.08 5.01855 0.398374 -0.0000152097
0.08 5.41082 0.385475 0
0.08 5.78814 0.36849 0
0.08 6.1465 0.347599 0
0.08 6.4821 0.323024 0
0.08 6.7914 0.295024 0
0.08 7.07111 0.263897 0
0.08 7.31826 0.229973 0
0.08 7.53024 0.193611 0
0.08 7.7048 0.155197 0
0.08 7.84009 0.115139 0
0.08 7.93467 0.0738659 0
0.08 7.98757 0.0318728 0
0.12 -7.98757 0.0318728 0
0.12 -7.93467 0.0738659 0
0.12 -7.84009 0.115139 0
0.12 -7.7048 0.155197 0
0.12 -7.53024 0.193611 0
0.12 -7.31826 0.229973 0
0.12 -7.07111 0.263897 0
0.12 -6.7914 0.295024 0
0.12 -6.4821 0.323024 0
0.12 -6.1465 0.347599 0
0.12 -5.78814 0.36849 0
0.12 -5.41082 0.385475 0
0.12 -5.01855 0.398374 0.0000132167
0.12 -4.61548 0.40705 0.0000755376
0.12 -4.20589 0.411411 0.0003671
0.12 -3.79411 0.411411 0.00147249
0.12 -3.38452 0.40705 0.0047535
0.12 -2.98145 0.398374 0.0120765
0.12 -2.58918 0.385475 0.0235751
0.12 -2.21186 0.36849 0.0340738
0.12 -1.8535 0.347599 0.0332399
0.12 -1.5179 0.323024 0.0137836
0.12 -1.2086 0.295024 -0.0182428
0.12 -0.92889 0.263897 -0.0432475
0.12 -0.681737 0.229973 -0.0402834
0.12 -0.469758 0.193611 -0.00113355
0.12 -0.2952 0.155197 0.0629426
0.12 -0.159913 0.115139 0.125351
0.12 -0.0653275 0.0738659 0.167318
0.12 -0.0124261 0.0318728 0.190585
0.12 0.0124261 0.0318728 0.205447
0.12 0.0653275 0.0738659 0.277067
0.12 0.159913 0.115139 0.34959
0.12 0.2952 0.155197 0.375795
0.12 0.469758 0.193611 0.355335
0.12 0.681737 0.229973 0.292094
0.12 0.92889 0.263897 0.19747
0.12 1.2086 0.295024 0.0947255
0.12 1.5179 0.323024 0.0122141
0.12 1.8535 0.347599 -0.0319019
0.12 2.21186 0.36849 -0.0398136
0.12 2.58918 0.385475 -0.0284521
0.12 2.98145 0.398374 -0.0145631
0.12 3.38452 0.40705 -0.00567697
0.12 3.79411 0.411411 -0.00173805
0.12 4.20589 0.411411 -0.000428353
0.12 4.61548 0.40705 -0.0000872212
0.12 5.01855 0.398374 -0.0000151197
0.12 5.41082 0.385475 0
0.12 5.78814 0.36849 0
0.12 6.1465 0.347599 0
0.12 6.4821 0.323024 0
0.12 6.7914 0.295024 0
0.12 7.07111 0.263897 0
0.12 7.31826 0.229973 0
0.12 7.53024 0.193611 0
0.12 7.7048 0.155197 0
0.12 7.84009 0.115139 0
0.12 7.93467 0.0738659 0
0.12 7.98757 0.0318728 0
0.16 -7.98757 0.0318728 0
0.16 -7.93467 0.0738659 0
0.16 -7.84009 0.115139 0
0.16 -7.7048 0.155197 0
0.16 -7.53024 0.193611 0
0.16 -7.31826 0.229973 0
0.16 -7.07111 0.263897 0
0.16 -6.7914 0.295024 0
0.16 -6.4821 0.323024 0
0.16 -6.1465 0.347599 0
0.16 -5.78814 0.36849 0
0.16 -5.41082 0.385475 0
0.16 -5.01855 0.398374 0.000013352
0.16 -4.61548 0.40705 0.0000763777
0.16 -4.20589 0.411411 0.000371573
0.16 -3.79411 0.411411 0.00149232
0.16 -3.38452 0.40705 0.00482482
0.16 -2.98145 0.398374 0.0122796
0.16 -2.58918 0.385475 0.0240193
0.16 -2.21186 0.36849 0.0347749
0.16 -1.8535 0.347599 0.0338761
0.16 -1.5179 0.323024 0.0134873
0.16 -1.2086 0.295024 -0.0207997
0.16 -0.92889 0.263897 -0.0493921
0.16 -0.681737 0.229973 -0.0507082
0.16 -0.469758 0.193611 -0.0153853
0.16 -0.2952 0.155197 0.0465325
0.16 -0.159913 0.115139 0.108502
0.16 -0.0653275 0.0738659 0.14994
0.16 -0.0124261 0.0318728 0.17247
0.16 0.0124261 0.0318728 0.184367
0.16 0.0653275 0.0738659 0.239127
0.16 0.159913 0.115139 0.314486
0.16 0.2952 0.155197 0.350749
0.16 0.469758 0.193611 0.339175
0.16 0.681737 0.229973 0.282724
0.16 0.92889 0.263897 0.192977
0.16 1.2086 0.295024 0.0933646
0.16 1.5179 0.323024 0.0124612
0.16 1.8535 0.347599 -0.0311655
0.16 2.21186 0.36849 -0.0391851
0.16 2.58918 0.385475 -0.0280912
0.16 2.98145 0.398374 -0.014407
0.16 3.38452 0.40705 -0.00562415
0.16 3.79411 0.411411 -0.00172375
0.16 4.20589 0.411411 -0.000425191
0.16 4.61548 0.40705 -0.0000866365
0.16 5.01855 0.398374 -0.0000150267
0.16 5.41082 0.385475 0
0.16 5.78814 0.36849 0
0.16 6.1465 0.347599 0
0.16 6.4821 0.323024 0
0.16 6.7914 0.295024 0
0.16 7.07111 0.263897 0
0.16 7.31826 0.229973 0
0.16 7.53024 0.193611 0
0.16 7.7048 0.155197 0
0.16 7.84009 0.115139 0
0.16 7.93467 0.0738659 0
0.16 7.98757 0.0318728 0
0.2 -7.98757 0.0318728 0
0.2 -7.93467 0.0738659 0
0.2 -7.84009 0.115139 0
0.2 -7.7048 0.155197 0
0.2 -7.53024 0.193611 0
0.2 -7.31826 0.229973 0
0.2 -7.07111 0.263897 0
0.2 -6.7914 0.295024 0
0.2 -6.4821 0.323024 0
0.2 -6.1465 0.347599 0
0.2 -5.78814 0.36849 0
0.2 -5.41082 0.385475 0
0.2 -5.01855 0.398374 0.0000134847
0.2 -4.61548 0.40705 0.0000772021
0.2 -4.20589 0.411411 0.000375966
0.2 -3.79411 0.411411 0.00151181
0.2 -3.38452 0.40705 0.004895
0.2 -2.98145 0.398374 0.0124798
0.2 -2.58918 0.385475 0.0244581
0.2 -2.21186 0.36849 0.0354707
0.2 -1.8535 0.347599 0.0345161
0.2 -1.5179 0.323024 0.0132193
0.2 -1.2086 0.295024 -0.0232903
0.2 -0.92889 0.263897 -0.0554345
0.2 -0.681737 0.229973 -0.0610223
0.2 -0.469758 0.193611 -0.029553
0.2 -0.2952 0.155197 0.0302115
0.2 -0.159913 0.115139 0.0919329
0.2 -0.0653275 0.0738659 0.13312
0.2 -0.0124261 0.0318728 0.155102
0.2 0.0124261 0.0318728 0.165991
0.2 0.0653275 0.0738659 0.208959
0.2 0.159913 0.115139 0.282971
0.2 0.2952 0.155197 0.326747
0.2 0.469758 0.193611 0.323143
0.2 0.681737 0.229973 0.273223
0.2 0.92889 0.263897 0.188335
0.2 1.2086 0.295024 0.0919087
0.2 1.5179 0.323024 0.0126692
0.2 1.8535 0.347599 -0.0304349
0.2 2.21186 0.36849 -0.0385507
0.2 2.58918 0.385475 -0.0277243
0.2 2.98145 0.398374 -0.0142477
0.2 3.38452 0.40705 -0.00557007
0.2 3.79411 0.411411 -0.00170908
0.2 4.20589 0.411411 -0.000421942
0.2 4.61548 0.40705 -0.000086035
0.2 5.01855 0.398374 -0.0000149309
0.2 5.41082 0.385475 0
0.2 5.78814 0.36849 0
0.2 6.1465 0.347599 0
0.2 6.4821 0.323024 0
0.2 6.7914 0.295024 0
0.2 7.07111 0.263897 0
0.2 7.31826 0.229973 0
0.2 7.53024 0.193611 0
0.2 7.7048 0.155197 0
0.2 7.84009 0.115139 0
0.2 7.93467 0.0738659 0
0.2 7.98757 0.0318728 0
0.24 -7.98757 0.0318728 0
0.24 -7.93467 0.0738659 0
0.24 -7.84009 0.115139 0
0.24 -7.7048 0.155197 0
0.24 -7.53024 0.193611 0
0.24 -7.31826 0.229973 0
0.24 -7.07111 0.263897 0
0.24 -6.7914 0.295024 0
0.24 -6.4821 0.323024 0
0.24 -6.1465 0.347599 0
0.24 -5.78814 0.36849 0
0.24 -5.41082 0.385475 0
0.24 -5.01855 0.398374 0.0000136149
0.24 -4.61548 0.40705 0.0000780118
0.24 -4.20589 0.411411 0.000380284
0.24 -3.79411 0.411411 0.00153099
0.24 -3.38452 0.40705 0.00496412
0.24 -2.98145 0.398374 0.0126772
0.24 -2.58918 0.385475 0.0248921
0.24 -2.21186 0.36849 0.036162
0.24 -1.8535 0.347599 0.0351603
0.24 -1.5179 0.323024 0.0129785
0.24 -1.2086 0.295024 -0.0257192
0.24 -0.92889 0.263897 -0.0613868
0.24 -0.681737 0.229973 -0.0712512
0.24 -0.469758 0.193611 -0.043687
0.24 -0.2952 0.155197 0.013889
0.24 -0.159913 0.115139 0.0755146
0.24 -0.0653275 0.0738659 0.116702
0.24 -0.0124261 0.0318728 0.138275
0.24 0.0124261 0.0318728 0.148702
0.24 0.0653275 0.0738659 0.183833
0.24 0.159913 0.115139 0.254442
0.24 0.2952 0.155197 0.303729
0.24 0.469758 0.193611 0.307266
0.24 0.681737 0.229973 0.26362
0.24 0.92889 0.263897 0.183561
0.24 1.2086 0.295024 0.0903655
0.24 1.5179 0.323024 0.0128401
0.24 1.8535 0.347599 -0.0297103
0.24 2.21186 0.36849 -0.037911
0.24 2.58918 0.385475 -0.0273517
0.24 2.98145 0.398374 -0.0140853
0.24 3.38452 0.40705 -0.00551481
0.24 3.79411 0.411411 -0.00169406
0.24 4.20589 0.411411 -0.00041861
0.24 4.61548 0.40705 -0.0000854177
0.24 5.01855 0.398374 -0.0000148325
0.24 5.41082 0.385475 0
0.24 5.78814 0.36849 0
0.24 6.1465 0.347599 0
0.24 6.4821 0.323024 0
0.24 6.7914 0.295024 0
0.24 7.07111 0.263897 0
0.24 7.31826 0.229973 0
0.24 7.53024 0.193611 0
0.24 7.7048 0.155197 0
0.24 7.84009 0.115139 0
0.24 7.93467 0.0738659 0
0.24 7.98757 0.0318728 0
0.28 -7.98757 0.0318728 0
0.28 -7.93467 0.0738659 0
0.28 -7.84009 0.115139 0
0.28 -7.7048 0.155197 0
0.28 -7.53024 0.193611 0
0.28 -7.31826 0.229973 0
0.28 -7.07111 0.263897 0
0.28 -6.7914 0.295024 0
0.28 -6.4821 0.323024 0
0.28 -6.1465 0.347599 0
0.28 -5.78814 0.36849 0
0.28 -5.41082 0.385475 0
0.28 -5.01855 0.398374 0.0000137428
0.28 -4.61548 0.40705 0.0000788074
0.28 -4.20589 0.411411 0.000384529
0.28 -3.79411 0.411411 0.00154986
0.28 -3.38452 0.40705 0.00503222
0.28 -2.98145 0.398374 0.0128721
0.28 -2.58918 0.385475 0.0253215
0.28 -2.21186 0.36849 0.0368491
0.28 -1.8535 0.347599 0.0358092
0.28 -1.5179 0.323024 0.0127645
0.28 -1.2086 0.295024 -0.0280892
0.28 -0.92889 0.263897 -0.0672569
0.28 -0.681737 0.229973 -0.0814132
0.28 -0.469758 0.193611 -0.0578259
0.28 -0.2952 0.155197 -0.00250883
0.28 -0.159913 0.115139 0.0591415
0.28 -0.0653275 0.0738659 0.100575
0.28 -0.0124261 0.0318728 0.121851
0.28 0.0124261 0.0318728 0.132002
0.28 0.0653275 0.0738659 0.161999
0.28 0.159913 0.115139 0.228386
0.28 0.2952 0.155197 0.281627
0.28 0.469758 0.193611 0.29156
0.28 0.681737 0.229973 0.253936
0.28 0.92889 0.263897 0.178669
0.28 1.2086 0.295024 0.0887411
0.28 1.5179 0.323024 0.0129756
0.28 1.8535 0.347599 -0.0289919
0.28 2.21186 0.36849 -0.0372667
0.28 2.58918 0.385475 -0.026974
0.28 2.98145 0.398374 -0.0139199
0.28 3.38452 0.40705 -0.00545842
0.28 3.79411 0.411411 -0.0016787
0.28 4.20589 0.411411 -0.000415201
0.28 4.61548 0.40705 -0.0000847852
0.28 5.01855 0.398374 -0.0000147317
0.28 5.41082 0.385475 0
0.28 5.78814 0.36849 0
0.28 6.1465 0.347599 0
0.28 6.4821 0.323024 0
0.28 6.7914 0.295024 0
0.28 7.07111 0.263897 0
0.28 7.31826 0.229973 0
0.28 7.53024 0.193611 0
0.28 7.7048 0.155197 0
0.28 7.84009 0.115139 0
0.28 7.93467 0.0738659 0
0.28 7.98757 0.0318728 0
0.32 -7.98757 0.0318728 0
0.32 -7.93467 0.0738659 0
0.32 -7.84009 0.115139 0
0.32 -7.7048 0.155197 0
0.32 -7.53024 0.193611 0
0.32 -7.31826 0.229973 0
0.32 -7.07111 0.263897 0
0.32 -6.7914 0.295024 0
0.32 -6.4821 0.323024 0
0.32 -6.1465 0.347599 0
0.32 -5.78814 0.36849 0
0.32 -5.41082 0.385475 0
0.32 -5.01855 0.398374 0.0000138684
0.32 -4.61548 0.40705 0.0000795892
0.32 -4.20589 0.411411 0.000388704
0.32 -3.79411 0.411411 0.00156843
0.32 -3.38452 0.40705 0.00509934
0.32 -2.98145 0.398374 0.0130645
0.32 -2.58918 0.385475 0.0257465
0.32 -2.21186 0.36849 0.0375324
0.32 -1.8535 0.347599 0.0364629
0.32 -1.5179 0.323024 0.0125771
0.32 -1.2086 0.295024 -0.0304021
0.32 -0.92889 0.263897 -0.07305
0.32 -0.681737 0.229973 -0.0915216
0.32 -0.469758 0.193611 -0.0720011
0.32 -0.2952 0.155197 -0.0190472
0.32 -0.159913 0.115139 0.0427184
0.32 -0.0653275 0.0738659 0.0846546
0.32 -0.0124261 0.0318728 0.105728
0.32 0.0124261 0.0318728 0.11569
0.32 0.0653275 0.0738659 0.142328
0.32 0.159913 0.115139 0.204372
0.32 0.2952 0.155197 0.260366
0.32 0.469758 0.193611 0.276032
0.32 0.681737 0.229973 0.244188
0.32 0.92889 0.263897 0.173669
0.32 1.2086 0.295024 0.0870407
0.32 1.5179 0.323024 0.0130773
0.32 1.8535 0.347599 -0.0282797
0.32 2.21186 0.36849 -0.0366181
0.32 2.58918 0.385475 -0.0265914
0.32 2.98145 0.398374 -0.0137519
0.32 3.38452 0.40705 -0.00540096
0.32 3.79411 0.411411 -0.00166303
0.32 4.20589 0.411411 -0.000411715
0.32 4.61548 0.40705 -0.000084138
0.32 5.01855 0.398374 -0.0000146284
0.32 5.41082 0.385475 0
0.32 5.78814 0.36849 0
0.32 6.1465 0.347599 0
0.32 6.4821 0.323024 0
0.32 6.7914 0.295024 0
0.32 7.07111 0.263897 0
0.32 7.31826 0.229973 0
0.32 7.53024 0.193611 0
0.32 7.7048 0.155197 0
0.32 7.84009 0.115139 0
0.32 7.93467 0.0738659 0
0.32 7.98757 0.0318728 0
0.36 -7.98757 0.0318728 0
0.36 -7.93467 0.0738659 0
0.36 -7.84009 0.115139 0
0.36 -7.7048 0.155197 0
0.36 -7.53024 0.193611 0
0.36 -7.31826 0.229973 0
0.36 -7.07111 0.263897 0
0.36 -6.7914 0.295024 0
0.36 -6.4821 0.323024 0
0.36 -6.1465 0.347599 0
0.36 -5.78814 0.36849 0
0.36 -5.41082 0.385475 0
0.36 -5.01855 0.398374 0.0000139918
0.36 -4.61548 0.40705 0.0000803575
0.36 -4.20589 0.411411 0.000392811
0.36 -3.79411 0.411411 0.00158671
0.36 -3.38452 0.40705 0.0051655
0.36 -2.98145 0.398374 0.0132545
0.36 -2.58918 0.385475 0.0261674
0.36 -2.21186 0.36849 0.0382121
0.36 -1.8535 0.347599 0.0371217
0.36 -1.5179 0.323024 0.0124163
0.36 -1.2086 0.295024 -0.0326587
0.36 -0.92889 0.263897 -0.0787695
0.36 -0.681737 0.229973 -0.101586
0.36 -0.469758 0.193611 -0.0862387
0.36 -0.2952 0.155197 -0.0357863
0.36 -0.159913 0.115139 0.0261531
0.36 -0.0653275 0.0738659 0.0688664
0.36 -0.0124261 0.0318728 0.0898266
0.36 0.0124261 0.0318728 0.099654
0.36 0.0653275 0.0738659 0.124091
0.36 0.159913 0.115139 0.182039
0.36 0.2952 0.155197 0.239872
0.36 0.469758 0.193611 0.260684
0.36 0.681737 0.229973 0.234388
0.36 0.92889 0.263897 0.168572
0.36 1.2086 0.295024 0.0852686
0.36 1.5179 0.323024 0.0131463
0.36 1.8535 0.347599 -0.0275737
0.36 2.21186 0.36849 -0.0359655
0.36 2.58918 0.385475 -0.0262041
0.36 2.98145 0.398374 -0.0135812
0.36 3.38452 0.40705 -0.00534246
0.36 3.79411 0.411411 -0.00164704
0.36 4.20589 0.411411 -0.000408157
0.36 4.61548 0.40705 -0.0000834766
0.36 5.01855 0.398374 -0.0000145228
0.36 5.41082 0.385475 0
0.36 5.78814 0.36849 0
0.36 6.1465 0.347599 0
0.36 6.4821 0.323024 0
0.36 6.7914 0.295024 0
0.36 7.07111 0.263897 0
0.36 7.31826 0.229973 0
0.36 7.53024 0.193611 0
0.36 7.7048 0.155197 0
0.36 7.84009 0.115139 0
0.36 7.93467 0.0738659 0
0.36 7.98757 0.0318728 0
0.4 -7.98757 0.0318728 0
0.4 -7.93467 0.0738659 0
0.4 -7.84009 0.115139 0
0.4 -7.7048 0.155197 0
0.4 -7.53024 0.193611 0
0.4 -7.31826 0.229973 0
0.4 -7.07111 0.263897 0
0.4 -6.7914 0.295024 0
0.4 -6.4821 0.323024 0
0.4 -6.1465 0.347599 0
0.4 -5.78814 0.36849 0
0.4 -5.41082 0.385475 0
0.4 -5.01855 0.398374 0.0000141129
0.4 -4.61548 0.40705 0.0000811126
0.4 -4.20589 0.411411 0.000396849
0.4 -3.79411 0.411411 0.00160472
0.4 -3.38452 0.40705 0.00523071
0.4 -2.98145 0.398374 0.0134422
0.4 -2.58918 0.385475 0.0265841
0.4 -2.21186 0.36849 0.0388885
0.4 -1.8535 0.347599 0.037786
0.4 -1.5179 0.323024 0.0122823
0.4 -1.2086 0.295024 -0.0348592
0.4 -0.92889 0.263897 -0.084417
0.4 -0.681737 0.229973 -0.111614
0.4 -0.469758 0.193611 -0.100561
0.4 -0.2952 0.155197 -0.0527838
0.4 -0.159913 0.115139 0.00935055
0.4 -0.0653275 0.0738659 0.0531445
0.4 -0.0124261 0.0318728 0.0740831
0.4 0.0124261 0.0318728 0.0838168
0.4 0.0653275 0.0738659 0.10681
0.4 0.159913 0.115139 0.161084
0.4 0.2952 0.155197 0.220075
0.4 0.469758 0.193611 0.245514
0.4 0.681737 0.229973 0.224545
0.4 0.92889 0.263897 0.163383
0.4 1.2086 0.295024 0.0834283
0.4 1.5179 0.323024 0.0131839
0.4 1.8535 0.347599 -0.026874
0.4 2.21186 0.36849 -0.0353092
0.4 2.58918 0.385475 -0.0258123
0.4 2.98145 0.398374 -0.0134079
0.4 3.38452 0.40705 -0.00528295
0.4 3.79411 0.411411 -0.00163076
0.4 4.20589 0.411411 -0.000404527
0.4 4.61548 0.40705 -0.0000828014
0.4 5.01855 0.398374 -0.0000144149
0.4 5.41082 0.385475 0
0.4 5.78814 0.36849 0
0.4 6.1465 0.347599 0
0.4 6.4821 0.323024 0
0.4 6.7914 0.295024 0
0.4 7.07111 0.263897 0
0.4 7.31826 0.229973 0
0.4 7.53024 0.193611 0
0.4 7.7048 0.155197 0
0.4 7.84009 0.115139 0
0.4 7.93467 0.0738659 0
0.4 7.98757 0.0318728 0
0.44 -7.98757 0.0318728 0
0.44 -7.93467 0.0738659 0
0.44 -7.84009 0.115139 0
0.44 -7.7048 0.155197 0
0.44 -7.53024 0.193611 0
0.44 -7.31826 0.229973 0
0.44 -7.07111 0.263897 0
0.44 -6.7914 0.295024 0
0.44 -6.4821 0.323024 0
0.44 -6.1465 0.347599 0
0.44 -5.78814 0.36849 0
0.44 -5.41082 0.385475 0
0.44 -5.01855 0.398374 0.0000142319
0.44 -4.61548 0.40705 0.0000818544
0.44 -4.20589 0.411411 0.00040082
0.44 -3.79411 0.411411 0.00162243
0.44 -3.38452 0.40705 0.00529499
0.44 -2.98145 0.398374 0.0136274
0.44 -2.58918 0.385475 0.0269967
0.44 -2.21186 0.36849 0.0395615
0.44 -1.8535 0.347599 0.0384558
0.44 -1.5179 0.323024 0.0121753
0.44 -1.2086 0.295024 -0.0370032
0.44 -0.92889 0.263897 -0.089993
0.44 -0.681737 0.229973 -0.121609
0.44 -0.469758 0.193611 -0.114988
0.44 -0.2952 0.155197 -0.070097
0.44 -0.159913 0.115139 -0.00779143
0.44 -0.0653275 0.0738659 0.0374225
0.44 -0.0124261 0.0318728 0.058443
0.44 0.0124261 0.0318728 0.0681172
0.44 0.0653275 0.0738659 0.090166
0.44 0.159913 0.115139 0.141256
0.44 0.2952 0.155197 0.200903
0.44 0.469758 0.193611 0.230515
0.44 0.681737 0.229973 0.214667
0.44 0.92889 0.263897 0.15811
0.44 1.2086 0.295024 0.081523
0.44 1.5179 0.323024 0.0131911
0.44 1.8535 0.347599 -0.0261805
0.44 2.21186 0.36849 -0.0346494
0.44 2.58918 0.385475 -0.0254161
0.44 2.98145 0.398374 -0.0132321
0.44 3.38452 0.40705 -0.00522246
0.44 3.79411 0.411411 -0.00161418
0.44 4.20589 0.411411 -0.000400828
0.44 4.61548 0.40705 -0.0000821125
0.44 5.01855 0.398374 -0.0000143047
0.44 5.41082 0.385475 0
0.44 5.78814 0.36849 0
0.44 6.1465 0.347599 0
0.44 6.4821 0.323024 0
0.44 6.7914 0.295024 0
0.44 7.07111 0.263897 0
0.44 7.31826 0.229973 0
0.44 7.53024 0.193611 0
0.44 7.7048 0.155197 0
0.44 7.84009 0.115139 0
0.44 7.93467 0.0738659 0
0.44 7.98757 0.0318728 0
0.48 -7.98757 0.0318728 0
0.48 -7.93467 0.0738659 0
0.48 -7.84009 0.115139 0
0.48 -7.7048 0.155197 0
0.48 -7.53024 0.193611 0
0.48 -7.31826 0.229973 0
0.48 -7.07111 0.263897 0
0.48 -6.7914 0.295024 0
0.48 -6.4821 0.323024 0
0.48 -6.1465 0.347599 0
0.48 -5.78814 0.36849 0
0.48 -5.41082 0.385475 0
0.48 -5.01855 0.398374 0.0000143487
0.48 -4.61548 0.40705 0.0000825832
0.48 -4.20589 0.411411 0.000404723
0.48 -3.79411 0.411411 0.00163987
0.48 -3.38452 0.40705 0.00535833
0.48 -2.98145 0.398374 0.0138103
0.48 -2.58918 0.385475 0.0274052
0.48 -2.21186 0.36849 0.0402313
0.48 -1.8535 0.347599 0.0391314
0.48 -1.5179 0.323024 0.012096
0.48 -1.2086 0.295024 -0.0390899
0.48 -0.92889 0.263897 -0.0954968
0.48 -0.681737 0.229973 -0.131576
0.48 -0.469758 0.193611 -0.129538
0.48 -0.2952 0.155197 -0.0877835
0.48 -0.159913 0.115139 -0.0253869
0.48 -0.0653275 0.0738659 0.0216282
0.48 -0.0124261 0.0318728 0.0428572
0.48 0.0124261 0.0318728 0.0525025
0.48 0.0653275 0.0738659 0.0739433
0.48 0.159913 0.115139 0.122341
0.48 0.2952 0.155197 0.182289
0.48 0.469758 0.193611 0.215677
0.48 0.681737 0.229973 0.204758
0.48 0.92889 0.263897 0.152756
0.48 1.2086 0.295024 0.0795552
0.48 1.5179 0.323024 0.0131687
0.48 1.8535 0.347599 -0.025493
0.48 2.21186 0.36849 -0.0339862
0.48 2.58918 0.385475 -0.0250158
0.48 2.98145 0.398374 -0.013054
0.48 3.38452 0.40705 -0.005161
0.48 3.79411 0.411411 -0.00159731
0.48 4.20589 0.411411 -0.000397059
0.48 4.61548 0.40705 -0.0000814102
0.48 5.01855 0.398374 -0.0000141923
0.48 5.41082 0.385475 0
0.48 5.78814 0.36849 0
0.48 6.1465 0.347599 0
0.48 6.4821 0.323024 0
0.48 6.7914 0.295024 0
0.48 7.07111 0.263897 0
0.48 7.31826 0.229973 0
0.48 7.53024 0.193611 0
0.48 7.7048 0.155197 0
0.48 7.84009 0.115139 0
0.48 7.93467 0.0738659 0
0.48 7.98757 0.0318728 0
0.52 -7.98757 0.0318728 0
0.52 -7.93467 0.0738659 0
0.52 -7.84009 0.115139 0
0.52 -7.7048 0.155197 0
0.52 -7.53024 0.193611 0
0.52 -7.31826 0.229973 0
0.52 -7.07111 0.263897 0
0.52 -6.7914 0.295024 0
0.52 -6.4821 0.323024 0
0.52 -6.1465 0.347599 0
0.52 -5.78814 0.36849 0
0.52 -5.41082 0.385475 0
0.52 -5.01855 0.398374 0.0000144633
0.52 -4.61548 0.40705 0.0000832987
0.52 -4.20589 0.411411 0.00040856
0.52 -3.79411 0.411411 0.00165702
0.52 -3.38452 0.40705 0.00542074
0.52 -2.98145 0.398374 0.0139909
0.52 -2.58918 0.385475 0.0278097
0.52 -2.21186 0.36849 0.0408978
0.52 -1.8535 0.347599 0.0398128
0.52 -1.5179 0.323024 0.0120448
0.52 -1.2086 0.295024 -0.041118
0.52 -0.92889 0.263897 -0.100927
0.52 -0.681737 0.229973 -0.141514
0.52 -0.469758 0.193611 -0.144224
0.52 -0.2952 0.155197 -0.105903
0.52 -0.159913 0.115139 -0.0435661
0.52 -0.0653275 0.0738659 0.00567511
0.52 -0.0124261 0.0318728 0.0272798
0.52 0.0124261 0.0318728 0.0369251
0.52 0.0653275 0.0738659 0.0579902
0.52 0.159913 0.115139 0.104162
0.52 0.2952 0.155197 0.16417
0.52 0.469758 0.193611 0.200991
0.52 0.681737 0.229973 0.194819
0.52 0.92889 0.263897 0.147326
0.52 1.2086 0.295024 0.0775271
0.52 1.5179 0.323024 0.0131174
0.52 1.8535 0.347599 -0.0248116
0.52 2.21186 0.36849 -0.0333196
0.52 2.58918 0.385475 -0.0246113
0.52 2.98145 0.398374 -0.0128734
0.52 3.38452 0.40705 -0.0050986
0.52 3.79411 0.411411 -0.00158016
0.52 4.20589 0.411411 -0.000393223
0.52 4.61548 0.40705 -0.0000806946
0.52 5.01855 0.398374 -0.0000140777
0.52 5.41082 0.385475 0
0.52 5.78814 0.36849 0
0.52 6.1465 0.347599 0
0.52 6.4821 0.323024 0
0.52 6.7914 0.295024 0
0.52 7.07111 0.263897 0
0.52 7.31826 0.229973 0
0.52 7.53024 0.193611 0
0.52 7.7048 0.155197 0
0.52 7.84009 0.115139 0
0.52 7.93467 0.0738659 0
0.52 7.98757 0.0318728 0
0.56 -7.98757 0.0318728 0
0.56 -7.93467 0.0738659 0
0.56 -7.84009 0.115139 0
0.56 -7.7048 0.155197 0
0.56 -7.53024 0.193611 0
0.56 -7.31826 0.229973 0
0.56 -7.07111 0.263897 0
0.56 -6.7914 0.295024 0
0.56 -6.4821 0.323024 0
0.56 -6.1465 0.347599 0
0.56 -5.78814 0.36849 0
0.56 -5.41082 0.385475 0
0.56 -5.01855 0.398374 0.0000145757
0.56 -4.61548 0.40705 0.000084001
0.56 -4.20589 0.411411 0.000412328
0.56 -3.79411 0.411411 0.00167389
0.56 -3.38452 0.40705 0.00548219
0.56 -2.98145 0.398374 0.0141691
0.56 -2.58918 0.385475 0.0282101
0.56 -2.21186 0.36849 0.041561
0.56 -1.8535 0.347599 0.0405002
0.56 -1.5179 0.323024 0.0120223
0.56 -1.2086 0.295024 -0.0430858
0.56 -0.92889 0.263897 -0.10628
0.56 -0.681737 0.229973 -0.151423
0.56 -0.469758 0.193611 -0.159061
0.56 -0.2952 0.155197 -0.124516
0.56 -0.159913 0.115139 -0.0624808
0.56 -0.0653275 0.0738659 -0.0105477
0.56 -0.0124261 0.0318728 0.0116651
0.56 0.0124261 0.0318728 0.0213393
0.56 0.0653275 0.0738659 0.0421959
0.56 0.159913 0.115139 0.0865662
0.56 0.2952 0.155197 0.146484
0.56 0.469758 0.193611 0.186442
0.56 0.681737 0.229973 0.184853
0.56 0.92889 0.263897 0.141823
0.56 1.2086 0.295024 0.0754404
0.56 1.5179 0.323024 0.0130381
0.56 1.8535 0.347599 -0.024136
0.56 2.21186 0.36849 -0.0326499
0.56 2.58918 0.385475 -0.0242028
0.56 2.98145 0.398374 -0.0126905
0.56 3.38452 0.40705 -0.00503526
0.56 3.79411 0.411411 -0.00156272
0.56 4.20589 0.411411 -0.000389319
0.56 4.61548 0.40705 -0.0000799659
0.56 5.01855 0.398374 -0.0000139609
0.56 5.41082 0.385475 0
0.56 5.78814 0.36849 0
0.56 6.1465 0.347599 0
0.56 6.4821 0.323024 0
0.56 6.7914 0.295024 0
0.56 7.07111 0.263897 0
0.56 7.31826 0.229973 0
0.56 7.53024 0.193611 0
0.56 7.7048 0.155197 0
0.56 7.84009 0.115139 0
0.56 7.93467 0.0738659 0
0.56 7.98757 0.0318728 0
0.6 -7.98757 0.0318728 0
0.6 -7.93467 0.0738659 0
0.6 -7.84009 0.115139 0
0.6 -7.7048 0.155197 0
0.6 -7.53024 0.193611 0
0.6 -7.31826 0.229973 0
0.6 -7.07111 0.263897 0
0.6 -6.7914 0.295024 0
0.6 -6.4821 0.323024 0
0.6 -6.1465 0.347599 0
0.6 -5.78814 0.36849 0
0.6 -5.41082 0.385475 0
0.6 -5.01855 0.398374 0.0000146858
0.6 -4.61548 0.40705 0.0000846899
0.6 -4.20589 0.411411 0.000416028
0.6 -3.79411 0.411411 0.00169047
0.6 -3.38452 0.40705 0.00554268
0.6 -2.98145 0.398374 0.0143448
0.6 -2.58918 0.385475 0.0286062
0.6 -2.21186 0.36849 0.0422208
0.6 -1.8535 0.347599 0.0411938
0.6 -1.5179 0.323024 0.0120295
0.6 -1.2086 0.295024 -0.0449911
0.6 -0.92889 0.263897 -0.111554
0.6 -0.681737 0.229973 -0.161302
0.6 -0.469758 0.193611 -0.174061
0.6 -0.2952 0.155197 -0.143688
0.6 -0.159913 0.115139 -0.0823095
0.6 -0.0653275 0.0738659 -0.0271917
0.6 -0.0124261 0.0318728 -0.00403453
0.6 0.0124261 0.0318728 0.00569916
0.6 0.0653275 0.0738659 0.0264739
0.6 0.159913 0.115139 0.0694242
0.6 0.2952 0.155197 0.12917
0.6 0.469758 0.193611 0.172014
0.6 0.681737 0.229973 0.174857
0.6 0.92889 0.263897 0.136247
0.6 1.2086 0.295024 0.0732963
0.6 1.5179 0.323024 0.0129312
0.6 1.8535 0.347599 -0.0234662
0.6 2.21186 0.36849 -0.0319768
0.6 2.58918 0.385475 -0.0237901
0.6 2.98145 0.398374 -0.0125052
0.6 3.38452 0.40705 -0.00497098
0.6 3.79411 0.411411 -0.00154501
0.6 4.20589 0.411411 -0.000385348
0.6 4.61548 0.40705 -0.000079224
0.6 5.01855 0.398374 -0.0000138419
0.6 5.41082 0.385475 0
0.6 5.78814 0.36849 0
0.6 6.1465 0.347599 0
0.6 6.4821 0.323024 0
0.6 6.7914 0.295024 0
0.6 7.07111 0.263897 0
0.6 7.31826 0.229973 0
0.6 7.53024 0.193611 0
0.6 7.7048 0.155197 0
0.6 7.84009 0.115139 0
0.6 7.93467 0.0738659 0
0.6 7.98757 0.0318728 0
0.64 -7.98757 0.0318728 0
0.64 -7.93467 0.0738659 0
0.64 -7.84009 0.115139 0
0.64 -7.7048 0.155197 0
0.64 -7.53024 0.193611 0
0.64 -7.31826 0.229973 0
0.64 -7.07111 0.263897 0
0.64 -6.7914 0.295024 0
0.64 -6.4821 0.323024 0
0.64 -6.1465 0.347599 0
0.64 -5.78814 0.36849 0
0.64 -5.41082 0.385475 0
0.64 -5.01855 0.398374 0.0000147938
0.64 -4.61548 0.40705 0.0000853652
0.64 -4.20589 0.411411 0.000419657
0.64 -3.79411 0.411411 0.00170675
0.64 -3.38452 0.40705 0.00560219
0.64 -2.98145 0.398374 0.0145181
0.64 -2.58918 0.385475 0.028998
0.64 -2.21186 0.36849 0.0428771
0.64 -1.8535 0.347599 0.0418935
0.64 -1.5179 0.323024 0.0120671
0.64 -1.2086 0.295024 -0.0468314
0.64 -0.92889 0.263897 -0.116742
0.64 -0.681737 0.229973 -0.171144
0.64 -0.469758 0.193611 -0.189231
0.64 -0.2952 0.155197 -0.163486
0.64 -0.159913 0.115139 -0.103264
0.64 -0.0653275 0.0738659 -0.044473
0.64 -0.0124261 0.0318728 -0.0198717
0.64 0.0124261 0.0318728 -0.0100443
0.64 0.0653275 0.0738659 0.010752
0.64 0.159913 0.115139 0.0526217
0.64 0.2952 0.155197 0.112173
0.64 0.469758 0.193611 0.157692
0.64 0.681737 0.229973 0.16483
0.64 0.92889 0.263897 0.130599
0.64 1.2086 0.295024 0.0710958
0.64 1.5179 0.323024 0.0127971
0.64 1.8535 0.347599 -0.022802
0.64 2.21186 0.36849 -0.0313005
0.64 2.58918 0.385475 -0.0233734
0.64 2.98145 0.398374 -0.0123176
0.64 3.38452 0.40705 -0.00490577
0.64 3.79411 0.411411 -0.00152701
0.64 4.20589 0.411411 -0.00038131
0.64 4.61548 0.40705 -0.000078469
0.64 5.01855 0.398374 -0.0000137208
0.64 5.41082 0.385475 0
0.64 5.78814 0.36849 0
0.64 6.1465 0.347599 0
0.64 6.4821 0.323024 0
0.64 6.7914 0.295024 0
0.64 7.07111 0.263897 0
0.64 7.31826 0.229973 0
0.64 7.53024 0.193611 0
0.64 7.7048 0.155197 0
0.64 7.84009 0.115139 0
0.64 7.93467 0.0738659 0
0.64 7.98757 0.0318728 0
0.68 -7.98757 0.0318728 0
0.68 -7.93467 0.0738659 0
0.68 -7.84009 0.115139 0
0.68 -7.7048 0.155197 0
0.68 -7.53024 0.193611 0
0.68 -7.31826 0.229973 0
0.68 -7.07111 0.263897 0
0.68 -6.7914 0.295024 0
0.68 -6.4821 0.323024 0
0.68 -6.1465 0.347599 0
0.68 -5.78814 0.36849 0
0.68 -5.41082 0.385475 0
0.68 -5.01855 0.398374 0.0000148994
0.68 -4.61548 0.40705 0.0000860266
0.68 -4.20589 0.411411 0.000423216
0.68 -3.79411 0.411411 0.00172274
0.68 -3.38452 0.40705 0.00566069
0.68 -2.98145 0.398374 0.0146888
0.68 -2.58918 0.385475 0.0293853
0.68 -2.21186 0.36849 0.0435297
0.68 -1.8535 0.347599 0.0425994
0.68 -1.5179 0.323024 0.0121361
0.68 -1.2086 0.295024 -0.0486036
0.68 -0.92889 0.263897 -0.12184
0.68 -0.681737 0.229973 -0.180944
0.68 -0.469758 0.193611 -0.204579
0.68 -0.2952 0.155197 -0.183979
0.68 -0.159913 0.115139 -0.125597
0.68 -0.0653275 0.0738659 -0.0627097
0.68 -0.0124261 0.0318728 -0.0359077
0.68 0.0124261 0.0318728 -0.0259456
0.68 0.0653275 0.0738659 -0.0050362
0.68 0.159913 0.115139 0.0360563
0.68 0.2952 0.155197 0.0954338
0.68 0.469758 0.193611 0.143454
0.68 0.681737 0.229973 0.154765
0.68 0.92889 0.263897 0.12488
0.68 1.2086 0.295024 0.0688392
0.68 1.5179 0.323024 0.0126363
0.68 1.8535 0.347599 -0.0221431
0.68 2.21186 0.36849 -0.0306208
0.68 2.58918 0.385475 -0.0229526
0.68 2.98145 0.398374 -0.0121276
0.68 3.38452 0.40705 -0.00483961
0.68 3.79411 0.411411 -0.00150872
0.68 4.20589 0.411411 -0.000377204
0.68 4.61548 0.40705 -0.0000777006
0.68 5.01855 0.398374 -0.0000135974
0.68 5.41082 0.385475 0
0.68 5.78814 0.36849 0
0.68 6.1465 0.347599 0
0.68 6.4821 0.323024 0
0.68 6.7914 0.295024 0
0.68 7.07111 0.263897 0
0.68 7.31826 0.229973 0
0.68 7.53024 0.193611 0
0.68 7.7048 0.155197 0
0.68 7.84009 0.115139 0
0.68 7.93467 0.0738659 0
0.68 7.98757 0.0318728 0
0.72 -7.98757 0.0318728 0
0.72 -7.93467 0.0738659 0
0.72 -7.84009 0.115139 0
0.72 -7.7048 0.155197 0
0.72 -7.53024 0.193611 0
0.72 -7.31826 0.229973 0
0.72 -7.07111 0.263897 0
0.72 -6.7914 0.295024 0
0.72 -6.4821 0.323024 0
0.72 -6.1465 0.347599 0
0.72 -5.78814 0.36849 0
0.72 -5.41082 0.385475 0
0.72 -5.01855 0.398374 0.0000150027
0.72 -4.61548 0.40705 0.0000866737
0.72 -4.20589 0.411411 0.000426701
0.72 -3.79411 0.411411 0.00173841
0.72 -3.38452 0.40705 0.00571815
0.72 -2.98145 0.398374 0.0148569
0.72 -2.58918 0.385475 0.0297679
0.72 -2.21186 0.36849 0.0441783
0.72 -1.8535 0.347599 0.0433117
0.72 -1.5179 0.323024 0.0122378
0.72 -1.2086 0.295024 -0.050304
0.72 -0.92889 0.263897 -0.126839
0.72 -0.681737 0.229973 -0.190692
0.72 -0.469758 0.193611 -0.220106
0.72 -0.2952 0.155197 -0.20524
0.72 -0.159913 0.115139 -0.149611
0.72 -0.0653275 0.0738659 -0.0823802
0.72 -0.0124261 0.0318728 -0.05222
0.72 0.0124261 0.0318728 -0.042069
0.72 0.0653275 0.0738659 -0.0209571
0.72 0.159913 0.115139 0.0196333
0.72 0.2952 0.155197 0.0788954
0.72 0.469758 0.193611 0.129279
0.72 0.681737 0.229973 0.144657
0.72 0.92889 0.263897 0.119086
0.72 1.2086 0.295024 0.0665263
0.72 1.5179 0.323024 0.0124489
0.72 1.8535 0.347599 -0.0214894
0.72 2.21186 0.36849 -0.0299375
0.72 2.58918 0.385475 -0.0225276
0.72 2.98145 0.398374 -0.0119352
0.72 3.38452 0.40705 -0.00477249
0.72 3.79411 0.411411 -0.00149015
0.72 4.20589 0.411411 -0.000373029
0.72 4.61548 0.40705 -0.0000769188
0.72 5.01855 0.398374 -0.0000134718
0.72 5.41082 0.385475 0
0.72 5.78814 0.36849 0
0.72 6.1465 0.347599 0
0.72 6.4821 0.323024 0
0.72 6.7914 0.295024 0
0.72 7.07111 0.263897 0
0.72 7.31826 0.229973 0
0.72 7.53024 0.193611 0
0.72 7.7048 0.155197 0
0.72 7.84009 0.115139 0
0.72 7.93467 0.0738659 0
0.72 7.98757 0.0318728 0
0.76 -7.98757 0.0318728 0
0.76 -7.93467 0.0738659 0
0.76 -7.84009 0.115139 0
0.76 -7.7048 0.155197 0
0.76 -7.53024 0.193611 0
0.76 -7.31826 0.229973 0
0.76 -7.07111 0.263897 0
0.76 -6.7914 0.295024 0
0.76 -6.4821 0.323024 0
0.76 -6.1465 0.347599 0
0.76 -5.78814 0.36849 0
0.76 -5.41082 0.385475 0
0.76 -5.01855 0.398374 0.0000151035
0.76 -4.61548 0.40705 0.0000873062
0.76 -4.20589 0.411411 0.000430111
0.76 -3.79411 0.411411 0.00175377
0.76 -3.38452 0.40705 0.00577454
0.76 -2.98145 0.398374 0.0150222
0.76 -2.58918 0.385475 0.0301457
0.76 -2.21186 0.36849 0.0448226
0.76 -1.8535 0.347599 0.0440301
0.76 -1.5179 0.323024 0.0123733
0.76 -1.2086 0.295024 -0.0519284
0.76 -0.92889 0.263897 -0.131731
0.76 -0.681737 0.229973 -0.200376
0.76 -0.469758 0.193611 -0.235813
0.76 -0.2952 0.155197 -0.227343
0.76 -0.159913 0.115139 -0.175667
0.76 -0.0653275 0.0738659 -0.104215
0.76 -0.0124261 0.0318728 -0.06892
0.76 0.0124261 0.0318728 -0.058493
0.76 0.0653275 0.0738659 -0.0370834
0.76 0.159913 0.115139 0.00326017
0.76 0.2952 0.155197 0.0624976
0.76 0.469758 0.193611 0.11514
0.76 0.681737 0.229973 0.134495
0.76 0.92889 0.263897 0.113216
0.76 1.2086 0.295024 0.0641563
0.76 1.5179 0.323024 0.0122349
0.76 1.8535 0.347599 -0.0208406
0.76 2.21186 0.36849 -0.0292504
0.76 2.58918 0.385475 -0.0220982
0.76 2.98145 0.398374 -0.0117403
0.76 3.38452 0.40705 -0.00470439
0.76 3.79411 0.411411 -0.00147128
0.76 4.20589 0.411411 -0.000368784
0.76 4.61548 0.40705 -0.0000761233
0.76 5.01855 0.398374 -0.0000133439
0.76 5.41082 0.385475 0
0.76 5.78814 0.36849 0
0.76 6.1465 0.347599 0
0.76 6.4821 0.323024 0
0.76 6.7914 0.295024 0
0.76 7.07111 0.263897 0
0.76 7.31826 0.229973 0
0.76 7.53024 0.193611 0
0.76 7.7048 0.155197 0
0.76 7.84009 0.115139 0
0.76 7.93467 0.0738659 0
0.76 7.98757 0.0318728 0
0.8 -7.98757 0.0318728 0
0.8 -7.93467 0.0738659 0
0.8 -7.84009 0.115139 0
0.8 -7.7048 0.155197 0
0.8 -7.53024 0.193611 0
0.8 -7.31826 0.229973 0
0.8 -7.07111 0.263897 0
0.8 -6.7914 0.295024 0
0.8 -6.4821 0.323024 0
0.8 -6.1465 0.347599 0
0.8 -5.78814 0.36849 0
0.8 -5.41082 0.385475 0
0.8 -5.01855 0.398374 0.0000152019
0.8 -4.61548 0.40705 0.0000879235
0.8 -4.20589 0.411411 0.000433442
0.8 -3.79411 0.411411 0.00176879
0.8 -3.38452 0.40705 0.00582981
0.8 -2.98145 0.398374 0.0151846
0.8 -2.58918 0.385475 0.0305182
0.8 -2.21186 0.36849 0.0454623
0.8 -1.8535 0.347599 0.0447547
0.8 -1.5179 0.323024 0.0125442
0.8 -1.2086 0.295024 -0.0534716
0.8 -0.92889 0.263897 -0.136505
0.8 -0.681737 0.229973 -0.209979
0.8 -0.469758 0.193611 -0.25169
0.8 -0.2952 0.155197 -0.25036
0.8 -0.159913 0.115139 -0.204196
0.8 -0.0653275 0.0738659 -0.129341
0.8 -0.0124261 0.0318728 -0.0862087
0.8 0.0124261 0.0318728 -0.0753196
0.8 0.0653275 0.0738659 -0.0535015
0.8 0.159913 0.115139 -0.0131581
0.8 0.2952 0.155197 0.0461751
0.8 0.469758 0.193611 0.101006
0.8 0.681737 0.229973 0.124266
0.8 0.92889 0.263897 0.107264
0.8 1.2086 0.295024 0.0617274
0.8 1.5179 0.323024 0.0119941
0.8 1.8535 0.347599 -0.0201963
0.8 2.21186 0.36849 -0.0285591
0.8 2.58918 0.385475 -0.0216642
0.8 2.98145 0.398374 -0.0115428
0.8 3.38452 0.40705 -0.00463527
0.8 3.79411 0.411411 -0.00145211
0.8 4.20589 0.411411 -0.000364466
0.8 4.61548 0.40705 -0.0000753136
0.8 5.01855 0.398374 -0.0000132137
0.8 5.41082 0.385475 0
0.8 5.78814 0.36849 0
0.8 6.1465 0.347599 0
0.8 6.4821 0.323024 0
0.8 6.7914 0.295024 0
0.8 7.07111 0.263897 0
0.8 7.31826 0.229973 0
0.8 7.53024 0.193611 0
0.8 7.7048 0.155197 0
0.8 7.84009 0.115139 0
0.8 7.93467 0.0738659 0
0.8 7.98757 0.0318728 0
0.84 -7.98757 0.0318728 0
0.84 -7.93467 0.0738659 0
0.84 -7.84009 0.115139 0
0.84 -7.7048 0.155197 0
0.84 -7.53024 0.193611 0
0.84 -7.31826 0.229973 0
0.84 -7.07111 0.263897 0
0.84 -6.7914 0.295024 0
0.84 -6.4821 0.323024 0
0.84 -6.1465 0.347599 0
0.84 -5.78814 0.36849 0
0.84 -5.41082 0.385475 0
0.84 -5.01855 0.398374 0.0000152976
0.84 -4.61548 0.40705 0.000088525
0.84 -4.20589 0.411411 0.000436691
0.84 -3.79411 0.411411 0.00178346
0.84 -3.38452 0.40705 0.00588388
0.84 -2.98145 0.398374 0.015344
0.84 -2.58918 0.385475 0.0308852
0.84 -2.21186 0.36849 0.0460967
0.84 -1.8535 0.347599 0.0454853
0.84 -1.5179 0.323024 0.0127522
0.84 -1.2086 0.295024 -0.0549274
0.84 -0.92889 0.263897 -0.141147
0.84 -0.681737 0.229973 -0.21948
0.84 -0.469758 0.193611 -0.267722
0.84 -0.2952 0.155197 -0.274362
0.84 -0.159913 0.115139 -0.235711
0.84 -0.0653275 0.0738659 -0.159508
0.84 -0.0124261 0.0318728 -0.104584
0.84 0.0124261 0.0318728 -0.0926875
0.84 0.0653275 0.0738659 -0.0703219
0.84 0.159913 0.115139 -0.0297272
0.84 0.2952 0.155197 0.0298541
0.84 0.469758 0.193611 0.0868385
0.84 0.681737 0.229973 0.113952
0.84 0.92889 0.263897 0.101222
0.84 1.2086 0.295024 0.0592369
0.84 1.5179 0.323024 0.0117261
0.84 1.8535 0.347599 -0.0195563
0.84 2.21186 0.36849 -0.0278633
0.84 2.58918 0.385475 -0.0212254
0.84 2.98145 0.398374 -0.0113426
0.84 3.38452 0.40705 -0.00456509
0.84 3.79411 0.411411 -0.00143261
0.84 4.20589 0.411411 -0.000360073
0.84 4.61548 0.40705 -0.0000744891
0.84 5.01855 0.398374 -0.000013081
0.84 5.41082 0.385475 0
0.84 5.78814 0.36849 0
0.84 6.1465 0.347599 0
0.84 6.4821 0.323024 0
0.84 6.7914 0.295024 0
0.84 7.07111 0.263897 0
0.84 7.31826 0.229973 0
0.84 7.53024 0.193611 0
0.84 7.7048 0.155197 0
0.84 7.84009 0.115139 0
0.84 7.93467 0.0738659 0
0.84 7.98757 0.0318728 0
0.88 -7.98757 0.0318728 0
0.88 -7.93467 0.0738659 0
0.88 -7.84009 0.115139 0
0.88 -7.7048 0.155197 0
0.88 -7.53024 0.193611 0
0.88 -7.31826 0.229973 0
0.88 -7.07111 0.263897 0
0.88 -6.7914 0.295024 0
0.88 -6.4821 0.323024 0
0.88 -6.1465 0.347599 0
0.88 -5.78814 0.36849 0
0.88 -5.41082 0.385475 0
0.88 -5.01855 0.398374 0.0000153906
0.88 -4.61548 0.40705 0.0000891097
0.88 -4.20589 0.411411 0.000439854
0.88 -3.79411 0.411411 0.00179776
0.88 -3.38452 0.40705 0.0059367
0.88 -2.98145 0.398374 0.0155
0.88 -2.58918 0.385475 0.031246
0.88 -2.21186 0.36849 0.0467252
0.88 -1.8535 0.347599 0.0462217
0.88 -1.5179 0.323024 0.0129993
0.88 -1.2086 0.295024 -0.0562884
0.88 -0.92889 0.263897 -0.145641
0.88 -0.681737 0.229973 -0.22885
0.88 -0.469758 0.193611 -0.283881
0.88 -0.2952 0.155197 -0.299408
0.88 -0.159913 0.115139 -0.270816
0.88 -0.0653275 0.0738659 -0.197448
0.88 -0.0124261 0.0318728 -0.125665
0.88 0.0124261 0.0318728 -0.110803
0.88 0.0653275 0.0738659 -0.0876992
0.88 0.159913 0.115139 -0.0465761
0.88 0.2952 0.155197 0.013444
0.88 0.469758 0.193611 0.0725867
0.88 0.681737 0.229973 0.103527
0.88 0.92889 0.263897 0.0950771
0.88 1.2086 0.295024 0.05668
0.88 1.5179 0.323024 0.0114298
0.88 1.8535 0.347599 -0.0189201
0.88 2.21186 0.36849 -0.0271621
0.88 2.58918 0.385475 -0.0207812
0.88 2.98145 0.398374 -0.0111395
0.88 3.38452 0.40705 -0.00449377
0.88 3.79411 0.411411 -0.00141278
0.88 4.20589 0.411411 -0.000355599
0.88 4.61548 0.40705 -0.0000736491
0.88 5.01855 0.398374 -0.0000129458
0.88 5.41082 0.385475 0
0.88 5.78814 0.36849 0
0.88 6.1465 0.347599 0
0.88 6.4821 0.323024 0
0.88 6.7914 0.295024 0
0.88 7.07111 0.263897 0
0.88 7.31826 0.229973 0
0.88 7.53024 0.193611 0
0.88 7.7048 0.155197 0
0.88 7.84009 0.115139 0
0.88 7.93467 0.0738659 0
0.88 7.98757 0.0318728 0
0.92 -7.98757 0.0318728 0
0.92 -7.93467 0.0738659 0
0.92 -7.84009 0.115139 0
0.92 -7.7048 0.155197 0
0.92 -7.53024 0.193611 0
0.92 -7.31826 0.229973 0
0.92 -7.07111 0.263897 0
0.92 -6.7914 0.295024 0
0.92 -6.4821 0.323024 0
0.92 -6.1465 0.347599 0
0.92 -5.78814 0.36849 0
0.92 -5.41082 0.385475 0
0.92 -5.01855 0.398374 0.0000154807
0.92 -4.61548 0.40705 0.0000896765
0.92 -4.20589 0.411411 0.000442923
0.92 -3.79411 0.411411 0.00181166
0.92 -3.38452 0.40705 0.00598814
0.92 -2.98145 0.398374 0.0156525
0.92 -2.58918 0.385475 0.0316002
0.92 -2.21186 0.36849 0.0473469
0.92 -1.8535 0.347599 0.0469635
0.92 -1.5179 0.323024 0.0132881
0.92 -1.2086 0.295024 -0.0575447
0.92 -0.92889 0.263897 -0.149962
0.92 -0.681737 0.229973 -0.23805
0.92 -0.469758 0.193611 -0.300121
0.92 -0.2952 0.155197 -0.325538
0.92 -0.159913 0.115139 -0.31021
0.92 -0.0653275 0.0738659 -0.247424
0.92 -0.0124261 0.0318728 -0.155546
0.92 0.0124261 0.0318728 -0.130019
0.92 0.0653275 0.0738659 -0.10588
0.92 0.159913 0.115139 -0.0638864
0.92 0.2952 0.155197 -0.00317918
0.92 0.469758 0.193611 0.0581782
0.92 0.681737 0.229973 0.0929524
0.92 0.92889 0.263897 0.0888111
0.92 1.2086 0.295024 0.0540491
0.92 1.5179 0.323024 0.0111036
0.92 1.8535 0.347599 -0.018287
0.92 2.21186 0.36849 -0.0264547
0.92 2.58918 0.385475 -0.020331
0.92 2.98145 0.398374 -0.0109332
0.92 3.38452 0.40705 -0.00442119
0.92 3.79411 0.411411 -0.00139258
0.92 4.20589 0.411411 -0.000351038
0.92 4.61548 0.40705 -0.000072792
0.92 5.01855 0.398374 -0.0000128077
0.92 5.41082 0.385475 0
0.92 5.78814 0.36849 0
0.92 6.1465 0.347599 0
0.92 6.4821 0.323024 0
0.92 6.7914 0.295024 0
0.92 7.07111 0.263897 0
0.92 7.31826 0.229973 0
0.92 7.53024 0.193611 0
0.92 7.7048 0.155197 0
0.92 7.84009 0.115139 0
0.92 7.93467 0.0738659 0
0.92 7.98757 0.0318728 0
0.96 -7.98757 0.0318728 0
0.96 -7.93467 0.0738659 0
0.96 -7.84009 0.115139 0
0.96 -7.7048 0.155197 0
0.96 -7.53024 0.193611 0
0.96 -7.31826 0.229973 0
0.96 -7.07111 0.263897 0
0.96 -6.7914 0.295024 0
0.96 -6.4821 0.323024 0
0.96 -6.1465 0.347599 0
0.96 -5.78814 0.36849 0
0.96 -5.41082 0.385475 0
0.96 -5.01855 0.398374 0.0000155676
0.96 -4.61548 0.40705 0.0000902238
0.96 -4.20589 0.411411 0.00044589
0.96 -3.79411 0.411411 0.00182512
0.96 -3.38452 0.40705 0.00603808
0.96 -2.98145 0.398374 0.015801
0.96 -2.58918 0.385475 0.0319468
0.96 -2.21186 0.36849 0.0479604
0.96 -1.8535 0.347599 0.0477102
0.96 -1.5179 0.323024 0.0136219
0.96 -1.2086 0.295024 -0.0586834
0.96 -0.92889 0.263897 -0.154081
0.96 -0.681737 0.229973 -0.247022
0.96 -0.469758 0.193611 -0.316364
0.96 -0.2952 0.155197 -0.352746
0.96 -0.159913 0.115139 -0.35467
0.96 -0.0653275 0.0738659 -0.316069
0.96 -0.0124261 0.0318728 -0.218658
0.96 0.0124261 0.0318728 -0.151104
0.96 0.0653275 0.0738659 -0.125358
0.96 0.159913 0.115139 -0.081979
0.96 0.2952 0.155197 -0.0202245
0.96 0.469758 0.193611 0.0434873
0.96 0.681737 0.229973 0.0821571
0.96 0.92889 0.263897 0.082388
0.96 1.2086 0.295024 0.0513293
0.96 1.5179 0.323024 0.0107439
0.96 1.8535 0.347599 -0.0176559
0.96 2.21186 0.36849 -0.0257391
0.96 2.58918 0.385475 -0.0198736
0.96 2.98145 0.398374 -0.010723
0.96 3.38452 0.40705 -0.00434715
0.96 3.79411 0.411411 -0.00137195
0.96 4.20589 0.411411 -0.000346377
0.96 4.61548 0.40705 -0.0000719156
0.96 5.01855 0.398374 -0.0000126665
0.96 5.41082 0.385475 0
0.96 5.78814 0.36849 0
0.96 6.1465 0.347599 0
0.96 6.4821 0.323024 0
0.96 6.7914 0.295024 0
0.96 7.07111 0.263897 0
0.96 7.31826 0.229973 0
0.96 7.53024 0.193611 0
0.96 7.7048 0.155197 0
0.96 7.84009 0.115139 0
0.96 7.93467 0.0738659 0
0.96 7.98757 0.0318728 0
