#x points: 24 #c points: 80
xloc: cloc: weight: f
values below 10e-5 have been chopped
0.04 -7.99295 0.0180851 0
0.04 -7.9629 0.0419931 0
0.04 -7.90904 0.0656842 0
0.04 -7.83167 0.0889834 0
0.04 -7.73125 0.111748 0
0.04 -7.6084 0.133841 0
0.04 -7.46384 0.155129 0
0.04 -7.29845 0.175484 0
0.04 -7.11322 0.194783 0
0.04 -6.90927 0.212911 0
0.04 -6.68783 0.229759 0
0.04 -6.45022 0.245225 0
0.04 -6.19787 0.259216 0
0.04 -5.9323 0.271648 0
0.04 -5.65512 0.282447 0
0.04 -5.36798 0.291546 0
0.04 -5.07261 0.298893 0.0000101015
0.04 -4.77079 0.304441 0.0000385599
0.04 -4.46434 0.308159 0.000135191
0.04 -4.15509 0.310024 0.000429353
0.04 -3.84491 0.310024 0.00122019
0.04 -3.53566 0.308159 0.00306977
0.04 -3.22921 0.304441 0.00677073
0.04 -2.92739 0.298893 0.0129699
0.04 -2.63202 0.291546 0.0213516
0.04 -2.34488 0.282447 0.0297625
0.04 -2.0677 0.271648 0.0342031
0.04 -1.80213 0.259216 0.0304492
0.04 -1.54978 0.245225 0.0168631
0.04 -1.31217 0.229759 -0.00339488
0.04 -1.09073 0.212911 -0.0225551
0.04 -0.886777 0.194783 -0.0310373
0.04 -0.701551 0.175484 -0.0213346
0.04 -0.536162 0.155129 0.00891489
0.04 -0.391605 0.133841 0.0556122
0.04 -0.268749 0.111748 0.10886
0.04 -0.168333 0.0889834 0.156759
0.04 -0.0909602 0.0656842 0.192982
0.04 -0.037095 0.0419931 0.218516
0.04 -0.00704916 0.0180851 0.233683
0.04 0.00704916 0.0180851 0.276007
0.04 0.037095 0.0419931 0.360921
0.04 0.0909602 0.0656842 0.413281
0.04 0.168333 0.0889834 0.434398
0.04 0.268749 0.111748 0.432541
0.04 0.391605 0.133841 0.409756
0.04 0.536162 0.155129 0.365861
0.04 0.701551 0.175484 0.302148
0.04 0.886777 0.194783 0.223751
0.04 1.09073 0.212911 0.140216
0.04 1.31217 0.229759 0.0637173
0.04 1.54978 0.245225 0.0052574
0.04 1.80213 0.259216 -0.0293768
0.04 2.0677 0.271648 -0.0414969
0.04 2.34488 0.282447 -0.0379899
0.04 2.63202 0.291546 -0.027456
0.04 2.92739 0.298893 -0.0165653
0.04 3.22921 0.304441 -0.00854784
0.04 3.53566 0.308159 -0.00382593
0.04 3.84491 0.310024 -0.00150158
0.04 4.15509 0.310024 -0.000522116
0.04 4.46434 0.308159 -0.000162616
0.04 4.77079 0.304441 -0.0000459269
0.04 5.07261 0.298893 -0.0000119253
0.04 5.36798 0.291546 0
0.04 5.65512 0.282447 0
0.04 5.9323 0.271648 0
0.04 6.19787 0.259216 0
0.04 6.45022 0.245225 0
0.04 6.68783 0.229759 0
0.04 6.90927 0.212911 0
0.04 7.11322 0.194783 0
0.04 7.29845 0.175484 0
0.04 7.46384 0.155129 0
0.04 7.6084 0.133841 0
0.04 7.73125 0.111748 0
0.04 7.83167 0.0889834 0
0.04 7.90904 0.0656842 0
0.04 7.9629 0.0419931 0
0.04 7.99295 0.0180851 0
0.08 -7.99295 0.0180851 0
0.08 -7.9629 0.0419931 0
0.08 -7.90904 0.0656842 0
0.08 -7.83167 0.0889834 0
0.08 -7.73125 0.111748 0
0.08 -7.6084 0.133841 0
0.08 -7.46384 0.155129 0
0.08 -7.29845 0.175484 0
0.08 -7.11322 0.194783 0
0.08 -6.90927 0.212911 0
0.08 -6.68783 0.229759 0
0.08 -6.45022 0.245225 0
0.08 -6.19787 0.259216 0
0.08 -5.9323 0.271648 0
0.08 -5.65512 0.282447 0
0.08 -5.36798 0.291546 0
0.08 -5.07261 0.298893 0.0000102106
0.08 -4.77079 0.304441 0.0000390029
0.08 -4.46434 0.308159 0.000136851
0.08 -4.15509 0.310024 0.000435013
0.08 -3.84491 0.310024 0.00123755
0.08 -3.53566 0.308159 0.00311711
0.08 -3.22921 0.304441 0.00688438
0.08 -2.92739 0.298893 0.0132075
0.08 -2.63202 0.291546 0.0217774
0.08 -2.34488 0.282447 0.0304006
0.08 -2.0677 0.271648 0.0349551
0.08 -1.80213 0.259216 0.0310047
0.08 -1.54978 0.245225 0.0166568
0.08 -1.31217 0.229759 -0.00513326
0.08 -1.09073 0.212911 -0.0266475
0.08 -0.886777 0.194783 -0.0381459
0.08 -0.701551 0.175484 -0.0317561
0.08 -0.536162 0.155129 -0.00461093
0.08 -0.391605 0.133841 0.0397091
0.08 -0.268749 0.111748 0.0915798
0.08 -0.168333 0.0889834 0.138738
0.08 -0.0909602 0.0656842 0.174022
0.08 -0.037095 0.0419931 0.19831
0.08 -0.00704916 0.0180851 0.212378
0.08 0.00704916 0.0180851 0.22479
0.08 0.037095 0.0419931 0.285462
0.08 0.0909602 0.0656842 0.352485
0.08 0.168333 0.0889834 0.391464
0.08 0.268749 0.111748 0.402873
0.08 0.391605 0.133841 0.389465
0.08 0.536162 0.155129 0.35236
0.08 0.701551 0.175484 0.293676
0.08 0.886777 0.194783 0.218987
0.08 1.09073 0.212911 0.138065
0.08 1.31217 0.229759 0.0632374
0.08 1.54978 0.245225 0.00567047
0.08 1.80213 0.259216 -0.0286448
0.08 2.0677 0.271648 -0.0407961
0.08 2.34488 0.282447 -0.0374718
0.08 2.63202 0.291546 -0.0271365
0.08 2.92739 0.298893 -0.0163962
0.08 3.22921 0.304441 -0.00846997
0.08 3.53566 0.308159 -0.00379443
0.08 3.84491 0.310024 -0.0014903
0.08 4.15509 0.310024 -0.000518504
0.08 4.46434 0.308159 -0.000161573
0.08 4.77079 0.304441 -0.000045652
0.08 5.07261 0.298893 -0.0000118584
0.08 5.36798 0.291546 0
0.08 5.65512 0.282447 0
0.08 5.9323 0.271648 0
0.08 6.19787 0.259216 0
0.08 6.45022 0.245225 0
0.08 6.68783 0.229759 0
0.08 6.90927 0.212911 0
0.08 7.11322 0.194783 0
0.08 7.29845 0.175484 0
0.08 7.46384 0.155129 0
0.08 7.6084 0.133841 0
0.08 7.73125 0.111748 0
0.08 7.83167 0.0889834 0
0.08 7.90904 0.0656842 0
0.08 7.9629 0.0419931 0
0.08 7.99295 0.0180851 0
0.12 -7.99295 0.0180851 0
0.12 -7.9629 0.0419931 0
0.12 -7.90904 0.0656842 0
0.12 -7.83167 0.0889834 0
0.12 -7.73125 0.111748 0
0.12 -7.6084 0.133841 0
0.12 -7.46384 0.155129 0
0.12 -7.29845 0.175484 0
0.12 -7.11322 0.194783 0
0.12 -6.90927 0.212911 0
0.12 -6.68783 0.229759 0
0.12 -6.45022 0.245225 0
0.12 -6.19787 0.259216 0
0.12 -5.9323 0.271648 0
0.12 -5.65512 0.282447 0
0.12 -5.36798 0.291546 0
0.12 -5.07261 0.298893 0.0000103173
0.12 -4.77079 0.304441 0.000039436
0.12 -4.46434 0.308159 0.000138474
0.12 -4.15509 0.310024 0.000440552
0.12 -3.84491 0.310024 0.00125454
0.12 -3.53566 0.308159 0.00316349
0.12 -3.22921 0.304441 0.00699584
0.12 -2.92739 0.298893 0.0134407
0.12 -2.63202 0.291546 0.0221963
0.12 -2.34488 0.282447 0.0310301
0.12 -2.0677 0.271648 0.035701
0.12 -1.80213 0.259216 0.0315655
0.12 -1.54978 0.245225 0.0164796
0.12 -1.31217 0.229759 -0.0068044
0.12 -1.09073 0.212911 -0.030624
0.12 -0.886777 0.194783 -0.0450868
0.12 -0.701551 0.175484 -0.0419628
0.12 -0.536162 0.155129 -0.0178786
0.12 -0.391605 0.133841 0.0241273
0.12 -0.268749 0.111748 0.0747634
0.12 -0.168333 0.0889834 0.121462
0.12 -0.0909602 0.0656842 0.156182
0.12 -0.037095 0.0419931 0.179633
0.12 -0.00704916 0.0180851 0.193007
0.12 0.00704916 0.0180851 0.200475
0.12 0.037095 0.0419931 0.239011
0.12 0.0909602 0.0656842 0.304321
0.12 0.168333 0.0889834 0.353105
0.12 0.268749 0.111748 0.374662
0.12 0.391605 0.133841 0.369463
0.12 0.536162 0.155129 0.338733
0.12 0.701551 0.175484 0.284972
0.12 0.886777 0.194783 0.214008
0.12 1.09073 0.212911 0.13576
0.12 1.31217 0.229759 0.0626679
0.12 1.54978 0.245225 0.00604399
0.12 1.80213 0.259216 -0.0279215
0.12 2.0677 0.271648 -0.0400898
0.12 2.34488 0.282447 -0.0369448
0.12 2.63202 0.291546 -0.0268097
0.12 2.92739 0.298893 -0.0162226
0.12 3.22921 0.304441 -0.00838983
0.12 3.53566 0.308159 -0.00376194
0.12 3.84491 0.310024 -0.00147864
0.12 4.15509 0.310024 -0.000514768
0.12 4.46434 0.308159 -0.000160493
0.12 4.77079 0.304441 -0.0000453672
0.12 5.07261 0.298893 -0.0000117889
0.12 5.36798 0.291546 0
0.12 5.65512 0.282447 0
0.12 5.9323 0.271648 0
0.12 6.19787 0.259216 0
0.12 6.45022 0.245225 0
0.12 6.68783 0.229759 0
0.12 6.90927 0.212911 0
0.12 7.11322 0.194783 0
0.12 7.29845 0.175484 0
0.12 7.46384 0.155129 0
0.12 7.6084 0.133841 0
0.12 7.73125 0.111748 0
0.12 7.83167 0.0889834 0
0.12 7.90904 0.0656842 0
0.12 7.9629 0.0419931 0
0.12 7.99295 0.0180851 0
0.16 -7.99295 0.0180851 0
0.16 -7.9629 0.0419931 0
0.16 -7.90904 0.0656842 0
0.16 -7.83167 0.0889834 0
0.16 -7.73125 0.111748 0
0.16 -7.6084 0.133841 0
0.16 -7.46384 0.155129 0
0.16 -7.29845 0.175484 0
0.16 -7.11322 0.194783 0
0.16 -6.90927 0.212911 0
0.16 -6.68783 0.229759 0
0.16 -6.45022 0.245225 0
0.16 -6.19787 0.259216 0
0.16 -5.9323 0.271648 0
0.16 -5.65512 0.282447 0
0.16 -5.36798 0.291546 0
0.16 -5.07261 0.298893 0.0000104217
0.16 -4.77079 0.304441 0.0000398604
0.16 -4.46434 0.308159 0.000140065
0.16 -4.15509 0.310024 0.000445984
0.16 -3.84491 0.310024 0.00127122
0.16 -3.53566 0.308159 0.00320906
0.16 -3.22921 0.304441 0.00710544
0.16 -2.92739 0.298893 0.0136703
0.16 -2.63202 0.291546 0.0226094
0.16 -2.34488 0.282447 0.0316528
0.16 -2.0677 0.271648 0.0364427
0.16 -1.80213 0.259216 0.0321322
0.16 -1.54978 0.245225 0.0163289
0.16 -1.31217 0.229759 -0.00841801
0.16 -1.09073 0.212911 -0.0345062
0.16 -0.886777 0.194783 -0.0518996
0.16 -0.701551 0.175484 -0.0520204
0.16 -0.536162 0.155129 -0.0309908
0.16 -0.391605 0.133841 0.00871305
0.16 -0.268749 0.111748 0.0581884
0.16 -0.168333 0.0889834 0.104625
0.16 -0.0909602 0.0656842 0.139046
0.16 -0.037095 0.0419931 0.161901
0.16 -0.00704916 0.0180851 0.174789
0.16 0.00704916 0.0180851 0.181227
0.16 0.037095 0.0419931 0.207148
0.16 0.0909602 0.0656842 0.265302
0.16 0.168333 0.0889834 0.318669
0.16 0.268749 0.111748 0.347869
0.16 0.391605 0.133841 0.34982
0.16 0.536162 0.155129 0.325056
0.16 0.701551 0.175484 0.276092
0.16 0.886777 0.194783 0.208851
0.16 1.09073 0.212911 0.133321
0.16 1.31217 0.229759 0.0620178
0.16 1.54978 0.245225 0.00638067
0.16 1.80213 0.259216 -0.0272073
0.16 2.0677 0.271648 -0.0393794
0.16 2.34488 0.282447 -0.0364101
0.16 2.63202 0.291546 -0.0264765
0.16 2.92739 0.298893 -0.0160451
0.16 3.22921 0.304441 -0.00830764
0.16 3.53566 0.308159 -0.00372856
0.16 3.84491 0.310024 -0.00146664
0.16 4.15509 0.310024 -0.000510919
0.16 4.46434 0.308159 -0.000159379
0.16 4.77079 0.304441 -0.0000450732
0.16 5.07261 0.298893 -0.0000117172
0.16 5.36798 0.291546 0
0.16 5.65512 0.282447 0
0.16 5.9323 0.271648 0
0.16 6.19787 0.259216 0
0.16 6.45022 0.245225 0
0.16 6.68783 0.229759 0
0.16 6.90927 0.212911 0
0.16 7.11322 0.194783 0
0.16 7.29845 0.175484 0
0.16 7.46384 0.155129 0
0.16 7.6084 0.133841 0
0.16 7.73125 0.111748 0
0.16 7.83167 0.0889834 0
0.16 7.90904 0.0656842 0
0.16 7.9629 0.0419931 0
0.16 7.99295 0.0180851 0
0.2 -7.99295 0.0180851 0
0.2 -7.9629 0.0419931 0
0.2 -7.90904 0.0656842 0
0.2 -7.83167 0.0889834 0
0.2 -7.73125 0.111748 0
0.2 -7.6084 0.133841 0
0.2 -7.46384 0.155129 0
0.2 -7.29845 0.175484 0
0.2 -7.11322 0.194783 0
0.2 -6.90927 0.212911 0
0.2 -6.68783 0.229759 0
0.2 -6.45022 0.245225 0
0.2 -6.19787 0.259216 0
0.2 -5.9323 0.271648 0
0.2 -5.65512 0.282447 0
0.2 -5.36798 0.291546 0
0.2 -5.07261 0.298893 0.0000105242
0.2 -4.77079 0.304441 0.0000402768
0.2 -4.46434 0.308159 0.000141628
0.2 -4.15509 0.310024 0.00045132
0.2 -3.84491 0.310024 0.00128761
0.2 -3.53566 0.308159 0.00325387
0.2 -3.22921 0.304441 0.00721335
0.2 -2.92739 0.298893 0.0138967
0.2 -2.63202 0.291546 0.0230175
0.2 -2.34488 0.282447 0.0322695
0.2 -2.0677 0.271648 0.0371811
0.2 -1.80213 0.259216 0.0327052
0.2 -1.54978 0.245225 0.0162034
0.2 -1.31217 0.229759 -0.00997927
0.2 -1.09073 0.212911 -0.0383057
0.2 -0.886777 0.194783 -0.0586063
0.2 -0.701551 0.175484 -0.0619662
0.2 -0.536162 0.155129 -0.0440073
0.2 -0.391605 0.133841 -0.00662652
0.2 -0.268749 0.111748 0.0417196
0.2 -0.168333 0.0889834 0.0880485
0.2 -0.0909602 0.0656842 0.122394
0.2 -0.037095 0.0419931 0.144821
0.2 -0.00704916 0.0180851 0.157353
0.2 0.00704916 0.0180851 0.163436
0.2 0.037095 0.0419931 0.18273
0.2 0.0909602 0.0656842 0.232881
0.2 0.168333 0.0889834 0.287558
0.2 0.268749 0.111748 0.32241
0.2 0.391605 0.133841 0.33057
0.2 0.536162 0.155129 0.311375
0.2 0.701551 0.175484 0.267072
0.2 0.886777 0.194783 0.20354
0.2 1.09073 0.212911 0.130762
0.2 1.31217 0.229759 0.0612939
0.2 1.54978 0.245225 0.00668262
0.2 1.80213 0.259216 -0.0265023
0.2 2.0677 0.271648 -0.0386657
0.2 2.34488 0.282447 -0.0358688
0.2 2.63202 0.291546 -0.0261376
0.2 2.92739 0.298893 -0.0158639
0.2 3.22921 0.304441 -0.00822357
0.2 3.53566 0.308159 -0.00369436
0.2 3.84491 0.310024 -0.00145433
0.2 4.15509 0.310024 -0.000506965
0.2 4.46434 0.308159 -0.000158234
0.2 4.77079 0.304441 -0.0000447708
0.2 5.07261 0.298893 -0.0000116433
0.2 5.36798 0.291546 0
0.2 5.65512 0.282447 0
0.2 5.9323 0.271648 0
0.2 6.19787 0.259216 0
0.2 6.45022 0.245225 0
0.2 6.68783 0.229759 0
0.2 6.90927 0.212911 0
0.2 7.11322 0.194783 0
0.2 7.29845 0.175484 0
0.2 7.46384 0.155129 0
0.2 7.6084 0.133841 0
0.2 7.73125 0.111748 0
0.2 7.83167 0.0889834 0
0.2 7.90904 0.0656842 0
0.2 7.9629 0.0419931 0
0.2 7.99295 0.0180851 0
0.24 -7.99295 0.0180851 0
0.24 -7.9629 0.0419931 0
0.24 -7.90904 0.0656842 0
0.24 -7.83167 0.0889834 0
0.24 -7.73125 0.111748 0
0.24 -7.6084 0.133841 0
0.24 -7.46384 0.155129 0
0.24 -7.29845 0.175484 0
0.24 -7.11322 0.194783 0
0.24 -6.90927 0.212911 0
0.24 -6.68783 0.229759 0
0.24 -6.45022 0.245225 0
0.24 -6.19787 0.259216 0
0.24 -5.9323 0.271648 0
0.24 -5.65512 0.282447 0
0.24 -5.36798 0.291546 0
0.24 -5.07261 0.298893 0.0000106248
0.24 -4.77079 0.304441 0.0000406857
0.24 -4.46434 0.308159 0.000143162
0.24 -4.15509 0.310024 0.000456565
0.24 -3.84491 0.310024 0.00130374
0.24 -3.53566 0.308159 0.00329799
0.24 -3.22921 0.304441 0.00731967
0.24 -2.92739 0.298893 0.0141201
0.24 -2.63202 0.291546 0.0234209
0.24 -2.34488 0.282447 0.0328809
0.24 -2.0677 0.271648 0.037917
0.24 -1.80213 0.259216 0.0332848
0.24 -1.54978 0.245225 0.0161021
0.24 -1.31217 0.229759 -0.0114912
0.24 -1.09073 0.212911 -0.0420297
0.24 -0.886777 0.194783 -0.0652208
0.24 -0.701551 0.175484 -0.0718245
0.24 -0.536162 0.155129 -0.0569694
0.24 -0.391605 0.133841 -0.0219577
0.24 -0.268749 0.111748 0.0252576
0.24 -0.168333 0.0889834 0.0716036
0.24 -0.0909602 0.0656842 0.106077
0.24 -0.037095 0.0419931 0.128213
0.24 -0.00704916 0.0180851 0.140477
0.24 0.00704916 0.0180851 0.146361
0.24 0.037095 0.0419931 0.162197
0.24 0.0909602 0.0656842 0.205223
0.24 0.168333 0.0889834 0.259243
0.24 0.268749 0.111748 0.298182
0.24 0.391605 0.133841 0.311724
0.24 0.536162 0.155129 0.297724
0.24 0.701551 0.175484 0.257943
0.24 0.886777 0.194783 0.198094
0.24 1.09073 0.212911 0.128095
0.24 1.31217 0.229759 0.0605012
0.24 1.54978 0.245225 0.00695153
0.24 1.80213 0.259216 -0.0258065
0.24 2.0677 0.271648 -0.0379494
0.24 2.34488 0.282447 -0.0353213
0.24 2.63202 0.291546 -0.0257933
0.24 2.92739 0.298893 -0.0156793
0.24 3.22921 0.304441 -0.00813772
0.24 3.53566 0.308159 -0.00365937
0.24 3.84491 0.310024 -0.00144173
0.24 4.15509 0.310024 -0.000502911
0.24 4.46434 0.308159 -0.000157059
0.24 4.77079 0.304441 -0.0000444602
0.24 5.07261 0.298893 -0.0000115675
0.24 5.36798 0.291546 0
0.24 5.65512 0.282447 0
0.24 5.9323 0.271648 0
0.24 6.19787 0.259216 0
0.24 6.45022 0.245225 0
0.24 6.68783 0.229759 0
0.24 6.90927 0.212911 0
0.24 7.11322 0.194783 0
0.24 7.29845 0.175484 0
0.24 7.46384 0.155129 0
0.24 7.6084 0.133841 0
0.24 7.73125 0.111748 0
0.24 7.83167 0.0889834 0
0.24 7.90904 0.0656842 0
0.24 7.9629 0.0419931 0
0.24 7.99295 0.0180851 0
0.28 -7.99295 0.0180851 0
0.28 -7.9629 0.0419931 0
0.28 -7.90904 0.0656842 0
0.28 -7.83167 0.0889834 0
0.28 -7.73125 0.111748 0
0.28 -7.6084 0.133841 0
0.28 -7.46384 0.155129 0
0.28 -7.29845 0.175484 0
0.28 -7.11322 0.194783 0
0.28 -6.90927 0.212911 0
0.28 -6.68783 0.229759 0
0.28 -6.45022 0.245225 0
0.28 -6.19787 0.259216 0
0.28 -5.9323 0.271648 0
0.28 -5.65512 0.282447 0
0.28 -5.36798 0.291546 0
0.28 -5.07261 0.298893 0.0000107235
0.28 -4.77079 0.304441 0.0000410874
0.28 -4.46434 0.308159 0.00014467
0.28 -4.15509 0.310024 0.000461722
0.28 -3.84491 0.310024 0.0013196
0.28 -3.53566 0.308159 0.00334143
0.28 -3.22921 0.304441 0.0074245
0.28 -2.92739 0.298893 0.0143406
0.28 -2.63202 0.291546 0.0238199
0.28 -2.34488 0.282447 0.0334874
0.28 -2.0677 0.271648 0.0386509
0.28 -1.80213 0.259216 0.0338715
0.28 -1.54978 0.245225 0.0160249
0.28 -1.31217 0.229759 -0.0129557
0.28 -1.09073 0.212911 -0.0456828
0.28 -0.886777 0.194783 -0.0717521
0.28 -0.701551 0.175484 -0.0816126
0.28 -0.536162 0.155129 -0.0699075
0.28 -0.391605 0.133841 -0.0373324
0.28 -0.268749 0.111748 0.00872083
0.28 -0.168333 0.0889834 0.0551853
0.28 -0.0909602 0.0656842 0.0899895
0.28 -0.037095 0.0419931 0.111953
0.28 -0.00704916 0.0180851 0.124015
0.28 0.00704916 0.0180851 0.129761
0.28 0.037095 0.0419931 0.143758
0.28 0.0909602 0.0656842 0.181002
0.28 0.168333 0.0889834 0.233268
0.28 0.268749 0.111748 0.27508
0.28 0.391605 0.133841 0.29328
0.28 0.536162 0.155129 0.284122
0.28 0.701551 0.175484 0.248723
0.28 0.886777 0.194783 0.192528
0.28 1.09073 0.212911 0.125328
0.28 1.31217 0.229759 0.0596442
0.28 1.54978 0.245225 0.00718885
0.28 1.80213 0.259216 -0.0251199
0.28 2.0677 0.271648 -0.0372309
0.28 2.34488 0.282447 -0.0347683
0.28 2.63202 0.291546 -0.025444
0.28 2.92739 0.298893 -0.0154914
0.28 3.22921 0.304441 -0.00805021
0.28 3.53566 0.308159 -0.00362366
0.28 3.84491 0.310024 -0.00142884
0.28 4.15509 0.310024 -0.000498763
0.28 4.46434 0.308159 -0.000155856
0.28 4.77079 0.304441 -0.0000441419
0.28 5.07261 0.298893 -0.0000114897
0.28 5.36798 0.291546 0
0.28 5.65512 0.282447 0
0.28 5.9323 0.271648 0
0.28 6.19787 0.259216 0
0.28 6.45022 0.245225 0
0.28 6.68783 0.229759 0
0.28 6.90927 0.212911 0
0.28 7.11322 0.194783 0
0.28 7.29845 0.175484 0
0.28 7.46384 0.155129 0
0.28 7.6084 0.133841 0
0.28 7.73125 0.111748 0
0.28 7.83167 0.0889834 0
0.28 7.90904 0.0656842 0
0.28 7.9629 0.0419931 0
0.28 7.99295 0.0180851 0
0.32 -7.99295 0.0180851 0
0.32 -7.9629 0.0419931 0
0.32 -7.90904 0.0656842 0
0.32 -7.83167 0.0889834 0
0.32 -7.73125 0.111748 0
0.32 -7.6084 0.133841 0
0.32 -7.46384 0.155129 0
0.32 -7.29845 0.175484 0
0.32 -7.11322 0.194783 0
0.32 -6.90927 0.212911 0
0.32 -6.68783 0.229759 0
0.32 -6.45022 0.245225 0
0.32 -6.19787 0.259216 0
0.32 -5.9323 0.271648 0
0.32 -5.65512 0.282447 0
0.32 -5.36798 0.291546 0
0.32 -5.07261 0.298893 0.0000108205
0.32 -4.77079 0.304441 0.000041482
0.32 -4.46434 0.308159 0.000146153
0.32 -4.15509 0.310024 0.000466794
0.32 -3.84491 0.310024 0.00133522
0.32 -3.53566 0.308159 0.00338423
0.32 -3.22921 0.304441 0.00752787
0.32 -2.92739 0.298893 0.0145584
0.32 -2.63202 0.291546 0.0242147
0.32 -2.34488 0.282447 0.0340893
0.32 -2.0677 0.271648 0.0393831
0.32 -1.80213 0.259216 0.0344654
0.32 -1.54978 0.245225 0.0159715
0.32 -1.31217 0.229759 -0.0143738
0.32 -1.09073 0.212911 -0.0492678
0.32 -0.886777 0.194783 -0.0782065
0.32 -0.701551 0.175484 -0.0913426
0.32 -0.536162 0.155129 -0.0828451
0.32 -0.391605 0.133841 -0.0527943
0.32 -0.268749 0.111748 -0.00796248
0.32 -0.168333 0.0889834 0.0386993
0.32 -0.0909602 0.0656842 0.0740407
0.32 -0.037095 0.0419931 0.0959491
0.32 -0.00704916 0.0180851 0.107863
0.32 0.00704916 0.0180851 0.113508
0.32 0.037095 0.0419931 0.126494
0.32 0.0909602 0.0656842 0.159268
0.32 0.168333 0.0889834 0.209244
0.32 0.268749 0.111748 0.252996
0.32 0.391605 0.133841 0.275227
0.32 0.536162 0.155129 0.270585
0.32 0.701551 0.175484 0.239431
0.32 0.886777 0.194783 0.186855
0.32 1.09073 0.212911 0.122468
0.32 1.31217 0.229759 0.0587264
0.32 1.54978 0.245225 0.00739583
0.32 1.80213 0.259216 -0.0244425
0.32 2.0677 0.271648 -0.0365106
0.32 2.34488 0.282447 -0.0342101
0.32 2.63202 0.291546 -0.02509
0.32 2.92739 0.298893 -0.0153006
0.32 3.22921 0.304441 -0.0079611
0.32 3.53566 0.308159 -0.00358723
0.32 3.84491 0.310024 -0.00141568
0.32 4.15509 0.310024 -0.000494524
0.32 4.46434 0.308159 -0.000154625
0.32 4.77079 0.304441 -0.0000438162
0.32 5.07261 0.298893 -0.00001141
0.32 5.36798 0.291546 0
0.32 5.65512 0.282447 0
0.32 5.9323 0.271648 0
0.32 6.19787 0.259216 0
0.32 6.45022 0.245225 0
0.32 6.68783 0.229759 0
0.32 6.90927 0.212911 0
0.32 7.11322 0.194783 0
0.32 7.29845 0.175484 0
0.32 7.46384 0.155129 0
0.32 7.6084 0.133841 0
0.32 7.73125 0.111748 0
0.32 7.83167 0.0889834 0
0.32 7.90904 0.0656842 0
0.32 7.9629 0.0419931 0
0.32 7.99295 0.0180851 0
0.36 -7.99295 0.0180851 0
0.36 -7.9629 0.0419931 0
0.36 -7.90904 0.0656842 0
0.36 -7.83167 0.0889834 0
0.36 -7.73125 0.111748 0
0.36 -7.6084 0.133841 0
0.36 -7.46384 0.155129 0
0.36 -7.29845 0.175484 0
0.36 -7.11322 0.194783 0
0.36 -6.90927 0.212911 0
0.36 -6.68783 0.229759 0
0.36 -6.45022 0.245225 0
0.36 -6.19787 0.259216 0
0.36 -5.9323 0.271648 0
0.36 -5.65512 0.282447 0
0.36 -5.36798 0.291546 0
0.36 -5.07261 0.298893 0.0000109157
0.36 -4.77079 0.304441 0.0000418698
0.36 -4.46434 0.308159 0.00014761
0.36 -4.15509 0.310024 0.000471783
0.36 -3.84491 0.310024 0.00135059
0.36 -3.53566 0.308159 0.00342639
0.36 -3.22921 0.304441 0.00762983
0.36 -2.92739 0.298893 0.0147735
0.36 -2.63202 0.291546 0.0246055
0.36 -2.34488 0.282447 0.0346868
0.36 -2.0677 0.271648 0.0401138
0.36 -1.80213 0.259216 0.0350668
0.36 -1.54978 0.245225 0.0159421
0.36 -1.31217 0.229759 -0.0157459
0.36 -1.09073 0.212911 -0.0527861
0.36 -0.886777 0.194783 -0.0845879
0.36 -0.701551 0.175484 -0.101023
0.36 -0.536162 0.155129 -0.0958013
0.36 -0.391605 0.133841 -0.0683813
0.36 -0.268749 0.111748 -0.0248597
0.36 -0.168333 0.0889834 0.0220542
0.36 -0.0909602 0.0656842 0.0581509
0.36 -0.037095 0.0419931 0.0801301
0.36 -0.00704916 0.0180851 0.0919403
0.36 0.00704916 0.0180851 0.097511
0.36 0.037095 0.0419931 0.109921
0.36 0.0909602 0.0656842 0.139334
0.36 0.168333 0.0889834 0.186841
0.36 0.268749 0.111748 0.231828
0.36 0.391605 0.133841 0.257548
0.36 0.536162 0.155129 0.25712
0.36 0.701551 0.175484 0.230078
0.36 0.886777 0.194783 0.181084
0.36 1.09073 0.212911 0.119521
0.36 1.31217 0.229759 0.0577508
0.36 1.54978 0.245225 0.00757356
0.36 1.80213 0.259216 -0.0237741
0.36 2.0677 0.271648 -0.0357888
0.36 2.34488 0.282447 -0.0336469
0.36 2.63202 0.291546 -0.0247316
0.36 2.92739 0.298893 -0.0151068
0.36 3.22921 0.304441 -0.00787045
0.36 3.53566 0.308159 -0.00355012
0.36 3.84491 0.310024 -0.00140226
0.36 4.15509 0.310024 -0.000490196
0.36 4.46434 0.308159 -0.000153368
0.36 4.77079 0.304441 -0.0000434831
0.36 5.07261 0.298893 -0.0000113285
0.36 5.36798 0.291546 0
0.36 5.65512 0.282447 0
0.36 5.9323 0.271648 0
0.36 6.19787 0.259216 0
0.36 6.45022 0.245225 0
0.36 6.68783 0.229759 0
0.36 6.90927 0.212911 0
0.36 7.11322 0.194783 0
0.36 7.29845 0.175484 0
0.36 7.46384 0.155129 0
0.36 7.6084 0.133841 0
0.36 7.73125 0.111748 0
0.36 7.83167 0.0889834 0
0.36 7.90904 0.0656842 0
0.36 7.9629 0.0419931 0
0.36 7.99295 0.0180851 0
0.4 -7.99295 0.0180851 0
0.4 -7.9629 0.0419931 0
0.4 -7.90904 0.0656842 0
0.4 -7.83167 0.0889834 0
0.4 -7.73125 0.111748 0
0.4 -7.6084 0.133841 0
0.4 -7.46384 0.155129 0
0.4 -7.29845 0.175484 0
0.4 -7.11322 0.194783 0
0.4 -6.90927 0.212911 0
0.4 -6.68783 0.229759 0
0.4 -6.45022 0.245225 0
0.4 -6.19787 0.259216 0
0.4 -5.9323 0.271648 0
0.4 -5.65512 0.282447 0
0.4 -5.36798 0.291546 0
0.4 -5.07261 0.298893 0.0000110093
0.4 -4.77079 0.304441 0.0000422507
0.4 -4.46434 0.308159 0.000149043
0.4 -4.15509 0.310024 0.00047669
0.4 -3.84491 0.310024 0.00136572
0.4 -3.53566 0.308159 0.00346793
0.4 -3.22921 0.304441 0.00773039
0.4 -2.92739 0.298893 0.014986
0.4 -2.63202 0.291546 0.0249923
0.4 -2.34488 0.282447 0.0352801
0.4 -2.0677 0.271648 0.0408433
0.4 -1.80213 0.259216 0.0356759
0.4 -1.54978 0.245225 0.0159368
0.4 -1.31217 0.229759 -0.0170719
0.4 -1.09073 0.212911 -0.0562384
0.4 -0.886777 0.194783 -0.0908983
0.4 -0.701551 0.175484 -0.110661
0.4 -0.536162 0.155129 -0.108792
0.4 -0.391605 0.133841 -0.0841279
0.4 -0.268749 0.111748 -0.0420364
0.4 -0.168333 0.0889834 0.00515638
0.4 -0.0909602 0.0656842 0.0422409
0.4 -0.037095 0.0419931 0.0644357
0.4 -0.00704916 0.0180851 0.076182
0.4 0.00704916 0.0180851 0.0817006
0.4 0.037095 0.0419931 0.0937692
0.4 0.0909602 0.0656842 0.120702
0.4 0.168333 0.0889834 0.165782
0.4 0.268749 0.111748 0.211479
0.4 0.391605 0.133841 0.240222
0.4 0.536162 0.155129 0.243733
0.4 0.701551 0.175484 0.220672
0.4 0.886777 0.194783 0.175223
0.4 1.09073 0.212911 0.116493
0.4 1.31217 0.229759 0.05672
0.4 1.54978 0.245225 0.00772301
0.4 1.80213 0.259216 -0.0231147
0.4 2.0677 0.271648 -0.0350657
0.4 2.34488 0.282447 -0.0330792
0.4 2.63202 0.291546 -0.0243688
0.4 2.92739 0.298893 -0.0149101
0.4 3.22921 0.304441 -0.00777831
0.4 3.53566 0.308159 -0.00351235
0.4 3.84491 0.310024 -0.00138859
0.4 4.15509 0.310024 -0.000485782
0.4 4.46434 0.308159 -0.000152085
0.4 4.77079 0.304441 -0.000043143
0.4 5.07261 0.298893 -0.0000112452
0.4 5.36798 0.291546 0
0.4 5.65512 0.282447 0
0.4 5.9323 0.271648 0
0.4 6.19787 0.259216 0
0.4 6.45022 0.245225 0
0.4 6.68783 0.229759 0
0.4 6.90927 0.212911 0
0.4 7.11322 0.194783 0
0.4 7.29845 0.175484 0
0.4 7.46384 0.155129 0
0.4 7.6084 0.133841 0
0.4 7.73125 0.111748 0
0.4 7.83167 0.0889834 0
0.4 7.90904 0.0656842 0
0.4 7.9629 0.0419931 0
0.4 7.99295 0.0180851 0
0.44 -7.99295 0.0180851 0
0.44 -7.9629 0.0419931 0
0.44 -7.90904 0.0656842 0
0.44 -7.83167 0.0889834 0
0.44 -7.73125 0.111748 0
0.44 -7.6084 0.133841 0
0.44 -7.46384 0.155129 0
0.44 -7.29845 0.175484 0
0.44 -7.11322 0.194783 0
0.44 -6.90927 0.212911 0
0.44 -6.68783 0.229759 0
0.44 -6.45022 0.245225 0
0.44 -6.19787 0.259216 0
0.44 -5.9323 0.271648 0
0.44 -5.65512 0.282447 0
0.44 -5.36798 0.291546 0
0.44 -5.07261 0.298893 0.0000111011
0.44 -4.77079 0.304441 0.0000426249
0.44 -4.46434 0.308159 0.000150451
0.44 -4.15509 0.310024 0.000481516
0.44 -3.84491 0.310024 0.00138061
0.44 -3.53566 0.308159 0.00350885
0.44 -3.22921 0.304441 0.00782958
0.44 -2.92739 0.298893 0.0151959
0.44 -2.63202 0.291546 0.0253751
0.44 -2.34488 0.282447 0.0358692
0.44 -2.0677 0.271648 0.0415717
0.44 -1.80213 0.259216 0.0362929
0.44 -1.54978 0.245225 0.0159559
0.44 -1.31217 0.229759 -0.0183515
0.44 -1.09073 0.212911 -0.0596244
0.44 -0.886777 0.194783 -0.0971387
0.44 -0.701551 0.175484 -0.120261
0.44 -0.536162 0.155129 -0.121829
0.44 -0.391605 0.133841 -0.100066
0.44 -0.268749 0.111748 -0.0595587
0.44 -0.168333 0.0889834 -0.0120949
0.44 -0.0909602 0.0656842 0.0262256
0.44 -0.037095 0.0419931 0.0488126
0.44 -0.00704916 0.0180851 0.0605334
0.44 0.00704916 0.0180851 0.0660187
0.44 0.037095 0.0419931 0.0778821
0.44 0.0909602 0.0656842 0.103011
0.44 0.168333 0.0889834 0.14583
0.44 0.268749 0.111748 0.191856
0.44 0.391605 0.133841 0.223227
0.44 0.536162 0.155129 0.230424
0.44 0.701551 0.175484 0.211223
0.44 0.886777 0.194783 0.169279
0.44 1.09073 0.212911 0.113388
0.44 1.31217 0.229759 0.0556362
0.44 1.54978 0.245225 0.00784504
0.44 1.80213 0.259216 -0.0224641
0.44 2.0677 0.271648 -0.0343415
0.44 2.34488 0.282447 -0.0325069
0.44 2.63202 0.291546 -0.0240018
0.44 2.92739 0.298893 -0.0147108
0.44 3.22921 0.304441 -0.00768472
0.44 3.53566 0.308159 -0.00347393
0.44 3.84491 0.310024 -0.00137466
0.44 4.15509 0.310024 -0.000481284
0.44 4.46434 0.308159 -0.000150776
0.44 4.77079 0.304441 -0.0000427959
0.44 5.07261 0.298893 -0.0000111602
0.44 5.36798 0.291546 0
0.44 5.65512 0.282447 0
0.44 5.9323 0.271648 0
0.44 6.19787 0.259216 0
0.44 6.45022 0.245225 0
0.44 6.68783 0.229759 0
0.44 6.90927 0.212911 0
0.44 7.11322 0.194783 0
0.44 7.29845 0.175484 0
0.44 7.46384 0.155129 0
0.44 7.6084 0.133841 0
0.44 7.73125 0.111748 0
0.44 7.83167 0.0889834 0
0.44 7.90904 0.0656842 0
0.44 7.9629 0.0419931 0
0.44 7.99295 0.0180851 0
0.48 -7.99295 0.0180851 0
0.48 -7.9629 0.0419931 0
0.48 -7.90904 0.0656842 0
0.48 -7.83167 0.0889834 0
0.48 -7.73125 0.111748 0
0.48 -7.6084 0.133841 0
0.48 -7.46384 0.155129 0
0.48 -7.29845 0.175484 0
0.48 -7.11322 0.194783 0
0.48 -6.90927 0.212911 0
0.48 -6.68783 0.229759 0
0.48 -6.45022 0.245225 0
0.48 -6.19787 0.259216 0
0.48 -5.9323 0.271648 0
0.48 -5.65512 0.282447 0
0.48 -5.36798 0.291546 0
0.48 -5.07261 0.298893 0.0000111913
0.48 -4.77079 0.304441 0.0000429924
0.48 -4.46434 0.308159 0.000151834
0.48 -4.15509 0.310024 0.000486261
0.48 -3.84491 0.310024 0.00139526
0.48 -3.53566 0.308159 0.00354915
0.48 -3.22921 0.304441 0.00792738
0.48 -2.92739 0.298893 0.0154032
0.48 -2.63202 0.291546 0.0257541
0.48 -2.34488 0.282447 0.0364542
0.48 -2.0677 0.271648 0.0422991
0.48 -1.80213 0.259216 0.0369181
0.48 -1.54978 0.245225 0.016
0.48 -1.31217 0.229759 -0.019584
0.48 -1.09073 0.212911 -0.0629433
0.48 -0.886777 0.194783 -0.103309
0.48 -0.701551 0.175484 -0.129823
0.48 -0.536162 0.155129 -0.134924
0.48 -0.391605 0.133841 -0.116227
0.48 -0.268749 0.111748 -0.0774948
0.48 -0.168333 0.0889834 -0.029811
0.48 -0.0909602 0.0656842 0.0100068
0.48 -0.037095 0.0419931 0.0332099
0.48 -0.00704916 0.0180851 0.0449454
0.48 0.00704916 0.0180851 0.0504145
0.48 0.037095 0.0419931 0.0621579
0.48 0.0909602 0.0656842 0.0859941
0.48 0.168333 0.0889834 0.126785
0.48 0.268749 0.111748 0.172875
0.48 0.391605 0.133841 0.206537
0.48 0.536162 0.155129 0.217191
0.48 0.701551 0.175484 0.201733
0.48 0.886777 0.194783 0.163256
0.48 1.09073 0.212911 0.110209
0.48 1.31217 0.229759 0.0545014
0.48 1.54978 0.245225 0.00794043
0.48 1.80213 0.259216 -0.0218221
0.48 2.0677 0.271648 -0.0336161
0.48 2.34488 0.282447 -0.0319303
0.48 2.63202 0.291546 -0.0236308
0.48 2.92739 0.298893 -0.0145087
0.48 3.22921 0.304441 -0.00758971
0.48 3.53566 0.308159 -0.00343488
0.48 3.84491 0.310024 -0.00136049
0.48 4.15509 0.310024 -0.000476703
0.48 4.46434 0.308159 -0.000149442
0.48 4.77079 0.304441 -0.000042442
0.48 5.07261 0.298893 -0.0000110734
0.48 5.36798 0.291546 0
0.48 5.65512 0.282447 0
0.48 5.9323 0.271648 0
0.48 6.19787 0.259216 0
0.48 6.45022 0.245225 0
0.48 6.68783 0.229759 0
0.48 6.90927 0.212911 0
0.48 7.11322 0.194783 0
0.48 7.29845 0.175484 0
0.48 7.46384 0.155129 0
0.48 7.6084 0.133841 0
0.48 7.73125 0.111748 0
0.48 7.83167 0.0889834 0
0.48 7.90904 0.0656842 0
0.48 7.9629 0.0419931 0
0.48 7.99295 0.0180851 0
0.52 -7.99295 0.0180851 0
0.52 -7.9629 0.0419931 0
0.52 -7.90904 0.0656842 0
0.52 -7.83167 0.0889834 0
0.52 -7.73125 0.111748 0
0.52 -7.6084 0.133841 0
0.52 -7.46384 0.155129 0
0.52 -7.29845 0.175484 0
0.52 -7.11322 0.194783 0
0.52 -6.90927 0.212911 0
0.52 -6.68783 0.229759 0
0.52 -6.45022 0.245225 0
0.52 -6.19787 0.259216 0
0.52 -5.9323 0.271648 0
0.52 -5.65512 0.282447 0
0.52 -5.36798 0.291546 0
0.52 -5.07261 0.298893 0.0000112797
0.52 -4.77079 0.304441 0.0000433531
0.52 -4.46434 0.308159 0.000153193
0.52 -4.15509 0.310024 0.000490924
0.52 -3.84491 0.310024 0.00140967
0.52 -3.53566 0.308159 0.00358883
0.52 -3.22921 0.304441 0.00802379
0.52 -2.92739 0.298893 0.0156079
0.52 -2.63202 0.291546 0.0261291
0.52 -2.34488 0.282447 0.0370349
0.52 -2.0677 0.271648 0.0430254
0.52 -1.80213 0.259216 0.0375516
0.52 -1.54978 0.245225 0.0160694
0.52 -1.31217 0.229759 -0.0207683
0.52 -1.09073 0.212911 -0.0661933
0.52 -0.886777 0.194783 -0.109406
0.52 -0.701551 0.175484 -0.13935
0.52 -0.536162 0.155129 -0.148085
0.52 -0.391605 0.133841 -0.132638
0.52 -0.268749 0.111748 -0.0959161
0.52 -0.168333 0.0889834 -0.0481187
0.52 -0.0909602 0.0656842 -0.00653507
0.52 -0.037095 0.0419931 0.0175757
0.52 -0.00704916 0.0180851 0.029372
0.52 0.00704916 0.0180851 0.0348411
0.52 0.037095 0.0419931 0.0465237
0.52 0.0909602 0.0656842 0.0694523
0.52 0.168333 0.0889834 0.108477
0.52 0.268749 0.111748 0.154453
0.52 0.391605 0.133841 0.190126
0.52 0.536162 0.155129 0.20403
0.52 0.701551 0.175484 0.192206
0.52 0.886777 0.194783 0.157158
0.52 1.09073 0.212911 0.106959
0.52 1.31217 0.229759 0.0533171
0.52 1.54978 0.245225 0.00800985
0.52 1.80213 0.259216 -0.0211886
0.52 2.0677 0.271648 -0.0328898
0.52 2.34488 0.282447 -0.0313496
0.52 2.63202 0.291546 -0.0232558
0.52 2.92739 0.298893 -0.014304
0.52 3.22921 0.304441 -0.00749329
0.52 3.53566 0.308159 -0.00339519
0.52 3.84491 0.310024 -0.00134608
0.52 4.15509 0.310024 -0.00047204
0.52 4.46434 0.308159 -0.000148083
0.52 4.77079 0.304441 -0.0000420813
0.52 5.07261 0.298893 -0.000010985
0.52 5.36798 0.291546 0
0.52 5.65512 0.282447 0
0.52 5.9323 0.271648 0
0.52 6.19787 0.259216 0
0.52 6.45022 0.245225 0
0.52 6.68783 0.229759 0
0.52 6.90927 0.212911 0
0.52 7.11322 0.194783 0
0.52 7.29845 0.175484 0
0.52 7.46384 0.155129 0
0.52 7.6084 0.133841 0
0.52 7.73125 0.111748 0
0.52 7.83167 0.0889834 0
0.52 7.90904 0.0656842 0
0.52 7.9629 0.0419931 0
0.52 7.99295 0.0180851 0
0.56 -7.99295 0.0180851 0
0.56 -7.9629 0.0419931 0
0.56 -7.90904 0.0656842 0
0.56 -7.83167 0.0889834 0
0.56 -7.73125 0.111748 0
0.56 -7.6084 0.133841 0
0.56 -7.46384 0.155129 0
0.56 -7.29845 0.175484 0
0.56 -7.11322 0.194783 0
0.56 -6.90927 0.212911 0
0.56 -6.68783 0.229759 0
0.56 -6.45022 0.245225 0
0.56 -6.19787 0.259216 0
0.56 -5.9323 0.271648 0
0.56 -5.65512 0.282447 0
0.56 -5.36798 0.291546 0
0.56 -5.07261 0.298893 0.0000113665
0.56 -4.77079 0.304441 0.000043707
0.56 -4.46434 0.308159 0.000154527
0.56 -4.15509 0.310024 0.000495506
0.56 -3.84491 0.310024 0.00142384
0.56 -3.53566 0.308159 0.00362789
0.56 -3.22921 0.304441 0.0081188
0.56 -2.92739 0.298893 0.01581
0.56 -2.63202 0.291546 0.0265001
0.56 -2.34488 0.282447 0.0376115
0.56 -2.0677 0.271648 0.0437507
0.56 -1.80213 0.259216 0.0381936
0.56 -1.54978 0.245225 0.0161648
0.56 -1.31217 0.229759 -0.0219031
0.56 -1.09073 0.212911 -0.0693724
0.56 -0.886777 0.194783 -0.115429
0.56 -0.701551 0.175484 -0.14884
0.56 -0.536162 0.155129 -0.161318
0.56 -0.391605 0.133841 -0.149328
0.56 -0.268749 0.111748 -0.114898
0.56 -0.168333 0.0889834 -0.0671636
0.56 -0.0909602 0.0656842 -0.0235519
0.56 -0.037095 0.0419931 0.00185146
0.56 -0.00704916 0.0180851 0.0137678
0.56 0.00704916 0.0180851 0.0192531
0.56 0.037095 0.0419931 0.030921
0.56 0.0909602 0.0656842 0.0532335
0.56 0.168333 0.0889834 0.0907608
0.56 0.268749 0.111748 0.136517
0.56 0.391605 0.133841 0.173965
0.56 0.536162 0.155129 0.190935
0.56 0.701551 0.175484 0.182644
0.56 0.886777 0.194783 0.150988
0.56 1.09073 0.212911 0.10364
0.56 1.31217 0.229759 0.0520846
0.56 1.54978 0.245225 0.00805388
0.56 1.80213 0.259216 -0.0205634
0.56 2.0677 0.271648 -0.0321625
0.56 2.34488 0.282447 -0.0307646
0.56 2.63202 0.291546 -0.0228769
0.56 2.92739 0.298893 -0.0140967
0.56 3.22921 0.304441 -0.00739549
0.56 3.53566 0.308159 -0.00335489
0.56 3.84491 0.310024 -0.00133143
0.56 4.15509 0.310024 -0.000467295
0.56 4.46434 0.308159 -0.0001467
0.56 4.77079 0.304441 -0.0000417138
0.56 5.07261 0.298893 -0.0000108948
0.56 5.36798 0.291546 0
0.56 5.65512 0.282447 0
0.56 5.9323 0.271648 0
0.56 6.19787 0.259216 0
0.56 6.45022 0.245225 0
0.56 6.68783 0.229759 0
0.56 6.90927 0.212911 0
0.56 7.11322 0.194783 0
0.56 7.29845 0.175484 0
0.56 7.46384 0.155129 0
0.56 7.6084 0.133841 0
0.56 7.73125 0.111748 0
0.56 7.83167 0.0889834 0
0.56 7.90904 0.0656842 0
0.56 7.9629 0.0419931 0
0.56 7.99295 0.0180851 0
0.6 -7.99295 0.0180851 0
0.6 -7.9629 0.0419931 0
0.6 -7.90904 0.0656842 0
0.6 -7.83167 0.0889834 0
0.6 -7.73125 0.111748 0
0.6 -7.6084 0.133841 0
0.6 -7.46384 0.155129 0
0.6 -7.29845 0.175484 0
0.6 -7.11322 0.194783 0
0.6 -6.90927 0.212911 0
0.6 -6.68783 0.229759 0
0.6 -6.45022 0.245225 0
0.6 -6.19787 0.259216 0
0.6 -5.9323 0.271648 0
0.6 -5.65512 0.282447 0
0.6 -5.36798 0.291546 0
0.6 -5.07261 0.298893 0.0000114515
0.6 -4.77079 0.304441 0.0000440541
0.6 -4.46434 0.308159 0.000155836
0.6 -4.15509 0.310024 0.000500004
0.6 -3.84491 0.310024 0.00143777
0.6 -3.53566 0.308159 0.00366631
0.6 -3.22921 0.304441 0.0082124
0.6 -2.92739 0.298893 0.0160093
0.6 -2.63202 0.291546 0.0268671
0.6 -2.34488 0.282447 0.0381837
0.6 -2.0677 0.271648 0.044475
0.6 -1.80213 0.259216 0.0388442
0.6 -1.54978 0.245225 0.0162868
0.6 -1.31217 0.229759 -0.0229869
0.6 -1.09073 0.212911 -0.0724778
0.6 -0.886777 0.194783 -0.121374
0.6 -0.701551 0.175484 -0.15829
0.6 -0.536162 0.155129 -0.174627
0.6 -0.391605 0.133841 -0.166323
0.6 -0.268749 0.111748 -0.13452
0.6 -0.168333 0.0889834 -0.0871159
0.6 -0.0909602 0.0656842 -0.0412429
0.6 -0.037095 0.0419931 -0.0140356
0.6 -0.00704916 0.0180851 -0.00191408
0.6 0.00704916 0.0180851 0.0036045
0.6 0.037095 0.0419931 0.0152979
0.6 0.0909602 0.0656842 0.0372182
0.6 0.168333 0.0889834 0.0735096
0.6 0.268749 0.111748 0.118995
0.6 0.391605 0.133841 0.158027
0.6 0.536162 0.155129 0.177898
0.6 0.701551 0.175484 0.173044
0.6 0.886777 0.194783 0.144748
0.6 1.09073 0.212911 0.100254
0.6 1.31217 0.229759 0.050805
0.6 1.54978 0.245225 0.00807305
0.6 1.80213 0.259216 -0.0199464
0.6 2.0677 0.271648 -0.0314341
0.6 2.34488 0.282447 -0.0301755
0.6 2.63202 0.291546 -0.022494
0.6 2.92739 0.298893 -0.0138868
0.6 3.22921 0.304441 -0.00729631
0.6 3.53566 0.308159 -0.00331397
0.6 3.84491 0.310024 -0.00131654
0.6 4.15509 0.310024 -0.000462469
0.6 4.46434 0.308159 -0.000145292
0.6 4.77079 0.304441 -0.0000413396
0.6 5.07261 0.298893 -0.000010803
0.6 5.36798 0.291546 0
0.6 5.65512 0.282447 0
0.6 5.9323 0.271648 0
0.6 6.19787 0.259216 0
0.6 6.45022 0.245225 0
0.6 6.68783 0.229759 0
0.6 6.90927 0.212911 0
0.6 7.11322 0.194783 0
0.6 7.29845 0.175484 0
0.6 7.46384 0.155129 0
0.6 7.6084 0.133841 0
0.6 7.73125 0.111748 0
0.6 7.83167 0.0889834 0
0.6 7.90904 0.0656842 0
0.6 7.9629 0.0419931 0
0.6 7.99295 0.0180851 0
0.64 -7.99295 0.0180851 0
0.64 -7.9629 0.0419931 0
0.64 -7.90904 0.0656842 0
0.64 -7.83167 0.0889834 0
0.64 -7.73125 0.111748 0
0.64 -7.6084 0.133841 0
0.64 -7.46384 0.155129 0
0.64 -7.29845 0.175484 0
0.64 -7.11322 0.194783 0
0.64 -6.90927 0.212911 0
0.64 -6.68783 0.229759 0
0.64 -6.45022 0.245225 0
0.64 -6.19787 0.259216 0
0.64 -5.9323 0.271648 0
0.64 -5.65512 0.282447 0
0.64 -5.36798 0.291546 0
0.64 -5.07261 0.298893 0.0000115348
0.64 -4.77079 0.304441 0.0000443943
0.64 -4.46434 0.308159 0.000157119
0.64 -4.15509 0.310024 0.000504418
0.64 -3.84491 0.310024 0.00145144
0.64 -3.53566 0.308159 0.00370408
0.64 -3.22921 0.304441 0.00830454
0.64 -2.92739 0.298893 0.016206
0.64 -2.63202 0.291546 0.0272298
0.64 -2.34488 0.282447 0.0387515
0.64 -2.0677 0.271648 0.0451981
0.64 -1.80213 0.259216 0.0395037
0.64 -1.54978 0.245225 0.0164363
0.64 -1.31217 0.229759 -0.0240177
0.64 -1.09073 0.212911 -0.0755058
0.64 -0.886777 0.194783 -0.127235
0.64 -0.701551 0.175484 -0.167695
0.64 -0.536162 0.155129 -0.188014
0.64 -0.391605 0.133841 -0.183649
0.64 -0.268749 0.111748 -0.15487
0.64 -0.168333 0.0889834 -0.108175
0.64 -0.0909602 0.0656842 -0.0598746
0.64 -0.037095 0.0419931 -0.0301871
0.64 -0.00704916 0.0180851 -0.0177245
0.64 0.00704916 0.0180851 -0.0121538
0.64 0.037095 0.0419931 -0.000396504
0.64 0.0909602 0.0656842 0.0213082
0.64 0.168333 0.0889834 0.0566118
0.64 0.268749 0.111748 0.101818
0.64 0.391605 0.133841 0.14228
0.64 0.536162 0.155129 0.164908
0.64 0.701551 0.175484 0.163406
0.64 0.886777 0.194783 0.138437
0.64 1.09073 0.212911 0.0968013
0.64 1.31217 0.229759 0.049479
0.64 1.54978 0.245225 0.00806776
0.64 1.80213 0.259216 -0.0193372
0.64 2.0677 0.271648 -0.0307046
0.64 2.34488 0.282447 -0.0295822
0.64 2.63202 0.291546 -0.0221072
0.64 2.92739 0.298893 -0.0136744
0.64 3.22921 0.304441 -0.00719575
0.64 3.53566 0.308159 -0.00327243
0.64 3.84491 0.310024 -0.00130141
0.64 4.15509 0.310024 -0.000457562
0.64 4.46434 0.308159 -0.000143859
0.64 4.77079 0.304441 -0.0000409586
0.64 5.07261 0.298893 -0.0000107095
0.64 5.36798 0.291546 0
0.64 5.65512 0.282447 0
0.64 5.9323 0.271648 0
0.64 6.19787 0.259216 0
0.64 6.45022 0.245225 0
0.64 6.68783 0.229759 0
0.64 6.90927 0.212911 0
0.64 7.11322 0.194783 0
0.64 7.29845 0.175484 0
0.64 7.46384 0.155129 0
0.64 7.6084 0.133841 0
0.64 7.73125 0.111748 0
0.64 7.83167 0.0889834 0
0.64 7.90904 0.0656842 0
0.64 7.9629 0.0419931 0
0.64 7.99295 0.0180851 0
0.68 -7.99295 0.0180851 0
0.68 -7.9629 0.0419931 0
0.68 -7.90904 0.0656842 0
0.68 -7.83167 0.0889834 0
0.68 -7.73125 0.111748 0
0.68 -7.6084 0.133841 0
0.68 -7.46384 0.155129 0
0.68 -7.29845 0.175484 0
0.68 -7.11322 0.194783 0
0.68 -6.90927 0.212911 0
0.68 -6.68783 0.229759 0
0.68 -6.45022 0.245225 0
0.68 -6.19787 0.259216 0
0.68 -5.9323 0.271648 0
0.68 -5.65512 0.282447 0
0.68 -5.36798 0.291546 0
0.68 -5.07261 0.298893 0.0000116163
0.68 -4.77079 0.304441 0.0000447273
0.68 -4.46434 0.308159 0.000158376
0.68 -4.15509 0.310024 0.000508746
0.68 -3.84491 0.310024 0.00146486
0.68 -3.53566 0.308159 0.00374119
0.68 -3.22921 0.304441 0.00839518
0.68 -2.92739 0.298893 0.0163998
0.68 -2.63202 0.291546 0.0275883
0.68 -2.34488 0.282447 0.0393147
0.68 -2.0677 0.271648 0.0459199
0.68 -1.80213 0.259216 0.040172
0.68 -1.54978 0.245225 0.016614
0.68 -1.31217 0.229759 -0.0249933
0.68 -1.09073 0.212911 -0.0784523
0.68 -0.886777 0.194783 -0.133006
0.68 -0.701551 0.175484 -0.177048
0.68 -0.536162 0.155129 -0.201479
0.68 -0.391605 0.133841 -0.201328
0.68 -0.268749 0.111748 -0.176038
0.68 -0.168333 0.0889834 -0.130578
0.68 -0.0909602 0.0656842 -0.0798091
0.68 -0.037095 0.0419931 -0.0467608
0.68 -0.00704916 0.0180851 -0.0337214
0.68 0.00704916 0.0180851 -0.0280767
0.68 0.037095 0.0419931 -0.0162155
0.68 0.0909602 0.0656842 0.0054184
0.68 0.168333 0.0889834 0.0399667
0.68 0.268749 0.111748 0.084921
0.68 0.391605 0.133841 0.126693
0.68 0.536162 0.155129 0.151951
0.68 0.701551 0.175484 0.153726
0.68 0.886777 0.194783 0.132056
0.68 1.09073 0.212911 0.093283
0.68 1.31217 0.229759 0.0481069
0.68 1.54978 0.245225 0.00803832
0.68 1.80213 0.259216 -0.0187358
0.68 2.0677 0.271648 -0.0299738
0.68 2.34488 0.282447 -0.0289847
0.68 2.63202 0.291546 -0.0217164
0.68 2.92739 0.298893 -0.0134592
0.68 3.22921 0.304441 -0.00709379
0.68 3.53566 0.308159 -0.00323027
0.68 3.84491 0.310024 -0.00128604
0.68 4.15509 0.310024 -0.000452573
0.68 4.46434 0.308159 -0.000142402
0.68 4.77079 0.304441 -0.0000405709
0.68 5.07261 0.298893 -0.0000106142
0.68 5.36798 0.291546 0
0.68 5.65512 0.282447 0
0.68 5.9323 0.271648 0
0.68 6.19787 0.259216 0
0.68 6.45022 0.245225 0
0.68 6.68783 0.229759 0
0.68 6.90927 0.212911 0
0.68 7.11322 0.194783 0
0.68 7.29845 0.175484 0
0.68 7.46384 0.155129 0
0.68 7.6084 0.133841 0
0.68 7.73125 0.111748 0
0.68 7.83167 0.0889834 0
0.68 7.90904 0.0656842 0
0.68 7.9629 0.0419931 0
0.68 7.99295 0.0180851 0
0.72 -7.99295 0.0180851 0
0.72 -7.9629 0.0419931 0
0.72 -7.90904 0.0656842 0
0.72 -7.83167 0.0889834 0
0.72 -7.73125 0.111748 0
0.72 -7.6084 0.133841 0
0.72 -7.46384 0.155129 0
0.72 -7.29845 0.175484 0
0.72 -7.11322 0.194783 0
0.72 -6.90927 0.212911 0
0.72 -6.68783 0.229759 0
0.72 -6.45022 0.245225 0
0.72 -6.19787 0.259216 0
0.72 -5.9323 0.271648 0
0.72 -5.65512 0.282447 0
0.72 -5.36798 0.291546 0
0.72 -5.07261 0.298893 0.0000116959
0.72 -4.77079 0.304441 0.0000450531
0.72 -4.46434 0.308159 0.000159607
0.72 -4.15509 0.310024 0.000512985
0.72 -3.84491 0.310024 0.00147802
0.72 -3.53566 0.308159 0.00377761
0.72 -3.22921 0.304441 0.00848429
0.72 -2.92739 0.298893 0.0165906
0.72 -2.63202 0.291546 0.0279423
0.72 -2.34488 0.282447 0.0398729
0.72 -2.0677 0.271648 0.0466401
0.72 -1.80213 0.259216 0.0408495
0.72 -1.54978 0.245225 0.016821
0.72 -1.31217 0.229759 -0.0259111
0.72 -1.09073 0.212911 -0.0813123
0.72 -0.886777 0.194783 -0.138679
0.72 -0.701551 0.175484 -0.186341
0.72 -0.536162 0.155129 -0.215016
0.72 -0.391605 0.133841 -0.219381
0.72 -0.268749 0.111748 -0.198121
0.72 -0.168333 0.0889834 -0.154602
0.72 -0.0909602 0.0656842 -0.101543
0.72 -0.037095 0.0419931 -0.0640247
0.72 -0.00704916 0.0180851 -0.0499748
0.72 0.00704916 0.0180851 -0.0442289
0.72 0.037095 0.0419931 -0.0322193
0.72 0.0909602 0.0656842 -0.0105304
0.72 0.168333 0.0889834 0.0234807
0.72 0.268749 0.111748 0.0682376
0.72 0.391605 0.133841 0.111232
0.72 0.536162 0.155129 0.139014
0.72 0.701551 0.175484 0.143996
0.72 0.886777 0.194783 0.125602
0.72 1.09073 0.212911 0.0896981
0.72 1.31217 0.229759 0.0466888
0.72 1.54978 0.245225 0.00798495
0.72 1.80213 0.259216 -0.0181419
0.72 2.0677 0.271648 -0.0292417
0.72 2.34488 0.282447 -0.0283828
0.72 2.63202 0.291546 -0.0213216
0.72 2.92739 0.298893 -0.0132414
0.72 3.22921 0.304441 -0.00699041
0.72 3.53566 0.308159 -0.00318747
0.72 3.84491 0.310024 -0.00127043
0.72 4.15509 0.310024 -0.0004475
0.72 4.46434 0.308159 -0.000140919
0.72 4.77079 0.304441 -0.0000401763
0.72 5.07261 0.298893 -0.0000105172
0.72 5.36798 0.291546 0
0.72 5.65512 0.282447 0
0.72 5.9323 0.271648 0
0.72 6.19787 0.259216 0
0.72 6.45022 0.245225 0
0.72 6.68783 0.229759 0
0.72 6.90927 0.212911 0
0.72 7.11322 0.194783 0
0.72 7.29845 0.175484 0
0.72 7.46384 0.155129 0
0.72 7.6084 0.133841 0
0.72 7.73125 0.111748 0
0.72 7.83167 0.0889834 0
0.72 7.90904 0.0656842 0
0.72 7.9629 0.0419931 0
0.72 7.99295 0.0180851 0
0.76 -7.99295 0.0180851 0
0.76 -7.9629 0.0419931 0
0.76 -7.90904 0.0656842 0
0.76 -7.83167 0.0889834 0
0.76 -7.73125 0.111748 0
0.76 -7.6084 0.133841 0
0.76 -7.46384 0.155129 0
0.76 -7.29845 0.175484 0
0.76 -7.11322 0.194783 0
0.76 -6.90927 0.212911 0
0.76 -6.68783 0.229759 0
0.76 -6.45022 0.245225 0
0.76 -6.19787 0.259216 0
0.76 -5.9323 0.271648 0
0.76 -5.65512 0.282447 0
0.76 -5.36798 0.291546 0
0.76 -5.07261 0.298893 0.0000117737
0.76 -4.77079 0.304441 0.0000453713
0.76 -4.46434 0.308159 0.00016081
0.76 -4.15509 0.310024 0.000517133
0.76 -3.84491 0.310024 0.00149091
0.76 -3.53566 0.308159 0.00381333
0.76 -3.22921 0.304441 0.00857181
0.76 -2.92739 0.298893 0.0167784
0.76 -2.63202 0.291546 0.0282916
0.76 -2.34488 0.282447 0.0404259
0.76 -2.0677 0.271648 0.0473586
0.76 -1.80213 0.259216 0.0415361
0.76 -1.54978 0.245225 0.0170583
0.76 -1.31217 0.229759 -0.0267681
0.76 -1.09073 0.212911 -0.0840797
0.76 -0.886777 0.194783 -0.144244
0.76 -0.701551 0.175484 -0.19556
0.76 -0.536162 0.155129 -0.228617
0.76 -0.391605 0.133841 -0.237825
0.76 -0.268749 0.111748 -0.221224
0.76 -0.168333 0.0889834 -0.180577
0.76 -0.0909602 0.0656842 -0.125764
0.76 -0.037095 0.0419931 -0.0824635
0.76 -0.00704916 0.0180851 -0.0665744
0.76 0.00704916 0.0180851 -0.0606904
0.76 0.037095 0.0419931 -0.0484796
0.76 0.0909602 0.0656842 -0.0266184
0.76 0.168333 0.0889834 0.00706236
0.76 0.268749 0.111748 0.0517009
0.76 0.391605 0.133841 0.0958569
0.76 0.536162 0.155129 0.126076
0.76 0.701551 0.175484 0.134207
0.76 0.886777 0.194783 0.11907
0.76 1.09073 0.212911 0.086045
0.76 1.31217 0.229759 0.0452243
0.76 1.54978 0.245225 0.0079077
0.76 1.80213 0.259216 -0.0175553
0.76 2.0677 0.271648 -0.0285078
0.76 2.34488 0.282447 -0.0277763
0.76 2.63202 0.291546 -0.0209226
0.76 2.92739 0.298893 -0.0130209
0.76 3.22921 0.304441 -0.00688559
0.76 3.53566 0.308159 -0.00314403
0.76 3.84491 0.310024 -0.00125456
0.76 4.15509 0.310024 -0.000442343
0.76 4.46434 0.308159 -0.000139411
0.76 4.77079 0.304441 -0.0000397746
0.76 5.07261 0.298893 -0.0000104185
0.76 5.36798 0.291546 0
0.76 5.65512 0.282447 0
0.76 5.9323 0.271648 0
0.76 6.19787 0.259216 0
0.76 6.45022 0.245225 0
0.76 6.68783 0.229759 0
0.76 6.90927 0.212911 0
0.76 7.11322 0.194783 0
0.76 7.29845 0.175484 0
0.76 7.46384 0.155129 0
0.76 7.6084 0.133841 0
0.76 7.73125 0.111748 0
0.76 7.83167 0.0889834 0
0.76 7.90904 0.0656842 0
0.76 7.9629 0.0419931 0
0.76 7.99295 0.0180851 0
0.8 -7.99295 0.0180851 0
0.8 -7.9629 0.0419931 0
0.8 -7.90904 0.0656842 0
0.8 -7.83167 0.0889834 0
0.8 -7.73125 0.111748 0
0.8 -7.6084 0.133841 0
0.8 -7.46384 0.155129 0
0.8 -7.29845 0.175484 0
0.8 -7.11322 0.194783 0
0.8 -6.90927 0.212911 0
0.8 -6.68783 0.229759 0
0.8 -6.45022 0.245225 0
0.8 -6.19787 0.259216 0
0.8 -5.9323 0.271648 0
0.8 -5.65512 0.282447 0
0.8 -5.36798 0.291546 0
0.8 -5.07261 0.298893 0.0000118496
0.8 -4.77079 0.304441 0.0000456819
0.8 -4.46434 0.308159 0.000161985
0.8 -4.15509 0.310024 0.000521186
0.8 -3.84491 0.310024 0.00150351
0.8 -3.53566 0.308159 0.00384831
0.8 -3.22921 0.304441 0.00865765
0.8 -2.92739 0.298893 0.0169631
0.8 -2.63202 0.291546 0.0286359
0.8 -2.34488 0.282447 0.0409734
0.8 -2.0677 0.271648 0.0480749
0.8 -1.80213 0.259216 0.0422318
0.8 -1.54978 0.245225 0.0173272
0.8 -1.31217 0.229759 -0.0275608
0.8 -1.09073 0.212911 -0.0867471
0.8 -0.886777 0.194783 -0.14969
0.8 -0.701551 0.175484 -0.204689
0.8 -0.536162 0.155129 -0.242269
0.8 -0.391605 0.133841 -0.256671
0.8 -0.268749 0.111748 -0.245451
0.8 -0.168333 0.0889834 -0.208892
0.8 -0.0909602 0.0656842 -0.153422
0.8 -0.037095 0.0419931 -0.102996
0.8 -0.00704916 0.0180851 -0.0836492
0.8 0.00704916 0.0180851 -0.0775661
0.8 0.037095 0.0419931 -0.0650877
0.8 0.0909602 0.0656842 -0.0429345
0.8 0.168333 0.0889834 -0.00938252
0.8 0.268749 0.111748 0.0352388
0.8 0.391605 0.133841 0.0805257
0.8 0.536162 0.155129 0.113114
0.8 0.701551 0.175484 0.124349
0.8 0.886777 0.194783 0.112456
0.8 1.09073 0.212911 0.082321
0.8 1.31217 0.229759 0.0437124
0.8 1.54978 0.245225 0.00780647
0.8 1.80213 0.259216 -0.0169756
0.8 2.0677 0.271648 -0.0277719
0.8 2.34488 0.282447 -0.0271649
0.8 2.63202 0.291546 -0.0205192
0.8 2.92739 0.298893 -0.0127975
0.8 3.22921 0.304441 -0.00677926
0.8 3.53566 0.308159 -0.00309992
0.8 3.84491 0.310024 -0.00123844
0.8 4.15509 0.310024 -0.000437099
0.8 4.46434 0.308159 -0.000137877
0.8 4.77079 0.304441 -0.0000393657
0.8 5.07261 0.298893 -0.0000103179
0.8 5.36798 0.291546 0
0.8 5.65512 0.282447 0
0.8 5.9323 0.271648 0
0.8 6.19787 0.259216 0
0.8 6.45022 0.245225 0
0.8 6.68783 0.229759 0
0.8 6.90927 0.212911 0
0.8 7.11322 0.194783 0
0.8 7.29845 0.175484 0
0.8 7.46384 0.155129 0
0.8 7.6084 0.133841 0
0.8 7.73125 0.111748 0
0.8 7.83167 0.0889834 0
0.8 7.90904 0.0656842 0
0.8 7.9629 0.0419931 0
0.8 7.99295 0.0180851 0
0.84 -7.99295 0.0180851 0
0.84 -7.9629 0.0419931 0
0.84 -7.90904 0.0656842 0
0.84 -7.83167 0.0889834 0
0.84 -7.73125 0.111748 0
0.84 -7.6084 0.133841 0
0.84 -7.46384 0.155129 0
0.84 -7.29845 0.175484 0
0.84 -7.11322 0.194783 0
0.84 -6.90927 0.212911 0
0.84 -6.68783 0.229759 0
0.84 -6.45022 0.245225 0
0.84 -6.19787 0.259216 0
0.84 -5.9323 0.271648 0
0.84 -5.65512 0.282447 0
0.84 -5.36798 0.291546 0
0.84 -5.07261 0.298893 0.0000119235
0.84 -4.77079 0.304441 0.0000459844
0.84 -4.46434 0.308159 0.00016313
0.84 -4.15509 0.310024 0.00052514
0.84 -3.84491 0.310024 0.00151582
0.84 -3.53566 0.308159 0.00388252
0.84 -3.22921 0.304441 0.00874172
0.84 -2.92739 0.298893 0.0171443
0.84 -2.63202 0.291546 0.0289748
0.84 -2.34488 0.282447 0.0415147
0.84 -2.0677 0.271648 0.0487887
0.84 -1.80213 0.259216 0.0429368
0.84 -1.54978 0.245225 0.0176292
0.84 -1.31217 0.229759 -0.0282847
0.84 -1.09073 0.212911 -0.0893058
0.84 -0.886777 0.194783 -0.155001
0.84 -0.701551 0.175484 -0.213709
0.84 -0.536162 0.155129 -0.25595
0.84 -0.391605 0.133841 -0.275921
0.84 -0.268749 0.111748 -0.270911
0.84 -0.168333 0.0889834 -0.240003
0.84 -0.0909602 0.0656842 -0.185843
0.84 -0.037095 0.0419931 -0.127415
0.84 -0.00704916 0.0180851 -0.101441
0.84 0.00704916 0.0180851 -0.0950027
0.84 0.037095 0.0419931 -0.0821673
0.84 0.0909602 0.0656842 -0.0595871
0.84 0.168333 0.0889834 -0.0259591
0.84 0.268749 0.111748 0.01877
0.84 0.391605 0.133841 0.0651861
0.84 0.536162 0.155129 0.100097
0.84 0.701551 0.175484 0.114403
0.84 0.886777 0.194783 0.105749
0.84 1.09073 0.212911 0.0785214
0.84 1.31217 0.229759 0.0421511
0.84 1.54978 0.245225 0.00768088
0.84 1.80213 0.259216 -0.0164027
0.84 2.0677 0.271648 -0.0270334
0.84 2.34488 0.282447 -0.0265482
0.84 2.63202 0.291546 -0.0201111
0.84 2.92739 0.298893 -0.0125712
0.84 3.22921 0.304441 -0.00667136
0.84 3.53566 0.308159 -0.0030551
0.84 3.84491 0.310024 -0.00122204
0.84 4.15509 0.310024 -0.000431763
0.84 4.46434 0.308159 -0.000136314
0.84 4.77079 0.304441 -0.0000389493
0.84 5.07261 0.298893 -0.0000102155
0.84 5.36798 0.291546 0
0.84 5.65512 0.282447 0
0.84 5.9323 0.271648 0
0.84 6.19787 0.259216 0
0.84 6.45022 0.245225 0
0.84 6.68783 0.229759 0
0.84 6.90927 0.212911 0
0.84 7.11322 0.194783 0
0.84 7.29845 0.175484 0
0.84 7.46384 0.155129 0
0.84 7.6084 0.133841 0
0.84 7.73125 0.111748 0
0.84 7.83167 0.0889834 0
0.84 7.90904 0.0656842 0
0.84 7.9629 0.0419931 0
0.84 7.99295 0.0180851 0
0.88 -7.99295 0.0180851 0
0.88 -7.9629 0.0419931 0
0.88 -7.90904 0.0656842 0
0.88 -7.83167 0.0889834 0
0.88 -7.73125 0.111748 0
0.88 -7.6084 0.133841 0
0.88 -7.46384 0.155129 0
0.88 -7.29845 0.175484 0
0.88 -7.11322 0.194783 0
0.88 -6.90927 0.212911 0
0.88 -6.68783 0.229759 0
0.88 -6.45022 0.245225 0
0.88 -6.19787 0.259216 0
0.88 -5.9323 0.271648 0
0.88 -5.65512 0.282447 0
0.88 -5.36798 0.291546 0
0.88 -5.07261 0.298893 0.0000119952
0.88 -4.77079 0.304441 0.0000462783
0.88 -4.46434 0.308159 0.000164244
0.88 -4.15509 0.310024 0.000528989
0.88 -3.84491 0.310024 0.00152782
0.88 -3.53566 0.308159 0.0039159
0.88 -3.22921 0.304441 0.00882391
0.88 -2.92739 0.298893 0.0173218
0.88 -2.63202 0.291546 0.029308
0.88 -2.34488 0.282447 0.0420493
0.88 -2.0677 0.271648 0.0494991
0.88 -1.80213 0.259216 0.043651
0.88 -1.54978 0.245225 0.0179658
0.88 -1.31217 0.229759 -0.0289348
0.88 -1.09073 0.212911 -0.0917447
0.88 -0.886777 0.194783 -0.160159
0.88 -0.701551 0.175484 -0.222589
0.88 -0.536162 0.155129 -0.269627
0.88 -0.391605 0.133841 -0.295564
0.88 -0.268749 0.111748 -0.297704
0.88 -0.168333 0.0889834 -0.274439
0.88 -0.0909602 0.0656842 -0.224862
0.88 -0.037095 0.0419931 -0.159277
0.88 -0.00704916 0.0180851 -0.120689
0.88 0.00704916 0.0180851 -0.113221
0.88 0.037095 0.0419931 -0.099899
0.88 0.0909602 0.0656842 -0.0767225
0.88 0.168333 0.0889834 -0.042796
0.88 0.268749 0.111748 0.00219506
0.88 0.391605 0.133841 0.0497718
0.88 0.536162 0.155129 0.0869848
0.88 0.701551 0.175484 0.104346
0.88 0.886777 0.194783 0.0989362
0.88 1.09073 0.212911 0.0746393
0.88 1.31217 0.229759 0.0405375
0.88 1.54978 0.245225 0.00753021
0.88 1.80213 0.259216 -0.015836
0.88 2.0677 0.271648 -0.0262917
0.88 2.34488 0.282447 -0.0259255
0.88 2.63202 0.291546 -0.019698
0.88 2.92739 0.298893 -0.0123415
0.88 3.22921 0.304441 -0.00656176
0.88 3.53566 0.308159 -0.00300954
0.88 3.84491 0.310024 -0.00120536
0.88 4.15509 0.310024 -0.00042633
0.88 4.46434 0.308159 -0.000134723
0.88 4.77079 0.304441 -0.0000385248
0.88 5.07261 0.298893 -0.000010111
0.88 5.36798 0.291546 0
0.88 5.65512 0.282447 0
0.88 5.9323 0.271648 0
0.88 6.19787 0.259216 0
0.88 6.45022 0.245225 0
0.88 6.68783 0.229759 0
0.88 6.90927 0.212911 0
0.88 7.11322 0.194783 0
0.88 7.29845 0.175484 0
0.88 7.46384 0.155129 0
0.88 7.6084 0.133841 0
0.88 7.73125 0.111748 0
0.88 7.83167 0.0889834 0
0.88 7.90904 0.0656842 0
0.88 7.9629 0.0419931 0
0.88 7.99295 0.0180851 0
0.92 -7.99295 0.0180851 0
0.92 -7.9629 0.0419931 0
0.92 -7.90904 0.0656842 0
0.92 -7.83167 0.0889834 0
0.92 -7.73125 0.111748 0
0.92 -7.6084 0.133841 0
0.92 -7.46384 0.155129 0
0.92 -7.29845 0.175484 0
0.92 -7.11322 0.194783 0
0.92 -6.90927 0.212911 0
0.92 -6.68783 0.229759 0
0.92 -6.45022 0.245225 0
0.92 -6.19787 0.259216 0
0.92 -5.9323 0.271648 0
0.92 -5.65512 0.282447 0
0.92 -5.36798 0.291546 0
0.92 -5.07261 0.298893 0.0000120646
0.92 -4.77079 0.304441 0.0000465631
0.92 -4.46434 0.308159 0.000165324
0.92 -4.15509 0.310024 0.000532725
0.92 -3.84491 0.310024 0.00153948
0.92 -3.53566 0.308159 0.00394838
0.92 -3.22921 0.304441 0.00890406
0.92 -2.92739 0.298893 0.0174954
0.92 -2.63202 0.291546 0.0296347
0.92 -2.34488 0.282447 0.0425764
0.92 -2.0677 0.271648 0.0502054
0.92 -1.80213 0.259216 0.0443743
0.92 -1.54978 0.245225 0.0183394
0.92 -1.31217 0.229759 -0.0295043
0.92 -1.09073 0.212911 -0.0940496
0.92 -0.886777 0.194783 -0.165137
0.92 -0.701551 0.175484 -0.231293
0.92 -0.536162 0.155129 -0.283254
0.92 -0.391605 0.133841 -0.315566
0.92 -0.268749 0.111748 -0.325914
0.92 -0.168333 0.0889834 -0.312798
0.92 -0.0909602 0.0656842 -0.273026
0.92 -0.037095 0.0419931 -0.205729
0.92 -0.00704916 0.0180851 -0.145003
0.92 0.00704916 0.0180851 -0.132592
0.92 0.037095 0.0419931 -0.118576
0.92 0.0909602 0.0656842 -0.0945631
0.92 0.168333 0.0889834 -0.0600723
0.92 0.268749 0.111748 -0.0146214
0.92 0.391605 0.133841 0.0341901
0.92 0.536162 0.155129 0.0737171
0.92 0.701551 0.175484 0.094139
0.92 0.886777 0.194783 0.0919953
0.92 1.09073 0.212911 0.0706628
0.92 1.31217 0.229759 0.0388664
0.92 1.54978 0.245225 0.00735307
0.92 1.80213 0.259216 -0.0152752
0.92 2.0677 0.271648 -0.0255458
0.92 2.34488 0.282447 -0.025296
0.92 2.63202 0.291546 -0.0192791
0.92 2.92739 0.298893 -0.0121083
0.92 3.22921 0.304441 -0.00645029
0.92 3.53566 0.308159 -0.00296315
0.92 3.84491 0.310024 -0.00118837
0.92 4.15509 0.310024 -0.000420791
0.92 4.46434 0.308159 -0.0001331
0.92 4.77079 0.304441 -0.0000380917
0.92 5.07261 0.298893 -0.0000100043
0.92 5.36798 0.291546 0
0.92 5.65512 0.282447 0
0.92 5.9323 0.271648 0
0.92 6.19787 0.259216 0
0.92 6.45022 0.245225 0
0.92 6.68783 0.229759 0
0.92 6.90927 0.212911 0
0.92 7.11322 0.194783 0
0.92 7.29845 0.175484 0
0.92 7.46384 0.155129 0
0.92 7.6084 0.133841 0
0.92 7.73125 0.111748 0
0.92 7.83167 0.0889834 0
0.92 7.90904 0.0656842 0
0.92 7.9629 0.0419931 0
0.92 7.99295 0.0180851 0
0.96 -7.99295 0.0180851 0
0.96 -7.9629 0.0419931 0
0.96 -7.90904 0.0656842 0
0.96 -7.83167 0.0889834 0
0.96 -7.73125 0.111748 0
0.96 -7.6084 0.133841 0
0.96 -7.46384 0.155129 0
0.96 -7.29845 0.175484 0
0.96 -7.11322 0.194783 0
0.96 -6.90927 0.212911 0
0.96 -6.68783 0.229759 0
0.96 -6.45022 0.245225 0
0.96 -6.19787 0.259216 0
0.96 -5.9323 0.271648 0
0.96 -5.65512 0.282447 0
0.96 -5.36798 0.291546 0
0.96 -5.07261 0.298893 0.0000121316
0.96 -4.77079 0.304441 0.000046838
0.96 -4.46434 0.308159 0.000166367
0.96 -4.15509 0.310024 0.000536338
0.96 -3.84491 0.310024 0.00155076
0.96 -3.53566 0.308159 0.00397989
0.96 -3.22921 0.304441 0.00898192
0.96 -2.92739 0.298893 0.0176645
0.96 -2.63202 0.291546 0.0299542
0.96 -2.34488 0.282447 0.0430945
0.96 -2.0677 0.271648 0.0509062
0.96 -1.80213 0.259216 0.0451063
0.96 -1.54978 0.245225 0.0187524
0.96 -1.31217 0.229759 -0.0299842
0.96 -1.09073 0.212911 -0.0962008
0.96 -0.886777 0.194783 -0.169902
0.96 -0.701551 0.175484 -0.239765
0.96 -0.536162 0.155129 -0.296755
0.96 -0.391605 0.133841 -0.335856
0.96 -0.268749 0.111748 -0.355583
0.96 -0.168333 0.0889834 -0.355732
0.96 -0.0909602 0.0656842 -0.333822
0.96 -0.037095 0.0419931 -0.281187
0.96 -0.00704916 0.0180851 -0.19622
0.96 0.00704916 0.0180851 -0.153897
0.96 0.037095 0.0419931 -0.138782
0.96 0.0909602 0.0656842 -0.113523
0.96 0.168333 0.0889834 -0.0780926
0.96 0.268749 0.111748 -0.0319013
0.96 0.391605 0.133841 0.018287
0.96 0.536162 0.155129 0.0601913
0.96 0.701551 0.175484 0.0837175
0.96 0.886777 0.194783 0.0848867
0.96 1.09073 0.212911 0.0665703
0.96 1.31217 0.229759 0.037128
0.96 1.54978 0.245225 0.00714672
0.96 1.80213 0.259216 -0.0147196
0.96 2.0677 0.271648 -0.0247938
0.96 2.34488 0.282447 -0.0246579
0.96 2.63202 0.291546 -0.0188533
0.96 2.92739 0.298893 -0.0118708
0.96 3.22921 0.304441 -0.00633664
0.96 3.53566 0.308159 -0.00291581
0.96 3.84491 0.310024 -0.00117101
0.96 4.15509 0.310024 -0.000415131
0.96 4.46434 0.308159 -0.00013144
0.96 4.77079 0.304441 -0.0000376488
0.96 5.07261 0.298893 0
0.96 5.36798 0.291546 0
0.96 5.65512 0.282447 0
0.96 5.9323 0.271648 0
0.96 6.19787 0.259216 0
0.96 6.45022 0.245225 0
0.96 6.68783 0.229759 0
0.96 6.90927 0.212911 0
0.96 7.11322 0.194783 0
0.96 7.29845 0.175484 0
0.96 7.46384 0.155129 0
0.96 7.6084 0.133841 0
0.96 7.73125 0.111748 0
0.96 7.83167 0.0889834 0
0.96 7.90904 0.0656842 0
0.96 7.9629 0.0419931 0
0.96 7.99295 0.0180851 0
