#x y at the midpoint of each cell all the solution components
-0.500000 0.767318 -0.000231 -0.542576 -0.172010 0.039025 
-0.437500 0.662879 0.000231 -0.468726 -0.172677 0.028892 
-0.437500 0.662879 0.000231 -0.468726 -0.172677 0.028892 
-0.375000 0.563078 0.000103 -0.398182 -0.172495 0.021774 
-0.375000 0.563078 0.000103 -0.398182 -0.172495 0.021774 
-0.312500 0.465774 0.000076 -0.329371 -0.172456 0.016021 
-0.312500 0.465774 0.000076 -0.329371 -0.172456 0.016021 
-0.250000 0.370518 0.000056 -0.262011 -0.172425 0.011529 
-0.250000 0.370518 0.000056 -0.262011 -0.172425 0.011529 
-0.187500 0.276735 0.000039 -0.195693 -0.172401 0.007944 
-0.187500 0.276735 0.000039 -0.195693 -0.172401 0.007944 
-0.125000 0.183967 0.000026 -0.130094 -0.172382 0.004984 
-0.125000 0.183967 0.000026 -0.130094 -0.172382 0.004984 
-0.062500 0.091834 0.000015 -0.064945 -0.172365 0.002417 
-0.062500 0.091834 0.000015 -0.064945 -0.172365 0.002417 
0.000000 0.000006 0.000005 -0.000012 -0.172351 0.000039 
0.000000 0.000006 0.000005 -0.000012 -0.172351 0.000039 
0.062500 -0.091821 -0.000005 0.064919 -0.172337 -0.002335 
0.062500 -0.091821 -0.000005 0.064919 -0.172337 -0.002335 
0.125000 -0.183953 -0.000015 0.130066 -0.172322 -0.004893 
0.125000 -0.183953 -0.000015 0.130066 -0.172322 -0.004893 
0.187500 -0.276719 -0.000026 0.195660 -0.172305 -0.007836 
0.187500 -0.276719 -0.000026 0.195660 -0.172305 -0.007836 
0.250000 -0.370497 -0.000039 0.261969 -0.172286 -0.011396 
0.250000 -0.370497 -0.000039 0.261969 -0.172286 -0.011396 
0.312500 -0.465748 -0.000056 0.329318 -0.172262 -0.015852 
0.312500 -0.465748 -0.000056 0.329318 -0.172262 -0.015852 
0.375000 -0.563045 -0.000076 0.398113 -0.172232 -0.021556 
0.375000 -0.563045 -0.000076 0.398113 -0.172232 -0.021556 
0.437500 -0.663123 -0.000103 0.468874 -0.172193 -0.028956 
0.437500 -0.663123 -0.000103 0.468874 -0.172193 -0.028956 
0.500000 -0.767318 -0.000231 0.542576 -0.172010 -0.039025 
