#cell coordinates and the corresponding deviation from the equilibrium 
-0.499512 0.034752 
-0.498535 0.034659 
-0.497559 0.034568 
-0.496582 0.034478 
-0.495605 0.034391 
-0.494629 0.034305 
-0.493652 0.034220 
-0.492676 0.034137 
-0.491699 0.034056 
-0.490723 0.033977 
-0.489746 0.033899 
-0.488770 0.033822 
-0.487793 0.033747 
-0.486816 0.033673 
-0.485840 0.033601 
-0.484863 0.033530 
-0.483887 0.033460 
-0.482910 0.033392 
-0.481934 0.033325 
-0.480957 0.033260 
-0.479980 0.033195 
-0.479004 0.033132 
-0.478027 0.033070 
-0.477051 0.033009 
-0.476074 0.032950 
-0.475098 0.032891 
-0.474121 0.032834 
-0.473145 0.032777 
-0.472168 0.032722 
-0.471191 0.032668 
-0.470215 0.032615 
-0.469238 0.032562 
-0.468262 0.032511 
-0.467285 0.032461 
-0.466309 0.032412 
-0.465332 0.032363 
-0.464355 0.032316 
-0.463379 0.032269 
-0.462402 0.032223 
-0.461426 0.032178 
-0.460449 0.032134 
-0.459473 0.032091 
-0.458496 0.032049 
-0.457520 0.032007 
-0.456543 0.031966 
-0.455566 0.031926 
-0.454590 0.031886 
-0.453613 0.031848 
-0.452637 0.031810 
-0.451660 0.031773 
-0.450684 0.031736 
-0.449707 0.031700 
-0.448730 0.031665 
-0.447754 0.031630 
-0.446777 0.031596 
-0.445801 0.031563 
-0.444824 0.031530 
-0.443848 0.031498 
-0.442871 0.031466 
-0.441895 0.031435 
-0.440918 0.031405 
-0.439941 0.031375 
-0.438965 0.031346 
-0.437988 0.031317 
-0.437012 0.031289 
-0.436035 0.031261 
-0.435059 0.031233 
-0.434082 0.031207 
-0.433105 0.031180 
-0.432129 0.031154 
-0.431152 0.031129 
-0.430176 0.031104 
-0.429199 0.031080 
-0.428223 0.031056 
-0.427246 0.031032 
-0.426270 0.031009 
-0.425293 0.030986 
-0.424316 0.030963 
-0.423340 0.030941 
-0.422363 0.030920 
-0.421387 0.030899 
-0.420410 0.030878 
-0.419434 0.030857 
-0.418457 0.030837 
-0.417480 0.030817 
-0.416504 0.030798 
-0.415527 0.030779 
-0.414551 0.030760 
-0.413574 0.030741 
-0.412598 0.030723 
-0.411621 0.030705 
-0.410645 0.030688 
-0.409668 0.030670 
-0.408691 0.030653 
-0.407715 0.030637 
-0.406738 0.030620 
-0.405762 0.030604 
-0.404785 0.030589 
-0.403809 0.030573 
-0.402832 0.030558 
-0.401855 0.030543 
-0.400879 0.030528 
-0.399902 0.030513 
-0.398926 0.030499 
-0.397949 0.030485 
-0.396973 0.030471 
-0.395996 0.030457 
-0.395020 0.030444 
-0.394043 0.030431 
-0.393066 0.030418 
-0.392090 0.030405 
-0.391113 0.030393 
-0.390137 0.030380 
-0.389160 0.030368 
-0.388184 0.030356 
-0.387207 0.030345 
-0.386230 0.030333 
-0.385254 0.030322 
-0.384277 0.030311 
-0.383301 0.030300 
-0.382324 0.030289 
-0.381348 0.030278 
-0.380371 0.030268 
-0.379395 0.030258 
-0.378418 0.030247 
-0.377441 0.030237 
-0.376465 0.030228 
-0.375488 0.030218 
-0.374512 0.030208 
-0.373535 0.030199 
-0.372559 0.030190 
-0.371582 0.030181 
-0.370605 0.030172 
-0.369629 0.030163 
-0.368652 0.030154 
-0.367676 0.030146 
-0.366699 0.030138 
-0.365723 0.030129 
-0.364746 0.030121 
-0.363770 0.030113 
-0.362793 0.030105 
-0.361816 0.030097 
-0.360840 0.030090 
-0.359863 0.030082 
-0.358887 0.030075 
-0.357910 0.030068 
-0.356934 0.030060 
-0.355957 0.030053 
-0.354980 0.030046 
-0.354004 0.030039 
-0.353027 0.030033 
-0.352051 0.030026 
-0.351074 0.030019 
-0.350098 0.030013 
-0.349121 0.030006 
-0.348145 0.030000 
-0.347168 0.029994 
-0.346191 0.029988 
-0.345215 0.029982 
-0.344238 0.029976 
-0.343262 0.029970 
-0.342285 0.029964 
-0.341309 0.029958 
-0.340332 0.029953 
-0.339355 0.029947 
-0.338379 0.029942 
-0.337402 0.029936 
-0.336426 0.029931 
-0.335449 0.029926 
-0.334473 0.029921 
-0.333496 0.029916 
-0.332520 0.029911 
-0.331543 0.029906 
-0.330566 0.029901 
-0.329590 0.029896 
-0.328613 0.029891 
-0.327637 0.029887 
-0.326660 0.029882 
-0.325684 0.029877 
-0.324707 0.029873 
-0.323730 0.029868 
-0.322754 0.029864 
-0.321777 0.029860 
-0.320801 0.029856 
-0.319824 0.029851 
-0.318848 0.029847 
-0.317871 0.029843 
-0.316895 0.029839 
-0.315918 0.029835 
-0.314941 0.029831 
-0.313965 0.029827 
-0.312988 0.029823 
-0.312012 0.029820 
-0.311035 0.029816 
-0.310059 0.029812 
-0.309082 0.029809 
-0.308105 0.029805 
-0.307129 0.029801 
-0.306152 0.029798 
-0.305176 0.029794 
-0.304199 0.029791 
-0.303223 0.029788 
-0.302246 0.029784 
-0.301270 0.029781 
-0.300293 0.029778 
-0.299316 0.029775 
-0.298340 0.029771 
-0.297363 0.029768 
-0.296387 0.029765 
-0.295410 0.029762 
-0.294434 0.029759 
-0.293457 0.029756 
-0.292480 0.029753 
-0.291504 0.029750 
-0.290527 0.029747 
-0.289551 0.029745 
-0.288574 0.029742 
-0.287598 0.029739 
-0.286621 0.029736 
-0.285645 0.029733 
-0.284668 0.029731 
-0.283691 0.029728 
-0.282715 0.029726 
-0.281738 0.029723 
-0.280762 0.029720 
-0.279785 0.029718 
-0.278809 0.029715 
-0.277832 0.029713 
-0.276855 0.029710 
-0.275879 0.029708 
-0.274902 0.029706 
-0.273926 0.029703 
-0.272949 0.029701 
-0.271973 0.029699 
-0.270996 0.029696 
-0.270020 0.029694 
-0.269043 0.029692 
-0.268066 0.029690 
-0.267090 0.029688 
-0.266113 0.029685 
-0.265137 0.029683 
-0.264160 0.029681 
-0.263184 0.029679 
-0.262207 0.029677 
-0.261230 0.029675 
-0.260254 0.029673 
-0.259277 0.029671 
-0.258301 0.029669 
-0.257324 0.029667 
-0.256348 0.029665 
-0.255371 0.029663 
-0.254395 0.029661 
-0.253418 0.029659 
-0.252441 0.029658 
-0.251465 0.029656 
-0.250488 0.029654 
-0.249512 0.029652 
-0.248535 0.029650 
-0.247559 0.029649 
-0.246582 0.029647 
-0.245605 0.029645 
-0.244629 0.029644 
-0.243652 0.029642 
-0.242676 0.029640 
-0.241699 0.029639 
-0.240723 0.029637 
-0.239746 0.029635 
-0.238770 0.029634 
-0.237793 0.029632 
-0.236816 0.029631 
-0.235840 0.029629 
-0.234863 0.029628 
-0.233887 0.029626 
-0.232910 0.029625 
-0.231934 0.029623 
-0.230957 0.029622 
-0.229980 0.029620 
-0.229004 0.029619 
-0.228027 0.029617 
-0.227051 0.029616 
-0.226074 0.029615 
-0.225098 0.029613 
-0.224121 0.029612 
-0.223145 0.029610 
-0.222168 0.029609 
-0.221191 0.029608 
-0.220215 0.029606 
-0.219238 0.029605 
-0.218262 0.029604 
-0.217285 0.029603 
-0.216309 0.029601 
-0.215332 0.029600 
-0.214355 0.029599 
-0.213379 0.029598 
-0.212402 0.029597 
-0.211426 0.029595 
-0.210449 0.029594 
-0.209473 0.029593 
-0.208496 0.029592 
-0.207520 0.029591 
-0.206543 0.029590 
-0.205566 0.029588 
-0.204590 0.029587 
-0.203613 0.029586 
-0.202637 0.029585 
-0.201660 0.029584 
-0.200684 0.029583 
-0.199707 0.029589 
-0.198730 0.029587 
-0.197754 0.029585 
-0.196777 0.029584 
-0.195801 0.029582 
-0.194824 0.029581 
-0.193848 0.029579 
-0.192871 0.029578 
-0.191895 0.029577 
-0.190918 0.029575 
-0.189941 0.029574 
-0.188965 0.029572 
-0.187988 0.029571 
-0.187012 0.029570 
-0.186035 0.029568 
-0.185059 0.029567 
-0.184082 0.029566 
-0.183105 0.029565 
-0.182129 0.029563 
-0.181152 0.029562 
-0.180176 0.029561 
-0.179199 0.029560 
-0.178223 0.029559 
-0.177246 0.029557 
-0.176270 0.029556 
-0.175293 0.029555 
-0.174316 0.029554 
-0.173340 0.029553 
-0.172363 0.029552 
-0.171387 0.029551 
-0.170410 0.029549 
-0.169434 0.029548 
-0.168457 0.029547 
-0.167480 0.029546 
-0.166504 0.029545 
-0.165527 0.029544 
-0.164551 0.029543 
-0.163574 0.029542 
-0.162598 0.029541 
-0.161621 0.029540 
-0.160645 0.029539 
-0.159668 0.029538 
-0.158691 0.029537 
-0.157715 0.029536 
-0.156738 0.029536 
-0.155762 0.029535 
-0.154785 0.029534 
-0.153809 0.029533 
-0.152832 0.029532 
-0.151855 0.029531 
-0.150879 0.029530 
-0.149902 0.029529 
-0.148926 0.029529 
-0.147949 0.029528 
-0.146973 0.029527 
-0.145996 0.029526 
-0.145020 0.029525 
-0.144043 0.029525 
-0.143066 0.029524 
-0.142090 0.029523 
-0.141113 0.029522 
-0.140137 0.029521 
-0.139160 0.029521 
-0.138184 0.029520 
-0.137207 0.029519 
-0.136230 0.029519 
-0.135254 0.029518 
-0.134277 0.029517 
-0.133301 0.029516 
-0.132324 0.029516 
-0.131348 0.029515 
-0.130371 0.029514 
-0.129395 0.029514 
-0.128418 0.029513 
-0.127441 0.029512 
-0.126465 0.029512 
-0.125488 0.029511 
-0.124512 0.029511 
-0.123535 0.029510 
-0.122559 0.029509 
-0.121582 0.029509 
-0.120605 0.029508 
-0.119629 0.029508 
-0.118652 0.029507 
-0.117676 0.029506 
-0.116699 0.029506 
-0.115723 0.029505 
-0.114746 0.029505 
-0.113770 0.029504 
-0.112793 0.029504 
-0.111816 0.029503 
-0.110840 0.029503 
-0.109863 0.029502 
-0.108887 0.029502 
-0.107910 0.029501 
-0.106934 0.029501 
-0.105957 0.029500 
-0.104980 0.029500 
-0.104004 0.029499 
-0.103027 0.029499 
-0.102051 0.029498 
-0.101074 0.029498 
-0.100098 0.029497 
-0.099121 0.029497 
-0.098145 0.029497 
-0.097168 0.029496 
-0.096191 0.029496 
-0.095215 0.029495 
-0.094238 0.029495 
-0.093262 0.029494 
-0.092285 0.029494 
-0.091309 0.029494 
-0.090332 0.029493 
-0.089355 0.029493 
-0.088379 0.029493 
-0.087402 0.029492 
-0.086426 0.029492 
-0.085449 0.029491 
-0.084473 0.029491 
-0.083496 0.029491 
-0.082520 0.029490 
-0.081543 0.029490 
-0.080566 0.029490 
-0.079590 0.029489 
-0.078613 0.029489 
-0.077637 0.029489 
-0.076660 0.029488 
-0.075684 0.029488 
-0.074707 0.029488 
-0.073730 0.029487 
-0.072754 0.029487 
-0.071777 0.029487 
-0.070801 0.029487 
-0.069824 0.029486 
-0.068848 0.029486 
-0.067871 0.029486 
-0.066895 0.029485 
-0.065918 0.029485 
-0.064941 0.029485 
-0.063965 0.029485 
-0.062988 0.029484 
-0.062012 0.029484 
-0.061035 0.029484 
-0.060059 0.029484 
-0.059082 0.029483 
-0.058105 0.029483 
-0.057129 0.029483 
-0.056152 0.029483 
-0.055176 0.029483 
-0.054199 0.029482 
-0.053223 0.029482 
-0.052246 0.029482 
-0.051270 0.029482 
-0.050293 0.029482 
-0.049316 0.029481 
-0.048340 0.029481 
-0.047363 0.029481 
-0.046387 0.029481 
-0.045410 0.029481 
-0.044434 0.029480 
-0.043457 0.029480 
-0.042480 0.029480 
-0.041504 0.029480 
-0.040527 0.029480 
-0.039551 0.029480 
-0.038574 0.029480 
-0.037598 0.029479 
-0.036621 0.029479 
-0.035645 0.029479 
-0.034668 0.029479 
-0.033691 0.029479 
-0.032715 0.029479 
-0.031738 0.029479 
-0.030762 0.029478 
-0.029785 0.029478 
-0.028809 0.029478 
-0.027832 0.029478 
-0.026855 0.029478 
-0.025879 0.029478 
-0.024902 0.029478 
-0.023926 0.029478 
-0.022949 0.029478 
-0.021973 0.029478 
-0.020996 0.029478 
-0.020020 0.029477 
-0.019043 0.029477 
-0.018066 0.029477 
-0.017090 0.029477 
-0.016113 0.029477 
-0.015137 0.029477 
-0.014160 0.029477 
-0.013184 0.029477 
-0.012207 0.029477 
-0.011230 0.029477 
-0.010254 0.029477 
-0.009277 0.029477 
-0.008301 0.029477 
-0.007324 0.029477 
-0.006348 0.029477 
-0.005371 0.029477 
-0.004395 0.029477 
-0.003418 0.029477 
-0.002441 0.029477 
-0.001465 0.029477 
-0.000488 0.029477 
0.000488 0.029477 
0.001465 0.029477 
0.002441 0.029477 
0.003418 0.029477 
0.004395 0.029477 
0.005371 0.029477 
0.006348 0.029477 
0.007324 0.029477 
0.008301 0.029477 
0.009277 0.029477 
0.010254 0.029477 
0.011230 0.029477 
0.012207 0.029477 
0.013184 0.029477 
0.014160 0.029477 
0.015137 0.029477 
0.016113 0.029477 
0.017090 0.029477 
0.018066 0.029477 
0.019043 0.029477 
0.020020 0.029477 
0.020996 0.029478 
0.021973 0.029478 
0.022949 0.029478 
0.023926 0.029478 
0.024902 0.029478 
0.025879 0.029478 
0.026855 0.029478 
0.027832 0.029478 
0.028809 0.029478 
0.029785 0.029478 
0.030762 0.029478 
0.031738 0.029479 
0.032715 0.029479 
0.033691 0.029479 
0.034668 0.029479 
0.035645 0.029479 
0.036621 0.029479 
0.037598 0.029479 
0.038574 0.029480 
0.039551 0.029480 
0.040527 0.029480 
0.041504 0.029480 
0.042480 0.029480 
0.043457 0.029480 
0.044434 0.029480 
0.045410 0.029481 
0.046387 0.029481 
0.047363 0.029481 
0.048340 0.029481 
0.049316 0.029481 
0.050293 0.029482 
0.051270 0.029482 
0.052246 0.029482 
0.053223 0.029482 
0.054199 0.029482 
0.055176 0.029483 
0.056152 0.029483 
0.057129 0.029483 
0.058105 0.029483 
0.059082 0.029483 
0.060059 0.029484 
0.061035 0.029484 
0.062012 0.029484 
0.062988 0.029484 
0.063965 0.029485 
0.064941 0.029485 
0.065918 0.029485 
0.066895 0.029485 
0.067871 0.029486 
0.068848 0.029486 
0.069824 0.029486 
0.070801 0.029487 
0.071777 0.029487 
0.072754 0.029487 
0.073730 0.029487 
0.074707 0.029488 
0.075684 0.029488 
0.076660 0.029488 
0.077637 0.029489 
0.078613 0.029489 
0.079590 0.029489 
0.080566 0.029490 
0.081543 0.029490 
0.082520 0.029490 
0.083496 0.029491 
0.084473 0.029491 
0.085449 0.029491 
0.086426 0.029492 
0.087402 0.029492 
0.088379 0.029493 
0.089355 0.029493 
0.090332 0.029493 
0.091309 0.029494 
0.092285 0.029494 
0.093262 0.029494 
0.094238 0.029495 
0.095215 0.029495 
0.096191 0.029496 
0.097168 0.029496 
0.098145 0.029497 
0.099121 0.029497 
0.100098 0.029497 
0.101074 0.029498 
0.102051 0.029498 
0.103027 0.029499 
0.104004 0.029499 
0.104980 0.029500 
0.105957 0.029500 
0.106934 0.029501 
0.107910 0.029501 
0.108887 0.029502 
0.109863 0.029502 
0.110840 0.029503 
0.111816 0.029503 
0.112793 0.029504 
0.113770 0.029504 
0.114746 0.029505 
0.115723 0.029505 
0.116699 0.029506 
0.117676 0.029506 
0.118652 0.029507 
0.119629 0.029508 
0.120605 0.029508 
0.121582 0.029509 
0.122559 0.029509 
0.123535 0.029510 
0.124512 0.029511 
0.125488 0.029511 
0.126465 0.029512 
0.127441 0.029512 
0.128418 0.029513 
0.129395 0.029514 
0.130371 0.029514 
0.131348 0.029515 
0.132324 0.029516 
0.133301 0.029516 
0.134277 0.029517 
0.135254 0.029518 
0.136230 0.029519 
0.137207 0.029519 
0.138184 0.029520 
0.139160 0.029521 
0.140137 0.029521 
0.141113 0.029522 
0.142090 0.029523 
0.143066 0.029524 
0.144043 0.029525 
0.145020 0.029525 
0.145996 0.029526 
0.146973 0.029527 
0.147949 0.029528 
0.148926 0.029529 
0.149902 0.029529 
0.150879 0.029530 
0.151855 0.029531 
0.152832 0.029532 
0.153809 0.029533 
0.154785 0.029534 
0.155762 0.029535 
0.156738 0.029536 
0.157715 0.029536 
0.158691 0.029537 
0.159668 0.029538 
0.160645 0.029539 
0.161621 0.029540 
0.162598 0.029541 
0.163574 0.029542 
0.164551 0.029543 
0.165527 0.029544 
0.166504 0.029545 
0.167480 0.029546 
0.168457 0.029547 
0.169434 0.029548 
0.170410 0.029549 
0.171387 0.029551 
0.172363 0.029552 
0.173340 0.029553 
0.174316 0.029554 
0.175293 0.029555 
0.176270 0.029556 
0.177246 0.029557 
0.178223 0.029559 
0.179199 0.029560 
0.180176 0.029561 
0.181152 0.029562 
0.182129 0.029563 
0.183105 0.029565 
0.184082 0.029566 
0.185059 0.029567 
0.186035 0.029568 
0.187012 0.029570 
0.187988 0.029571 
0.188965 0.029572 
0.189941 0.029574 
0.190918 0.029575 
0.191895 0.029577 
0.192871 0.029578 
0.193848 0.029579 
0.194824 0.029581 
0.195801 0.029582 
0.196777 0.029584 
0.197754 0.029585 
0.198730 0.029587 
0.199707 0.029589 
0.200684 0.029583 
0.201660 0.029584 
0.202637 0.029585 
0.203613 0.029586 
0.204590 0.029587 
0.205566 0.029588 
0.206543 0.029590 
0.207520 0.029591 
0.208496 0.029592 
0.209473 0.029593 
0.210449 0.029594 
0.211426 0.029595 
0.212402 0.029597 
0.213379 0.029598 
0.214355 0.029599 
0.215332 0.029600 
0.216309 0.029601 
0.217285 0.029603 
0.218262 0.029604 
0.219238 0.029605 
0.220215 0.029606 
0.221191 0.029608 
0.222168 0.029609 
0.223145 0.029610 
0.224121 0.029612 
0.225098 0.029613 
0.226074 0.029615 
0.227051 0.029616 
0.228027 0.029617 
0.229004 0.029619 
0.229980 0.029620 
0.230957 0.029622 
0.231934 0.029623 
0.232910 0.029625 
0.233887 0.029626 
0.234863 0.029628 
0.235840 0.029629 
0.236816 0.029631 
0.237793 0.029632 
0.238770 0.029634 
0.239746 0.029635 
0.240723 0.029637 
0.241699 0.029639 
0.242676 0.029640 
0.243652 0.029642 
0.244629 0.029644 
0.245605 0.029645 
0.246582 0.029647 
0.247559 0.029649 
0.248535 0.029650 
0.249512 0.029652 
0.250488 0.029654 
0.251465 0.029656 
0.252441 0.029658 
0.253418 0.029659 
0.254395 0.029661 
0.255371 0.029663 
0.256348 0.029665 
0.257324 0.029667 
0.258301 0.029669 
0.259277 0.029671 
0.260254 0.029673 
0.261230 0.029675 
0.262207 0.029677 
0.263184 0.029679 
0.264160 0.029681 
0.265137 0.029683 
0.266113 0.029685 
0.267090 0.029688 
0.268066 0.029690 
0.269043 0.029692 
0.270020 0.029694 
0.270996 0.029696 
0.271973 0.029699 
0.272949 0.029701 
0.273926 0.029703 
0.274902 0.029706 
0.275879 0.029708 
0.276855 0.029710 
0.277832 0.029713 
0.278809 0.029715 
0.279785 0.029718 
0.280762 0.029720 
0.281738 0.029723 
0.282715 0.029726 
0.283691 0.029728 
0.284668 0.029731 
0.285645 0.029733 
0.286621 0.029736 
0.287598 0.029739 
0.288574 0.029742 
0.289551 0.029745 
0.290527 0.029747 
0.291504 0.029750 
0.292480 0.029753 
0.293457 0.029756 
0.294434 0.029759 
0.295410 0.029762 
0.296387 0.029765 
0.297363 0.029768 
0.298340 0.029771 
0.299316 0.029775 
0.300293 0.029778 
0.301270 0.029781 
0.302246 0.029784 
0.303223 0.029788 
0.304199 0.029791 
0.305176 0.029794 
0.306152 0.029798 
0.307129 0.029801 
0.308105 0.029805 
0.309082 0.029809 
0.310059 0.029812 
0.311035 0.029816 
0.312012 0.029820 
0.312988 0.029823 
0.313965 0.029827 
0.314941 0.029831 
0.315918 0.029835 
0.316895 0.029839 
0.317871 0.029843 
0.318848 0.029847 
0.319824 0.029851 
0.320801 0.029856 
0.321777 0.029860 
0.322754 0.029864 
0.323730 0.029868 
0.324707 0.029873 
0.325684 0.029877 
0.326660 0.029882 
0.327637 0.029887 
0.328613 0.029891 
0.329590 0.029896 
0.330566 0.029901 
0.331543 0.029906 
0.332520 0.029911 
0.333496 0.029916 
0.334473 0.029921 
0.335449 0.029926 
0.336426 0.029931 
0.337402 0.029936 
0.338379 0.029942 
0.339355 0.029947 
0.340332 0.029953 
0.341309 0.029958 
0.342285 0.029964 
0.343262 0.029970 
0.344238 0.029976 
0.345215 0.029982 
0.346191 0.029988 
0.347168 0.029994 
0.348145 0.030000 
0.349121 0.030006 
0.350098 0.030013 
0.351074 0.030019 
0.352051 0.030026 
0.353027 0.030033 
0.354004 0.030039 
0.354980 0.030046 
0.355957 0.030053 
0.356934 0.030060 
0.357910 0.030068 
0.358887 0.030075 
0.359863 0.030082 
0.360840 0.030090 
0.361816 0.030097 
0.362793 0.030105 
0.363770 0.030113 
0.364746 0.030121 
0.365723 0.030129 
0.366699 0.030138 
0.367676 0.030146 
0.368652 0.030154 
0.369629 0.030163 
0.370605 0.030172 
0.371582 0.030181 
0.372559 0.030190 
0.373535 0.030199 
0.374512 0.030208 
0.375488 0.030218 
0.376465 0.030228 
0.377441 0.030237 
0.378418 0.030247 
0.379395 0.030258 
0.380371 0.030268 
0.381348 0.030278 
0.382324 0.030289 
0.383301 0.030300 
0.384277 0.030311 
0.385254 0.030322 
0.386230 0.030333 
0.387207 0.030345 
0.388184 0.030356 
0.389160 0.030368 
0.390137 0.030380 
0.391113 0.030393 
0.392090 0.030405 
0.393066 0.030418 
0.394043 0.030431 
0.395020 0.030444 
0.395996 0.030457 
0.396973 0.030471 
0.397949 0.030485 
0.398926 0.030499 
0.399902 0.030513 
0.400879 0.030528 
0.401855 0.030543 
0.402832 0.030558 
0.403809 0.030573 
0.404785 0.030589 
0.405762 0.030604 
0.406738 0.030620 
0.407715 0.030637 
0.408691 0.030653 
0.409668 0.030670 
0.410645 0.030688 
0.411621 0.030705 
0.412598 0.030723 
0.413574 0.030741 
0.414551 0.030760 
0.415527 0.030779 
0.416504 0.030798 
0.417480 0.030817 
0.418457 0.030837 
0.419434 0.030857 
0.420410 0.030878 
0.421387 0.030899 
0.422363 0.030920 
0.423340 0.030941 
0.424316 0.030963 
0.425293 0.030986 
0.426270 0.031009 
0.427246 0.031032 
0.428223 0.031056 
0.429199 0.031080 
0.430176 0.031104 
0.431152 0.031129 
0.432129 0.031154 
0.433105 0.031180 
0.434082 0.031207 
0.435059 0.031233 
0.436035 0.031261 
0.437012 0.031289 
0.437988 0.031317 
0.438965 0.031346 
0.439941 0.031375 
0.440918 0.031405 
0.441895 0.031435 
0.442871 0.031466 
0.443848 0.031498 
0.444824 0.031530 
0.445801 0.031563 
0.446777 0.031596 
0.447754 0.031630 
0.448730 0.031665 
0.449707 0.031700 
0.450684 0.031736 
0.451660 0.031773 
0.452637 0.031810 
0.453613 0.031848 
0.454590 0.031886 
0.455566 0.031926 
0.456543 0.031966 
0.457520 0.032007 
0.458496 0.032049 
0.459473 0.032091 
0.460449 0.032134 
0.461426 0.032178 
0.462402 0.032223 
0.463379 0.032269 
0.464355 0.032316 
0.465332 0.032363 
0.466309 0.032412 
0.467285 0.032461 
0.468262 0.032511 
0.469238 0.032562 
0.470215 0.032615 
0.471191 0.032668 
0.472168 0.032722 
0.473145 0.032777 
0.474121 0.032834 
0.475098 0.032891 
0.476074 0.032950 
0.477051 0.033009 
0.478027 0.033070 
0.479004 0.033132 
0.479980 0.033195 
0.480957 0.033260 
0.481934 0.033325 
0.482910 0.033392 
0.483887 0.033460 
0.484863 0.033530 
0.485840 0.033601 
0.486816 0.033673 
0.487793 0.033747 
0.488770 0.033822 
0.489746 0.033899 
0.490723 0.033977 
0.491699 0.034056 
0.492676 0.034137 
0.493652 0.034220 
0.494629 0.034305 
0.495605 0.034391 
0.496582 0.034478 
0.497559 0.034568 
0.498535 0.034659 
0.499512 0.034752 
