#cell coordinates and the corresponding deviation from the equilibrium 
-0.499512 0.034802 
-0.498535 0.034708 
-0.497559 0.034617 
-0.496582 0.034527 
-0.495605 0.034439 
-0.494629 0.034352 
-0.493652 0.034267 
-0.492676 0.034184 
-0.491699 0.034103 
-0.490723 0.034023 
-0.489746 0.033944 
-0.488770 0.033867 
-0.487793 0.033792 
-0.486816 0.033718 
-0.485840 0.033645 
-0.484863 0.033574 
-0.483887 0.033504 
-0.482910 0.033435 
-0.481934 0.033368 
-0.480957 0.033302 
-0.479980 0.033237 
-0.479004 0.033174 
-0.478027 0.033112 
-0.477051 0.033051 
-0.476074 0.032991 
-0.475098 0.032932 
-0.474121 0.032874 
-0.473145 0.032818 
-0.472168 0.032762 
-0.471191 0.032708 
-0.470215 0.032654 
-0.469238 0.032602 
-0.468262 0.032551 
-0.467285 0.032500 
-0.466309 0.032451 
-0.465332 0.032402 
-0.464355 0.032354 
-0.463379 0.032307 
-0.462402 0.032262 
-0.461426 0.032217 
-0.460449 0.032172 
-0.459473 0.032129 
-0.458496 0.032086 
-0.457520 0.032045 
-0.456543 0.032004 
-0.455566 0.031963 
-0.454590 0.031924 
-0.453613 0.031885 
-0.452637 0.031847 
-0.451660 0.031810 
-0.450684 0.031773 
-0.449707 0.031737 
-0.448730 0.031702 
-0.447754 0.031667 
-0.446777 0.031633 
-0.445801 0.031600 
-0.444824 0.031567 
-0.443848 0.031535 
-0.442871 0.031503 
-0.441895 0.031472 
-0.440918 0.031442 
-0.439941 0.031412 
-0.438965 0.031382 
-0.437988 0.031353 
-0.437012 0.031325 
-0.436035 0.031297 
-0.435059 0.031270 
-0.434082 0.031243 
-0.433105 0.031217 
-0.432129 0.031191 
-0.431152 0.031166 
-0.430176 0.031141 
-0.429199 0.031116 
-0.428223 0.031092 
-0.427246 0.031069 
-0.426270 0.031046 
-0.425293 0.031023 
-0.424316 0.031001 
-0.423340 0.030979 
-0.422363 0.030957 
-0.421387 0.030936 
-0.420410 0.030915 
-0.419434 0.030895 
-0.418457 0.030875 
-0.417480 0.030855 
-0.416504 0.030835 
-0.415527 0.030816 
-0.414551 0.030798 
-0.413574 0.030779 
-0.412598 0.030761 
-0.411621 0.030744 
-0.410645 0.030726 
-0.409668 0.030709 
-0.408691 0.030692 
-0.407715 0.030676 
-0.406738 0.030660 
-0.405762 0.030644 
-0.404785 0.030628 
-0.403809 0.030613 
-0.402832 0.030598 
-0.401855 0.030583 
-0.400879 0.030568 
-0.399902 0.030554 
-0.398926 0.030540 
-0.397949 0.030526 
-0.396973 0.030512 
-0.395996 0.030499 
-0.395020 0.030486 
-0.394043 0.030473 
-0.393066 0.030460 
-0.392090 0.030448 
-0.391113 0.030435 
-0.390137 0.030423 
-0.389160 0.030411 
-0.388184 0.030400 
-0.387207 0.030388 
-0.386230 0.030377 
-0.385254 0.030366 
-0.384277 0.030355 
-0.383301 0.030345 
-0.382324 0.030334 
-0.381348 0.030324 
-0.380371 0.030314 
-0.379395 0.030304 
-0.378418 0.030294 
-0.377441 0.030284 
-0.376465 0.030275 
-0.375488 0.030266 
-0.374512 0.030246 
-0.373535 0.030238 
-0.372559 0.030229 
-0.371582 0.030220 
-0.370605 0.030212 
-0.369629 0.030203 
-0.368652 0.030195 
-0.367676 0.030187 
-0.366699 0.030179 
-0.365723 0.030171 
-0.364746 0.030163 
-0.363770 0.030155 
-0.362793 0.030147 
-0.361816 0.030140 
-0.360840 0.030132 
-0.359863 0.030125 
-0.358887 0.030117 
-0.357910 0.030110 
-0.356934 0.030103 
-0.355957 0.030096 
-0.354980 0.030089 
-0.354004 0.030082 
-0.353027 0.030075 
-0.352051 0.030068 
-0.351074 0.030061 
-0.350098 0.030055 
-0.349121 0.030048 
-0.348145 0.030042 
-0.347168 0.030035 
-0.346191 0.030029 
-0.345215 0.030023 
-0.344238 0.030017 
-0.343262 0.030011 
-0.342285 0.030005 
-0.341309 0.029999 
-0.340332 0.029993 
-0.339355 0.029987 
-0.338379 0.029981 
-0.337402 0.029976 
-0.336426 0.029970 
-0.335449 0.029965 
-0.334473 0.029959 
-0.333496 0.029954 
-0.332520 0.029949 
-0.331543 0.029943 
-0.330566 0.029938 
-0.329590 0.029933 
-0.328613 0.029928 
-0.327637 0.029923 
-0.326660 0.029918 
-0.325684 0.029913 
-0.324707 0.029908 
-0.323730 0.029903 
-0.322754 0.029899 
-0.321777 0.029894 
-0.320801 0.029889 
-0.319824 0.029885 
-0.318848 0.029880 
-0.317871 0.029876 
-0.316895 0.029872 
-0.315918 0.029867 
-0.314941 0.029863 
-0.313965 0.029859 
-0.312988 0.029855 
-0.312012 0.029850 
-0.311035 0.029846 
-0.310059 0.029842 
-0.309082 0.029838 
-0.308105 0.029834 
-0.307129 0.029830 
-0.306152 0.029827 
-0.305176 0.029823 
-0.304199 0.029819 
-0.303223 0.029815 
-0.302246 0.029812 
-0.301270 0.029808 
-0.300293 0.029804 
-0.299316 0.029801 
-0.298340 0.029797 
-0.297363 0.029794 
-0.296387 0.029790 
-0.295410 0.029787 
-0.294434 0.029784 
-0.293457 0.029780 
-0.292480 0.029777 
-0.291504 0.029774 
-0.290527 0.029771 
-0.289551 0.029768 
-0.288574 0.029765 
-0.287598 0.029761 
-0.286621 0.029758 
-0.285645 0.029755 
-0.284668 0.029752 
-0.283691 0.029749 
-0.282715 0.029747 
-0.281738 0.029744 
-0.280762 0.029741 
-0.279785 0.029738 
-0.278809 0.029735 
-0.277832 0.029733 
-0.276855 0.029730 
-0.275879 0.029727 
-0.274902 0.029725 
-0.273926 0.029722 
-0.272949 0.029719 
-0.271973 0.029717 
-0.270996 0.029714 
-0.270020 0.029712 
-0.269043 0.029709 
-0.268066 0.029707 
-0.267090 0.029704 
-0.266113 0.029702 
-0.265137 0.029700 
-0.264160 0.029697 
-0.263184 0.029695 
-0.262207 0.029693 
-0.261230 0.029691 
-0.260254 0.029688 
-0.259277 0.029686 
-0.258301 0.029684 
-0.257324 0.029682 
-0.256348 0.029680 
-0.255371 0.029678 
-0.254395 0.029676 
-0.253418 0.029674 
-0.252441 0.029672 
-0.251465 0.029670 
-0.250488 0.029668 
-0.249512 0.029675 
-0.248535 0.029672 
-0.247559 0.029670 
-0.246582 0.029668 
-0.245605 0.029666 
-0.244629 0.029664 
-0.243652 0.029662 
-0.242676 0.029660 
-0.241699 0.029658 
-0.240723 0.029656 
-0.239746 0.029654 
-0.238770 0.029652 
-0.237793 0.029650 
-0.236816 0.029648 
-0.235840 0.029646 
-0.234863 0.029644 
-0.233887 0.029642 
-0.232910 0.029640 
-0.231934 0.029639 
-0.230957 0.029637 
-0.229980 0.029635 
-0.229004 0.029633 
-0.228027 0.029631 
-0.227051 0.029630 
-0.226074 0.029628 
-0.225098 0.029626 
-0.224121 0.029624 
-0.223145 0.029623 
-0.222168 0.029621 
-0.221191 0.029619 
-0.220215 0.029618 
-0.219238 0.029616 
-0.218262 0.029615 
-0.217285 0.029613 
-0.216309 0.029611 
-0.215332 0.029610 
-0.214355 0.029608 
-0.213379 0.029607 
-0.212402 0.029605 
-0.211426 0.029604 
-0.210449 0.029602 
-0.209473 0.029601 
-0.208496 0.029599 
-0.207520 0.029598 
-0.206543 0.029596 
-0.205566 0.029595 
-0.204590 0.029593 
-0.203613 0.029592 
-0.202637 0.029590 
-0.201660 0.029589 
-0.200684 0.029588 
-0.199707 0.029586 
-0.198730 0.029585 
-0.197754 0.029584 
-0.196777 0.029582 
-0.195801 0.029581 
-0.194824 0.029580 
-0.193848 0.029578 
-0.192871 0.029577 
-0.191895 0.029576 
-0.190918 0.029575 
-0.189941 0.029573 
-0.188965 0.029572 
-0.187988 0.029571 
-0.187012 0.029570 
-0.186035 0.029569 
-0.185059 0.029567 
-0.184082 0.029566 
-0.183105 0.029565 
-0.182129 0.029564 
-0.181152 0.029563 
-0.180176 0.029562 
-0.179199 0.029560 
-0.178223 0.029559 
-0.177246 0.029558 
-0.176270 0.029557 
-0.175293 0.029556 
-0.174316 0.029555 
-0.173340 0.029554 
-0.172363 0.029553 
-0.171387 0.029552 
-0.170410 0.029551 
-0.169434 0.029550 
-0.168457 0.029549 
-0.167480 0.029548 
-0.166504 0.029547 
-0.165527 0.029546 
-0.164551 0.029545 
-0.163574 0.029544 
-0.162598 0.029543 
-0.161621 0.029542 
-0.160645 0.029541 
-0.159668 0.029540 
-0.158691 0.029539 
-0.157715 0.029538 
-0.156738 0.029537 
-0.155762 0.029537 
-0.154785 0.029536 
-0.153809 0.029535 
-0.152832 0.029534 
-0.151855 0.029533 
-0.150879 0.029532 
-0.149902 0.029531 
-0.148926 0.029531 
-0.147949 0.029530 
-0.146973 0.029529 
-0.145996 0.029528 
-0.145020 0.029527 
-0.144043 0.029527 
-0.143066 0.029526 
-0.142090 0.029525 
-0.141113 0.029524 
-0.140137 0.029523 
-0.139160 0.029523 
-0.138184 0.029522 
-0.137207 0.029521 
-0.136230 0.029521 
-0.135254 0.029520 
-0.134277 0.029519 
-0.133301 0.029518 
-0.132324 0.029518 
-0.131348 0.029517 
-0.130371 0.029516 
-0.129395 0.029516 
-0.128418 0.029515 
-0.127441 0.029514 
-0.126465 0.029514 
-0.125488 0.029513 
-0.124512 0.029512 
-0.123535 0.029512 
-0.122559 0.029511 
-0.121582 0.029511 
-0.120605 0.029510 
-0.119629 0.029509 
-0.118652 0.029509 
-0.117676 0.029508 
-0.116699 0.029508 
-0.115723 0.029507 
-0.114746 0.029506 
-0.113770 0.029506 
-0.112793 0.029505 
-0.111816 0.029505 
-0.110840 0.029504 
-0.109863 0.029504 
-0.108887 0.029503 
-0.107910 0.029503 
-0.106934 0.029502 
-0.105957 0.029501 
-0.104980 0.029501 
-0.104004 0.029500 
-0.103027 0.029500 
-0.102051 0.029499 
-0.101074 0.029499 
-0.100098 0.029499 
-0.099121 0.029498 
-0.098145 0.029498 
-0.097168 0.029497 
-0.096191 0.029497 
-0.095215 0.029496 
-0.094238 0.029496 
-0.093262 0.029495 
-0.092285 0.029495 
-0.091309 0.029494 
-0.090332 0.029494 
-0.089355 0.029494 
-0.088379 0.029493 
-0.087402 0.029493 
-0.086426 0.029492 
-0.085449 0.029492 
-0.084473 0.029492 
-0.083496 0.029491 
-0.082520 0.029491 
-0.081543 0.029490 
-0.080566 0.029490 
-0.079590 0.029490 
-0.078613 0.029489 
-0.077637 0.029489 
-0.076660 0.029489 
-0.075684 0.029488 
-0.074707 0.029488 
-0.073730 0.029488 
-0.072754 0.029487 
-0.071777 0.029487 
-0.070801 0.029487 
-0.069824 0.029486 
-0.068848 0.029486 
-0.067871 0.029486 
-0.066895 0.029485 
-0.065918 0.029485 
-0.064941 0.029485 
-0.063965 0.029485 
-0.062988 0.029484 
-0.062012 0.029484 
-0.061035 0.029484 
-0.060059 0.029483 
-0.059082 0.029483 
-0.058105 0.029483 
-0.057129 0.029483 
-0.056152 0.029482 
-0.055176 0.029482 
-0.054199 0.029482 
-0.053223 0.029482 
-0.052246 0.029482 
-0.051270 0.029481 
-0.050293 0.029481 
-0.049316 0.029481 
-0.048340 0.029481 
-0.047363 0.029480 
-0.046387 0.029480 
-0.045410 0.029480 
-0.044434 0.029480 
-0.043457 0.029480 
-0.042480 0.029479 
-0.041504 0.029479 
-0.040527 0.029479 
-0.039551 0.029479 
-0.038574 0.029479 
-0.037598 0.029479 
-0.036621 0.029478 
-0.035645 0.029478 
-0.034668 0.029478 
-0.033691 0.029478 
-0.032715 0.029478 
-0.031738 0.029478 
-0.030762 0.029478 
-0.029785 0.029477 
-0.028809 0.029477 
-0.027832 0.029477 
-0.026855 0.029477 
-0.025879 0.029477 
-0.024902 0.029477 
-0.023926 0.029477 
-0.022949 0.029477 
-0.021973 0.029477 
-0.020996 0.029477 
-0.020020 0.029476 
-0.019043 0.029476 
-0.018066 0.029476 
-0.017090 0.029476 
-0.016113 0.029476 
-0.015137 0.029476 
-0.014160 0.029476 
-0.013184 0.029476 
-0.012207 0.029476 
-0.011230 0.029476 
-0.010254 0.029476 
-0.009277 0.029476 
-0.008301 0.029476 
-0.007324 0.029476 
-0.006348 0.029476 
-0.005371 0.029476 
-0.004395 0.029476 
-0.003418 0.029476 
-0.002441 0.029476 
-0.001465 0.029476 
-0.000488 0.029476 
0.000488 0.029476 
0.001465 0.029476 
0.002441 0.029476 
0.003418 0.029476 
0.004395 0.029476 
0.005371 0.029476 
0.006348 0.029476 
0.007324 0.029476 
0.008301 0.029476 
0.009277 0.029476 
0.010254 0.029476 
0.011230 0.029476 
0.012207 0.029476 
0.013184 0.029476 
0.014160 0.029476 
0.015137 0.029476 
0.016113 0.029476 
0.017090 0.029476 
0.018066 0.029476 
0.019043 0.029476 
0.020020 0.029476 
0.020996 0.029477 
0.021973 0.029477 
0.022949 0.029477 
0.023926 0.029477 
0.024902 0.029477 
0.025879 0.029477 
0.026855 0.029477 
0.027832 0.029477 
0.028809 0.029477 
0.029785 0.029477 
0.030762 0.029478 
0.031738 0.029478 
0.032715 0.029478 
0.033691 0.029478 
0.034668 0.029478 
0.035645 0.029478 
0.036621 0.029478 
0.037598 0.029479 
0.038574 0.029479 
0.039551 0.029479 
0.040527 0.029479 
0.041504 0.029479 
0.042480 0.029479 
0.043457 0.029480 
0.044434 0.029480 
0.045410 0.029480 
0.046387 0.029480 
0.047363 0.029480 
0.048340 0.029481 
0.049316 0.029481 
0.050293 0.029481 
0.051270 0.029481 
0.052246 0.029482 
0.053223 0.029482 
0.054199 0.029482 
0.055176 0.029482 
0.056152 0.029482 
0.057129 0.029483 
0.058105 0.029483 
0.059082 0.029483 
0.060059 0.029483 
0.061035 0.029484 
0.062012 0.029484 
0.062988 0.029484 
0.063965 0.029485 
0.064941 0.029485 
0.065918 0.029485 
0.066895 0.029485 
0.067871 0.029486 
0.068848 0.029486 
0.069824 0.029486 
0.070801 0.029487 
0.071777 0.029487 
0.072754 0.029487 
0.073730 0.029488 
0.074707 0.029488 
0.075684 0.029488 
0.076660 0.029489 
0.077637 0.029489 
0.078613 0.029489 
0.079590 0.029490 
0.080566 0.029490 
0.081543 0.029490 
0.082520 0.029491 
0.083496 0.029491 
0.084473 0.029492 
0.085449 0.029492 
0.086426 0.029492 
0.087402 0.029493 
0.088379 0.029493 
0.089355 0.029494 
0.090332 0.029494 
0.091309 0.029494 
0.092285 0.029495 
0.093262 0.029495 
0.094238 0.029496 
0.095215 0.029496 
0.096191 0.029497 
0.097168 0.029497 
0.098145 0.029498 
0.099121 0.029498 
0.100098 0.029499 
0.101074 0.029499 
0.102051 0.029499 
0.103027 0.029500 
0.104004 0.029500 
0.104980 0.029501 
0.105957 0.029501 
0.106934 0.029502 
0.107910 0.029503 
0.108887 0.029503 
0.109863 0.029504 
0.110840 0.029504 
0.111816 0.029505 
0.112793 0.029505 
0.113770 0.029506 
0.114746 0.029506 
0.115723 0.029507 
0.116699 0.029508 
0.117676 0.029508 
0.118652 0.029509 
0.119629 0.029509 
0.120605 0.029510 
0.121582 0.029511 
0.122559 0.029511 
0.123535 0.029512 
0.124512 0.029512 
0.125488 0.029513 
0.126465 0.029514 
0.127441 0.029514 
0.128418 0.029515 
0.129395 0.029516 
0.130371 0.029516 
0.131348 0.029517 
0.132324 0.029518 
0.133301 0.029518 
0.134277 0.029519 
0.135254 0.029520 
0.136230 0.029521 
0.137207 0.029521 
0.138184 0.029522 
0.139160 0.029523 
0.140137 0.029523 
0.141113 0.029524 
0.142090 0.029525 
0.143066 0.029526 
0.144043 0.029527 
0.145020 0.029527 
0.145996 0.029528 
0.146973 0.029529 
0.147949 0.029530 
0.148926 0.029531 
0.149902 0.029531 
0.150879 0.029532 
0.151855 0.029533 
0.152832 0.029534 
0.153809 0.029535 
0.154785 0.029536 
0.155762 0.029537 
0.156738 0.029537 
0.157715 0.029538 
0.158691 0.029539 
0.159668 0.029540 
0.160645 0.029541 
0.161621 0.029542 
0.162598 0.029543 
0.163574 0.029544 
0.164551 0.029545 
0.165527 0.029546 
0.166504 0.029547 
0.167480 0.029548 
0.168457 0.029549 
0.169434 0.029550 
0.170410 0.029551 
0.171387 0.029552 
0.172363 0.029553 
0.173340 0.029554 
0.174316 0.029555 
0.175293 0.029556 
0.176270 0.029557 
0.177246 0.029558 
0.178223 0.029559 
0.179199 0.029560 
0.180176 0.029562 
0.181152 0.029563 
0.182129 0.029564 
0.183105 0.029565 
0.184082 0.029566 
0.185059 0.029567 
0.186035 0.029569 
0.187012 0.029570 
0.187988 0.029571 
0.188965 0.029572 
0.189941 0.029573 
0.190918 0.029575 
0.191895 0.029576 
0.192871 0.029577 
0.193848 0.029578 
0.194824 0.029580 
0.195801 0.029581 
0.196777 0.029582 
0.197754 0.029584 
0.198730 0.029585 
0.199707 0.029586 
0.200684 0.029588 
0.201660 0.029589 
0.202637 0.029590 
0.203613 0.029592 
0.204590 0.029593 
0.205566 0.029595 
0.206543 0.029596 
0.207520 0.029598 
0.208496 0.029599 
0.209473 0.029601 
0.210449 0.029602 
0.211426 0.029604 
0.212402 0.029605 
0.213379 0.029607 
0.214355 0.029608 
0.215332 0.029610 
0.216309 0.029611 
0.217285 0.029613 
0.218262 0.029615 
0.219238 0.029616 
0.220215 0.029618 
0.221191 0.029619 
0.222168 0.029621 
0.223145 0.029623 
0.224121 0.029624 
0.225098 0.029626 
0.226074 0.029628 
0.227051 0.029630 
0.228027 0.029631 
0.229004 0.029633 
0.229980 0.029635 
0.230957 0.029637 
0.231934 0.029639 
0.232910 0.029640 
0.233887 0.029642 
0.234863 0.029644 
0.235840 0.029646 
0.236816 0.029648 
0.237793 0.029650 
0.238770 0.029652 
0.239746 0.029654 
0.240723 0.029656 
0.241699 0.029658 
0.242676 0.029660 
0.243652 0.029662 
0.244629 0.029664 
0.245605 0.029666 
0.246582 0.029668 
0.247559 0.029670 
0.248535 0.029672 
0.249512 0.029675 
0.250488 0.029668 
0.251465 0.029670 
0.252441 0.029672 
0.253418 0.029674 
0.254395 0.029676 
0.255371 0.029678 
0.256348 0.029680 
0.257324 0.029682 
0.258301 0.029684 
0.259277 0.029686 
0.260254 0.029688 
0.261230 0.029691 
0.262207 0.029693 
0.263184 0.029695 
0.264160 0.029697 
0.265137 0.029700 
0.266113 0.029702 
0.267090 0.029704 
0.268066 0.029707 
0.269043 0.029709 
0.270020 0.029712 
0.270996 0.029714 
0.271973 0.029717 
0.272949 0.029719 
0.273926 0.029722 
0.274902 0.029725 
0.275879 0.029727 
0.276855 0.029730 
0.277832 0.029733 
0.278809 0.029735 
0.279785 0.029738 
0.280762 0.029741 
0.281738 0.029744 
0.282715 0.029747 
0.283691 0.029749 
0.284668 0.029752 
0.285645 0.029755 
0.286621 0.029758 
0.287598 0.029761 
0.288574 0.029765 
0.289551 0.029768 
0.290527 0.029771 
0.291504 0.029774 
0.292480 0.029777 
0.293457 0.029780 
0.294434 0.029784 
0.295410 0.029787 
0.296387 0.029790 
0.297363 0.029794 
0.298340 0.029797 
0.299316 0.029801 
0.300293 0.029804 
0.301270 0.029808 
0.302246 0.029812 
0.303223 0.029815 
0.304199 0.029819 
0.305176 0.029823 
0.306152 0.029827 
0.307129 0.029830 
0.308105 0.029834 
0.309082 0.029838 
0.310059 0.029842 
0.311035 0.029846 
0.312012 0.029850 
0.312988 0.029855 
0.313965 0.029859 
0.314941 0.029863 
0.315918 0.029867 
0.316895 0.029872 
0.317871 0.029876 
0.318848 0.029880 
0.319824 0.029885 
0.320801 0.029889 
0.321777 0.029894 
0.322754 0.029899 
0.323730 0.029903 
0.324707 0.029908 
0.325684 0.029913 
0.326660 0.029918 
0.327637 0.029923 
0.328613 0.029928 
0.329590 0.029933 
0.330566 0.029938 
0.331543 0.029943 
0.332520 0.029949 
0.333496 0.029954 
0.334473 0.029959 
0.335449 0.029965 
0.336426 0.029970 
0.337402 0.029976 
0.338379 0.029981 
0.339355 0.029987 
0.340332 0.029993 
0.341309 0.029999 
0.342285 0.030005 
0.343262 0.030011 
0.344238 0.030017 
0.345215 0.030023 
0.346191 0.030029 
0.347168 0.030035 
0.348145 0.030042 
0.349121 0.030048 
0.350098 0.030055 
0.351074 0.030061 
0.352051 0.030068 
0.353027 0.030075 
0.354004 0.030082 
0.354980 0.030089 
0.355957 0.030096 
0.356934 0.030103 
0.357910 0.030110 
0.358887 0.030117 
0.359863 0.030125 
0.360840 0.030132 
0.361816 0.030140 
0.362793 0.030147 
0.363770 0.030155 
0.364746 0.030163 
0.365723 0.030171 
0.366699 0.030179 
0.367676 0.030187 
0.368652 0.030195 
0.369629 0.030203 
0.370605 0.030212 
0.371582 0.030220 
0.372559 0.030229 
0.373535 0.030238 
0.374512 0.030246 
0.375488 0.030266 
0.376465 0.030275 
0.377441 0.030284 
0.378418 0.030294 
0.379395 0.030304 
0.380371 0.030314 
0.381348 0.030324 
0.382324 0.030334 
0.383301 0.030345 
0.384277 0.030355 
0.385254 0.030366 
0.386230 0.030377 
0.387207 0.030388 
0.388184 0.030400 
0.389160 0.030411 
0.390137 0.030423 
0.391113 0.030435 
0.392090 0.030448 
0.393066 0.030460 
0.394043 0.030473 
0.395020 0.030486 
0.395996 0.030499 
0.396973 0.030512 
0.397949 0.030526 
0.398926 0.030540 
0.399902 0.030554 
0.400879 0.030568 
0.401855 0.030583 
0.402832 0.030598 
0.403809 0.030613 
0.404785 0.030628 
0.405762 0.030644 
0.406738 0.030660 
0.407715 0.030676 
0.408691 0.030692 
0.409668 0.030709 
0.410645 0.030726 
0.411621 0.030744 
0.412598 0.030761 
0.413574 0.030779 
0.414551 0.030798 
0.415527 0.030816 
0.416504 0.030835 
0.417480 0.030855 
0.418457 0.030875 
0.419434 0.030895 
0.420410 0.030915 
0.421387 0.030936 
0.422363 0.030957 
0.423340 0.030979 
0.424316 0.031001 
0.425293 0.031023 
0.426270 0.031046 
0.427246 0.031069 
0.428223 0.031092 
0.429199 0.031116 
0.430176 0.031141 
0.431152 0.031166 
0.432129 0.031191 
0.433105 0.031217 
0.434082 0.031243 
0.435059 0.031270 
0.436035 0.031297 
0.437012 0.031325 
0.437988 0.031353 
0.438965 0.031382 
0.439941 0.031412 
0.440918 0.031442 
0.441895 0.031472 
0.442871 0.031503 
0.443848 0.031535 
0.444824 0.031567 
0.445801 0.031600 
0.446777 0.031633 
0.447754 0.031667 
0.448730 0.031702 
0.449707 0.031737 
0.450684 0.031773 
0.451660 0.031810 
0.452637 0.031847 
0.453613 0.031885 
0.454590 0.031924 
0.455566 0.031963 
0.456543 0.032004 
0.457520 0.032045 
0.458496 0.032086 
0.459473 0.032129 
0.460449 0.032172 
0.461426 0.032217 
0.462402 0.032262 
0.463379 0.032307 
0.464355 0.032354 
0.465332 0.032402 
0.466309 0.032451 
0.467285 0.032500 
0.468262 0.032551 
0.469238 0.032602 
0.470215 0.032654 
0.471191 0.032708 
0.472168 0.032762 
0.473145 0.032818 
0.474121 0.032874 
0.475098 0.032932 
0.476074 0.032991 
0.477051 0.033051 
0.478027 0.033112 
0.479004 0.033174 
0.479980 0.033237 
0.480957 0.033302 
0.481934 0.033368 
0.482910 0.033435 
0.483887 0.033504 
0.484863 0.033574 
0.485840 0.033645 
0.486816 0.033718 
0.487793 0.033792 
0.488770 0.033867 
0.489746 0.033944 
0.490723 0.034023 
0.491699 0.034103 
0.492676 0.034184 
0.493652 0.034267 
0.494629 0.034352 
0.495605 0.034439 
0.496582 0.034527 
0.497559 0.034617 
0.498535 0.034708 
0.499512 0.034802 
