#cell coordinates and the corresponding deviation from the equilibrium 
-0.499512 0.034772 
-0.498535 0.034679 
-0.497559 0.034587 
-0.496582 0.034498 
-0.495605 0.034410 
-0.494629 0.034324 
-0.493652 0.034239 
-0.492676 0.034156 
-0.491699 0.034075 
-0.490723 0.033995 
-0.489746 0.033917 
-0.488770 0.033840 
-0.487793 0.033765 
-0.486816 0.033691 
-0.485840 0.033618 
-0.484863 0.033547 
-0.483887 0.033478 
-0.482910 0.033409 
-0.481934 0.033342 
-0.480957 0.033276 
-0.479980 0.033212 
-0.479004 0.033149 
-0.478027 0.033086 
-0.477051 0.033026 
-0.476074 0.032966 
-0.475098 0.032907 
-0.474121 0.032850 
-0.473145 0.032793 
-0.472168 0.032738 
-0.471191 0.032683 
-0.470215 0.032630 
-0.469238 0.032578 
-0.468262 0.032526 
-0.467285 0.032476 
-0.466309 0.032427 
-0.465332 0.032378 
-0.464355 0.032330 
-0.463379 0.032284 
-0.462402 0.032238 
-0.461426 0.032193 
-0.460449 0.032149 
-0.459473 0.032105 
-0.458496 0.032063 
-0.457520 0.032021 
-0.456543 0.031980 
-0.455566 0.031940 
-0.454590 0.031901 
-0.453613 0.031862 
-0.452637 0.031824 
-0.451660 0.031786 
-0.450684 0.031750 
-0.449707 0.031714 
-0.448730 0.031678 
-0.447754 0.031644 
-0.446777 0.031610 
-0.445801 0.031576 
-0.444824 0.031544 
-0.443848 0.031511 
-0.442871 0.031480 
-0.441895 0.031449 
-0.440918 0.031418 
-0.439941 0.031388 
-0.438965 0.031359 
-0.437988 0.031330 
-0.437012 0.031302 
-0.436035 0.031274 
-0.435059 0.031247 
-0.434082 0.031220 
-0.433105 0.031193 
-0.432129 0.031167 
-0.431152 0.031142 
-0.430176 0.031117 
-0.429199 0.031093 
-0.428223 0.031068 
-0.427246 0.031045 
-0.426270 0.031022 
-0.425293 0.030999 
-0.424316 0.030976 
-0.423340 0.030954 
-0.422363 0.030933 
-0.421387 0.030911 
-0.420410 0.030890 
-0.419434 0.030870 
-0.418457 0.030850 
-0.417480 0.030830 
-0.416504 0.030810 
-0.415527 0.030791 
-0.414551 0.030772 
-0.413574 0.030754 
-0.412598 0.030736 
-0.411621 0.030718 
-0.410645 0.030700 
-0.409668 0.030683 
-0.408691 0.030666 
-0.407715 0.030649 
-0.406738 0.030633 
-0.405762 0.030617 
-0.404785 0.030601 
-0.403809 0.030586 
-0.402832 0.030570 
-0.401855 0.030555 
-0.400879 0.030540 
-0.399902 0.030526 
-0.398926 0.030512 
-0.397949 0.030498 
-0.396973 0.030484 
-0.395996 0.030470 
-0.395020 0.030457 
-0.394043 0.030444 
-0.393066 0.030431 
-0.392090 0.030418 
-0.391113 0.030405 
-0.390137 0.030393 
-0.389160 0.030381 
-0.388184 0.030369 
-0.387207 0.030357 
-0.386230 0.030346 
-0.385254 0.030335 
-0.384277 0.030323 
-0.383301 0.030313 
-0.382324 0.030302 
-0.381348 0.030291 
-0.380371 0.030281 
-0.379395 0.030270 
-0.378418 0.030260 
-0.377441 0.030250 
-0.376465 0.030241 
-0.375488 0.030231 
-0.374512 0.030221 
-0.373535 0.030212 
-0.372559 0.030203 
-0.371582 0.030194 
-0.370605 0.030185 
-0.369629 0.030176 
-0.368652 0.030168 
-0.367676 0.030159 
-0.366699 0.030151 
-0.365723 0.030143 
-0.364746 0.030134 
-0.363770 0.030126 
-0.362793 0.030119 
-0.361816 0.030111 
-0.360840 0.030103 
-0.359863 0.030096 
-0.358887 0.030088 
-0.357910 0.030081 
-0.356934 0.030074 
-0.355957 0.030067 
-0.354980 0.030060 
-0.354004 0.030053 
-0.353027 0.030046 
-0.352051 0.030040 
-0.351074 0.030033 
-0.350098 0.030027 
-0.349121 0.030020 
-0.348145 0.030014 
-0.347168 0.030008 
-0.346191 0.030002 
-0.345215 0.029996 
-0.344238 0.029990 
-0.343262 0.029984 
-0.342285 0.029978 
-0.341309 0.029973 
-0.340332 0.029967 
-0.339355 0.029962 
-0.338379 0.029956 
-0.337402 0.029951 
-0.336426 0.029946 
-0.335449 0.029941 
-0.334473 0.029935 
-0.333496 0.029930 
-0.332520 0.029925 
-0.331543 0.029921 
-0.330566 0.029916 
-0.329590 0.029911 
-0.328613 0.029906 
-0.327637 0.029902 
-0.326660 0.029897 
-0.325684 0.029893 
-0.324707 0.029888 
-0.323730 0.029884 
-0.322754 0.029880 
-0.321777 0.029875 
-0.320801 0.029871 
-0.319824 0.029867 
-0.318848 0.029863 
-0.317871 0.029859 
-0.316895 0.029855 
-0.315918 0.029851 
-0.314941 0.029847 
-0.313965 0.029843 
-0.312988 0.029840 
-0.312012 0.029836 
-0.311035 0.029832 
-0.310059 0.029829 
-0.309082 0.029825 
-0.308105 0.029822 
-0.307129 0.029818 
-0.306152 0.029815 
-0.305176 0.029811 
-0.304199 0.029808 
-0.303223 0.029805 
-0.302246 0.029801 
-0.301270 0.029798 
-0.300293 0.029795 
-0.299316 0.029812 
-0.298340 0.029808 
-0.297363 0.029804 
-0.296387 0.029800 
-0.295410 0.029796 
-0.294434 0.029793 
-0.293457 0.029789 
-0.292480 0.029785 
-0.291504 0.029782 
-0.290527 0.029778 
-0.289551 0.029774 
-0.288574 0.029771 
-0.287598 0.029768 
-0.286621 0.029764 
-0.285645 0.029761 
-0.284668 0.029757 
-0.283691 0.029754 
-0.282715 0.029751 
-0.281738 0.029748 
-0.280762 0.029745 
-0.279785 0.029741 
-0.278809 0.029738 
-0.277832 0.029735 
-0.276855 0.029732 
-0.275879 0.029729 
-0.274902 0.029726 
-0.273926 0.029723 
-0.272949 0.029720 
-0.271973 0.029718 
-0.270996 0.029715 
-0.270020 0.029712 
-0.269043 0.029709 
-0.268066 0.029706 
-0.267090 0.029704 
-0.266113 0.029701 
-0.265137 0.029698 
-0.264160 0.029696 
-0.263184 0.029693 
-0.262207 0.029691 
-0.261230 0.029688 
-0.260254 0.029686 
-0.259277 0.029683 
-0.258301 0.029681 
-0.257324 0.029678 
-0.256348 0.029676 
-0.255371 0.029674 
-0.254395 0.029671 
-0.253418 0.029669 
-0.252441 0.029667 
-0.251465 0.029665 
-0.250488 0.029662 
-0.249512 0.029660 
-0.248535 0.029658 
-0.247559 0.029656 
-0.246582 0.029654 
-0.245605 0.029652 
-0.244629 0.029650 
-0.243652 0.029648 
-0.242676 0.029646 
-0.241699 0.029644 
-0.240723 0.029642 
-0.239746 0.029640 
-0.238770 0.029638 
-0.237793 0.029636 
-0.236816 0.029634 
-0.235840 0.029632 
-0.234863 0.029630 
-0.233887 0.029628 
-0.232910 0.029627 
-0.231934 0.029625 
-0.230957 0.029623 
-0.229980 0.029621 
-0.229004 0.029620 
-0.228027 0.029618 
-0.227051 0.029616 
-0.226074 0.029614 
-0.225098 0.029613 
-0.224121 0.029611 
-0.223145 0.029610 
-0.222168 0.029608 
-0.221191 0.029606 
-0.220215 0.029605 
-0.219238 0.029603 
-0.218262 0.029602 
-0.217285 0.029600 
-0.216309 0.029599 
-0.215332 0.029597 
-0.214355 0.029596 
-0.213379 0.029594 
-0.212402 0.029593 
-0.211426 0.029592 
-0.210449 0.029590 
-0.209473 0.029589 
-0.208496 0.029587 
-0.207520 0.029586 
-0.206543 0.029585 
-0.205566 0.029583 
-0.204590 0.029582 
-0.203613 0.029581 
-0.202637 0.029580 
-0.201660 0.029578 
-0.200684 0.029577 
-0.199707 0.029576 
-0.198730 0.029575 
-0.197754 0.029573 
-0.196777 0.029572 
-0.195801 0.029571 
-0.194824 0.029570 
-0.193848 0.029569 
-0.192871 0.029568 
-0.191895 0.029567 
-0.190918 0.029565 
-0.189941 0.029564 
-0.188965 0.029563 
-0.187988 0.029562 
-0.187012 0.029561 
-0.186035 0.029560 
-0.185059 0.029559 
-0.184082 0.029558 
-0.183105 0.029557 
-0.182129 0.029556 
-0.181152 0.029555 
-0.180176 0.029554 
-0.179199 0.029553 
-0.178223 0.029552 
-0.177246 0.029551 
-0.176270 0.029550 
-0.175293 0.029549 
-0.174316 0.029548 
-0.173340 0.029547 
-0.172363 0.029547 
-0.171387 0.029546 
-0.170410 0.029545 
-0.169434 0.029544 
-0.168457 0.029543 
-0.167480 0.029542 
-0.166504 0.029541 
-0.165527 0.029541 
-0.164551 0.029540 
-0.163574 0.029539 
-0.162598 0.029538 
-0.161621 0.029537 
-0.160645 0.029537 
-0.159668 0.029536 
-0.158691 0.029535 
-0.157715 0.029534 
-0.156738 0.029533 
-0.155762 0.029533 
-0.154785 0.029532 
-0.153809 0.029531 
-0.152832 0.029531 
-0.151855 0.029530 
-0.150879 0.029529 
-0.149902 0.029528 
-0.148926 0.029528 
-0.147949 0.029527 
-0.146973 0.029526 
-0.145996 0.029526 
-0.145020 0.029525 
-0.144043 0.029524 
-0.143066 0.029524 
-0.142090 0.029523 
-0.141113 0.029523 
-0.140137 0.029522 
-0.139160 0.029521 
-0.138184 0.029521 
-0.137207 0.029520 
-0.136230 0.029520 
-0.135254 0.029519 
-0.134277 0.029518 
-0.133301 0.029518 
-0.132324 0.029517 
-0.131348 0.029517 
-0.130371 0.029516 
-0.129395 0.029516 
-0.128418 0.029515 
-0.127441 0.029515 
-0.126465 0.029514 
-0.125488 0.029514 
-0.124512 0.029513 
-0.123535 0.029513 
-0.122559 0.029512 
-0.121582 0.029512 
-0.120605 0.029511 
-0.119629 0.029511 
-0.118652 0.029510 
-0.117676 0.029510 
-0.116699 0.029509 
-0.115723 0.029509 
-0.114746 0.029508 
-0.113770 0.029508 
-0.112793 0.029507 
-0.111816 0.029507 
-0.110840 0.029507 
-0.109863 0.029506 
-0.108887 0.029506 
-0.107910 0.029505 
-0.106934 0.029505 
-0.105957 0.029505 
-0.104980 0.029504 
-0.104004 0.029504 
-0.103027 0.029503 
-0.102051 0.029503 
-0.101074 0.029503 
-0.100098 0.029502 
-0.099121 0.029505 
-0.098145 0.029505 
-0.097168 0.029504 
-0.096191 0.029503 
-0.095215 0.029503 
-0.094238 0.029502 
-0.093262 0.029502 
-0.092285 0.029501 
-0.091309 0.029501 
-0.090332 0.029500 
-0.089355 0.029500 
-0.088379 0.029499 
-0.087402 0.029499 
-0.086426 0.029498 
-0.085449 0.029498 
-0.084473 0.029497 
-0.083496 0.029497 
-0.082520 0.029496 
-0.081543 0.029496 
-0.080566 0.029495 
-0.079590 0.029495 
-0.078613 0.029495 
-0.077637 0.029494 
-0.076660 0.029494 
-0.075684 0.029493 
-0.074707 0.029493 
-0.073730 0.029492 
-0.072754 0.029492 
-0.071777 0.029492 
-0.070801 0.029491 
-0.069824 0.029491 
-0.068848 0.029491 
-0.067871 0.029490 
-0.066895 0.029490 
-0.065918 0.029489 
-0.064941 0.029489 
-0.063965 0.029489 
-0.062988 0.029488 
-0.062012 0.029488 
-0.061035 0.029488 
-0.060059 0.029487 
-0.059082 0.029487 
-0.058105 0.029487 
-0.057129 0.029486 
-0.056152 0.029486 
-0.055176 0.029486 
-0.054199 0.029486 
-0.053223 0.029485 
-0.052246 0.029485 
-0.051270 0.029485 
-0.050293 0.029484 
-0.049316 0.029484 
-0.048340 0.029484 
-0.047363 0.029484 
-0.046387 0.029483 
-0.045410 0.029483 
-0.044434 0.029483 
-0.043457 0.029483 
-0.042480 0.029483 
-0.041504 0.029482 
-0.040527 0.029482 
-0.039551 0.029482 
-0.038574 0.029482 
-0.037598 0.029481 
-0.036621 0.029481 
-0.035645 0.029481 
-0.034668 0.029481 
-0.033691 0.029481 
-0.032715 0.029481 
-0.031738 0.029480 
-0.030762 0.029480 
-0.029785 0.029480 
-0.028809 0.029480 
-0.027832 0.029480 
-0.026855 0.029480 
-0.025879 0.029480 
-0.024902 0.029479 
-0.023926 0.029479 
-0.022949 0.029479 
-0.021973 0.029479 
-0.020996 0.029479 
-0.020020 0.029479 
-0.019043 0.029479 
-0.018066 0.029479 
-0.017090 0.029479 
-0.016113 0.029478 
-0.015137 0.029478 
-0.014160 0.029478 
-0.013184 0.029478 
-0.012207 0.029478 
-0.011230 0.029478 
-0.010254 0.029478 
-0.009277 0.029478 
-0.008301 0.029478 
-0.007324 0.029478 
-0.006348 0.029478 
-0.005371 0.029478 
-0.004395 0.029478 
-0.003418 0.029478 
-0.002441 0.029478 
-0.001465 0.029478 
-0.000488 0.029478 
0.000488 0.029478 
0.001465 0.029478 
0.002441 0.029478 
0.003418 0.029478 
0.004395 0.029478 
0.005371 0.029478 
0.006348 0.029478 
0.007324 0.029478 
0.008301 0.029478 
0.009277 0.029478 
0.010254 0.029478 
0.011230 0.029478 
0.012207 0.029478 
0.013184 0.029478 
0.014160 0.029478 
0.015137 0.029478 
0.016113 0.029478 
0.017090 0.029479 
0.018066 0.029479 
0.019043 0.029479 
0.020020 0.029479 
0.020996 0.029479 
0.021973 0.029479 
0.022949 0.029479 
0.023926 0.029479 
0.024902 0.029479 
0.025879 0.029480 
0.026855 0.029480 
0.027832 0.029480 
0.028809 0.029480 
0.029785 0.029480 
0.030762 0.029480 
0.031738 0.029480 
0.032715 0.029481 
0.033691 0.029481 
0.034668 0.029481 
0.035645 0.029481 
0.036621 0.029481 
0.037598 0.029481 
0.038574 0.029482 
0.039551 0.029482 
0.040527 0.029482 
0.041504 0.029482 
0.042480 0.029483 
0.043457 0.029483 
0.044434 0.029483 
0.045410 0.029483 
0.046387 0.029483 
0.047363 0.029484 
0.048340 0.029484 
0.049316 0.029484 
0.050293 0.029484 
0.051270 0.029485 
0.052246 0.029485 
0.053223 0.029485 
0.054199 0.029486 
0.055176 0.029486 
0.056152 0.029486 
0.057129 0.029486 
0.058105 0.029487 
0.059082 0.029487 
0.060059 0.029487 
0.061035 0.029488 
0.062012 0.029488 
0.062988 0.029488 
0.063965 0.029489 
0.064941 0.029489 
0.065918 0.029489 
0.066895 0.029490 
0.067871 0.029490 
0.068848 0.029491 
0.069824 0.029491 
0.070801 0.029491 
0.071777 0.029492 
0.072754 0.029492 
0.073730 0.029492 
0.074707 0.029493 
0.075684 0.029493 
0.076660 0.029494 
0.077637 0.029494 
0.078613 0.029495 
0.079590 0.029495 
0.080566 0.029495 
0.081543 0.029496 
0.082520 0.029496 
0.083496 0.029497 
0.084473 0.029497 
0.085449 0.029498 
0.086426 0.029498 
0.087402 0.029499 
0.088379 0.029499 
0.089355 0.029500 
0.090332 0.029500 
0.091309 0.029501 
0.092285 0.029501 
0.093262 0.029502 
0.094238 0.029502 
0.095215 0.029503 
0.096191 0.029503 
0.097168 0.029504 
0.098145 0.029505 
0.099121 0.029505 
0.100098 0.029502 
0.101074 0.029503 
0.102051 0.029503 
0.103027 0.029503 
0.104004 0.029504 
0.104980 0.029504 
0.105957 0.029505 
0.106934 0.029505 
0.107910 0.029505 
0.108887 0.029506 
0.109863 0.029506 
0.110840 0.029507 
0.111816 0.029507 
0.112793 0.029507 
0.113770 0.029508 
0.114746 0.029508 
0.115723 0.029509 
0.116699 0.029509 
0.117676 0.029510 
0.118652 0.029510 
0.119629 0.029511 
0.120605 0.029511 
0.121582 0.029512 
0.122559 0.029512 
0.123535 0.029513 
0.124512 0.029513 
0.125488 0.029514 
0.126465 0.029514 
0.127441 0.029515 
0.128418 0.029515 
0.129395 0.029516 
0.130371 0.029516 
0.131348 0.029517 
0.132324 0.029517 
0.133301 0.029518 
0.134277 0.029518 
0.135254 0.029519 
0.136230 0.029520 
0.137207 0.029520 
0.138184 0.029521 
0.139160 0.029521 
0.140137 0.029522 
0.141113 0.029523 
0.142090 0.029523 
0.143066 0.029524 
0.144043 0.029524 
0.145020 0.029525 
0.145996 0.029526 
0.146973 0.029526 
0.147949 0.029527 
0.148926 0.029528 
0.149902 0.029528 
0.150879 0.029529 
0.151855 0.029530 
0.152832 0.029531 
0.153809 0.029531 
0.154785 0.029532 
0.155762 0.029533 
0.156738 0.029533 
0.157715 0.029534 
0.158691 0.029535 
0.159668 0.029536 
0.160645 0.029537 
0.161621 0.029537 
0.162598 0.029538 
0.163574 0.029539 
0.164551 0.029540 
0.165527 0.029541 
0.166504 0.029541 
0.167480 0.029542 
0.168457 0.029543 
0.169434 0.029544 
0.170410 0.029545 
0.171387 0.029546 
0.172363 0.029547 
0.173340 0.029547 
0.174316 0.029548 
0.175293 0.029549 
0.176270 0.029550 
0.177246 0.029551 
0.178223 0.029552 
0.179199 0.029553 
0.180176 0.029554 
0.181152 0.029555 
0.182129 0.029556 
0.183105 0.029557 
0.184082 0.029558 
0.185059 0.029559 
0.186035 0.029560 
0.187012 0.029561 
0.187988 0.029562 
0.188965 0.029563 
0.189941 0.029564 
0.190918 0.029565 
0.191895 0.029567 
0.192871 0.029568 
0.193848 0.029569 
0.194824 0.029570 
0.195801 0.029571 
0.196777 0.029572 
0.197754 0.029573 
0.198730 0.029575 
0.199707 0.029576 
0.200684 0.029577 
0.201660 0.029578 
0.202637 0.029580 
0.203613 0.029581 
0.204590 0.029582 
0.205566 0.029583 
0.206543 0.029585 
0.207520 0.029586 
0.208496 0.029587 
0.209473 0.029589 
0.210449 0.029590 
0.211426 0.029592 
0.212402 0.029593 
0.213379 0.029594 
0.214355 0.029596 
0.215332 0.029597 
0.216309 0.029599 
0.217285 0.029600 
0.218262 0.029602 
0.219238 0.029603 
0.220215 0.029605 
0.221191 0.029606 
0.222168 0.029608 
0.223145 0.029610 
0.224121 0.029611 
0.225098 0.029613 
0.226074 0.029614 
0.227051 0.029616 
0.228027 0.029618 
0.229004 0.029620 
0.229980 0.029621 
0.230957 0.029623 
0.231934 0.029625 
0.232910 0.029627 
0.233887 0.029628 
0.234863 0.029630 
0.235840 0.029632 
0.236816 0.029634 
0.237793 0.029636 
0.238770 0.029638 
0.239746 0.029640 
0.240723 0.029642 
0.241699 0.029644 
0.242676 0.029646 
0.243652 0.029648 
0.244629 0.029650 
0.245605 0.029652 
0.246582 0.029654 
0.247559 0.029656 
0.248535 0.029658 
0.249512 0.029660 
0.250488 0.029662 
0.251465 0.029665 
0.252441 0.029667 
0.253418 0.029669 
0.254395 0.029671 
0.255371 0.029674 
0.256348 0.029676 
0.257324 0.029678 
0.258301 0.029681 
0.259277 0.029683 
0.260254 0.029686 
0.261230 0.029688 
0.262207 0.029691 
0.263184 0.029693 
0.264160 0.029696 
0.265137 0.029698 
0.266113 0.029701 
0.267090 0.029704 
0.268066 0.029706 
0.269043 0.029709 
0.270020 0.029712 
0.270996 0.029715 
0.271973 0.029718 
0.272949 0.029720 
0.273926 0.029723 
0.274902 0.029726 
0.275879 0.029729 
0.276855 0.029732 
0.277832 0.029735 
0.278809 0.029738 
0.279785 0.029741 
0.280762 0.029745 
0.281738 0.029748 
0.282715 0.029751 
0.283691 0.029754 
0.284668 0.029757 
0.285645 0.029761 
0.286621 0.029764 
0.287598 0.029768 
0.288574 0.029771 
0.289551 0.029774 
0.290527 0.029778 
0.291504 0.029782 
0.292480 0.029785 
0.293457 0.029789 
0.294434 0.029793 
0.295410 0.029796 
0.296387 0.029800 
0.297363 0.029804 
0.298340 0.029808 
0.299316 0.029812 
0.300293 0.029795 
0.301270 0.029798 
0.302246 0.029801 
0.303223 0.029805 
0.304199 0.029808 
0.305176 0.029811 
0.306152 0.029815 
0.307129 0.029818 
0.308105 0.029822 
0.309082 0.029825 
0.310059 0.029829 
0.311035 0.029832 
0.312012 0.029836 
0.312988 0.029840 
0.313965 0.029843 
0.314941 0.029847 
0.315918 0.029851 
0.316895 0.029855 
0.317871 0.029859 
0.318848 0.029863 
0.319824 0.029867 
0.320801 0.029871 
0.321777 0.029875 
0.322754 0.029880 
0.323730 0.029884 
0.324707 0.029888 
0.325684 0.029893 
0.326660 0.029897 
0.327637 0.029902 
0.328613 0.029906 
0.329590 0.029911 
0.330566 0.029916 
0.331543 0.029921 
0.332520 0.029925 
0.333496 0.029930 
0.334473 0.029935 
0.335449 0.029941 
0.336426 0.029946 
0.337402 0.029951 
0.338379 0.029956 
0.339355 0.029962 
0.340332 0.029967 
0.341309 0.029973 
0.342285 0.029978 
0.343262 0.029984 
0.344238 0.029990 
0.345215 0.029996 
0.346191 0.030002 
0.347168 0.030008 
0.348145 0.030014 
0.349121 0.030020 
0.350098 0.030027 
0.351074 0.030033 
0.352051 0.030040 
0.353027 0.030046 
0.354004 0.030053 
0.354980 0.030060 
0.355957 0.030067 
0.356934 0.030074 
0.357910 0.030081 
0.358887 0.030088 
0.359863 0.030096 
0.360840 0.030103 
0.361816 0.030111 
0.362793 0.030119 
0.363770 0.030126 
0.364746 0.030134 
0.365723 0.030143 
0.366699 0.030151 
0.367676 0.030159 
0.368652 0.030168 
0.369629 0.030176 
0.370605 0.030185 
0.371582 0.030194 
0.372559 0.030203 
0.373535 0.030212 
0.374512 0.030221 
0.375488 0.030231 
0.376465 0.030241 
0.377441 0.030250 
0.378418 0.030260 
0.379395 0.030270 
0.380371 0.030281 
0.381348 0.030291 
0.382324 0.030302 
0.383301 0.030313 
0.384277 0.030323 
0.385254 0.030335 
0.386230 0.030346 
0.387207 0.030357 
0.388184 0.030369 
0.389160 0.030381 
0.390137 0.030393 
0.391113 0.030405 
0.392090 0.030418 
0.393066 0.030431 
0.394043 0.030444 
0.395020 0.030457 
0.395996 0.030470 
0.396973 0.030484 
0.397949 0.030498 
0.398926 0.030512 
0.399902 0.030526 
0.400879 0.030540 
0.401855 0.030555 
0.402832 0.030570 
0.403809 0.030586 
0.404785 0.030601 
0.405762 0.030617 
0.406738 0.030633 
0.407715 0.030649 
0.408691 0.030666 
0.409668 0.030683 
0.410645 0.030700 
0.411621 0.030718 
0.412598 0.030736 
0.413574 0.030754 
0.414551 0.030772 
0.415527 0.030791 
0.416504 0.030810 
0.417480 0.030830 
0.418457 0.030850 
0.419434 0.030870 
0.420410 0.030890 
0.421387 0.030911 
0.422363 0.030933 
0.423340 0.030954 
0.424316 0.030976 
0.425293 0.030999 
0.426270 0.031022 
0.427246 0.031045 
0.428223 0.031068 
0.429199 0.031093 
0.430176 0.031117 
0.431152 0.031142 
0.432129 0.031167 
0.433105 0.031193 
0.434082 0.031220 
0.435059 0.031247 
0.436035 0.031274 
0.437012 0.031302 
0.437988 0.031330 
0.438965 0.031359 
0.439941 0.031388 
0.440918 0.031418 
0.441895 0.031449 
0.442871 0.031480 
0.443848 0.031511 
0.444824 0.031544 
0.445801 0.031576 
0.446777 0.031610 
0.447754 0.031644 
0.448730 0.031678 
0.449707 0.031714 
0.450684 0.031750 
0.451660 0.031786 
0.452637 0.031824 
0.453613 0.031862 
0.454590 0.031901 
0.455566 0.031940 
0.456543 0.031980 
0.457520 0.032021 
0.458496 0.032063 
0.459473 0.032105 
0.460449 0.032149 
0.461426 0.032193 
0.462402 0.032238 
0.463379 0.032284 
0.464355 0.032330 
0.465332 0.032378 
0.466309 0.032427 
0.467285 0.032476 
0.468262 0.032526 
0.469238 0.032578 
0.470215 0.032630 
0.471191 0.032683 
0.472168 0.032738 
0.473145 0.032793 
0.474121 0.032850 
0.475098 0.032907 
0.476074 0.032966 
0.477051 0.033026 
0.478027 0.033086 
0.479004 0.033149 
0.479980 0.033212 
0.480957 0.033276 
0.481934 0.033342 
0.482910 0.033409 
0.483887 0.033478 
0.484863 0.033547 
0.485840 0.033618 
0.486816 0.033691 
0.487793 0.033765 
0.488770 0.033840 
0.489746 0.033917 
0.490723 0.033995 
0.491699 0.034075 
0.492676 0.034156 
0.493652 0.034239 
0.494629 0.034324 
0.495605 0.034410 
0.496582 0.034498 
0.497559 0.034587 
0.498535 0.034679 
0.499512 0.034772 
