#cell coordinates and the corresponding deviation from the equilibrium 
-0.499512 0.034749 
-0.498535 0.034656 
-0.497559 0.034565 
-0.496582 0.034475 
-0.495605 0.034388 
-0.494629 0.034302 
-0.493652 0.034217 
-0.492676 0.034134 
-0.491699 0.034053 
-0.490723 0.033974 
-0.489746 0.033896 
-0.488770 0.033819 
-0.487793 0.033744 
-0.486816 0.033670 
-0.485840 0.033598 
-0.484863 0.033527 
-0.483887 0.033458 
-0.482910 0.033389 
-0.481934 0.033323 
-0.480957 0.033257 
-0.479980 0.033193 
-0.479004 0.033129 
-0.478027 0.033067 
-0.477051 0.033007 
-0.476074 0.032947 
-0.475098 0.032889 
-0.474121 0.032831 
-0.473145 0.032775 
-0.472168 0.032720 
-0.471191 0.032665 
-0.470215 0.032612 
-0.469238 0.032560 
-0.468262 0.032509 
-0.467285 0.032458 
-0.466309 0.032409 
-0.465332 0.032361 
-0.464355 0.032313 
-0.463379 0.032267 
-0.462402 0.032221 
-0.461426 0.032176 
-0.460449 0.032132 
-0.459473 0.032089 
-0.458496 0.032046 
-0.457520 0.032005 
-0.456543 0.031964 
-0.455566 0.031924 
-0.454590 0.031884 
-0.453613 0.031845 
-0.452637 0.031808 
-0.451660 0.031770 
-0.450684 0.031734 
-0.449707 0.031698 
-0.448730 0.031663 
-0.447754 0.031628 
-0.446777 0.031594 
-0.445801 0.031561 
-0.444824 0.031528 
-0.443848 0.031496 
-0.442871 0.031464 
-0.441895 0.031433 
-0.440918 0.031403 
-0.439941 0.031373 
-0.438965 0.031344 
-0.437988 0.031315 
-0.437012 0.031286 
-0.436035 0.031259 
-0.435059 0.031231 
-0.434082 0.031205 
-0.433105 0.031178 
-0.432129 0.031152 
-0.431152 0.031127 
-0.430176 0.031102 
-0.429199 0.031078 
-0.428223 0.031053 
-0.427246 0.031030 
-0.426270 0.031007 
-0.425293 0.030984 
-0.424316 0.030961 
-0.423340 0.030939 
-0.422363 0.030918 
-0.421387 0.030896 
-0.420410 0.030876 
-0.419434 0.030855 
-0.418457 0.030835 
-0.417480 0.030815 
-0.416504 0.030796 
-0.415527 0.030776 
-0.414551 0.030758 
-0.413574 0.030739 
-0.412598 0.030721 
-0.411621 0.030703 
-0.410645 0.030686 
-0.409668 0.030668 
-0.408691 0.030651 
-0.407715 0.030635 
-0.406738 0.030618 
-0.405762 0.030602 
-0.404785 0.030587 
-0.403809 0.030571 
-0.402832 0.030556 
-0.401855 0.030541 
-0.400879 0.030526 
-0.399902 0.030511 
-0.398926 0.030497 
-0.397949 0.030483 
-0.396973 0.030469 
-0.395996 0.030456 
-0.395020 0.030442 
-0.394043 0.030429 
-0.393066 0.030416 
-0.392090 0.030403 
-0.391113 0.030391 
-0.390137 0.030379 
-0.389160 0.030366 
-0.388184 0.030354 
-0.387207 0.030343 
-0.386230 0.030331 
-0.385254 0.030320 
-0.384277 0.030309 
-0.383301 0.030298 
-0.382324 0.030287 
-0.381348 0.030276 
-0.380371 0.030266 
-0.379395 0.030256 
-0.378418 0.030245 
-0.377441 0.030235 
-0.376465 0.030226 
-0.375488 0.030216 
-0.374512 0.030206 
-0.373535 0.030197 
-0.372559 0.030188 
-0.371582 0.030179 
-0.370605 0.030170 
-0.369629 0.030161 
-0.368652 0.030152 
-0.367676 0.030144 
-0.366699 0.030136 
-0.365723 0.030127 
-0.364746 0.030119 
-0.363770 0.030111 
-0.362793 0.030103 
-0.361816 0.030096 
-0.360840 0.030088 
-0.359863 0.030080 
-0.358887 0.030073 
-0.357910 0.030066 
-0.356934 0.030058 
-0.355957 0.030051 
-0.354980 0.030044 
-0.354004 0.030037 
-0.353027 0.030031 
-0.352051 0.030024 
-0.351074 0.030017 
-0.350098 0.030011 
-0.349121 0.030004 
-0.348145 0.029998 
-0.347168 0.029992 
-0.346191 0.029986 
-0.345215 0.029980 
-0.344238 0.029974 
-0.343262 0.029968 
-0.342285 0.029962 
-0.341309 0.029956 
-0.340332 0.029951 
-0.339355 0.029945 
-0.338379 0.029940 
-0.337402 0.029934 
-0.336426 0.029929 
-0.335449 0.029924 
-0.334473 0.029919 
-0.333496 0.029914 
-0.332520 0.029909 
-0.331543 0.029904 
-0.330566 0.029899 
-0.329590 0.029894 
-0.328613 0.029889 
-0.327637 0.029885 
-0.326660 0.029880 
-0.325684 0.029875 
-0.324707 0.029871 
-0.323730 0.029866 
-0.322754 0.029862 
-0.321777 0.029858 
-0.320801 0.029853 
-0.319824 0.029849 
-0.318848 0.029845 
-0.317871 0.029841 
-0.316895 0.029837 
-0.315918 0.029833 
-0.314941 0.029829 
-0.313965 0.029825 
-0.312988 0.029821 
-0.312012 0.029817 
-0.311035 0.029814 
-0.310059 0.029810 
-0.309082 0.029806 
-0.308105 0.029803 
-0.307129 0.029799 
-0.306152 0.029796 
-0.305176 0.029792 
-0.304199 0.029789 
-0.303223 0.029785 
-0.302246 0.029782 
-0.301270 0.029779 
-0.300293 0.029776 
-0.299316 0.029772 
-0.298340 0.029769 
-0.297363 0.029766 
-0.296387 0.029763 
-0.295410 0.029760 
-0.294434 0.029757 
-0.293457 0.029754 
-0.292480 0.029751 
-0.291504 0.029748 
-0.290527 0.029745 
-0.289551 0.029742 
-0.288574 0.029739 
-0.287598 0.029737 
-0.286621 0.029734 
-0.285645 0.029731 
-0.284668 0.029728 
-0.283691 0.029726 
-0.282715 0.029723 
-0.281738 0.029721 
-0.280762 0.029718 
-0.279785 0.029716 
-0.278809 0.029713 
-0.277832 0.029711 
-0.276855 0.029708 
-0.275879 0.029706 
-0.274902 0.029703 
-0.273926 0.029701 
-0.272949 0.029699 
-0.271973 0.029696 
-0.270996 0.029694 
-0.270020 0.029692 
-0.269043 0.029690 
-0.268066 0.029687 
-0.267090 0.029685 
-0.266113 0.029683 
-0.265137 0.029681 
-0.264160 0.029679 
-0.263184 0.029677 
-0.262207 0.029675 
-0.261230 0.029673 
-0.260254 0.029670 
-0.259277 0.029668 
-0.258301 0.029667 
-0.257324 0.029665 
-0.256348 0.029663 
-0.255371 0.029661 
-0.254395 0.029659 
-0.253418 0.029657 
-0.252441 0.029655 
-0.251465 0.029653 
-0.250488 0.029651 
-0.249512 0.029650 
-0.248535 0.029648 
-0.247559 0.029646 
-0.246582 0.029644 
-0.245605 0.029643 
-0.244629 0.029641 
-0.243652 0.029639 
-0.242676 0.029638 
-0.241699 0.029636 
-0.240723 0.029634 
-0.239746 0.029633 
-0.238770 0.029631 
-0.237793 0.029629 
-0.236816 0.029628 
-0.235840 0.029626 
-0.234863 0.029625 
-0.233887 0.029623 
-0.232910 0.029622 
-0.231934 0.029620 
-0.230957 0.029619 
-0.229980 0.029617 
-0.229004 0.029616 
-0.228027 0.029615 
-0.227051 0.029613 
-0.226074 0.029612 
-0.225098 0.029610 
-0.224121 0.029609 
-0.223145 0.029608 
-0.222168 0.029606 
-0.221191 0.029605 
-0.220215 0.029604 
-0.219238 0.029602 
-0.218262 0.029601 
-0.217285 0.029600 
-0.216309 0.029598 
-0.215332 0.029597 
-0.214355 0.029596 
-0.213379 0.029595 
-0.212402 0.029593 
-0.211426 0.029592 
-0.210449 0.029591 
-0.209473 0.029590 
-0.208496 0.029589 
-0.207520 0.029588 
-0.206543 0.029586 
-0.205566 0.029585 
-0.204590 0.029584 
-0.203613 0.029583 
-0.202637 0.029582 
-0.201660 0.029581 
-0.200684 0.029580 
-0.199707 0.029579 
-0.198730 0.029578 
-0.197754 0.029577 
-0.196777 0.029576 
-0.195801 0.029574 
-0.194824 0.029573 
-0.193848 0.029572 
-0.192871 0.029571 
-0.191895 0.029570 
-0.190918 0.029569 
-0.189941 0.029569 
-0.188965 0.029568 
-0.187988 0.029567 
-0.187012 0.029566 
-0.186035 0.029565 
-0.185059 0.029564 
-0.184082 0.029563 
-0.183105 0.029562 
-0.182129 0.029561 
-0.181152 0.029560 
-0.180176 0.029559 
-0.179199 0.029558 
-0.178223 0.029558 
-0.177246 0.029557 
-0.176270 0.029556 
-0.175293 0.029555 
-0.174316 0.029559 
-0.173340 0.029557 
-0.172363 0.029556 
-0.171387 0.029554 
-0.170410 0.029553 
-0.169434 0.029552 
-0.168457 0.029551 
-0.167480 0.029550 
-0.166504 0.029549 
-0.165527 0.029548 
-0.164551 0.029546 
-0.163574 0.029545 
-0.162598 0.029544 
-0.161621 0.029543 
-0.160645 0.029542 
-0.159668 0.029541 
-0.158691 0.029540 
-0.157715 0.029539 
-0.156738 0.029538 
-0.155762 0.029537 
-0.154785 0.029536 
-0.153809 0.029535 
-0.152832 0.029534 
-0.151855 0.029534 
-0.150879 0.029533 
-0.149902 0.029532 
-0.148926 0.029531 
-0.147949 0.029530 
-0.146973 0.029529 
-0.145996 0.029528 
-0.145020 0.029527 
-0.144043 0.029527 
-0.143066 0.029526 
-0.142090 0.029525 
-0.141113 0.029524 
-0.140137 0.029523 
-0.139160 0.029522 
-0.138184 0.029522 
-0.137207 0.029521 
-0.136230 0.029520 
-0.135254 0.029519 
-0.134277 0.029519 
-0.133301 0.029518 
-0.132324 0.029517 
-0.131348 0.029516 
-0.130371 0.029516 
-0.129395 0.029515 
-0.128418 0.029514 
-0.127441 0.029514 
-0.126465 0.029513 
-0.125488 0.029512 
-0.124512 0.029512 
-0.123535 0.029511 
-0.122559 0.029510 
-0.121582 0.029510 
-0.120605 0.029509 
-0.119629 0.029508 
-0.118652 0.029508 
-0.117676 0.029507 
-0.116699 0.029507 
-0.115723 0.029506 
-0.114746 0.029506 
-0.113770 0.029505 
-0.112793 0.029504 
-0.111816 0.029504 
-0.110840 0.029503 
-0.109863 0.029503 
-0.108887 0.029502 
-0.107910 0.029502 
-0.106934 0.029501 
-0.105957 0.029501 
-0.104980 0.029500 
-0.104004 0.029500 
-0.103027 0.029499 
-0.102051 0.029499 
-0.101074 0.029498 
-0.100098 0.029498 
-0.099121 0.029497 
-0.098145 0.029497 
-0.097168 0.029496 
-0.096191 0.029496 
-0.095215 0.029495 
-0.094238 0.029495 
-0.093262 0.029494 
-0.092285 0.029494 
-0.091309 0.029494 
-0.090332 0.029493 
-0.089355 0.029493 
-0.088379 0.029492 
-0.087402 0.029492 
-0.086426 0.029492 
-0.085449 0.029491 
-0.084473 0.029491 
-0.083496 0.029490 
-0.082520 0.029490 
-0.081543 0.029490 
-0.080566 0.029489 
-0.079590 0.029489 
-0.078613 0.029489 
-0.077637 0.029488 
-0.076660 0.029488 
-0.075684 0.029488 
-0.074707 0.029487 
-0.073730 0.029487 
-0.072754 0.029487 
-0.071777 0.029486 
-0.070801 0.029486 
-0.069824 0.029486 
-0.068848 0.029486 
-0.067871 0.029485 
-0.066895 0.029485 
-0.065918 0.029485 
-0.064941 0.029484 
-0.063965 0.029484 
-0.062988 0.029484 
-0.062012 0.029484 
-0.061035 0.029483 
-0.060059 0.029483 
-0.059082 0.029483 
-0.058105 0.029483 
-0.057129 0.029482 
-0.056152 0.029482 
-0.055176 0.029482 
-0.054199 0.029482 
-0.053223 0.029481 
-0.052246 0.029481 
-0.051270 0.029481 
-0.050293 0.029481 
-0.049316 0.029481 
-0.048340 0.029480 
-0.047363 0.029480 
-0.046387 0.029480 
-0.045410 0.029480 
-0.044434 0.029480 
-0.043457 0.029479 
-0.042480 0.029479 
-0.041504 0.029479 
-0.040527 0.029479 
-0.039551 0.029479 
-0.038574 0.029479 
-0.037598 0.029479 
-0.036621 0.029478 
-0.035645 0.029478 
-0.034668 0.029478 
-0.033691 0.029478 
-0.032715 0.029478 
-0.031738 0.029478 
-0.030762 0.029478 
-0.029785 0.029477 
-0.028809 0.029477 
-0.027832 0.029477 
-0.026855 0.029477 
-0.025879 0.029477 
-0.024902 0.029477 
-0.023926 0.029477 
-0.022949 0.029477 
-0.021973 0.029477 
-0.020996 0.029477 
-0.020020 0.029476 
-0.019043 0.029476 
-0.018066 0.029476 
-0.017090 0.029476 
-0.016113 0.029476 
-0.015137 0.029476 
-0.014160 0.029476 
-0.013184 0.029476 
-0.012207 0.029476 
-0.011230 0.029476 
-0.010254 0.029476 
-0.009277 0.029476 
-0.008301 0.029476 
-0.007324 0.029476 
-0.006348 0.029476 
-0.005371 0.029476 
-0.004395 0.029476 
-0.003418 0.029476 
-0.002441 0.029476 
-0.001465 0.029476 
-0.000488 0.029476 
0.000488 0.029476 
0.001465 0.029476 
0.002441 0.029476 
0.003418 0.029476 
0.004395 0.029476 
0.005371 0.029476 
0.006348 0.029476 
0.007324 0.029476 
0.008301 0.029476 
0.009277 0.029476 
0.010254 0.029476 
0.011230 0.029476 
0.012207 0.029476 
0.013184 0.029476 
0.014160 0.029476 
0.015137 0.029476 
0.016113 0.029476 
0.017090 0.029476 
0.018066 0.029476 
0.019043 0.029476 
0.020020 0.029476 
0.020996 0.029477 
0.021973 0.029477 
0.022949 0.029477 
0.023926 0.029477 
0.024902 0.029477 
0.025879 0.029477 
0.026855 0.029477 
0.027832 0.029477 
0.028809 0.029477 
0.029785 0.029477 
0.030762 0.029478 
0.031738 0.029478 
0.032715 0.029478 
0.033691 0.029478 
0.034668 0.029478 
0.035645 0.029478 
0.036621 0.029478 
0.037598 0.029479 
0.038574 0.029479 
0.039551 0.029479 
0.040527 0.029479 
0.041504 0.029479 
0.042480 0.029479 
0.043457 0.029479 
0.044434 0.029480 
0.045410 0.029480 
0.046387 0.029480 
0.047363 0.029480 
0.048340 0.029480 
0.049316 0.029481 
0.050293 0.029481 
0.051270 0.029481 
0.052246 0.029481 
0.053223 0.029481 
0.054199 0.029482 
0.055176 0.029482 
0.056152 0.029482 
0.057129 0.029482 
0.058105 0.029483 
0.059082 0.029483 
0.060059 0.029483 
0.061035 0.029483 
0.062012 0.029484 
0.062988 0.029484 
0.063965 0.029484 
0.064941 0.029484 
0.065918 0.029485 
0.066895 0.029485 
0.067871 0.029485 
0.068848 0.029486 
0.069824 0.029486 
0.070801 0.029486 
0.071777 0.029486 
0.072754 0.029487 
0.073730 0.029487 
0.074707 0.029487 
0.075684 0.029488 
0.076660 0.029488 
0.077637 0.029488 
0.078613 0.029489 
0.079590 0.029489 
0.080566 0.029489 
0.081543 0.029490 
0.082520 0.029490 
0.083496 0.029490 
0.084473 0.029491 
0.085449 0.029491 
0.086426 0.029492 
0.087402 0.029492 
0.088379 0.029492 
0.089355 0.029493 
0.090332 0.029493 
0.091309 0.029494 
0.092285 0.029494 
0.093262 0.029494 
0.094238 0.029495 
0.095215 0.029495 
0.096191 0.029496 
0.097168 0.029496 
0.098145 0.029497 
0.099121 0.029497 
0.100098 0.029498 
0.101074 0.029498 
0.102051 0.029499 
0.103027 0.029499 
0.104004 0.029500 
0.104980 0.029500 
0.105957 0.029501 
0.106934 0.029501 
0.107910 0.029502 
0.108887 0.029502 
0.109863 0.029503 
0.110840 0.029503 
0.111816 0.029504 
0.112793 0.029504 
0.113770 0.029505 
0.114746 0.029506 
0.115723 0.029506 
0.116699 0.029507 
0.117676 0.029507 
0.118652 0.029508 
0.119629 0.029508 
0.120605 0.029509 
0.121582 0.029510 
0.122559 0.029510 
0.123535 0.029511 
0.124512 0.029512 
0.125488 0.029512 
0.126465 0.029513 
0.127441 0.029514 
0.128418 0.029514 
0.129395 0.029515 
0.130371 0.029516 
0.131348 0.029516 
0.132324 0.029517 
0.133301 0.029518 
0.134277 0.029519 
0.135254 0.029519 
0.136230 0.029520 
0.137207 0.029521 
0.138184 0.029522 
0.139160 0.029522 
0.140137 0.029523 
0.141113 0.029524 
0.142090 0.029525 
0.143066 0.029526 
0.144043 0.029527 
0.145020 0.029527 
0.145996 0.029528 
0.146973 0.029529 
0.147949 0.029530 
0.148926 0.029531 
0.149902 0.029532 
0.150879 0.029533 
0.151855 0.029534 
0.152832 0.029534 
0.153809 0.029535 
0.154785 0.029536 
0.155762 0.029537 
0.156738 0.029538 
0.157715 0.029539 
0.158691 0.029540 
0.159668 0.029541 
0.160645 0.029542 
0.161621 0.029543 
0.162598 0.029544 
0.163574 0.029545 
0.164551 0.029546 
0.165527 0.029548 
0.166504 0.029549 
0.167480 0.029550 
0.168457 0.029551 
0.169434 0.029552 
0.170410 0.029553 
0.171387 0.029554 
0.172363 0.029556 
0.173340 0.029557 
0.174316 0.029559 
0.175293 0.029555 
0.176270 0.029556 
0.177246 0.029557 
0.178223 0.029558 
0.179199 0.029558 
0.180176 0.029559 
0.181152 0.029560 
0.182129 0.029561 
0.183105 0.029562 
0.184082 0.029563 
0.185059 0.029564 
0.186035 0.029565 
0.187012 0.029566 
0.187988 0.029567 
0.188965 0.029568 
0.189941 0.029569 
0.190918 0.029569 
0.191895 0.029570 
0.192871 0.029571 
0.193848 0.029572 
0.194824 0.029573 
0.195801 0.029574 
0.196777 0.029576 
0.197754 0.029577 
0.198730 0.029578 
0.199707 0.029579 
0.200684 0.029580 
0.201660 0.029581 
0.202637 0.029582 
0.203613 0.029583 
0.204590 0.029584 
0.205566 0.029585 
0.206543 0.029586 
0.207520 0.029588 
0.208496 0.029589 
0.209473 0.029590 
0.210449 0.029591 
0.211426 0.029592 
0.212402 0.029593 
0.213379 0.029595 
0.214355 0.029596 
0.215332 0.029597 
0.216309 0.029598 
0.217285 0.029600 
0.218262 0.029601 
0.219238 0.029602 
0.220215 0.029604 
0.221191 0.029605 
0.222168 0.029606 
0.223145 0.029608 
0.224121 0.029609 
0.225098 0.029610 
0.226074 0.029612 
0.227051 0.029613 
0.228027 0.029615 
0.229004 0.029616 
0.229980 0.029617 
0.230957 0.029619 
0.231934 0.029620 
0.232910 0.029622 
0.233887 0.029623 
0.234863 0.029625 
0.235840 0.029626 
0.236816 0.029628 
0.237793 0.029629 
0.238770 0.029631 
0.239746 0.029633 
0.240723 0.029634 
0.241699 0.029636 
0.242676 0.029638 
0.243652 0.029639 
0.244629 0.029641 
0.245605 0.029643 
0.246582 0.029644 
0.247559 0.029646 
0.248535 0.029648 
0.249512 0.029650 
0.250488 0.029651 
0.251465 0.029653 
0.252441 0.029655 
0.253418 0.029657 
0.254395 0.029659 
0.255371 0.029661 
0.256348 0.029663 
0.257324 0.029665 
0.258301 0.029667 
0.259277 0.029668 
0.260254 0.029670 
0.261230 0.029673 
0.262207 0.029675 
0.263184 0.029677 
0.264160 0.029679 
0.265137 0.029681 
0.266113 0.029683 
0.267090 0.029685 
0.268066 0.029687 
0.269043 0.029690 
0.270020 0.029692 
0.270996 0.029694 
0.271973 0.029696 
0.272949 0.029699 
0.273926 0.029701 
0.274902 0.029703 
0.275879 0.029706 
0.276855 0.029708 
0.277832 0.029711 
0.278809 0.029713 
0.279785 0.029716 
0.280762 0.029718 
0.281738 0.029721 
0.282715 0.029723 
0.283691 0.029726 
0.284668 0.029728 
0.285645 0.029731 
0.286621 0.029734 
0.287598 0.029737 
0.288574 0.029739 
0.289551 0.029742 
0.290527 0.029745 
0.291504 0.029748 
0.292480 0.029751 
0.293457 0.029754 
0.294434 0.029757 
0.295410 0.029760 
0.296387 0.029763 
0.297363 0.029766 
0.298340 0.029769 
0.299316 0.029772 
0.300293 0.029776 
0.301270 0.029779 
0.302246 0.029782 
0.303223 0.029785 
0.304199 0.029789 
0.305176 0.029792 
0.306152 0.029796 
0.307129 0.029799 
0.308105 0.029803 
0.309082 0.029806 
0.310059 0.029810 
0.311035 0.029814 
0.312012 0.029817 
0.312988 0.029821 
0.313965 0.029825 
0.314941 0.029829 
0.315918 0.029833 
0.316895 0.029837 
0.317871 0.029841 
0.318848 0.029845 
0.319824 0.029849 
0.320801 0.029853 
0.321777 0.029858 
0.322754 0.029862 
0.323730 0.029866 
0.324707 0.029871 
0.325684 0.029875 
0.326660 0.029880 
0.327637 0.029885 
0.328613 0.029889 
0.329590 0.029894 
0.330566 0.029899 
0.331543 0.029904 
0.332520 0.029909 
0.333496 0.029914 
0.334473 0.029919 
0.335449 0.029924 
0.336426 0.029929 
0.337402 0.029934 
0.338379 0.029940 
0.339355 0.029945 
0.340332 0.029951 
0.341309 0.029956 
0.342285 0.029962 
0.343262 0.029968 
0.344238 0.029974 
0.345215 0.029980 
0.346191 0.029986 
0.347168 0.029992 
0.348145 0.029998 
0.349121 0.030004 
0.350098 0.030011 
0.351074 0.030017 
0.352051 0.030024 
0.353027 0.030031 
0.354004 0.030037 
0.354980 0.030044 
0.355957 0.030051 
0.356934 0.030058 
0.357910 0.030066 
0.358887 0.030073 
0.359863 0.030080 
0.360840 0.030088 
0.361816 0.030096 
0.362793 0.030103 
0.363770 0.030111 
0.364746 0.030119 
0.365723 0.030127 
0.366699 0.030136 
0.367676 0.030144 
0.368652 0.030152 
0.369629 0.030161 
0.370605 0.030170 
0.371582 0.030179 
0.372559 0.030188 
0.373535 0.030197 
0.374512 0.030206 
0.375488 0.030216 
0.376465 0.030226 
0.377441 0.030235 
0.378418 0.030245 
0.379395 0.030256 
0.380371 0.030266 
0.381348 0.030276 
0.382324 0.030287 
0.383301 0.030298 
0.384277 0.030309 
0.385254 0.030320 
0.386230 0.030331 
0.387207 0.030343 
0.388184 0.030354 
0.389160 0.030366 
0.390137 0.030379 
0.391113 0.030391 
0.392090 0.030403 
0.393066 0.030416 
0.394043 0.030429 
0.395020 0.030442 
0.395996 0.030456 
0.396973 0.030469 
0.397949 0.030483 
0.398926 0.030497 
0.399902 0.030511 
0.400879 0.030526 
0.401855 0.030541 
0.402832 0.030556 
0.403809 0.030571 
0.404785 0.030587 
0.405762 0.030602 
0.406738 0.030618 
0.407715 0.030635 
0.408691 0.030651 
0.409668 0.030668 
0.410645 0.030686 
0.411621 0.030703 
0.412598 0.030721 
0.413574 0.030739 
0.414551 0.030758 
0.415527 0.030776 
0.416504 0.030796 
0.417480 0.030815 
0.418457 0.030835 
0.419434 0.030855 
0.420410 0.030876 
0.421387 0.030896 
0.422363 0.030918 
0.423340 0.030939 
0.424316 0.030961 
0.425293 0.030984 
0.426270 0.031007 
0.427246 0.031030 
0.428223 0.031053 
0.429199 0.031078 
0.430176 0.031102 
0.431152 0.031127 
0.432129 0.031152 
0.433105 0.031178 
0.434082 0.031205 
0.435059 0.031231 
0.436035 0.031259 
0.437012 0.031286 
0.437988 0.031315 
0.438965 0.031344 
0.439941 0.031373 
0.440918 0.031403 
0.441895 0.031433 
0.442871 0.031464 
0.443848 0.031496 
0.444824 0.031528 
0.445801 0.031561 
0.446777 0.031594 
0.447754 0.031628 
0.448730 0.031663 
0.449707 0.031698 
0.450684 0.031734 
0.451660 0.031770 
0.452637 0.031808 
0.453613 0.031845 
0.454590 0.031884 
0.455566 0.031924 
0.456543 0.031964 
0.457520 0.032005 
0.458496 0.032046 
0.459473 0.032089 
0.460449 0.032132 
0.461426 0.032176 
0.462402 0.032221 
0.463379 0.032267 
0.464355 0.032313 
0.465332 0.032361 
0.466309 0.032409 
0.467285 0.032458 
0.468262 0.032509 
0.469238 0.032560 
0.470215 0.032612 
0.471191 0.032665 
0.472168 0.032720 
0.473145 0.032775 
0.474121 0.032831 
0.475098 0.032889 
0.476074 0.032947 
0.477051 0.033007 
0.478027 0.033067 
0.479004 0.033129 
0.479980 0.033193 
0.480957 0.033257 
0.481934 0.033323 
0.482910 0.033389 
0.483887 0.033458 
0.484863 0.033527 
0.485840 0.033598 
0.486816 0.033670 
0.487793 0.033744 
0.488770 0.033819 
0.489746 0.033896 
0.490723 0.033974 
0.491699 0.034053 
0.492676 0.034134 
0.493652 0.034217 
0.494629 0.034302 
0.495605 0.034388 
0.496582 0.034475 
0.497559 0.034565 
0.498535 0.034656 
0.499512 0.034749 
