#cell coordinates and the corresponding deviation from the equilibrium 
-0.499512 0.034812 
-0.498535 0.034718 
-0.497559 0.034626 
-0.496582 0.034536 
-0.495605 0.034448 
-0.494629 0.034362 
-0.493652 0.034277 
-0.492676 0.034194 
-0.491699 0.034112 
-0.490723 0.034032 
-0.489746 0.033954 
-0.488770 0.033877 
-0.487793 0.033801 
-0.486816 0.033727 
-0.485840 0.033655 
-0.484863 0.033584 
-0.483887 0.033514 
-0.482910 0.033445 
-0.481934 0.033378 
-0.480957 0.033313 
-0.479980 0.033248 
-0.479004 0.033185 
-0.478027 0.033123 
-0.477051 0.033062 
-0.476074 0.033002 
-0.475098 0.032943 
-0.474121 0.032886 
-0.473145 0.032829 
-0.472168 0.032774 
-0.471191 0.032720 
-0.470215 0.032667 
-0.469238 0.032614 
-0.468262 0.032563 
-0.467285 0.032513 
-0.466309 0.032464 
-0.465332 0.032415 
-0.464355 0.032368 
-0.463379 0.032322 
-0.462402 0.032276 
-0.461426 0.032231 
-0.460449 0.032187 
-0.459473 0.032144 
-0.458496 0.032102 
-0.457520 0.032061 
-0.456543 0.032020 
-0.455566 0.031980 
-0.454590 0.031941 
-0.453613 0.031903 
-0.452637 0.031865 
-0.451660 0.031828 
-0.450684 0.031792 
-0.449707 0.031756 
-0.448730 0.031722 
-0.447754 0.031687 
-0.446777 0.031654 
-0.445801 0.031621 
-0.444824 0.031589 
-0.443848 0.031557 
-0.442871 0.031526 
-0.441895 0.031496 
-0.440918 0.031466 
-0.439941 0.031436 
-0.438965 0.031408 
-0.437988 0.031379 
-0.437012 0.031352 
-0.436035 0.031325 
-0.435059 0.031298 
-0.434082 0.031272 
-0.433105 0.031246 
-0.432129 0.031221 
-0.431152 0.031197 
-0.430176 0.031172 
-0.429199 0.031149 
-0.428223 0.031125 
-0.427246 0.031103 
-0.426270 0.031080 
-0.425293 0.031058 
-0.424316 0.030846 
-0.423340 0.030828 
-0.422363 0.030812 
-0.421387 0.030797 
-0.420410 0.030781 
-0.419434 0.030766 
-0.418457 0.030751 
-0.417480 0.030736 
-0.416504 0.030721 
-0.415527 0.030706 
-0.414551 0.030692 
-0.413574 0.030678 
-0.412598 0.030663 
-0.411621 0.030650 
-0.410645 0.030636 
-0.409668 0.030622 
-0.408691 0.030609 
-0.407715 0.030596 
-0.406738 0.030583 
-0.405762 0.030570 
-0.404785 0.030557 
-0.403809 0.030544 
-0.402832 0.030532 
-0.401855 0.030520 
-0.400879 0.030508 
-0.399902 0.030496 
-0.398926 0.030484 
-0.397949 0.030472 
-0.396973 0.030461 
-0.395996 0.030449 
-0.395020 0.030438 
-0.394043 0.030427 
-0.393066 0.030416 
-0.392090 0.030405 
-0.391113 0.030395 
-0.390137 0.030384 
-0.389160 0.030374 
-0.388184 0.030363 
-0.387207 0.030353 
-0.386230 0.030343 
-0.385254 0.030333 
-0.384277 0.030323 
-0.383301 0.030314 
-0.382324 0.030304 
-0.381348 0.030295 
-0.380371 0.030286 
-0.379395 0.030276 
-0.378418 0.030267 
-0.377441 0.030258 
-0.376465 0.030249 
-0.375488 0.030241 
-0.374512 0.030232 
-0.373535 0.030224 
-0.372559 0.030215 
-0.371582 0.030207 
-0.370605 0.030199 
-0.369629 0.030190 
-0.368652 0.030182 
-0.367676 0.030175 
-0.366699 0.030167 
-0.365723 0.030159 
-0.364746 0.030151 
-0.363770 0.030144 
-0.362793 0.030136 
-0.361816 0.030129 
-0.360840 0.030122 
-0.359863 0.030115 
-0.358887 0.030108 
-0.357910 0.030101 
-0.356934 0.030094 
-0.355957 0.030087 
-0.354980 0.030080 
-0.354004 0.030074 
-0.353027 0.030067 
-0.352051 0.030061 
-0.351074 0.030054 
-0.350098 0.030048 
-0.349121 0.029979 
-0.348145 0.029974 
-0.347168 0.029969 
-0.346191 0.029964 
-0.345215 0.029959 
-0.344238 0.029954 
-0.343262 0.029950 
-0.342285 0.029945 
-0.341309 0.029940 
-0.340332 0.029936 
-0.339355 0.029931 
-0.338379 0.029927 
-0.337402 0.029922 
-0.336426 0.029918 
-0.335449 0.029913 
-0.334473 0.029909 
-0.333496 0.029905 
-0.332520 0.029900 
-0.331543 0.029896 
-0.330566 0.029892 
-0.329590 0.029888 
-0.328613 0.029884 
-0.327637 0.029880 
-0.326660 0.029875 
-0.325684 0.029871 
-0.324707 0.029867 
-0.323730 0.029864 
-0.322754 0.029860 
-0.321777 0.029856 
-0.320801 0.029852 
-0.319824 0.029848 
-0.318848 0.029844 
-0.317871 0.029840 
-0.316895 0.029837 
-0.315918 0.029833 
-0.314941 0.029829 
-0.313965 0.029826 
-0.312988 0.029822 
-0.312012 0.029819 
-0.311035 0.029815 
-0.310059 0.029812 
-0.309082 0.029808 
-0.308105 0.029805 
-0.307129 0.029801 
-0.306152 0.029798 
-0.305176 0.029794 
-0.304199 0.029791 
-0.303223 0.029788 
-0.302246 0.029785 
-0.301270 0.029781 
-0.300293 0.029778 
-0.299316 0.029775 
-0.298340 0.029772 
-0.297363 0.029769 
-0.296387 0.029766 
-0.295410 0.029763 
-0.294434 0.029759 
-0.293457 0.029756 
-0.292480 0.029753 
-0.291504 0.029751 
-0.290527 0.029748 
-0.289551 0.029745 
-0.288574 0.029742 
-0.287598 0.029739 
-0.286621 0.029736 
-0.285645 0.029733 
-0.284668 0.029730 
-0.283691 0.029728 
-0.282715 0.029725 
-0.281738 0.029722 
-0.280762 0.029720 
-0.279785 0.029717 
-0.278809 0.029714 
-0.277832 0.029712 
-0.276855 0.029709 
-0.275879 0.029706 
-0.274902 0.029704 
-0.273926 0.029701 
-0.272949 0.029699 
-0.271973 0.029696 
-0.270996 0.029694 
-0.270020 0.029692 
-0.269043 0.029689 
-0.268066 0.029687 
-0.267090 0.029684 
-0.266113 0.029682 
-0.265137 0.029680 
-0.264160 0.029677 
-0.263184 0.029675 
-0.262207 0.029673 
-0.261230 0.029671 
-0.260254 0.029668 
-0.259277 0.029666 
-0.258301 0.029664 
-0.257324 0.029662 
-0.256348 0.029660 
-0.255371 0.029657 
-0.254395 0.029655 
-0.253418 0.029653 
-0.252441 0.029651 
-0.251465 0.029649 
-0.250488 0.029647 
-0.249512 0.029645 
-0.248535 0.029643 
-0.247559 0.029641 
-0.246582 0.029639 
-0.245605 0.029637 
-0.244629 0.029635 
-0.243652 0.029633 
-0.242676 0.029631 
-0.241699 0.029629 
-0.240723 0.029628 
-0.239746 0.029626 
-0.238770 0.029624 
-0.237793 0.029622 
-0.236816 0.029620 
-0.235840 0.029619 
-0.234863 0.029617 
-0.233887 0.029615 
-0.232910 0.029613 
-0.231934 0.029612 
-0.230957 0.029610 
-0.229980 0.029608 
-0.229004 0.029606 
-0.228027 0.029605 
-0.227051 0.029603 
-0.226074 0.029602 
-0.225098 0.029600 
-0.224121 0.029598 
-0.223145 0.029597 
-0.222168 0.029595 
-0.221191 0.029594 
-0.220215 0.029592 
-0.219238 0.029591 
-0.218262 0.029589 
-0.217285 0.029588 
-0.216309 0.029586 
-0.215332 0.029585 
-0.214355 0.029583 
-0.213379 0.029582 
-0.212402 0.029580 
-0.211426 0.029579 
-0.210449 0.029577 
-0.209473 0.029576 
-0.208496 0.029575 
-0.207520 0.029573 
-0.206543 0.029572 
-0.205566 0.029571 
-0.204590 0.029569 
-0.203613 0.029568 
-0.202637 0.029567 
-0.201660 0.029565 
-0.200684 0.029564 
-0.199707 0.029563 
-0.198730 0.029561 
-0.197754 0.029560 
-0.196777 0.029559 
-0.195801 0.029558 
-0.194824 0.029556 
-0.193848 0.029555 
-0.192871 0.029554 
-0.191895 0.029553 
-0.190918 0.029552 
-0.189941 0.029551 
-0.188965 0.029549 
-0.187988 0.029548 
-0.187012 0.029547 
-0.186035 0.029546 
-0.185059 0.029545 
-0.184082 0.029544 
-0.183105 0.029543 
-0.182129 0.029542 
-0.181152 0.029541 
-0.180176 0.029540 
-0.179199 0.029538 
-0.178223 0.029537 
-0.177246 0.029536 
-0.176270 0.029535 
-0.175293 0.029534 
-0.174316 0.029533 
-0.173340 0.029532 
-0.172363 0.029531 
-0.171387 0.029530 
-0.170410 0.029529 
-0.169434 0.029529 
-0.168457 0.029528 
-0.167480 0.029527 
-0.166504 0.029526 
-0.165527 0.029525 
-0.164551 0.029524 
-0.163574 0.029523 
-0.162598 0.029522 
-0.161621 0.029521 
-0.160645 0.029520 
-0.159668 0.029520 
-0.158691 0.029519 
-0.157715 0.029518 
-0.156738 0.029517 
-0.155762 0.029516 
-0.154785 0.029515 
-0.153809 0.029515 
-0.152832 0.029514 
-0.151855 0.029513 
-0.150879 0.029512 
-0.149902 0.029511 
-0.148926 0.029511 
-0.147949 0.029510 
-0.146973 0.029509 
-0.145996 0.029508 
-0.145020 0.029508 
-0.144043 0.029507 
-0.143066 0.029506 
-0.142090 0.029505 
-0.141113 0.029505 
-0.140137 0.029504 
-0.139160 0.029503 
-0.138184 0.029503 
-0.137207 0.029502 
-0.136230 0.029501 
-0.135254 0.029500 
-0.134277 0.029500 
-0.133301 0.029499 
-0.132324 0.029499 
-0.131348 0.029498 
-0.130371 0.029497 
-0.129395 0.029497 
-0.128418 0.029496 
-0.127441 0.029495 
-0.126465 0.029495 
-0.125488 0.029494 
-0.124512 0.029494 
-0.123535 0.029493 
-0.122559 0.029492 
-0.121582 0.029492 
-0.120605 0.029491 
-0.119629 0.029491 
-0.118652 0.029490 
-0.117676 0.029490 
-0.116699 0.029489 
-0.115723 0.029488 
-0.114746 0.029488 
-0.113770 0.029487 
-0.112793 0.029487 
-0.111816 0.029486 
-0.110840 0.029486 
-0.109863 0.029485 
-0.108887 0.029485 
-0.107910 0.029484 
-0.106934 0.029484 
-0.105957 0.029483 
-0.104980 0.029483 
-0.104004 0.029482 
-0.103027 0.029482 
-0.102051 0.029482 
-0.101074 0.029481 
-0.100098 0.029481 
-0.099121 0.029480 
-0.098145 0.029480 
-0.097168 0.029479 
-0.096191 0.029479 
-0.095215 0.029478 
-0.094238 0.029478 
-0.093262 0.029478 
-0.092285 0.029477 
-0.091309 0.029477 
-0.090332 0.029476 
-0.089355 0.029476 
-0.088379 0.029476 
-0.087402 0.029475 
-0.086426 0.029475 
-0.085449 0.029475 
-0.084473 0.029474 
-0.083496 0.029474 
-0.082520 0.029473 
-0.081543 0.029473 
-0.080566 0.029473 
-0.079590 0.029472 
-0.078613 0.029472 
-0.077637 0.029472 
-0.076660 0.029471 
-0.075684 0.029471 
-0.074707 0.029471 
-0.073730 0.029470 
-0.072754 0.029470 
-0.071777 0.029470 
-0.070801 0.029470 
-0.069824 0.029469 
-0.068848 0.029469 
-0.067871 0.029469 
-0.066895 0.029468 
-0.065918 0.029468 
-0.064941 0.029468 
-0.063965 0.029468 
-0.062988 0.029467 
-0.062012 0.029467 
-0.061035 0.029467 
-0.060059 0.029467 
-0.059082 0.029466 
-0.058105 0.029466 
-0.057129 0.029466 
-0.056152 0.029466 
-0.055176 0.029465 
-0.054199 0.029465 
-0.053223 0.029465 
-0.052246 0.029465 
-0.051270 0.029465 
-0.050293 0.029464 
-0.049316 0.029464 
-0.048340 0.029464 
-0.047363 0.029464 
-0.046387 0.029464 
-0.045410 0.029463 
-0.044434 0.029463 
-0.043457 0.029463 
-0.042480 0.029463 
-0.041504 0.029463 
-0.040527 0.029462 
-0.039551 0.029462 
-0.038574 0.029462 
-0.037598 0.029462 
-0.036621 0.029462 
-0.035645 0.029462 
-0.034668 0.029462 
-0.033691 0.029461 
-0.032715 0.029461 
-0.031738 0.029461 
-0.030762 0.029461 
-0.029785 0.029461 
-0.028809 0.029461 
-0.027832 0.029461 
-0.026855 0.029461 
-0.025879 0.029461 
-0.024902 0.029460 
-0.023926 0.029460 
-0.022949 0.029460 
-0.021973 0.029460 
-0.020996 0.029460 
-0.020020 0.029460 
-0.019043 0.029460 
-0.018066 0.029460 
-0.017090 0.029460 
-0.016113 0.029460 
-0.015137 0.029460 
-0.014160 0.029460 
-0.013184 0.029460 
-0.012207 0.029459 
-0.011230 0.029459 
-0.010254 0.029459 
-0.009277 0.029459 
-0.008301 0.029459 
-0.007324 0.029459 
-0.006348 0.029459 
-0.005371 0.029459 
-0.004395 0.029459 
-0.003418 0.029459 
-0.002441 0.029459 
-0.001465 0.029459 
-0.000488 0.029459 
0.000488 0.029459 
0.001465 0.029459 
0.002441 0.029459 
0.003418 0.029459 
0.004395 0.029459 
0.005371 0.029459 
0.006348 0.029459 
0.007324 0.029459 
0.008301 0.029459 
0.009277 0.029459 
0.010254 0.029459 
0.011230 0.029459 
0.012207 0.029459 
0.013184 0.029460 
0.014160 0.029460 
0.015137 0.029460 
0.016113 0.029460 
0.017090 0.029460 
0.018066 0.029460 
0.019043 0.029460 
0.020020 0.029460 
0.020996 0.029460 
0.021973 0.029460 
0.022949 0.029460 
0.023926 0.029460 
0.024902 0.029460 
0.025879 0.029461 
0.026855 0.029461 
0.027832 0.029461 
0.028809 0.029461 
0.029785 0.029461 
0.030762 0.029461 
0.031738 0.029461 
0.032715 0.029461 
0.033691 0.029461 
0.034668 0.029462 
0.035645 0.029462 
0.036621 0.029462 
0.037598 0.029462 
0.038574 0.029462 
0.039551 0.029462 
0.040527 0.029462 
0.041504 0.029463 
0.042480 0.029463 
0.043457 0.029463 
0.044434 0.029463 
0.045410 0.029463 
0.046387 0.029464 
0.047363 0.029464 
0.048340 0.029464 
0.049316 0.029464 
0.050293 0.029464 
0.051270 0.029465 
0.052246 0.029465 
0.053223 0.029465 
0.054199 0.029465 
0.055176 0.029465 
0.056152 0.029466 
0.057129 0.029466 
0.058105 0.029466 
0.059082 0.029466 
0.060059 0.029467 
0.061035 0.029467 
0.062012 0.029467 
0.062988 0.029467 
0.063965 0.029468 
0.064941 0.029468 
0.065918 0.029468 
0.066895 0.029468 
0.067871 0.029469 
0.068848 0.029469 
0.069824 0.029469 
0.070801 0.029470 
0.071777 0.029470 
0.072754 0.029470 
0.073730 0.029470 
0.074707 0.029471 
0.075684 0.029471 
0.076660 0.029471 
0.077637 0.029472 
0.078613 0.029472 
0.079590 0.029472 
0.080566 0.029473 
0.081543 0.029473 
0.082520 0.029473 
0.083496 0.029474 
0.084473 0.029474 
0.085449 0.029475 
0.086426 0.029475 
0.087402 0.029475 
0.088379 0.029476 
0.089355 0.029476 
0.090332 0.029476 
0.091309 0.029477 
0.092285 0.029477 
0.093262 0.029478 
0.094238 0.029478 
0.095215 0.029478 
0.096191 0.029479 
0.097168 0.029479 
0.098145 0.029480 
0.099121 0.029480 
0.100098 0.029481 
0.101074 0.029481 
0.102051 0.029482 
0.103027 0.029482 
0.104004 0.029482 
0.104980 0.029483 
0.105957 0.029483 
0.106934 0.029484 
0.107910 0.029484 
0.108887 0.029485 
0.109863 0.029485 
0.110840 0.029486 
0.111816 0.029486 
0.112793 0.029487 
0.113770 0.029487 
0.114746 0.029488 
0.115723 0.029488 
0.116699 0.029489 
0.117676 0.029490 
0.118652 0.029490 
0.119629 0.029491 
0.120605 0.029491 
0.121582 0.029492 
0.122559 0.029492 
0.123535 0.029493 
0.124512 0.029494 
0.125488 0.029494 
0.126465 0.029495 
0.127441 0.029495 
0.128418 0.029496 
0.129395 0.029497 
0.130371 0.029497 
0.131348 0.029498 
0.132324 0.029499 
0.133301 0.029499 
0.134277 0.029500 
0.135254 0.029500 
0.136230 0.029501 
0.137207 0.029502 
0.138184 0.029503 
0.139160 0.029503 
0.140137 0.029504 
0.141113 0.029505 
0.142090 0.029505 
0.143066 0.029506 
0.144043 0.029507 
0.145020 0.029508 
0.145996 0.029508 
0.146973 0.029509 
0.147949 0.029510 
0.148926 0.029511 
0.149902 0.029511 
0.150879 0.029512 
0.151855 0.029513 
0.152832 0.029514 
0.153809 0.029515 
0.154785 0.029515 
0.155762 0.029516 
0.156738 0.029517 
0.157715 0.029518 
0.158691 0.029519 
0.159668 0.029520 
0.160645 0.029520 
0.161621 0.029521 
0.162598 0.029522 
0.163574 0.029523 
0.164551 0.029524 
0.165527 0.029525 
0.166504 0.029526 
0.167480 0.029527 
0.168457 0.029528 
0.169434 0.029529 
0.170410 0.029529 
0.171387 0.029530 
0.172363 0.029531 
0.173340 0.029532 
0.174316 0.029533 
0.175293 0.029534 
0.176270 0.029535 
0.177246 0.029536 
0.178223 0.029537 
0.179199 0.029538 
0.180176 0.029540 
0.181152 0.029541 
0.182129 0.029542 
0.183105 0.029543 
0.184082 0.029544 
0.185059 0.029545 
0.186035 0.029546 
0.187012 0.029547 
0.187988 0.029548 
0.188965 0.029549 
0.189941 0.029551 
0.190918 0.029552 
0.191895 0.029553 
0.192871 0.029554 
0.193848 0.029555 
0.194824 0.029556 
0.195801 0.029558 
0.196777 0.029559 
0.197754 0.029560 
0.198730 0.029561 
0.199707 0.029563 
0.200684 0.029564 
0.201660 0.029565 
0.202637 0.029567 
0.203613 0.029568 
0.204590 0.029569 
0.205566 0.029571 
0.206543 0.029572 
0.207520 0.029573 
0.208496 0.029575 
0.209473 0.029576 
0.210449 0.029577 
0.211426 0.029579 
0.212402 0.029580 
0.213379 0.029582 
0.214355 0.029583 
0.215332 0.029585 
0.216309 0.029586 
0.217285 0.029588 
0.218262 0.029589 
0.219238 0.029591 
0.220215 0.029592 
0.221191 0.029594 
0.222168 0.029595 
0.223145 0.029597 
0.224121 0.029598 
0.225098 0.029600 
0.226074 0.029602 
0.227051 0.029603 
0.228027 0.029605 
0.229004 0.029606 
0.229980 0.029608 
0.230957 0.029610 
0.231934 0.029612 
0.232910 0.029613 
0.233887 0.029615 
0.234863 0.029617 
0.235840 0.029619 
0.236816 0.029620 
0.237793 0.029622 
0.238770 0.029624 
0.239746 0.029626 
0.240723 0.029628 
0.241699 0.029629 
0.242676 0.029631 
0.243652 0.029633 
0.244629 0.029635 
0.245605 0.029637 
0.246582 0.029639 
0.247559 0.029641 
0.248535 0.029643 
0.249512 0.029645 
0.250488 0.029647 
0.251465 0.029649 
0.252441 0.029651 
0.253418 0.029653 
0.254395 0.029655 
0.255371 0.029657 
0.256348 0.029660 
0.257324 0.029662 
0.258301 0.029664 
0.259277 0.029666 
0.260254 0.029668 
0.261230 0.029671 
0.262207 0.029673 
0.263184 0.029675 
0.264160 0.029677 
0.265137 0.029680 
0.266113 0.029682 
0.267090 0.029684 
0.268066 0.029687 
0.269043 0.029689 
0.270020 0.029692 
0.270996 0.029694 
0.271973 0.029696 
0.272949 0.029699 
0.273926 0.029701 
0.274902 0.029704 
0.275879 0.029706 
0.276855 0.029709 
0.277832 0.029712 
0.278809 0.029714 
0.279785 0.029717 
0.280762 0.029720 
0.281738 0.029722 
0.282715 0.029725 
0.283691 0.029728 
0.284668 0.029730 
0.285645 0.029733 
0.286621 0.029736 
0.287598 0.029739 
0.288574 0.029742 
0.289551 0.029745 
0.290527 0.029748 
0.291504 0.029751 
0.292480 0.029753 
0.293457 0.029756 
0.294434 0.029759 
0.295410 0.029763 
0.296387 0.029766 
0.297363 0.029769 
0.298340 0.029772 
0.299316 0.029775 
0.300293 0.029778 
0.301270 0.029781 
0.302246 0.029785 
0.303223 0.029788 
0.304199 0.029791 
0.305176 0.029794 
0.306152 0.029798 
0.307129 0.029801 
0.308105 0.029805 
0.309082 0.029808 
0.310059 0.029812 
0.311035 0.029815 
0.312012 0.029819 
0.312988 0.029822 
0.313965 0.029826 
0.314941 0.029829 
0.315918 0.029833 
0.316895 0.029837 
0.317871 0.029840 
0.318848 0.029844 
0.319824 0.029848 
0.320801 0.029852 
0.321777 0.029856 
0.322754 0.029860 
0.323730 0.029864 
0.324707 0.029867 
0.325684 0.029871 
0.326660 0.029875 
0.327637 0.029880 
0.328613 0.029884 
0.329590 0.029888 
0.330566 0.029892 
0.331543 0.029896 
0.332520 0.029900 
0.333496 0.029905 
0.334473 0.029909 
0.335449 0.029913 
0.336426 0.029918 
0.337402 0.029922 
0.338379 0.029927 
0.339355 0.029931 
0.340332 0.029936 
0.341309 0.029940 
0.342285 0.029945 
0.343262 0.029950 
0.344238 0.029954 
0.345215 0.029959 
0.346191 0.029964 
0.347168 0.029969 
0.348145 0.029974 
0.349121 0.029979 
0.350098 0.030048 
0.351074 0.030054 
0.352051 0.030061 
0.353027 0.030067 
0.354004 0.030074 
0.354980 0.030080 
0.355957 0.030087 
0.356934 0.030094 
0.357910 0.030101 
0.358887 0.030108 
0.359863 0.030115 
0.360840 0.030122 
0.361816 0.030129 
0.362793 0.030136 
0.363770 0.030144 
0.364746 0.030151 
0.365723 0.030159 
0.366699 0.030167 
0.367676 0.030175 
0.368652 0.030182 
0.369629 0.030190 
0.370605 0.030199 
0.371582 0.030207 
0.372559 0.030215 
0.373535 0.030224 
0.374512 0.030232 
0.375488 0.030241 
0.376465 0.030249 
0.377441 0.030258 
0.378418 0.030267 
0.379395 0.030276 
0.380371 0.030286 
0.381348 0.030295 
0.382324 0.030304 
0.383301 0.030314 
0.384277 0.030323 
0.385254 0.030333 
0.386230 0.030343 
0.387207 0.030353 
0.388184 0.030363 
0.389160 0.030374 
0.390137 0.030384 
0.391113 0.030395 
0.392090 0.030405 
0.393066 0.030416 
0.394043 0.030427 
0.395020 0.030438 
0.395996 0.030449 
0.396973 0.030461 
0.397949 0.030472 
0.398926 0.030484 
0.399902 0.030496 
0.400879 0.030508 
0.401855 0.030520 
0.402832 0.030532 
0.403809 0.030544 
0.404785 0.030557 
0.405762 0.030570 
0.406738 0.030583 
0.407715 0.030596 
0.408691 0.030609 
0.409668 0.030622 
0.410645 0.030636 
0.411621 0.030650 
0.412598 0.030663 
0.413574 0.030678 
0.414551 0.030692 
0.415527 0.030706 
0.416504 0.030721 
0.417480 0.030736 
0.418457 0.030751 
0.419434 0.030766 
0.420410 0.030781 
0.421387 0.030797 
0.422363 0.030812 
0.423340 0.030828 
0.424316 0.030846 
0.425293 0.031058 
0.426270 0.031080 
0.427246 0.031103 
0.428223 0.031125 
0.429199 0.031149 
0.430176 0.031172 
0.431152 0.031197 
0.432129 0.031221 
0.433105 0.031246 
0.434082 0.031272 
0.435059 0.031298 
0.436035 0.031325 
0.437012 0.031352 
0.437988 0.031379 
0.438965 0.031408 
0.439941 0.031436 
0.440918 0.031466 
0.441895 0.031496 
0.442871 0.031526 
0.443848 0.031557 
0.444824 0.031589 
0.445801 0.031621 
0.446777 0.031654 
0.447754 0.031687 
0.448730 0.031722 
0.449707 0.031756 
0.450684 0.031792 
0.451660 0.031828 
0.452637 0.031865 
0.453613 0.031903 
0.454590 0.031941 
0.455566 0.031980 
0.456543 0.032020 
0.457520 0.032061 
0.458496 0.032102 
0.459473 0.032144 
0.460449 0.032187 
0.461426 0.032231 
0.462402 0.032276 
0.463379 0.032322 
0.464355 0.032368 
0.465332 0.032415 
0.466309 0.032464 
0.467285 0.032513 
0.468262 0.032563 
0.469238 0.032614 
0.470215 0.032667 
0.471191 0.032720 
0.472168 0.032774 
0.473145 0.032829 
0.474121 0.032886 
0.475098 0.032943 
0.476074 0.033002 
0.477051 0.033062 
0.478027 0.033123 
0.479004 0.033185 
0.479980 0.033248 
0.480957 0.033313 
0.481934 0.033378 
0.482910 0.033445 
0.483887 0.033514 
0.484863 0.033584 
0.485840 0.033655 
0.486816 0.033727 
0.487793 0.033801 
0.488770 0.033877 
0.489746 0.033954 
0.490723 0.034032 
0.491699 0.034112 
0.492676 0.034194 
0.493652 0.034277 
0.494629 0.034362 
0.495605 0.034448 
0.496582 0.034536 
0.497559 0.034626 
0.498535 0.034718 
0.499512 0.034812 
