#cell coordinates and the corresponding deviation from the equilibrium 
-0.499512 0.034742 
-0.498535 0.034649 
-0.497559 0.034558 
-0.496582 0.034468 
-0.495605 0.034381 
-0.494629 0.034295 
-0.493652 0.034210 
-0.492676 0.034128 
-0.491699 0.034047 
-0.490723 0.033967 
-0.489746 0.033889 
-0.488770 0.033813 
-0.487793 0.033738 
-0.486816 0.033664 
-0.485840 0.033592 
-0.484863 0.033521 
-0.483887 0.033452 
-0.482910 0.033383 
-0.481934 0.033317 
-0.480957 0.033251 
-0.479980 0.033187 
-0.479004 0.033124 
-0.478027 0.033062 
-0.477051 0.033001 
-0.476074 0.032941 
-0.475098 0.032883 
-0.474121 0.032825 
-0.473145 0.032769 
-0.472168 0.032714 
-0.471191 0.032660 
-0.470215 0.032607 
-0.469238 0.032554 
-0.468262 0.032503 
-0.467285 0.032453 
-0.466309 0.032404 
-0.465332 0.032355 
-0.464355 0.032308 
-0.463379 0.032261 
-0.462402 0.032216 
-0.461426 0.032171 
-0.460449 0.032127 
-0.459473 0.032083 
-0.458496 0.032041 
-0.457520 0.031999 
-0.456543 0.031959 
-0.455566 0.031918 
-0.454590 0.031879 
-0.453613 0.031840 
-0.452637 0.031802 
-0.451660 0.031765 
-0.450684 0.031729 
-0.449707 0.031693 
-0.448730 0.031658 
-0.447754 0.031623 
-0.446777 0.031589 
-0.445801 0.031556 
-0.444824 0.031523 
-0.443848 0.031491 
-0.442871 0.031459 
-0.441895 0.031428 
-0.440918 0.031398 
-0.439941 0.031368 
-0.438965 0.031339 
-0.437988 0.031310 
-0.437012 0.031282 
-0.436035 0.031254 
-0.435059 0.031227 
-0.434082 0.031200 
-0.433105 0.031174 
-0.432129 0.031148 
-0.431152 0.031122 
-0.430176 0.031097 
-0.429199 0.031073 
-0.428223 0.031049 
-0.427246 0.031025 
-0.426270 0.031002 
-0.425293 0.030979 
-0.424316 0.030957 
-0.423340 0.030935 
-0.422363 0.030913 
-0.421387 0.030892 
-0.420410 0.030871 
-0.419434 0.030851 
-0.418457 0.030830 
-0.417480 0.030811 
-0.416504 0.030791 
-0.415527 0.030772 
-0.414551 0.030753 
-0.413574 0.030735 
-0.412598 0.030717 
-0.411621 0.030699 
-0.410645 0.030681 
-0.409668 0.030664 
-0.408691 0.030647 
-0.407715 0.030630 
-0.406738 0.030614 
-0.405762 0.030598 
-0.404785 0.030582 
-0.403809 0.030567 
-0.402832 0.030551 
-0.401855 0.030536 
-0.400879 0.030521 
-0.399902 0.030507 
-0.398926 0.030493 
-0.397949 0.030479 
-0.396973 0.030465 
-0.395996 0.030451 
-0.395020 0.030438 
-0.394043 0.030425 
-0.393066 0.030412 
-0.392090 0.030399 
-0.391113 0.030387 
-0.390137 0.030374 
-0.389160 0.030362 
-0.388184 0.030350 
-0.387207 0.030338 
-0.386230 0.030327 
-0.385254 0.030316 
-0.384277 0.030304 
-0.383301 0.030293 
-0.382324 0.030283 
-0.381348 0.030272 
-0.380371 0.030262 
-0.379395 0.030251 
-0.378418 0.030241 
-0.377441 0.030231 
-0.376465 0.030221 
-0.375488 0.030212 
-0.374512 0.030202 
-0.373535 0.030193 
-0.372559 0.030184 
-0.371582 0.030175 
-0.370605 0.030166 
-0.369629 0.030157 
-0.368652 0.030148 
-0.367676 0.030140 
-0.366699 0.030131 
-0.365723 0.030123 
-0.364746 0.030115 
-0.363770 0.030107 
-0.362793 0.030099 
-0.361816 0.030091 
-0.360840 0.030084 
-0.359863 0.030076 
-0.358887 0.030069 
-0.357910 0.030061 
-0.356934 0.030054 
-0.355957 0.030047 
-0.354980 0.030040 
-0.354004 0.030033 
-0.353027 0.030026 
-0.352051 0.030020 
-0.351074 0.030013 
-0.350098 0.030007 
-0.349121 0.030000 
-0.348145 0.029994 
-0.347168 0.029988 
-0.346191 0.029981 
-0.345215 0.029975 
-0.344238 0.029969 
-0.343262 0.029964 
-0.342285 0.029958 
-0.341309 0.029952 
-0.340332 0.029946 
-0.339355 0.029941 
-0.338379 0.029935 
-0.337402 0.029930 
-0.336426 0.029925 
-0.335449 0.029920 
-0.334473 0.029914 
-0.333496 0.029909 
-0.332520 0.029904 
-0.331543 0.029899 
-0.330566 0.029894 
-0.329590 0.029890 
-0.328613 0.029885 
-0.327637 0.029880 
-0.326660 0.029875 
-0.325684 0.029871 
-0.324707 0.029866 
-0.323730 0.029862 
-0.322754 0.029858 
-0.321777 0.029853 
-0.320801 0.029849 
-0.319824 0.029845 
-0.318848 0.029841 
-0.317871 0.029836 
-0.316895 0.029832 
-0.315918 0.029828 
-0.314941 0.029824 
-0.313965 0.029821 
-0.312988 0.029817 
-0.312012 0.029813 
-0.311035 0.029809 
-0.310059 0.029805 
-0.309082 0.029802 
-0.308105 0.029798 
-0.307129 0.029795 
-0.306152 0.029791 
-0.305176 0.029788 
-0.304199 0.029784 
-0.303223 0.029781 
-0.302246 0.029778 
-0.301270 0.029774 
-0.300293 0.029771 
-0.299316 0.029768 
-0.298340 0.029765 
-0.297363 0.029761 
-0.296387 0.029758 
-0.295410 0.029755 
-0.294434 0.029752 
-0.293457 0.029749 
-0.292480 0.029746 
-0.291504 0.029743 
-0.290527 0.029740 
-0.289551 0.029738 
-0.288574 0.029735 
-0.287598 0.029732 
-0.286621 0.029729 
-0.285645 0.029726 
-0.284668 0.029724 
-0.283691 0.029721 
-0.282715 0.029718 
-0.281738 0.029716 
-0.280762 0.029713 
-0.279785 0.029711 
-0.278809 0.029708 
-0.277832 0.029706 
-0.276855 0.029703 
-0.275879 0.029701 
-0.274902 0.029698 
-0.273926 0.029696 
-0.272949 0.029694 
-0.271973 0.029691 
-0.270996 0.029689 
-0.270020 0.029687 
-0.269043 0.029685 
-0.268066 0.029682 
-0.267090 0.029680 
-0.266113 0.029678 
-0.265137 0.029676 
-0.264160 0.029674 
-0.263184 0.029672 
-0.262207 0.029670 
-0.261230 0.029668 
-0.260254 0.029665 
-0.259277 0.029663 
-0.258301 0.029661 
-0.257324 0.029659 
-0.256348 0.029658 
-0.255371 0.029656 
-0.254395 0.029654 
-0.253418 0.029652 
-0.252441 0.029650 
-0.251465 0.029648 
-0.250488 0.029646 
-0.249512 0.029644 
-0.248535 0.029643 
-0.247559 0.029641 
-0.246582 0.029639 
-0.245605 0.029637 
-0.244629 0.029636 
-0.243652 0.029634 
-0.242676 0.029632 
-0.241699 0.029631 
-0.240723 0.029629 
-0.239746 0.029627 
-0.238770 0.029626 
-0.237793 0.029624 
-0.236816 0.029623 
-0.235840 0.029621 
-0.234863 0.029619 
-0.233887 0.029618 
-0.232910 0.029616 
-0.231934 0.029615 
-0.230957 0.029613 
-0.229980 0.029612 
-0.229004 0.029610 
-0.228027 0.029609 
-0.227051 0.029608 
-0.226074 0.029606 
-0.225098 0.029605 
-0.224121 0.029603 
-0.223145 0.029602 
-0.222168 0.029601 
-0.221191 0.029599 
-0.220215 0.029598 
-0.219238 0.029597 
-0.218262 0.029595 
-0.217285 0.029594 
-0.216309 0.029593 
-0.215332 0.029591 
-0.214355 0.029590 
-0.213379 0.029589 
-0.212402 0.029588 
-0.211426 0.029586 
-0.210449 0.029585 
-0.209473 0.029584 
-0.208496 0.029583 
-0.207520 0.029582 
-0.206543 0.029581 
-0.205566 0.029579 
-0.204590 0.029578 
-0.203613 0.029577 
-0.202637 0.029576 
-0.201660 0.029575 
-0.200684 0.029574 
-0.199707 0.029573 
-0.198730 0.029572 
-0.197754 0.029570 
-0.196777 0.029569 
-0.195801 0.029568 
-0.194824 0.029567 
-0.193848 0.029566 
-0.192871 0.029565 
-0.191895 0.029564 
-0.190918 0.029563 
-0.189941 0.029562 
-0.188965 0.029561 
-0.187988 0.029560 
-0.187012 0.029559 
-0.186035 0.029558 
-0.185059 0.029557 
-0.184082 0.029556 
-0.183105 0.029556 
-0.182129 0.029555 
-0.181152 0.029554 
-0.180176 0.029553 
-0.179199 0.029552 
-0.178223 0.029551 
-0.177246 0.029550 
-0.176270 0.029549 
-0.175293 0.029548 
-0.174316 0.029548 
-0.173340 0.029547 
-0.172363 0.029546 
-0.171387 0.029545 
-0.170410 0.029544 
-0.169434 0.029543 
-0.168457 0.029543 
-0.167480 0.029542 
-0.166504 0.029541 
-0.165527 0.029540 
-0.164551 0.029539 
-0.163574 0.029539 
-0.162598 0.029538 
-0.161621 0.029537 
-0.160645 0.029536 
-0.159668 0.029536 
-0.158691 0.029535 
-0.157715 0.029534 
-0.156738 0.029533 
-0.155762 0.029533 
-0.154785 0.029532 
-0.153809 0.029531 
-0.152832 0.029531 
-0.151855 0.029530 
-0.150879 0.029529 
-0.149902 0.029529 
-0.148926 0.029528 
-0.147949 0.029527 
-0.146973 0.029527 
-0.145996 0.029526 
-0.145020 0.029525 
-0.144043 0.029525 
-0.143066 0.029524 
-0.142090 0.029523 
-0.141113 0.029523 
-0.140137 0.029522 
-0.139160 0.029522 
-0.138184 0.029521 
-0.137207 0.029520 
-0.136230 0.029520 
-0.135254 0.029519 
-0.134277 0.029519 
-0.133301 0.029518 
-0.132324 0.029518 
-0.131348 0.029517 
-0.130371 0.029516 
-0.129395 0.029516 
-0.128418 0.029515 
-0.127441 0.029515 
-0.126465 0.029514 
-0.125488 0.029514 
-0.124512 0.029513 
-0.123535 0.029513 
-0.122559 0.029512 
-0.121582 0.029512 
-0.120605 0.029511 
-0.119629 0.029511 
-0.118652 0.029510 
-0.117676 0.029510 
-0.116699 0.029509 
-0.115723 0.029509 
-0.114746 0.029508 
-0.113770 0.029508 
-0.112793 0.029507 
-0.111816 0.029507 
-0.110840 0.029506 
-0.109863 0.029506 
-0.108887 0.029506 
-0.107910 0.029505 
-0.106934 0.029505 
-0.105957 0.029504 
-0.104980 0.029504 
-0.104004 0.029503 
-0.103027 0.029503 
-0.102051 0.029503 
-0.101074 0.029502 
-0.100098 0.029502 
-0.099121 0.029501 
-0.098145 0.029501 
-0.097168 0.029501 
-0.096191 0.029500 
-0.095215 0.029500 
-0.094238 0.029500 
-0.093262 0.029499 
-0.092285 0.029499 
-0.091309 0.029499 
-0.090332 0.029498 
-0.089355 0.029498 
-0.088379 0.029498 
-0.087402 0.029497 
-0.086426 0.029497 
-0.085449 0.029497 
-0.084473 0.029496 
-0.083496 0.029496 
-0.082520 0.029496 
-0.081543 0.029495 
-0.080566 0.029495 
-0.079590 0.029495 
-0.078613 0.029494 
-0.077637 0.029494 
-0.076660 0.029494 
-0.075684 0.029493 
-0.074707 0.029492 
-0.073730 0.029491 
-0.072754 0.029491 
-0.071777 0.029490 
-0.070801 0.029490 
-0.069824 0.029489 
-0.068848 0.029489 
-0.067871 0.029489 
-0.066895 0.029488 
-0.065918 0.029488 
-0.064941 0.029488 
-0.063965 0.029487 
-0.062988 0.029487 
-0.062012 0.029487 
-0.061035 0.029486 
-0.060059 0.029486 
-0.059082 0.029486 
-0.058105 0.029485 
-0.057129 0.029485 
-0.056152 0.029485 
-0.055176 0.029484 
-0.054199 0.029484 
-0.053223 0.029484 
-0.052246 0.029483 
-0.051270 0.029483 
-0.050293 0.029483 
-0.049316 0.029483 
-0.048340 0.029482 
-0.047363 0.029482 
-0.046387 0.029482 
-0.045410 0.029482 
-0.044434 0.029481 
-0.043457 0.029481 
-0.042480 0.029481 
-0.041504 0.029481 
-0.040527 0.029481 
-0.039551 0.029480 
-0.038574 0.029480 
-0.037598 0.029480 
-0.036621 0.029480 
-0.035645 0.029480 
-0.034668 0.029479 
-0.033691 0.029479 
-0.032715 0.029479 
-0.031738 0.029479 
-0.030762 0.029479 
-0.029785 0.029479 
-0.028809 0.029478 
-0.027832 0.029478 
-0.026855 0.029478 
-0.025879 0.029478 
-0.024902 0.029478 
-0.023926 0.029478 
-0.022949 0.029478 
-0.021973 0.029478 
-0.020996 0.029477 
-0.020020 0.029477 
-0.019043 0.029477 
-0.018066 0.029477 
-0.017090 0.029477 
-0.016113 0.029477 
-0.015137 0.029477 
-0.014160 0.029477 
-0.013184 0.029477 
-0.012207 0.029477 
-0.011230 0.029477 
-0.010254 0.029477 
-0.009277 0.029476 
-0.008301 0.029476 
-0.007324 0.029476 
-0.006348 0.029476 
-0.005371 0.029476 
-0.004395 0.029476 
-0.003418 0.029476 
-0.002441 0.029476 
-0.001465 0.029476 
-0.000488 0.029476 
0.000488 0.029476 
0.001465 0.029476 
0.002441 0.029476 
0.003418 0.029476 
0.004395 0.029476 
0.005371 0.029476 
0.006348 0.029476 
0.007324 0.029476 
0.008301 0.029476 
0.009277 0.029476 
0.010254 0.029477 
0.011230 0.029477 
0.012207 0.029477 
0.013184 0.029477 
0.014160 0.029477 
0.015137 0.029477 
0.016113 0.029477 
0.017090 0.029477 
0.018066 0.029477 
0.019043 0.029477 
0.020020 0.029477 
0.020996 0.029477 
0.021973 0.029478 
0.022949 0.029478 
0.023926 0.029478 
0.024902 0.029478 
0.025879 0.029478 
0.026855 0.029478 
0.027832 0.029478 
0.028809 0.029478 
0.029785 0.029479 
0.030762 0.029479 
0.031738 0.029479 
0.032715 0.029479 
0.033691 0.029479 
0.034668 0.029479 
0.035645 0.029480 
0.036621 0.029480 
0.037598 0.029480 
0.038574 0.029480 
0.039551 0.029480 
0.040527 0.029481 
0.041504 0.029481 
0.042480 0.029481 
0.043457 0.029481 
0.044434 0.029481 
0.045410 0.029482 
0.046387 0.029482 
0.047363 0.029482 
0.048340 0.029482 
0.049316 0.029483 
0.050293 0.029483 
0.051270 0.029483 
0.052246 0.029483 
0.053223 0.029484 
0.054199 0.029484 
0.055176 0.029484 
0.056152 0.029485 
0.057129 0.029485 
0.058105 0.029485 
0.059082 0.029486 
0.060059 0.029486 
0.061035 0.029486 
0.062012 0.029487 
0.062988 0.029487 
0.063965 0.029487 
0.064941 0.029488 
0.065918 0.029488 
0.066895 0.029488 
0.067871 0.029489 
0.068848 0.029489 
0.069824 0.029489 
0.070801 0.029490 
0.071777 0.029490 
0.072754 0.029491 
0.073730 0.029491 
0.074707 0.029492 
0.075684 0.029493 
0.076660 0.029494 
0.077637 0.029494 
0.078613 0.029494 
0.079590 0.029495 
0.080566 0.029495 
0.081543 0.029495 
0.082520 0.029496 
0.083496 0.029496 
0.084473 0.029496 
0.085449 0.029497 
0.086426 0.029497 
0.087402 0.029497 
0.088379 0.029498 
0.089355 0.029498 
0.090332 0.029498 
0.091309 0.029499 
0.092285 0.029499 
0.093262 0.029499 
0.094238 0.029500 
0.095215 0.029500 
0.096191 0.029500 
0.097168 0.029501 
0.098145 0.029501 
0.099121 0.029501 
0.100098 0.029502 
0.101074 0.029502 
0.102051 0.029503 
0.103027 0.029503 
0.104004 0.029503 
0.104980 0.029504 
0.105957 0.029504 
0.106934 0.029505 
0.107910 0.029505 
0.108887 0.029506 
0.109863 0.029506 
0.110840 0.029506 
0.111816 0.029507 
0.112793 0.029507 
0.113770 0.029508 
0.114746 0.029508 
0.115723 0.029509 
0.116699 0.029509 
0.117676 0.029510 
0.118652 0.029510 
0.119629 0.029511 
0.120605 0.029511 
0.121582 0.029512 
0.122559 0.029512 
0.123535 0.029513 
0.124512 0.029513 
0.125488 0.029514 
0.126465 0.029514 
0.127441 0.029515 
0.128418 0.029515 
0.129395 0.029516 
0.130371 0.029516 
0.131348 0.029517 
0.132324 0.029518 
0.133301 0.029518 
0.134277 0.029519 
0.135254 0.029519 
0.136230 0.029520 
0.137207 0.029520 
0.138184 0.029521 
0.139160 0.029522 
0.140137 0.029522 
0.141113 0.029523 
0.142090 0.029523 
0.143066 0.029524 
0.144043 0.029525 
0.145020 0.029525 
0.145996 0.029526 
0.146973 0.029527 
0.147949 0.029527 
0.148926 0.029528 
0.149902 0.029529 
0.150879 0.029529 
0.151855 0.029530 
0.152832 0.029531 
0.153809 0.029531 
0.154785 0.029532 
0.155762 0.029533 
0.156738 0.029533 
0.157715 0.029534 
0.158691 0.029535 
0.159668 0.029536 
0.160645 0.029536 
0.161621 0.029537 
0.162598 0.029538 
0.163574 0.029539 
0.164551 0.029539 
0.165527 0.029540 
0.166504 0.029541 
0.167480 0.029542 
0.168457 0.029543 
0.169434 0.029543 
0.170410 0.029544 
0.171387 0.029545 
0.172363 0.029546 
0.173340 0.029547 
0.174316 0.029548 
0.175293 0.029548 
0.176270 0.029549 
0.177246 0.029550 
0.178223 0.029551 
0.179199 0.029552 
0.180176 0.029553 
0.181152 0.029554 
0.182129 0.029555 
0.183105 0.029556 
0.184082 0.029556 
0.185059 0.029557 
0.186035 0.029558 
0.187012 0.029559 
0.187988 0.029560 
0.188965 0.029561 
0.189941 0.029562 
0.190918 0.029563 
0.191895 0.029564 
0.192871 0.029565 
0.193848 0.029566 
0.194824 0.029567 
0.195801 0.029568 
0.196777 0.029569 
0.197754 0.029570 
0.198730 0.029572 
0.199707 0.029573 
0.200684 0.029574 
0.201660 0.029575 
0.202637 0.029576 
0.203613 0.029577 
0.204590 0.029578 
0.205566 0.029579 
0.206543 0.029581 
0.207520 0.029582 
0.208496 0.029583 
0.209473 0.029584 
0.210449 0.029585 
0.211426 0.029586 
0.212402 0.029588 
0.213379 0.029589 
0.214355 0.029590 
0.215332 0.029591 
0.216309 0.029593 
0.217285 0.029594 
0.218262 0.029595 
0.219238 0.029597 
0.220215 0.029598 
0.221191 0.029599 
0.222168 0.029601 
0.223145 0.029602 
0.224121 0.029603 
0.225098 0.029605 
0.226074 0.029606 
0.227051 0.029608 
0.228027 0.029609 
0.229004 0.029610 
0.229980 0.029612 
0.230957 0.029613 
0.231934 0.029615 
0.232910 0.029616 
0.233887 0.029618 
0.234863 0.029619 
0.235840 0.029621 
0.236816 0.029623 
0.237793 0.029624 
0.238770 0.029626 
0.239746 0.029627 
0.240723 0.029629 
0.241699 0.029631 
0.242676 0.029632 
0.243652 0.029634 
0.244629 0.029636 
0.245605 0.029637 
0.246582 0.029639 
0.247559 0.029641 
0.248535 0.029643 
0.249512 0.029644 
0.250488 0.029646 
0.251465 0.029648 
0.252441 0.029650 
0.253418 0.029652 
0.254395 0.029654 
0.255371 0.029656 
0.256348 0.029658 
0.257324 0.029659 
0.258301 0.029661 
0.259277 0.029663 
0.260254 0.029665 
0.261230 0.029668 
0.262207 0.029670 
0.263184 0.029672 
0.264160 0.029674 
0.265137 0.029676 
0.266113 0.029678 
0.267090 0.029680 
0.268066 0.029682 
0.269043 0.029685 
0.270020 0.029687 
0.270996 0.029689 
0.271973 0.029691 
0.272949 0.029694 
0.273926 0.029696 
0.274902 0.029698 
0.275879 0.029701 
0.276855 0.029703 
0.277832 0.029706 
0.278809 0.029708 
0.279785 0.029711 
0.280762 0.029713 
0.281738 0.029716 
0.282715 0.029718 
0.283691 0.029721 
0.284668 0.029724 
0.285645 0.029726 
0.286621 0.029729 
0.287598 0.029732 
0.288574 0.029735 
0.289551 0.029738 
0.290527 0.029740 
0.291504 0.029743 
0.292480 0.029746 
0.293457 0.029749 
0.294434 0.029752 
0.295410 0.029755 
0.296387 0.029758 
0.297363 0.029761 
0.298340 0.029765 
0.299316 0.029768 
0.300293 0.029771 
0.301270 0.029774 
0.302246 0.029778 
0.303223 0.029781 
0.304199 0.029784 
0.305176 0.029788 
0.306152 0.029791 
0.307129 0.029795 
0.308105 0.029798 
0.309082 0.029802 
0.310059 0.029805 
0.311035 0.029809 
0.312012 0.029813 
0.312988 0.029817 
0.313965 0.029821 
0.314941 0.029824 
0.315918 0.029828 
0.316895 0.029832 
0.317871 0.029836 
0.318848 0.029841 
0.319824 0.029845 
0.320801 0.029849 
0.321777 0.029853 
0.322754 0.029858 
0.323730 0.029862 
0.324707 0.029866 
0.325684 0.029871 
0.326660 0.029875 
0.327637 0.029880 
0.328613 0.029885 
0.329590 0.029890 
0.330566 0.029894 
0.331543 0.029899 
0.332520 0.029904 
0.333496 0.029909 
0.334473 0.029914 
0.335449 0.029920 
0.336426 0.029925 
0.337402 0.029930 
0.338379 0.029935 
0.339355 0.029941 
0.340332 0.029946 
0.341309 0.029952 
0.342285 0.029958 
0.343262 0.029964 
0.344238 0.029969 
0.345215 0.029975 
0.346191 0.029981 
0.347168 0.029988 
0.348145 0.029994 
0.349121 0.030000 
0.350098 0.030007 
0.351074 0.030013 
0.352051 0.030020 
0.353027 0.030026 
0.354004 0.030033 
0.354980 0.030040 
0.355957 0.030047 
0.356934 0.030054 
0.357910 0.030061 
0.358887 0.030069 
0.359863 0.030076 
0.360840 0.030084 
0.361816 0.030091 
0.362793 0.030099 
0.363770 0.030107 
0.364746 0.030115 
0.365723 0.030123 
0.366699 0.030131 
0.367676 0.030140 
0.368652 0.030148 
0.369629 0.030157 
0.370605 0.030166 
0.371582 0.030175 
0.372559 0.030184 
0.373535 0.030193 
0.374512 0.030202 
0.375488 0.030212 
0.376465 0.030221 
0.377441 0.030231 
0.378418 0.030241 
0.379395 0.030251 
0.380371 0.030262 
0.381348 0.030272 
0.382324 0.030283 
0.383301 0.030293 
0.384277 0.030304 
0.385254 0.030316 
0.386230 0.030327 
0.387207 0.030338 
0.388184 0.030350 
0.389160 0.030362 
0.390137 0.030374 
0.391113 0.030387 
0.392090 0.030399 
0.393066 0.030412 
0.394043 0.030425 
0.395020 0.030438 
0.395996 0.030451 
0.396973 0.030465 
0.397949 0.030479 
0.398926 0.030493 
0.399902 0.030507 
0.400879 0.030521 
0.401855 0.030536 
0.402832 0.030551 
0.403809 0.030567 
0.404785 0.030582 
0.405762 0.030598 
0.406738 0.030614 
0.407715 0.030630 
0.408691 0.030647 
0.409668 0.030664 
0.410645 0.030681 
0.411621 0.030699 
0.412598 0.030717 
0.413574 0.030735 
0.414551 0.030753 
0.415527 0.030772 
0.416504 0.030791 
0.417480 0.030811 
0.418457 0.030830 
0.419434 0.030851 
0.420410 0.030871 
0.421387 0.030892 
0.422363 0.030913 
0.423340 0.030935 
0.424316 0.030957 
0.425293 0.030979 
0.426270 0.031002 
0.427246 0.031025 
0.428223 0.031049 
0.429199 0.031073 
0.430176 0.031097 
0.431152 0.031122 
0.432129 0.031148 
0.433105 0.031174 
0.434082 0.031200 
0.435059 0.031227 
0.436035 0.031254 
0.437012 0.031282 
0.437988 0.031310 
0.438965 0.031339 
0.439941 0.031368 
0.440918 0.031398 
0.441895 0.031428 
0.442871 0.031459 
0.443848 0.031491 
0.444824 0.031523 
0.445801 0.031556 
0.446777 0.031589 
0.447754 0.031623 
0.448730 0.031658 
0.449707 0.031693 
0.450684 0.031729 
0.451660 0.031765 
0.452637 0.031802 
0.453613 0.031840 
0.454590 0.031879 
0.455566 0.031918 
0.456543 0.031959 
0.457520 0.031999 
0.458496 0.032041 
0.459473 0.032083 
0.460449 0.032127 
0.461426 0.032171 
0.462402 0.032216 
0.463379 0.032261 
0.464355 0.032308 
0.465332 0.032355 
0.466309 0.032404 
0.467285 0.032453 
0.468262 0.032503 
0.469238 0.032554 
0.470215 0.032607 
0.471191 0.032660 
0.472168 0.032714 
0.473145 0.032769 
0.474121 0.032825 
0.475098 0.032883 
0.476074 0.032941 
0.477051 0.033001 
0.478027 0.033062 
0.479004 0.033124 
0.479980 0.033187 
0.480957 0.033251 
0.481934 0.033317 
0.482910 0.033383 
0.483887 0.033452 
0.484863 0.033521 
0.485840 0.033592 
0.486816 0.033664 
0.487793 0.033738 
0.488770 0.033813 
0.489746 0.033889 
0.490723 0.033967 
0.491699 0.034047 
0.492676 0.034128 
0.493652 0.034210 
0.494629 0.034295 
0.495605 0.034381 
0.496582 0.034468 
0.497559 0.034558 
0.498535 0.034649 
0.499512 0.034742 
