#cell coordinates and the corresponding deviation from the equilibrium 
-0.499512 0.034744 
-0.498535 0.034651 
-0.497559 0.034560 
-0.496582 0.034471 
-0.495605 0.034383 
-0.494629 0.034297 
-0.493652 0.034213 
-0.492676 0.034130 
-0.491699 0.034049 
-0.490723 0.033970 
-0.489746 0.033892 
-0.488770 0.033815 
-0.487793 0.033740 
-0.486816 0.033666 
-0.485840 0.033594 
-0.484863 0.033523 
-0.483887 0.033454 
-0.482910 0.033386 
-0.481934 0.033319 
-0.480957 0.033253 
-0.479980 0.033189 
-0.479004 0.033126 
-0.478027 0.033064 
-0.477051 0.033003 
-0.476074 0.032943 
-0.475098 0.032885 
-0.474121 0.032827 
-0.473145 0.032771 
-0.472168 0.032716 
-0.471191 0.032662 
-0.470215 0.032609 
-0.469238 0.032556 
-0.468262 0.032505 
-0.467285 0.032455 
-0.466309 0.032406 
-0.465332 0.032357 
-0.464355 0.032310 
-0.463379 0.032263 
-0.462402 0.032217 
-0.461426 0.032173 
-0.460449 0.032129 
-0.459473 0.032085 
-0.458496 0.032043 
-0.457520 0.032001 
-0.456543 0.031960 
-0.455566 0.031920 
-0.454590 0.031881 
-0.453613 0.031842 
-0.452637 0.031804 
-0.451660 0.031767 
-0.450684 0.031731 
-0.449707 0.031695 
-0.448730 0.031659 
-0.447754 0.031625 
-0.446777 0.031591 
-0.445801 0.031558 
-0.444824 0.031525 
-0.443848 0.031493 
-0.442871 0.031461 
-0.441895 0.031430 
-0.440918 0.031400 
-0.439941 0.031370 
-0.438965 0.031341 
-0.437988 0.031312 
-0.437012 0.031283 
-0.436035 0.031256 
-0.435059 0.031228 
-0.434082 0.031202 
-0.433105 0.031175 
-0.432129 0.031149 
-0.431152 0.031124 
-0.430176 0.031099 
-0.429199 0.031075 
-0.428223 0.031051 
-0.427246 0.031027 
-0.426270 0.031004 
-0.425293 0.030981 
-0.424316 0.030958 
-0.423340 0.030936 
-0.422363 0.030915 
-0.421387 0.030894 
-0.420410 0.030873 
-0.419434 0.030852 
-0.418457 0.030832 
-0.417480 0.030812 
-0.416504 0.030793 
-0.415527 0.030774 
-0.414551 0.030755 
-0.413574 0.030736 
-0.412598 0.030718 
-0.411621 0.030700 
-0.410645 0.030683 
-0.409668 0.030666 
-0.408691 0.030649 
-0.407715 0.030632 
-0.406738 0.030616 
-0.405762 0.030600 
-0.404785 0.030584 
-0.403809 0.030568 
-0.402832 0.030553 
-0.401855 0.030538 
-0.400879 0.030523 
-0.399902 0.030509 
-0.398926 0.030494 
-0.397949 0.030480 
-0.396973 0.030466 
-0.395996 0.030453 
-0.395020 0.030439 
-0.394043 0.030426 
-0.393066 0.030413 
-0.392090 0.030401 
-0.391113 0.030388 
-0.390137 0.030376 
-0.389160 0.030364 
-0.388184 0.030352 
-0.387207 0.030340 
-0.386230 0.030329 
-0.385254 0.030317 
-0.384277 0.030306 
-0.383301 0.030295 
-0.382324 0.030284 
-0.381348 0.030274 
-0.380371 0.030263 
-0.379395 0.030253 
-0.378418 0.030243 
-0.377441 0.030233 
-0.376465 0.030223 
-0.375488 0.030213 
-0.374512 0.030204 
-0.373535 0.030194 
-0.372559 0.030185 
-0.371582 0.030176 
-0.370605 0.030167 
-0.369629 0.030158 
-0.368652 0.030150 
-0.367676 0.030141 
-0.366699 0.030133 
-0.365723 0.030125 
-0.364746 0.030116 
-0.363770 0.030108 
-0.362793 0.030101 
-0.361816 0.030093 
-0.360840 0.030085 
-0.359863 0.030078 
-0.358887 0.030070 
-0.357910 0.030063 
-0.356934 0.030056 
-0.355957 0.030049 
-0.354980 0.030042 
-0.354004 0.030035 
-0.353027 0.030028 
-0.352051 0.030021 
-0.351074 0.030015 
-0.350098 0.030008 
-0.349121 0.030002 
-0.348145 0.029995 
-0.347168 0.029989 
-0.346191 0.029983 
-0.345215 0.029977 
-0.344238 0.029971 
-0.343262 0.029965 
-0.342285 0.029959 
-0.341309 0.029954 
-0.340332 0.029948 
-0.339355 0.029942 
-0.338379 0.029937 
-0.337402 0.029932 
-0.336426 0.029926 
-0.335449 0.029921 
-0.334473 0.029916 
-0.333496 0.029911 
-0.332520 0.029906 
-0.331543 0.029901 
-0.330566 0.029896 
-0.329590 0.029891 
-0.328613 0.029886 
-0.327637 0.029882 
-0.326660 0.029877 
-0.325684 0.029872 
-0.324707 0.029868 
-0.323730 0.029864 
-0.322754 0.029859 
-0.321777 0.029855 
-0.320801 0.029851 
-0.319824 0.029846 
-0.318848 0.029842 
-0.317871 0.029838 
-0.316895 0.029834 
-0.315918 0.029830 
-0.314941 0.029826 
-0.313965 0.029822 
-0.312988 0.029818 
-0.312012 0.029815 
-0.311035 0.029811 
-0.310059 0.029807 
-0.309082 0.029803 
-0.308105 0.029800 
-0.307129 0.029796 
-0.306152 0.029793 
-0.305176 0.029789 
-0.304199 0.029786 
-0.303223 0.029782 
-0.302246 0.029779 
-0.301270 0.029776 
-0.300293 0.029773 
-0.299316 0.029769 
-0.298340 0.029766 
-0.297363 0.029763 
-0.296387 0.029760 
-0.295410 0.029757 
-0.294434 0.029754 
-0.293457 0.029751 
-0.292480 0.029748 
-0.291504 0.029745 
-0.290527 0.029742 
-0.289551 0.029739 
-0.288574 0.029736 
-0.287598 0.029734 
-0.286621 0.029731 
-0.285645 0.029728 
-0.284668 0.029725 
-0.283691 0.029723 
-0.282715 0.029720 
-0.281738 0.029718 
-0.280762 0.029715 
-0.279785 0.029712 
-0.278809 0.029710 
-0.277832 0.029707 
-0.276855 0.029705 
-0.275879 0.029703 
-0.274902 0.029700 
-0.273926 0.029698 
-0.272949 0.029695 
-0.271973 0.029693 
-0.270996 0.029691 
-0.270020 0.029689 
-0.269043 0.029686 
-0.268066 0.029684 
-0.267090 0.029682 
-0.266113 0.029680 
-0.265137 0.029678 
-0.264160 0.029675 
-0.263184 0.029673 
-0.262207 0.029671 
-0.261230 0.029669 
-0.260254 0.029667 
-0.259277 0.029665 
-0.258301 0.029663 
-0.257324 0.029661 
-0.256348 0.029659 
-0.255371 0.029657 
-0.254395 0.029656 
-0.253418 0.029654 
-0.252441 0.029652 
-0.251465 0.029650 
-0.250488 0.029648 
-0.249512 0.029646 
-0.248535 0.029644 
-0.247559 0.029643 
-0.246582 0.029641 
-0.245605 0.029639 
-0.244629 0.029638 
-0.243652 0.029636 
-0.242676 0.029634 
-0.241699 0.029632 
-0.240723 0.029631 
-0.239746 0.029629 
-0.238770 0.029628 
-0.237793 0.029626 
-0.236816 0.029624 
-0.235840 0.029623 
-0.234863 0.029621 
-0.233887 0.029620 
-0.232910 0.029618 
-0.231934 0.029617 
-0.230957 0.029615 
-0.229980 0.029614 
-0.229004 0.029612 
-0.228027 0.029611 
-0.227051 0.029609 
-0.226074 0.029608 
-0.225098 0.029607 
-0.224121 0.029605 
-0.223145 0.029604 
-0.222168 0.029603 
-0.221191 0.029601 
-0.220215 0.029600 
-0.219238 0.029599 
-0.218262 0.029597 
-0.217285 0.029596 
-0.216309 0.029595 
-0.215332 0.029593 
-0.214355 0.029592 
-0.213379 0.029591 
-0.212402 0.029590 
-0.211426 0.029588 
-0.210449 0.029587 
-0.209473 0.029586 
-0.208496 0.029585 
-0.207520 0.029584 
-0.206543 0.029583 
-0.205566 0.029581 
-0.204590 0.029580 
-0.203613 0.029579 
-0.202637 0.029578 
-0.201660 0.029577 
-0.200684 0.029576 
-0.199707 0.029575 
-0.198730 0.029574 
-0.197754 0.029573 
-0.196777 0.029572 
-0.195801 0.029570 
-0.194824 0.029569 
-0.193848 0.029568 
-0.192871 0.029567 
-0.191895 0.029566 
-0.190918 0.029565 
-0.189941 0.029564 
-0.188965 0.029563 
-0.187988 0.029562 
-0.187012 0.029561 
-0.186035 0.029561 
-0.185059 0.029560 
-0.184082 0.029559 
-0.183105 0.029558 
-0.182129 0.029557 
-0.181152 0.029556 
-0.180176 0.029555 
-0.179199 0.029554 
-0.178223 0.029553 
-0.177246 0.029552 
-0.176270 0.029551 
-0.175293 0.029551 
-0.174316 0.029550 
-0.173340 0.029549 
-0.172363 0.029548 
-0.171387 0.029547 
-0.170410 0.029546 
-0.169434 0.029546 
-0.168457 0.029545 
-0.167480 0.029544 
-0.166504 0.029543 
-0.165527 0.029543 
-0.164551 0.029542 
-0.163574 0.029541 
-0.162598 0.029540 
-0.161621 0.029539 
-0.160645 0.029539 
-0.159668 0.029538 
-0.158691 0.029537 
-0.157715 0.029537 
-0.156738 0.029536 
-0.155762 0.029535 
-0.154785 0.029534 
-0.153809 0.029534 
-0.152832 0.029533 
-0.151855 0.029532 
-0.150879 0.029532 
-0.149902 0.029531 
-0.148926 0.029530 
-0.147949 0.029530 
-0.146973 0.029529 
-0.145996 0.029528 
-0.145020 0.029528 
-0.144043 0.029527 
-0.143066 0.029527 
-0.142090 0.029526 
-0.141113 0.029525 
-0.140137 0.029525 
-0.139160 0.029524 
-0.138184 0.029524 
-0.137207 0.029523 
-0.136230 0.029522 
-0.135254 0.029522 
-0.134277 0.029521 
-0.133301 0.029521 
-0.132324 0.029520 
-0.131348 0.029520 
-0.130371 0.029519 
-0.129395 0.029518 
-0.128418 0.029518 
-0.127441 0.029517 
-0.126465 0.029517 
-0.125488 0.029516 
-0.124512 0.029517 
-0.123535 0.029515 
-0.122559 0.029515 
-0.121582 0.029514 
-0.120605 0.029513 
-0.119629 0.029512 
-0.118652 0.029512 
-0.117676 0.029511 
-0.116699 0.029510 
-0.115723 0.029510 
-0.114746 0.029509 
-0.113770 0.029508 
-0.112793 0.029508 
-0.111816 0.029507 
-0.110840 0.029506 
-0.109863 0.029506 
-0.108887 0.029505 
-0.107910 0.029505 
-0.106934 0.029504 
-0.105957 0.029503 
-0.104980 0.029503 
-0.104004 0.029502 
-0.103027 0.029502 
-0.102051 0.029501 
-0.101074 0.029501 
-0.100098 0.029500 
-0.099121 0.029500 
-0.098145 0.029499 
-0.097168 0.029498 
-0.096191 0.029498 
-0.095215 0.029497 
-0.094238 0.029497 
-0.093262 0.029496 
-0.092285 0.029496 
-0.091309 0.029495 
-0.090332 0.029495 
-0.089355 0.029495 
-0.088379 0.029494 
-0.087402 0.029494 
-0.086426 0.029493 
-0.085449 0.029493 
-0.084473 0.029492 
-0.083496 0.029492 
-0.082520 0.029491 
-0.081543 0.029491 
-0.080566 0.029491 
-0.079590 0.029490 
-0.078613 0.029490 
-0.077637 0.029489 
-0.076660 0.029489 
-0.075684 0.029489 
-0.074707 0.029488 
-0.073730 0.029488 
-0.072754 0.029488 
-0.071777 0.029487 
-0.070801 0.029487 
-0.069824 0.029487 
-0.068848 0.029486 
-0.067871 0.029486 
-0.066895 0.029486 
-0.065918 0.029485 
-0.064941 0.029485 
-0.063965 0.029485 
-0.062988 0.029484 
-0.062012 0.029484 
-0.061035 0.029484 
-0.060059 0.029483 
-0.059082 0.029483 
-0.058105 0.029483 
-0.057129 0.029483 
-0.056152 0.029482 
-0.055176 0.029482 
-0.054199 0.029482 
-0.053223 0.029482 
-0.052246 0.029481 
-0.051270 0.029481 
-0.050293 0.029481 
-0.049316 0.029481 
-0.048340 0.029480 
-0.047363 0.029480 
-0.046387 0.029480 
-0.045410 0.029480 
-0.044434 0.029480 
-0.043457 0.029479 
-0.042480 0.029479 
-0.041504 0.029479 
-0.040527 0.029479 
-0.039551 0.029479 
-0.038574 0.029478 
-0.037598 0.029478 
-0.036621 0.029478 
-0.035645 0.029478 
-0.034668 0.029478 
-0.033691 0.029478 
-0.032715 0.029478 
-0.031738 0.029477 
-0.030762 0.029477 
-0.029785 0.029477 
-0.028809 0.029477 
-0.027832 0.029477 
-0.026855 0.029477 
-0.025879 0.029477 
-0.024902 0.029476 
-0.023926 0.029476 
-0.022949 0.029476 
-0.021973 0.029476 
-0.020996 0.029476 
-0.020020 0.029476 
-0.019043 0.029476 
-0.018066 0.029476 
-0.017090 0.029476 
-0.016113 0.029476 
-0.015137 0.029476 
-0.014160 0.029476 
-0.013184 0.029475 
-0.012207 0.029475 
-0.011230 0.029475 
-0.010254 0.029475 
-0.009277 0.029475 
-0.008301 0.029475 
-0.007324 0.029475 
-0.006348 0.029475 
-0.005371 0.029475 
-0.004395 0.029475 
-0.003418 0.029475 
-0.002441 0.029475 
-0.001465 0.029475 
-0.000488 0.029475 
0.000488 0.029475 
0.001465 0.029475 
0.002441 0.029475 
0.003418 0.029475 
0.004395 0.029475 
0.005371 0.029475 
0.006348 0.029475 
0.007324 0.029475 
0.008301 0.029475 
0.009277 0.029475 
0.010254 0.029475 
0.011230 0.029475 
0.012207 0.029475 
0.013184 0.029475 
0.014160 0.029476 
0.015137 0.029476 
0.016113 0.029476 
0.017090 0.029476 
0.018066 0.029476 
0.019043 0.029476 
0.020020 0.029476 
0.020996 0.029476 
0.021973 0.029476 
0.022949 0.029476 
0.023926 0.029476 
0.024902 0.029476 
0.025879 0.029477 
0.026855 0.029477 
0.027832 0.029477 
0.028809 0.029477 
0.029785 0.029477 
0.030762 0.029477 
0.031738 0.029477 
0.032715 0.029478 
0.033691 0.029478 
0.034668 0.029478 
0.035645 0.029478 
0.036621 0.029478 
0.037598 0.029478 
0.038574 0.029478 
0.039551 0.029479 
0.040527 0.029479 
0.041504 0.029479 
0.042480 0.029479 
0.043457 0.029479 
0.044434 0.029480 
0.045410 0.029480 
0.046387 0.029480 
0.047363 0.029480 
0.048340 0.029480 
0.049316 0.029481 
0.050293 0.029481 
0.051270 0.029481 
0.052246 0.029481 
0.053223 0.029482 
0.054199 0.029482 
0.055176 0.029482 
0.056152 0.029482 
0.057129 0.029483 
0.058105 0.029483 
0.059082 0.029483 
0.060059 0.029483 
0.061035 0.029484 
0.062012 0.029484 
0.062988 0.029484 
0.063965 0.029485 
0.064941 0.029485 
0.065918 0.029485 
0.066895 0.029486 
0.067871 0.029486 
0.068848 0.029486 
0.069824 0.029487 
0.070801 0.029487 
0.071777 0.029487 
0.072754 0.029488 
0.073730 0.029488 
0.074707 0.029488 
0.075684 0.029489 
0.076660 0.029489 
0.077637 0.029489 
0.078613 0.029490 
0.079590 0.029490 
0.080566 0.029491 
0.081543 0.029491 
0.082520 0.029491 
0.083496 0.029492 
0.084473 0.029492 
0.085449 0.029493 
0.086426 0.029493 
0.087402 0.029494 
0.088379 0.029494 
0.089355 0.029495 
0.090332 0.029495 
0.091309 0.029495 
0.092285 0.029496 
0.093262 0.029496 
0.094238 0.029497 
0.095215 0.029497 
0.096191 0.029498 
0.097168 0.029498 
0.098145 0.029499 
0.099121 0.029500 
0.100098 0.029500 
0.101074 0.029501 
0.102051 0.029501 
0.103027 0.029502 
0.104004 0.029502 
0.104980 0.029503 
0.105957 0.029503 
0.106934 0.029504 
0.107910 0.029505 
0.108887 0.029505 
0.109863 0.029506 
0.110840 0.029506 
0.111816 0.029507 
0.112793 0.029508 
0.113770 0.029508 
0.114746 0.029509 
0.115723 0.029510 
0.116699 0.029510 
0.117676 0.029511 
0.118652 0.029512 
0.119629 0.029512 
0.120605 0.029513 
0.121582 0.029514 
0.122559 0.029515 
0.123535 0.029515 
0.124512 0.029517 
0.125488 0.029516 
0.126465 0.029517 
0.127441 0.029517 
0.128418 0.029518 
0.129395 0.029518 
0.130371 0.029519 
0.131348 0.029520 
0.132324 0.029520 
0.133301 0.029521 
0.134277 0.029521 
0.135254 0.029522 
0.136230 0.029522 
0.137207 0.029523 
0.138184 0.029524 
0.139160 0.029524 
0.140137 0.029525 
0.141113 0.029525 
0.142090 0.029526 
0.143066 0.029527 
0.144043 0.029527 
0.145020 0.029528 
0.145996 0.029528 
0.146973 0.029529 
0.147949 0.029530 
0.148926 0.029530 
0.149902 0.029531 
0.150879 0.029532 
0.151855 0.029532 
0.152832 0.029533 
0.153809 0.029534 
0.154785 0.029534 
0.155762 0.029535 
0.156738 0.029536 
0.157715 0.029537 
0.158691 0.029537 
0.159668 0.029538 
0.160645 0.029539 
0.161621 0.029539 
0.162598 0.029540 
0.163574 0.029541 
0.164551 0.029542 
0.165527 0.029543 
0.166504 0.029543 
0.167480 0.029544 
0.168457 0.029545 
0.169434 0.029546 
0.170410 0.029546 
0.171387 0.029547 
0.172363 0.029548 
0.173340 0.029549 
0.174316 0.029550 
0.175293 0.029551 
0.176270 0.029551 
0.177246 0.029552 
0.178223 0.029553 
0.179199 0.029554 
0.180176 0.029555 
0.181152 0.029556 
0.182129 0.029557 
0.183105 0.029558 
0.184082 0.029559 
0.185059 0.029560 
0.186035 0.029561 
0.187012 0.029561 
0.187988 0.029562 
0.188965 0.029563 
0.189941 0.029564 
0.190918 0.029565 
0.191895 0.029566 
0.192871 0.029567 
0.193848 0.029568 
0.194824 0.029569 
0.195801 0.029570 
0.196777 0.029572 
0.197754 0.029573 
0.198730 0.029574 
0.199707 0.029575 
0.200684 0.029576 
0.201660 0.029577 
0.202637 0.029578 
0.203613 0.029579 
0.204590 0.029580 
0.205566 0.029581 
0.206543 0.029583 
0.207520 0.029584 
0.208496 0.029585 
0.209473 0.029586 
0.210449 0.029587 
0.211426 0.029588 
0.212402 0.029590 
0.213379 0.029591 
0.214355 0.029592 
0.215332 0.029593 
0.216309 0.029595 
0.217285 0.029596 
0.218262 0.029597 
0.219238 0.029599 
0.220215 0.029600 
0.221191 0.029601 
0.222168 0.029603 
0.223145 0.029604 
0.224121 0.029605 
0.225098 0.029607 
0.226074 0.029608 
0.227051 0.029609 
0.228027 0.029611 
0.229004 0.029612 
0.229980 0.029614 
0.230957 0.029615 
0.231934 0.029617 
0.232910 0.029618 
0.233887 0.029620 
0.234863 0.029621 
0.235840 0.029623 
0.236816 0.029624 
0.237793 0.029626 
0.238770 0.029628 
0.239746 0.029629 
0.240723 0.029631 
0.241699 0.029632 
0.242676 0.029634 
0.243652 0.029636 
0.244629 0.029638 
0.245605 0.029639 
0.246582 0.029641 
0.247559 0.029643 
0.248535 0.029644 
0.249512 0.029646 
0.250488 0.029648 
0.251465 0.029650 
0.252441 0.029652 
0.253418 0.029654 
0.254395 0.029656 
0.255371 0.029657 
0.256348 0.029659 
0.257324 0.029661 
0.258301 0.029663 
0.259277 0.029665 
0.260254 0.029667 
0.261230 0.029669 
0.262207 0.029671 
0.263184 0.029673 
0.264160 0.029675 
0.265137 0.029678 
0.266113 0.029680 
0.267090 0.029682 
0.268066 0.029684 
0.269043 0.029686 
0.270020 0.029689 
0.270996 0.029691 
0.271973 0.029693 
0.272949 0.029695 
0.273926 0.029698 
0.274902 0.029700 
0.275879 0.029703 
0.276855 0.029705 
0.277832 0.029707 
0.278809 0.029710 
0.279785 0.029712 
0.280762 0.029715 
0.281738 0.029718 
0.282715 0.029720 
0.283691 0.029723 
0.284668 0.029725 
0.285645 0.029728 
0.286621 0.029731 
0.287598 0.029734 
0.288574 0.029736 
0.289551 0.029739 
0.290527 0.029742 
0.291504 0.029745 
0.292480 0.029748 
0.293457 0.029751 
0.294434 0.029754 
0.295410 0.029757 
0.296387 0.029760 
0.297363 0.029763 
0.298340 0.029766 
0.299316 0.029769 
0.300293 0.029773 
0.301270 0.029776 
0.302246 0.029779 
0.303223 0.029782 
0.304199 0.029786 
0.305176 0.029789 
0.306152 0.029793 
0.307129 0.029796 
0.308105 0.029800 
0.309082 0.029803 
0.310059 0.029807 
0.311035 0.029811 
0.312012 0.029815 
0.312988 0.029818 
0.313965 0.029822 
0.314941 0.029826 
0.315918 0.029830 
0.316895 0.029834 
0.317871 0.029838 
0.318848 0.029842 
0.319824 0.029846 
0.320801 0.029851 
0.321777 0.029855 
0.322754 0.029859 
0.323730 0.029864 
0.324707 0.029868 
0.325684 0.029872 
0.326660 0.029877 
0.327637 0.029882 
0.328613 0.029886 
0.329590 0.029891 
0.330566 0.029896 
0.331543 0.029901 
0.332520 0.029906 
0.333496 0.029911 
0.334473 0.029916 
0.335449 0.029921 
0.336426 0.029926 
0.337402 0.029932 
0.338379 0.029937 
0.339355 0.029942 
0.340332 0.029948 
0.341309 0.029954 
0.342285 0.029959 
0.343262 0.029965 
0.344238 0.029971 
0.345215 0.029977 
0.346191 0.029983 
0.347168 0.029989 
0.348145 0.029995 
0.349121 0.030002 
0.350098 0.030008 
0.351074 0.030015 
0.352051 0.030021 
0.353027 0.030028 
0.354004 0.030035 
0.354980 0.030042 
0.355957 0.030049 
0.356934 0.030056 
0.357910 0.030063 
0.358887 0.030070 
0.359863 0.030078 
0.360840 0.030085 
0.361816 0.030093 
0.362793 0.030101 
0.363770 0.030108 
0.364746 0.030116 
0.365723 0.030125 
0.366699 0.030133 
0.367676 0.030141 
0.368652 0.030150 
0.369629 0.030158 
0.370605 0.030167 
0.371582 0.030176 
0.372559 0.030185 
0.373535 0.030194 
0.374512 0.030204 
0.375488 0.030213 
0.376465 0.030223 
0.377441 0.030233 
0.378418 0.030243 
0.379395 0.030253 
0.380371 0.030263 
0.381348 0.030274 
0.382324 0.030284 
0.383301 0.030295 
0.384277 0.030306 
0.385254 0.030317 
0.386230 0.030329 
0.387207 0.030340 
0.388184 0.030352 
0.389160 0.030364 
0.390137 0.030376 
0.391113 0.030388 
0.392090 0.030401 
0.393066 0.030413 
0.394043 0.030426 
0.395020 0.030439 
0.395996 0.030453 
0.396973 0.030466 
0.397949 0.030480 
0.398926 0.030494 
0.399902 0.030509 
0.400879 0.030523 
0.401855 0.030538 
0.402832 0.030553 
0.403809 0.030568 
0.404785 0.030584 
0.405762 0.030600 
0.406738 0.030616 
0.407715 0.030632 
0.408691 0.030649 
0.409668 0.030666 
0.410645 0.030683 
0.411621 0.030700 
0.412598 0.030718 
0.413574 0.030736 
0.414551 0.030755 
0.415527 0.030774 
0.416504 0.030793 
0.417480 0.030812 
0.418457 0.030832 
0.419434 0.030852 
0.420410 0.030873 
0.421387 0.030894 
0.422363 0.030915 
0.423340 0.030936 
0.424316 0.030958 
0.425293 0.030981 
0.426270 0.031004 
0.427246 0.031027 
0.428223 0.031051 
0.429199 0.031075 
0.430176 0.031099 
0.431152 0.031124 
0.432129 0.031149 
0.433105 0.031175 
0.434082 0.031202 
0.435059 0.031228 
0.436035 0.031256 
0.437012 0.031283 
0.437988 0.031312 
0.438965 0.031341 
0.439941 0.031370 
0.440918 0.031400 
0.441895 0.031430 
0.442871 0.031461 
0.443848 0.031493 
0.444824 0.031525 
0.445801 0.031558 
0.446777 0.031591 
0.447754 0.031625 
0.448730 0.031659 
0.449707 0.031695 
0.450684 0.031731 
0.451660 0.031767 
0.452637 0.031804 
0.453613 0.031842 
0.454590 0.031881 
0.455566 0.031920 
0.456543 0.031960 
0.457520 0.032001 
0.458496 0.032043 
0.459473 0.032085 
0.460449 0.032129 
0.461426 0.032173 
0.462402 0.032217 
0.463379 0.032263 
0.464355 0.032310 
0.465332 0.032357 
0.466309 0.032406 
0.467285 0.032455 
0.468262 0.032505 
0.469238 0.032556 
0.470215 0.032609 
0.471191 0.032662 
0.472168 0.032716 
0.473145 0.032771 
0.474121 0.032827 
0.475098 0.032885 
0.476074 0.032943 
0.477051 0.033003 
0.478027 0.033064 
0.479004 0.033126 
0.479980 0.033189 
0.480957 0.033253 
0.481934 0.033319 
0.482910 0.033386 
0.483887 0.033454 
0.484863 0.033523 
0.485840 0.033594 
0.486816 0.033666 
0.487793 0.033740 
0.488770 0.033815 
0.489746 0.033892 
0.490723 0.033970 
0.491699 0.034049 
0.492676 0.034130 
0.493652 0.034213 
0.494629 0.034297 
0.495605 0.034383 
0.496582 0.034471 
0.497559 0.034560 
0.498535 0.034651 
0.499512 0.034744 
