#cell coordinates and the corresponding deviation from the equilibrium 
-0.499512 0.034781 
-0.498535 0.034688 
-0.497559 0.034596 
-0.496582 0.034507 
-0.495605 0.034419 
-0.494629 0.034332 
-0.493652 0.034248 
-0.492676 0.034165 
-0.491699 0.034083 
-0.490723 0.034003 
-0.489746 0.033925 
-0.488770 0.033848 
-0.487793 0.033773 
-0.486816 0.033699 
-0.485840 0.033627 
-0.484863 0.033555 
-0.483887 0.033486 
-0.482910 0.033417 
-0.481934 0.033350 
-0.480957 0.033284 
-0.479980 0.033220 
-0.479004 0.033156 
-0.478027 0.033094 
-0.477051 0.033033 
-0.476074 0.032973 
-0.475098 0.032915 
-0.474121 0.032857 
-0.473145 0.032801 
-0.472168 0.032745 
-0.471191 0.032691 
-0.470215 0.032637 
-0.469238 0.032585 
-0.468262 0.032534 
-0.467285 0.032483 
-0.466309 0.032434 
-0.465332 0.032385 
-0.464355 0.032338 
-0.463379 0.032291 
-0.462402 0.032245 
-0.461426 0.032200 
-0.460449 0.032156 
-0.459473 0.032112 
-0.458496 0.032070 
-0.457520 0.032028 
-0.456543 0.031987 
-0.455566 0.031947 
-0.454590 0.031907 
-0.453613 0.031869 
-0.452637 0.031831 
-0.451660 0.031793 
-0.450684 0.031757 
-0.449707 0.031721 
-0.448730 0.031685 
-0.447754 0.031651 
-0.446777 0.031617 
-0.445801 0.031583 
-0.444824 0.031550 
-0.443848 0.031518 
-0.442871 0.031487 
-0.441895 0.031455 
-0.440918 0.031425 
-0.439941 0.031395 
-0.438965 0.031366 
-0.437988 0.031337 
-0.437012 0.031308 
-0.436035 0.031281 
-0.435059 0.031253 
-0.434082 0.031226 
-0.433105 0.031200 
-0.432129 0.031174 
-0.431152 0.031149 
-0.430176 0.031124 
-0.429199 0.031099 
-0.428223 0.031075 
-0.427246 0.031051 
-0.426270 0.031028 
-0.425293 0.031005 
-0.424316 0.030983 
-0.423340 0.030961 
-0.422363 0.030939 
-0.421387 0.030918 
-0.420410 0.030897 
-0.419434 0.030876 
-0.418457 0.030856 
-0.417480 0.030836 
-0.416504 0.030817 
-0.415527 0.030798 
-0.414551 0.030779 
-0.413574 0.030761 
-0.412598 0.030742 
-0.411621 0.030725 
-0.410645 0.030707 
-0.409668 0.030690 
-0.408691 0.030673 
-0.407715 0.030656 
-0.406738 0.030640 
-0.405762 0.030624 
-0.404785 0.030608 
-0.403809 0.030592 
-0.402832 0.030577 
-0.401855 0.030562 
-0.400879 0.030547 
-0.399902 0.030533 
-0.398926 0.030518 
-0.397949 0.030504 
-0.396973 0.030491 
-0.395996 0.030477 
-0.395020 0.030464 
-0.394043 0.030451 
-0.393066 0.030438 
-0.392090 0.030425 
-0.391113 0.030413 
-0.390137 0.030400 
-0.389160 0.030388 
-0.388184 0.030376 
-0.387207 0.030365 
-0.386230 0.030353 
-0.385254 0.030342 
-0.384277 0.030331 
-0.383301 0.030320 
-0.382324 0.030309 
-0.381348 0.030298 
-0.380371 0.030288 
-0.379395 0.030278 
-0.378418 0.030268 
-0.377441 0.030258 
-0.376465 0.030248 
-0.375488 0.030238 
-0.374512 0.030229 
-0.373535 0.030220 
-0.372559 0.030211 
-0.371582 0.030202 
-0.370605 0.030193 
-0.369629 0.030184 
-0.368652 0.030175 
-0.367676 0.030167 
-0.366699 0.030159 
-0.365723 0.030150 
-0.364746 0.030142 
-0.363770 0.030134 
-0.362793 0.030127 
-0.361816 0.030119 
-0.360840 0.030111 
-0.359863 0.030104 
-0.358887 0.030097 
-0.357910 0.030089 
-0.356934 0.030082 
-0.355957 0.030075 
-0.354980 0.030068 
-0.354004 0.030062 
-0.353027 0.030055 
-0.352051 0.030048 
-0.351074 0.030042 
-0.350098 0.030035 
-0.349121 0.030029 
-0.348145 0.030023 
-0.347168 0.030017 
-0.346191 0.030011 
-0.345215 0.030005 
-0.344238 0.029999 
-0.343262 0.029993 
-0.342285 0.029988 
-0.341309 0.029982 
-0.340332 0.029977 
-0.339355 0.029971 
-0.338379 0.029966 
-0.337402 0.029961 
-0.336426 0.029955 
-0.335449 0.029950 
-0.334473 0.029945 
-0.333496 0.029940 
-0.332520 0.029935 
-0.331543 0.029931 
-0.330566 0.029926 
-0.329590 0.029921 
-0.328613 0.029917 
-0.327637 0.029912 
-0.326660 0.029908 
-0.325684 0.029903 
-0.324707 0.029919 
-0.323730 0.029914 
-0.322754 0.029909 
-0.321777 0.029904 
-0.320801 0.029899 
-0.319824 0.029894 
-0.318848 0.029889 
-0.317871 0.029885 
-0.316895 0.029880 
-0.315918 0.029875 
-0.314941 0.029871 
-0.313965 0.029866 
-0.312988 0.029862 
-0.312012 0.029857 
-0.311035 0.029853 
-0.310059 0.029849 
-0.309082 0.029844 
-0.308105 0.029840 
-0.307129 0.029836 
-0.306152 0.029832 
-0.305176 0.029828 
-0.304199 0.029824 
-0.303223 0.029820 
-0.302246 0.029816 
-0.301270 0.029812 
-0.300293 0.029808 
-0.299316 0.029804 
-0.298340 0.029801 
-0.297363 0.029797 
-0.296387 0.029793 
-0.295410 0.029790 
-0.294434 0.029786 
-0.293457 0.029783 
-0.292480 0.029779 
-0.291504 0.029776 
-0.290527 0.029772 
-0.289551 0.029769 
-0.288574 0.029766 
-0.287598 0.029762 
-0.286621 0.029759 
-0.285645 0.029756 
-0.284668 0.029753 
-0.283691 0.029749 
-0.282715 0.029746 
-0.281738 0.029743 
-0.280762 0.029740 
-0.279785 0.029737 
-0.278809 0.029734 
-0.277832 0.029731 
-0.276855 0.029728 
-0.275879 0.029726 
-0.274902 0.029723 
-0.273926 0.029720 
-0.272949 0.029717 
-0.271973 0.029714 
-0.270996 0.029712 
-0.270020 0.029709 
-0.269043 0.029706 
-0.268066 0.029704 
-0.267090 0.029701 
-0.266113 0.029699 
-0.265137 0.029696 
-0.264160 0.029694 
-0.263184 0.029691 
-0.262207 0.029689 
-0.261230 0.029686 
-0.260254 0.029684 
-0.259277 0.029682 
-0.258301 0.029679 
-0.257324 0.029677 
-0.256348 0.029675 
-0.255371 0.029672 
-0.254395 0.029670 
-0.253418 0.029668 
-0.252441 0.029666 
-0.251465 0.029664 
-0.250488 0.029662 
-0.249512 0.029659 
-0.248535 0.029657 
-0.247559 0.029655 
-0.246582 0.029653 
-0.245605 0.029651 
-0.244629 0.029649 
-0.243652 0.029647 
-0.242676 0.029645 
-0.241699 0.029643 
-0.240723 0.029642 
-0.239746 0.029640 
-0.238770 0.029638 
-0.237793 0.029636 
-0.236816 0.029634 
-0.235840 0.029632 
-0.234863 0.029631 
-0.233887 0.029629 
-0.232910 0.029627 
-0.231934 0.029625 
-0.230957 0.029624 
-0.229980 0.029622 
-0.229004 0.029620 
-0.228027 0.029619 
-0.227051 0.029617 
-0.226074 0.029616 
-0.225098 0.029614 
-0.224121 0.029612 
-0.223145 0.029611 
-0.222168 0.029609 
-0.221191 0.029608 
-0.220215 0.029606 
-0.219238 0.029605 
-0.218262 0.029603 
-0.217285 0.029602 
-0.216309 0.029601 
-0.215332 0.029599 
-0.214355 0.029598 
-0.213379 0.029596 
-0.212402 0.029595 
-0.211426 0.029594 
-0.210449 0.029592 
-0.209473 0.029591 
-0.208496 0.029590 
-0.207520 0.029588 
-0.206543 0.029587 
-0.205566 0.029586 
-0.204590 0.029585 
-0.203613 0.029583 
-0.202637 0.029582 
-0.201660 0.029581 
-0.200684 0.029580 
-0.199707 0.029578 
-0.198730 0.029577 
-0.197754 0.029576 
-0.196777 0.029575 
-0.195801 0.029574 
-0.194824 0.029573 
-0.193848 0.029572 
-0.192871 0.029571 
-0.191895 0.029569 
-0.190918 0.029568 
-0.189941 0.029567 
-0.188965 0.029566 
-0.187988 0.029565 
-0.187012 0.029564 
-0.186035 0.029563 
-0.185059 0.029562 
-0.184082 0.029561 
-0.183105 0.029560 
-0.182129 0.029559 
-0.181152 0.029558 
-0.180176 0.029557 
-0.179199 0.029556 
-0.178223 0.029556 
-0.177246 0.029555 
-0.176270 0.029554 
-0.175293 0.029553 
-0.174316 0.029552 
-0.173340 0.029551 
-0.172363 0.029550 
-0.171387 0.029549 
-0.170410 0.029548 
-0.169434 0.029548 
-0.168457 0.029547 
-0.167480 0.029546 
-0.166504 0.029545 
-0.165527 0.029544 
-0.164551 0.029544 
-0.163574 0.029543 
-0.162598 0.029542 
-0.161621 0.029541 
-0.160645 0.029541 
-0.159668 0.029540 
-0.158691 0.029539 
-0.157715 0.029538 
-0.156738 0.029538 
-0.155762 0.029537 
-0.154785 0.029536 
-0.153809 0.029535 
-0.152832 0.029535 
-0.151855 0.029534 
-0.150879 0.029533 
-0.149902 0.029540 
-0.148926 0.029539 
-0.147949 0.029538 
-0.146973 0.029537 
-0.145996 0.029536 
-0.145020 0.029536 
-0.144043 0.029535 
-0.143066 0.029534 
-0.142090 0.029533 
-0.141113 0.029532 
-0.140137 0.029531 
-0.139160 0.029530 
-0.138184 0.029529 
-0.137207 0.029529 
-0.136230 0.029528 
-0.135254 0.029527 
-0.134277 0.029526 
-0.133301 0.029525 
-0.132324 0.029525 
-0.131348 0.029524 
-0.130371 0.029523 
-0.129395 0.029522 
-0.128418 0.029522 
-0.127441 0.029521 
-0.126465 0.029520 
-0.125488 0.029519 
-0.124512 0.029519 
-0.123535 0.029518 
-0.122559 0.029517 
-0.121582 0.029516 
-0.120605 0.029516 
-0.119629 0.029515 
-0.118652 0.029514 
-0.117676 0.029514 
-0.116699 0.029513 
-0.115723 0.029512 
-0.114746 0.029512 
-0.113770 0.029511 
-0.112793 0.029511 
-0.111816 0.029510 
-0.110840 0.029509 
-0.109863 0.029509 
-0.108887 0.029508 
-0.107910 0.029507 
-0.106934 0.029507 
-0.105957 0.029506 
-0.104980 0.029506 
-0.104004 0.029505 
-0.103027 0.029505 
-0.102051 0.029504 
-0.101074 0.029503 
-0.100098 0.029503 
-0.099121 0.029502 
-0.098145 0.029502 
-0.097168 0.029501 
-0.096191 0.029501 
-0.095215 0.029500 
-0.094238 0.029500 
-0.093262 0.029499 
-0.092285 0.029499 
-0.091309 0.029498 
-0.090332 0.029498 
-0.089355 0.029497 
-0.088379 0.029497 
-0.087402 0.029496 
-0.086426 0.029496 
-0.085449 0.029496 
-0.084473 0.029495 
-0.083496 0.029495 
-0.082520 0.029494 
-0.081543 0.029494 
-0.080566 0.029493 
-0.079590 0.029493 
-0.078613 0.029493 
-0.077637 0.029492 
-0.076660 0.029492 
-0.075684 0.029491 
-0.074707 0.029491 
-0.073730 0.029491 
-0.072754 0.029490 
-0.071777 0.029490 
-0.070801 0.029489 
-0.069824 0.029489 
-0.068848 0.029489 
-0.067871 0.029488 
-0.066895 0.029488 
-0.065918 0.029488 
-0.064941 0.029487 
-0.063965 0.029487 
-0.062988 0.029487 
-0.062012 0.029486 
-0.061035 0.029486 
-0.060059 0.029486 
-0.059082 0.029486 
-0.058105 0.029485 
-0.057129 0.029485 
-0.056152 0.029485 
-0.055176 0.029484 
-0.054199 0.029484 
-0.053223 0.029484 
-0.052246 0.029484 
-0.051270 0.029483 
-0.050293 0.029483 
-0.049316 0.029483 
-0.048340 0.029483 
-0.047363 0.029482 
-0.046387 0.029482 
-0.045410 0.029482 
-0.044434 0.029482 
-0.043457 0.029482 
-0.042480 0.029481 
-0.041504 0.029481 
-0.040527 0.029481 
-0.039551 0.029481 
-0.038574 0.029481 
-0.037598 0.029480 
-0.036621 0.029480 
-0.035645 0.029480 
-0.034668 0.029480 
-0.033691 0.029480 
-0.032715 0.029480 
-0.031738 0.029479 
-0.030762 0.029479 
-0.029785 0.029479 
-0.028809 0.029479 
-0.027832 0.029479 
-0.026855 0.029479 
-0.025879 0.029479 
-0.024902 0.029478 
-0.023926 0.029478 
-0.022949 0.029478 
-0.021973 0.029478 
-0.020996 0.029478 
-0.020020 0.029478 
-0.019043 0.029478 
-0.018066 0.029478 
-0.017090 0.029478 
-0.016113 0.029478 
-0.015137 0.029477 
-0.014160 0.029477 
-0.013184 0.029477 
-0.012207 0.029477 
-0.011230 0.029477 
-0.010254 0.029477 
-0.009277 0.029477 
-0.008301 0.029477 
-0.007324 0.029477 
-0.006348 0.029477 
-0.005371 0.029477 
-0.004395 0.029477 
-0.003418 0.029477 
-0.002441 0.029477 
-0.001465 0.029477 
-0.000488 0.029477 
0.000488 0.029477 
0.001465 0.029477 
0.002441 0.029477 
0.003418 0.029477 
0.004395 0.029477 
0.005371 0.029477 
0.006348 0.029477 
0.007324 0.029477 
0.008301 0.029477 
0.009277 0.029477 
0.010254 0.029477 
0.011230 0.029477 
0.012207 0.029477 
0.013184 0.029477 
0.014160 0.029477 
0.015137 0.029477 
0.016113 0.029478 
0.017090 0.029478 
0.018066 0.029478 
0.019043 0.029478 
0.020020 0.029478 
0.020996 0.029478 
0.021973 0.029478 
0.022949 0.029478 
0.023926 0.029478 
0.024902 0.029478 
0.025879 0.029479 
0.026855 0.029479 
0.027832 0.029479 
0.028809 0.029479 
0.029785 0.029479 
0.030762 0.029479 
0.031738 0.029479 
0.032715 0.029480 
0.033691 0.029480 
0.034668 0.029480 
0.035645 0.029480 
0.036621 0.029480 
0.037598 0.029480 
0.038574 0.029481 
0.039551 0.029481 
0.040527 0.029481 
0.041504 0.029481 
0.042480 0.029481 
0.043457 0.029482 
0.044434 0.029482 
0.045410 0.029482 
0.046387 0.029482 
0.047363 0.029482 
0.048340 0.029483 
0.049316 0.029483 
0.050293 0.029483 
0.051270 0.029483 
0.052246 0.029484 
0.053223 0.029484 
0.054199 0.029484 
0.055176 0.029484 
0.056152 0.029485 
0.057129 0.029485 
0.058105 0.029485 
0.059082 0.029486 
0.060059 0.029486 
0.061035 0.029486 
0.062012 0.029486 
0.062988 0.029487 
0.063965 0.029487 
0.064941 0.029487 
0.065918 0.029488 
0.066895 0.029488 
0.067871 0.029488 
0.068848 0.029489 
0.069824 0.029489 
0.070801 0.029489 
0.071777 0.029490 
0.072754 0.029490 
0.073730 0.029491 
0.074707 0.029491 
0.075684 0.029491 
0.076660 0.029492 
0.077637 0.029492 
0.078613 0.029493 
0.079590 0.029493 
0.080566 0.029493 
0.081543 0.029494 
0.082520 0.029494 
0.083496 0.029495 
0.084473 0.029495 
0.085449 0.029496 
0.086426 0.029496 
0.087402 0.029496 
0.088379 0.029497 
0.089355 0.029497 
0.090332 0.029498 
0.091309 0.029498 
0.092285 0.029499 
0.093262 0.029499 
0.094238 0.029500 
0.095215 0.029500 
0.096191 0.029501 
0.097168 0.029501 
0.098145 0.029502 
0.099121 0.029502 
0.100098 0.029503 
0.101074 0.029503 
0.102051 0.029504 
0.103027 0.029505 
0.104004 0.029505 
0.104980 0.029506 
0.105957 0.029506 
0.106934 0.029507 
0.107910 0.029507 
0.108887 0.029508 
0.109863 0.029509 
0.110840 0.029509 
0.111816 0.029510 
0.112793 0.029511 
0.113770 0.029511 
0.114746 0.029512 
0.115723 0.029512 
0.116699 0.029513 
0.117676 0.029514 
0.118652 0.029514 
0.119629 0.029515 
0.120605 0.029516 
0.121582 0.029516 
0.122559 0.029517 
0.123535 0.029518 
0.124512 0.029519 
0.125488 0.029519 
0.126465 0.029520 
0.127441 0.029521 
0.128418 0.029522 
0.129395 0.029522 
0.130371 0.029523 
0.131348 0.029524 
0.132324 0.029525 
0.133301 0.029525 
0.134277 0.029526 
0.135254 0.029527 
0.136230 0.029528 
0.137207 0.029529 
0.138184 0.029529 
0.139160 0.029530 
0.140137 0.029531 
0.141113 0.029532 
0.142090 0.029533 
0.143066 0.029534 
0.144043 0.029535 
0.145020 0.029536 
0.145996 0.029536 
0.146973 0.029537 
0.147949 0.029538 
0.148926 0.029539 
0.149902 0.029540 
0.150879 0.029533 
0.151855 0.029534 
0.152832 0.029535 
0.153809 0.029535 
0.154785 0.029536 
0.155762 0.029537 
0.156738 0.029538 
0.157715 0.029538 
0.158691 0.029539 
0.159668 0.029540 
0.160645 0.029541 
0.161621 0.029541 
0.162598 0.029542 
0.163574 0.029543 
0.164551 0.029544 
0.165527 0.029544 
0.166504 0.029545 
0.167480 0.029546 
0.168457 0.029547 
0.169434 0.029548 
0.170410 0.029548 
0.171387 0.029549 
0.172363 0.029550 
0.173340 0.029551 
0.174316 0.029552 
0.175293 0.029553 
0.176270 0.029554 
0.177246 0.029555 
0.178223 0.029556 
0.179199 0.029556 
0.180176 0.029557 
0.181152 0.029558 
0.182129 0.029559 
0.183105 0.029560 
0.184082 0.029561 
0.185059 0.029562 
0.186035 0.029563 
0.187012 0.029564 
0.187988 0.029565 
0.188965 0.029566 
0.189941 0.029567 
0.190918 0.029568 
0.191895 0.029569 
0.192871 0.029571 
0.193848 0.029572 
0.194824 0.029573 
0.195801 0.029574 
0.196777 0.029575 
0.197754 0.029576 
0.198730 0.029577 
0.199707 0.029578 
0.200684 0.029580 
0.201660 0.029581 
0.202637 0.029582 
0.203613 0.029583 
0.204590 0.029585 
0.205566 0.029586 
0.206543 0.029587 
0.207520 0.029588 
0.208496 0.029590 
0.209473 0.029591 
0.210449 0.029592 
0.211426 0.029594 
0.212402 0.029595 
0.213379 0.029596 
0.214355 0.029598 
0.215332 0.029599 
0.216309 0.029601 
0.217285 0.029602 
0.218262 0.029603 
0.219238 0.029605 
0.220215 0.029606 
0.221191 0.029608 
0.222168 0.029609 
0.223145 0.029611 
0.224121 0.029612 
0.225098 0.029614 
0.226074 0.029616 
0.227051 0.029617 
0.228027 0.029619 
0.229004 0.029620 
0.229980 0.029622 
0.230957 0.029624 
0.231934 0.029625 
0.232910 0.029627 
0.233887 0.029629 
0.234863 0.029631 
0.235840 0.029632 
0.236816 0.029634 
0.237793 0.029636 
0.238770 0.029638 
0.239746 0.029640 
0.240723 0.029642 
0.241699 0.029643 
0.242676 0.029645 
0.243652 0.029647 
0.244629 0.029649 
0.245605 0.029651 
0.246582 0.029653 
0.247559 0.029655 
0.248535 0.029657 
0.249512 0.029659 
0.250488 0.029662 
0.251465 0.029664 
0.252441 0.029666 
0.253418 0.029668 
0.254395 0.029670 
0.255371 0.029672 
0.256348 0.029675 
0.257324 0.029677 
0.258301 0.029679 
0.259277 0.029682 
0.260254 0.029684 
0.261230 0.029686 
0.262207 0.029689 
0.263184 0.029691 
0.264160 0.029694 
0.265137 0.029696 
0.266113 0.029699 
0.267090 0.029701 
0.268066 0.029704 
0.269043 0.029706 
0.270020 0.029709 
0.270996 0.029712 
0.271973 0.029714 
0.272949 0.029717 
0.273926 0.029720 
0.274902 0.029723 
0.275879 0.029726 
0.276855 0.029728 
0.277832 0.029731 
0.278809 0.029734 
0.279785 0.029737 
0.280762 0.029740 
0.281738 0.029743 
0.282715 0.029746 
0.283691 0.029749 
0.284668 0.029753 
0.285645 0.029756 
0.286621 0.029759 
0.287598 0.029762 
0.288574 0.029766 
0.289551 0.029769 
0.290527 0.029772 
0.291504 0.029776 
0.292480 0.029779 
0.293457 0.029783 
0.294434 0.029786 
0.295410 0.029790 
0.296387 0.029793 
0.297363 0.029797 
0.298340 0.029801 
0.299316 0.029804 
0.300293 0.029808 
0.301270 0.029812 
0.302246 0.029816 
0.303223 0.029820 
0.304199 0.029824 
0.305176 0.029828 
0.306152 0.029832 
0.307129 0.029836 
0.308105 0.029840 
0.309082 0.029844 
0.310059 0.029849 
0.311035 0.029853 
0.312012 0.029857 
0.312988 0.029862 
0.313965 0.029866 
0.314941 0.029871 
0.315918 0.029875 
0.316895 0.029880 
0.317871 0.029885 
0.318848 0.029889 
0.319824 0.029894 
0.320801 0.029899 
0.321777 0.029904 
0.322754 0.029909 
0.323730 0.029914 
0.324707 0.029919 
0.325684 0.029903 
0.326660 0.029908 
0.327637 0.029912 
0.328613 0.029917 
0.329590 0.029921 
0.330566 0.029926 
0.331543 0.029931 
0.332520 0.029935 
0.333496 0.029940 
0.334473 0.029945 
0.335449 0.029950 
0.336426 0.029955 
0.337402 0.029961 
0.338379 0.029966 
0.339355 0.029971 
0.340332 0.029977 
0.341309 0.029982 
0.342285 0.029988 
0.343262 0.029993 
0.344238 0.029999 
0.345215 0.030005 
0.346191 0.030011 
0.347168 0.030017 
0.348145 0.030023 
0.349121 0.030029 
0.350098 0.030035 
0.351074 0.030042 
0.352051 0.030048 
0.353027 0.030055 
0.354004 0.030062 
0.354980 0.030068 
0.355957 0.030075 
0.356934 0.030082 
0.357910 0.030089 
0.358887 0.030097 
0.359863 0.030104 
0.360840 0.030111 
0.361816 0.030119 
0.362793 0.030127 
0.363770 0.030134 
0.364746 0.030142 
0.365723 0.030150 
0.366699 0.030159 
0.367676 0.030167 
0.368652 0.030175 
0.369629 0.030184 
0.370605 0.030193 
0.371582 0.030202 
0.372559 0.030211 
0.373535 0.030220 
0.374512 0.030229 
0.375488 0.030238 
0.376465 0.030248 
0.377441 0.030258 
0.378418 0.030268 
0.379395 0.030278 
0.380371 0.030288 
0.381348 0.030298 
0.382324 0.030309 
0.383301 0.030320 
0.384277 0.030331 
0.385254 0.030342 
0.386230 0.030353 
0.387207 0.030365 
0.388184 0.030376 
0.389160 0.030388 
0.390137 0.030400 
0.391113 0.030413 
0.392090 0.030425 
0.393066 0.030438 
0.394043 0.030451 
0.395020 0.030464 
0.395996 0.030477 
0.396973 0.030491 
0.397949 0.030504 
0.398926 0.030518 
0.399902 0.030533 
0.400879 0.030547 
0.401855 0.030562 
0.402832 0.030577 
0.403809 0.030592 
0.404785 0.030608 
0.405762 0.030624 
0.406738 0.030640 
0.407715 0.030656 
0.408691 0.030673 
0.409668 0.030690 
0.410645 0.030707 
0.411621 0.030725 
0.412598 0.030742 
0.413574 0.030761 
0.414551 0.030779 
0.415527 0.030798 
0.416504 0.030817 
0.417480 0.030836 
0.418457 0.030856 
0.419434 0.030876 
0.420410 0.030897 
0.421387 0.030918 
0.422363 0.030939 
0.423340 0.030961 
0.424316 0.030983 
0.425293 0.031005 
0.426270 0.031028 
0.427246 0.031051 
0.428223 0.031075 
0.429199 0.031099 
0.430176 0.031124 
0.431152 0.031149 
0.432129 0.031174 
0.433105 0.031200 
0.434082 0.031226 
0.435059 0.031253 
0.436035 0.031281 
0.437012 0.031308 
0.437988 0.031337 
0.438965 0.031366 
0.439941 0.031395 
0.440918 0.031425 
0.441895 0.031455 
0.442871 0.031487 
0.443848 0.031518 
0.444824 0.031550 
0.445801 0.031583 
0.446777 0.031617 
0.447754 0.031651 
0.448730 0.031685 
0.449707 0.031721 
0.450684 0.031757 
0.451660 0.031793 
0.452637 0.031831 
0.453613 0.031869 
0.454590 0.031907 
0.455566 0.031947 
0.456543 0.031987 
0.457520 0.032028 
0.458496 0.032070 
0.459473 0.032112 
0.460449 0.032156 
0.461426 0.032200 
0.462402 0.032245 
0.463379 0.032291 
0.464355 0.032338 
0.465332 0.032385 
0.466309 0.032434 
0.467285 0.032483 
0.468262 0.032534 
0.469238 0.032585 
0.470215 0.032637 
0.471191 0.032691 
0.472168 0.032745 
0.473145 0.032801 
0.474121 0.032857 
0.475098 0.032915 
0.476074 0.032973 
0.477051 0.033033 
0.478027 0.033094 
0.479004 0.033156 
0.479980 0.033220 
0.480957 0.033284 
0.481934 0.033350 
0.482910 0.033417 
0.483887 0.033486 
0.484863 0.033555 
0.485840 0.033627 
0.486816 0.033699 
0.487793 0.033773 
0.488770 0.033848 
0.489746 0.033925 
0.490723 0.034003 
0.491699 0.034083 
0.492676 0.034165 
0.493652 0.034248 
0.494629 0.034332 
0.495605 0.034419 
0.496582 0.034507 
0.497559 0.034596 
0.498535 0.034688 
0.499512 0.034781 
