#x y at the midpoint of each cell all the exact solution components
-0.500000 0.000000 0.000000 0.000000 -1.391019 0.000000 0.000000 0.019262 0.000000 0.026352 0.000000 0.000000 0.000000 0.000000 0.000000 0.000000 0.000000 0.000000 
-0.437500 0.000000 0.000000 0.000000 -1.364319 0.000000 0.000000 0.012434 0.000000 0.017654 0.000000 0.000000 0.000000 0.000000 0.000000 0.000000 0.000000 0.000000 
-0.437500 0.000000 0.000000 0.000000 -1.364319 0.000000 0.000000 0.012434 0.000000 0.017654 0.000000 0.000000 0.000000 0.000000 0.000000 0.000000 0.000000 0.000000 
-0.375000 0.000000 0.000000 0.000000 -1.340398 0.000000 0.000000 0.006752 0.000000 0.011117 0.000000 0.000000 0.000000 0.000000 0.000000 0.000000 0.000000 0.000000 
-0.375000 0.000000 0.000000 0.000000 -1.340398 0.000000 0.000000 0.006752 0.000000 0.011117 0.000000 0.000000 0.000000 0.000000 0.000000 0.000000 0.000000 0.000000 
-0.312500 0.000000 0.000000 0.000000 -1.319592 0.000000 0.000000 0.002116 0.000000 0.006434 0.000000 0.000000 0.000000 0.000000 0.000000 0.000000 0.000000 0.000000 
-0.312500 0.000000 0.000000 0.000000 -1.319592 0.000000 0.000000 0.002116 0.000000 0.006434 0.000000 0.000000 0.000000 0.000000 0.000000 0.000000 0.000000 0.000000 
-0.250000 0.000000 0.000000 0.000000 -1.302185 0.000000 0.000000 -0.001563 0.000000 0.003294 0.000000 0.000000 0.000000 0.000000 0.000000 0.000000 0.000000 0.000000 
-0.250000 0.000000 0.000000 0.000000 -1.302185 0.000000 0.000000 -0.001563 0.000000 0.003294 0.000000 0.000000 0.000000 0.000000 0.000000 0.000000 0.000000 0.000000 
-0.187500 0.000000 0.000000 0.000000 -1.288407 0.000000 0.000000 -0.004352 0.000000 0.001390 0.000000 0.000000 0.000000 0.000000 0.000000 0.000000 0.000000 0.000000 
-0.187500 0.000000 0.000000 0.000000 -1.288407 0.000000 0.000000 -0.004352 0.000000 0.001390 0.000000 0.000000 0.000000 0.000000 0.000000 0.000000 0.000000 0.000000 
-0.125000 0.000000 0.000000 0.000000 -1.278439 0.000000 0.000000 -0.006307 0.000000 0.000412 0.000000 0.000000 0.000000 0.000000 0.000000 0.000000 0.000000 0.000000 
-0.125000 0.000000 0.000000 0.000000 -1.278439 0.000000 0.000000 -0.006307 0.000000 0.000412 0.000000 0.000000 0.000000 0.000000 0.000000 0.000000 0.000000 0.000000 
-0.062500 0.000000 0.000000 0.000000 -1.272407 0.000000 0.000000 -0.007465 0.000000 0.000051 0.000000 0.000000 0.000000 0.000000 0.000000 0.000000 0.000000 0.000000 
-0.062500 0.000000 0.000000 0.000000 -1.272407 0.000000 0.000000 -0.007465 0.000000 0.000051 0.000000 0.000000 0.000000 0.000000 0.000000 0.000000 0.000000 0.000000 
0.000000 0.000000 0.000000 0.000000 -1.270388 0.000000 0.000000 -0.007848 0.000000 -0.000000 0.000000 0.000000 0.000000 0.000000 0.000000 0.000000 0.000000 0.000000 
0.000000 0.000000 0.000000 0.000000 -1.270388 0.000000 0.000000 -0.007848 0.000000 -0.000000 0.000000 0.000000 0.000000 0.000000 0.000000 0.000000 0.000000 0.000000 
0.062500 0.000000 0.000000 0.000000 -1.272407 0.000000 0.000000 -0.007465 0.000000 -0.000051 0.000000 0.000000 0.000000 0.000000 0.000000 0.000000 0.000000 0.000000 
0.062500 0.000000 0.000000 0.000000 -1.272407 0.000000 0.000000 -0.007465 0.000000 -0.000051 0.000000 0.000000 0.000000 0.000000 0.000000 0.000000 0.000000 0.000000 
0.125000 0.000000 0.000000 0.000000 -1.278439 0.000000 0.000000 -0.006307 0.000000 -0.000412 0.000000 0.000000 0.000000 0.000000 0.000000 0.000000 0.000000 0.000000 
0.125000 0.000000 0.000000 0.000000 -1.278439 0.000000 0.000000 -0.006307 0.000000 -0.000412 0.000000 0.000000 0.000000 0.000000 0.000000 0.000000 0.000000 0.000000 
0.187500 0.000000 0.000000 0.000000 -1.288407 0.000000 0.000000 -0.004352 0.000000 -0.001390 0.000000 0.000000 0.000000 0.000000 0.000000 0.000000 0.000000 0.000000 
0.187500 0.000000 0.000000 0.000000 -1.288407 0.000000 0.000000 -0.004352 0.000000 -0.001390 0.000000 0.000000 0.000000 0.000000 0.000000 0.000000 0.000000 0.000000 
0.250000 0.000000 0.000000 0.000000 -1.302185 0.000000 0.000000 -0.001563 0.000000 -0.003294 0.000000 0.000000 0.000000 0.000000 0.000000 0.000000 0.000000 0.000000 
0.250000 0.000000 0.000000 0.000000 -1.302185 0.000000 0.000000 -0.001563 0.000000 -0.003294 0.000000 0.000000 0.000000 0.000000 0.000000 0.000000 0.000000 0.000000 
0.312500 0.000000 0.000000 0.000000 -1.319592 0.000000 0.000000 0.002116 0.000000 -0.006434 0.000000 0.000000 0.000000 0.000000 0.000000 0.000000 0.000000 0.000000 
0.312500 0.000000 0.000000 0.000000 -1.319592 0.000000 0.000000 0.002116 0.000000 -0.006434 0.000000 0.000000 0.000000 0.000000 0.000000 0.000000 0.000000 0.000000 
0.375000 0.000000 0.000000 0.000000 -1.340398 0.000000 0.000000 0.006752 0.000000 -0.011117 0.000000 0.000000 0.000000 0.000000 0.000000 0.000000 0.000000 0.000000 
0.375000 0.000000 0.000000 0.000000 -1.340398 0.000000 0.000000 0.006752 0.000000 -0.011117 0.000000 0.000000 0.000000 0.000000 0.000000 0.000000 0.000000 0.000000 
0.437500 0.000000 0.000000 0.000000 -1.364319 0.000000 0.000000 0.012434 0.000000 -0.017654 0.000000 0.000000 0.000000 0.000000 0.000000 0.000000 0.000000 0.000000 
0.437500 0.000000 0.000000 0.000000 -1.364319 0.000000 0.000000 0.012434 0.000000 -0.017654 0.000000 0.000000 0.000000 0.000000 0.000000 0.000000 0.000000 0.000000 
0.500000 0.000000 0.000000 0.000000 -1.391019 0.000000 0.000000 0.019262 0.000000 -0.026352 0.000000 0.000000 0.000000 0.000000 0.000000 0.000000 0.000000 0.000000 
