0.698350 -1.000000 -0.000000 -0.448946 0.583814 0.000000 0.000000 0.000000 0.000000 0.000000 -0.000000 -0.000000 0.000000 -0.108453 0.328101 -0.000000 0.000000 
-1.000000 1.615338 -0.000000 0.816497 -1.414214 0.000000 -0.000000 -0.436462 0.000000 0.707433 -0.000000 0.000000 -0.000000 -0.000000 0.000000 -0.000000 -0.000000 
0.000000 0.000000 0.718360 -0.000000 -0.000000 -1.414214 -0.000000 0.000000 -0.074582 -0.000000 1.339398 -0.000000 -0.000000 0.000000 -0.000000 -0.000000 -0.000000 
-0.448946 0.816497 0.000000 1.100248 -0.567552 0.000000 -0.000000 -1.290994 0.000000 -0.000000 -0.000000 -0.000000 -0.000000 -0.656228 0.643259 -0.000000 -0.000000 
0.389209 -0.942809 0.000000 -0.378368 1.670740 -0.000000 0.000000 0.596285 -0.000000 -1.732051 0.000000 -0.000000 0.000000 0.054184 -0.654920 0.000000 0.000000 
-0.000000 -0.000000 -0.707107 0.000000 0.000000 1.640421 0.000000 -0.000000 0.447214 -0.000000 -1.732051 0.000000 -0.000000 -0.000000 -0.000000 -0.555895 -0.000000 
-0.194605 0.471405 0.000000 0.189184 -0.394412 0.000000 0.881917 -0.298142 0.000000 -0.000000 -0.000000 -1.732051 0.000000 -0.027092 0.091758 0.000000 -0.471405 
0.000000 -0.436462 -0.000000 -1.290994 0.894427 -0.000000 0.000000 2.229135 0.000000 -0.775337 0.000000 0.000000 0.000000 1.154701 -1.673320 0.000000 -0.000000 
-0.000000 0.000000 -0.074582 -0.000000 0.000000 0.894427 -0.000000 -0.000000 1.132932 0.000000 -1.384156 0.000000 -0.000000 0.000000 0.000000 -1.673320 -0.000000 
0.000000 0.282973 0.000000 -0.000000 -1.039230 -0.000000 -0.000000 -0.310135 -0.000000 1.368811 0.000000 0.000000 -0.000000 -0.000000 0.555492 0.000000 0.000000 
0.000000 -0.000000 0.357173 0.000000 -0.000000 -0.923760 0.000000 0.000000 -0.369108 -0.000000 1.033365 -0.000000 0.000000 0.000000 0.000000 0.493771 -0.000000 
-0.000000 -0.141487 -0.000000 0.000000 0.230940 -0.000000 -0.577350 0.155067 -0.000000 -0.117459 0.000000 1.133893 -0.000000 -0.000000 -0.123443 0.000000 0.308607 
-0.000000 0.000000 -0.267880 -0.000000 0.000000 0.692820 -0.000000 -0.000000 0.276831 0.000000 -0.775024 0.000000 -0.000000 0.000000 0.000000 -0.370328 0.000000 
-0.108453 0.000000 0.000000 -0.656228 0.081277 -0.000000 0.000000 1.154701 0.000000 -0.000000 0.000000 -0.000000 -0.000000 0.666152 -0.814960 -0.000000 -0.000000 
0.218734 -0.000000 0.000000 0.428840 -0.654920 0.000000 -0.000000 -1.115547 -0.000000 0.925820 -0.000000 0.000000 -0.000000 -0.543307 1.077793 -0.000000 0.000000 
0.000000 -0.000000 -0.000000 0.000000 -0.000000 -0.555895 -0.000000 -0.000000 -0.836660 -0.000000 0.925820 -0.000000 0.000000 -0.000000 0.000000 1.244236 0.000000 
-0.109367 0.000000 -0.000000 -0.214420 0.091758 0.000000 -0.471405 0.557773 -0.000000 0.000000 0.000000 0.925820 -0.000000 0.271653 -0.412908 -0.000000 0.251976 
