#cell coordinates and the corresponding deviation from the equilibrium 
-0.499512 0.035090 
-0.498535 0.034980 
-0.497559 0.034873 
-0.496582 0.034768 
-0.495605 0.034665 
-0.494629 0.034564 
-0.493652 0.034466 
-0.492676 0.034370 
-0.491699 0.034276 
-0.490723 0.034183 
-0.489746 0.034093 
-0.488770 0.034005 
-0.487793 0.033919 
-0.486816 0.033835 
-0.485840 0.033753 
-0.484863 0.033672 
-0.483887 0.033593 
-0.482910 0.033516 
-0.481934 0.033441 
-0.480957 0.033367 
-0.479980 0.033294 
-0.479004 0.033224 
-0.478027 0.033155 
-0.477051 0.033087 
-0.476074 0.033021 
-0.475098 0.032956 
-0.474121 0.032893 
-0.473145 0.032831 
-0.472168 0.032770 
-0.471191 0.032711 
-0.470215 0.032652 
-0.469238 0.032595 
-0.468262 0.032540 
-0.467285 0.032485 
-0.466309 0.032432 
-0.465332 0.032380 
-0.464355 0.032329 
-0.463379 0.032279 
-0.462402 0.032230 
-0.461426 0.032182 
-0.460449 0.032135 
-0.459473 0.032089 
-0.458496 0.032044 
-0.457520 0.032000 
-0.456543 0.031957 
-0.455566 0.031915 
-0.454590 0.031873 
-0.453613 0.031833 
-0.452637 0.031793 
-0.451660 0.031754 
-0.450684 0.031716 
-0.449707 0.031679 
-0.448730 0.031643 
-0.447754 0.031607 
-0.446777 0.031572 
-0.445801 0.031538 
-0.444824 0.031504 
-0.443848 0.031471 
-0.442871 0.031439 
-0.441895 0.031408 
-0.440918 0.031377 
-0.439941 0.031346 
-0.438965 0.031317 
-0.437988 0.031288 
-0.437012 0.031259 
-0.436035 0.031231 
-0.435059 0.031204 
-0.434082 0.031177 
-0.433105 0.031151 
-0.432129 0.031125 
-0.431152 0.031100 
-0.430176 0.031075 
-0.429199 0.031051 
-0.428223 0.031027 
-0.427246 0.031004 
-0.426270 0.030981 
-0.425293 0.030959 
-0.424316 0.030889 
-0.423340 0.030869 
-0.422363 0.030849 
-0.421387 0.030830 
-0.420410 0.030811 
-0.419434 0.030792 
-0.418457 0.030773 
-0.417480 0.030755 
-0.416504 0.030738 
-0.415527 0.030720 
-0.414551 0.030703 
-0.413574 0.030686 
-0.412598 0.030669 
-0.411621 0.030653 
-0.410645 0.030637 
-0.409668 0.030621 
-0.408691 0.030606 
-0.407715 0.030590 
-0.406738 0.030575 
-0.405762 0.030561 
-0.404785 0.030546 
-0.403809 0.030532 
-0.402832 0.030518 
-0.401855 0.030504 
-0.400879 0.030490 
-0.399902 0.030477 
-0.398926 0.030464 
-0.397949 0.030451 
-0.396973 0.030438 
-0.395996 0.030426 
-0.395020 0.030414 
-0.394043 0.030402 
-0.393066 0.030390 
-0.392090 0.030378 
-0.391113 0.030366 
-0.390137 0.030355 
-0.389160 0.030344 
-0.388184 0.030333 
-0.387207 0.030322 
-0.386230 0.030312 
-0.385254 0.030301 
-0.384277 0.030291 
-0.383301 0.030281 
-0.382324 0.030271 
-0.381348 0.030261 
-0.380371 0.030252 
-0.379395 0.030242 
-0.378418 0.030233 
-0.377441 0.030224 
-0.376465 0.030215 
-0.375488 0.030206 
-0.374512 0.030197 
-0.373535 0.030189 
-0.372559 0.030180 
-0.371582 0.030172 
-0.370605 0.030164 
-0.369629 0.030156 
-0.368652 0.030148 
-0.367676 0.030140 
-0.366699 0.030132 
-0.365723 0.030125 
-0.364746 0.030117 
-0.363770 0.030110 
-0.362793 0.030103 
-0.361816 0.030095 
-0.360840 0.030088 
-0.359863 0.030082 
-0.358887 0.030075 
-0.357910 0.030068 
-0.356934 0.030062 
-0.355957 0.030055 
-0.354980 0.030049 
-0.354004 0.030042 
-0.353027 0.030036 
-0.352051 0.030030 
-0.351074 0.030024 
-0.350098 0.030018 
-0.349121 0.030033 
-0.348145 0.030026 
-0.347168 0.030020 
-0.346191 0.030014 
-0.345215 0.030007 
-0.344238 0.030001 
-0.343262 0.029995 
-0.342285 0.029989 
-0.341309 0.029983 
-0.340332 0.029977 
-0.339355 0.029971 
-0.338379 0.029965 
-0.337402 0.029959 
-0.336426 0.029953 
-0.335449 0.029948 
-0.334473 0.029942 
-0.333496 0.029937 
-0.332520 0.029931 
-0.331543 0.029926 
-0.330566 0.029921 
-0.329590 0.029915 
-0.328613 0.029910 
-0.327637 0.029905 
-0.326660 0.029900 
-0.325684 0.029895 
-0.324707 0.029890 
-0.323730 0.029885 
-0.322754 0.029880 
-0.321777 0.029876 
-0.320801 0.029871 
-0.319824 0.029866 
-0.318848 0.029862 
-0.317871 0.029857 
-0.316895 0.029853 
-0.315918 0.029848 
-0.314941 0.029844 
-0.313965 0.029840 
-0.312988 0.029835 
-0.312012 0.029831 
-0.311035 0.029827 
-0.310059 0.029823 
-0.309082 0.029819 
-0.308105 0.029815 
-0.307129 0.029811 
-0.306152 0.029807 
-0.305176 0.029803 
-0.304199 0.029799 
-0.303223 0.029795 
-0.302246 0.029791 
-0.301270 0.029788 
-0.300293 0.029784 
-0.299316 0.029780 
-0.298340 0.029777 
-0.297363 0.029773 
-0.296387 0.029770 
-0.295410 0.029766 
-0.294434 0.029763 
-0.293457 0.029759 
-0.292480 0.029756 
-0.291504 0.029753 
-0.290527 0.029750 
-0.289551 0.029746 
-0.288574 0.029743 
-0.287598 0.029740 
-0.286621 0.029737 
-0.285645 0.029734 
-0.284668 0.029731 
-0.283691 0.029728 
-0.282715 0.029725 
-0.281738 0.029722 
-0.280762 0.029719 
-0.279785 0.029716 
-0.278809 0.029713 
-0.277832 0.029710 
-0.276855 0.029708 
-0.275879 0.029705 
-0.274902 0.029702 
-0.273926 0.029699 
-0.272949 0.029697 
-0.271973 0.029694 
-0.270996 0.029692 
-0.270020 0.029689 
-0.269043 0.029687 
-0.268066 0.029684 
-0.267090 0.029682 
-0.266113 0.029679 
-0.265137 0.029677 
-0.264160 0.029674 
-0.263184 0.029672 
-0.262207 0.029670 
-0.261230 0.029667 
-0.260254 0.029665 
-0.259277 0.029663 
-0.258301 0.029661 
-0.257324 0.029658 
-0.256348 0.029656 
-0.255371 0.029654 
-0.254395 0.029652 
-0.253418 0.029650 
-0.252441 0.029648 
-0.251465 0.029646 
-0.250488 0.029644 
-0.249512 0.029642 
-0.248535 0.029640 
-0.247559 0.029638 
-0.246582 0.029636 
-0.245605 0.029634 
-0.244629 0.029632 
-0.243652 0.029630 
-0.242676 0.029628 
-0.241699 0.029626 
-0.240723 0.029624 
-0.239746 0.029623 
-0.238770 0.029621 
-0.237793 0.029619 
-0.236816 0.029617 
-0.235840 0.029616 
-0.234863 0.029614 
-0.233887 0.029612 
-0.232910 0.029611 
-0.231934 0.029609 
-0.230957 0.029607 
-0.229980 0.029606 
-0.229004 0.029604 
-0.228027 0.029603 
-0.227051 0.029601 
-0.226074 0.029600 
-0.225098 0.029598 
-0.224121 0.029597 
-0.223145 0.029595 
-0.222168 0.029594 
-0.221191 0.029592 
-0.220215 0.029591 
-0.219238 0.029589 
-0.218262 0.029588 
-0.217285 0.029586 
-0.216309 0.029585 
-0.215332 0.029584 
-0.214355 0.029582 
-0.213379 0.029581 
-0.212402 0.029580 
-0.211426 0.029578 
-0.210449 0.029577 
-0.209473 0.029576 
-0.208496 0.029575 
-0.207520 0.029573 
-0.206543 0.029572 
-0.205566 0.029571 
-0.204590 0.029570 
-0.203613 0.029569 
-0.202637 0.029567 
-0.201660 0.029566 
-0.200684 0.029565 
-0.199707 0.029575 
-0.198730 0.029573 
-0.197754 0.029572 
-0.196777 0.029571 
-0.195801 0.029569 
-0.194824 0.029568 
-0.193848 0.029566 
-0.192871 0.029565 
-0.191895 0.029564 
-0.190918 0.029562 
-0.189941 0.029561 
-0.188965 0.029560 
-0.187988 0.029558 
-0.187012 0.029557 
-0.186035 0.029556 
-0.185059 0.029555 
-0.184082 0.029553 
-0.183105 0.029552 
-0.182129 0.029551 
-0.181152 0.029550 
-0.180176 0.029549 
-0.179199 0.029547 
-0.178223 0.029546 
-0.177246 0.029545 
-0.176270 0.029544 
-0.175293 0.029543 
-0.174316 0.029542 
-0.173340 0.029541 
-0.172363 0.029539 
-0.171387 0.029538 
-0.170410 0.029537 
-0.169434 0.029536 
-0.168457 0.029535 
-0.167480 0.029534 
-0.166504 0.029533 
-0.165527 0.029532 
-0.164551 0.029531 
-0.163574 0.029530 
-0.162598 0.029529 
-0.161621 0.029528 
-0.160645 0.029527 
-0.159668 0.029526 
-0.158691 0.029525 
-0.157715 0.029524 
-0.156738 0.029523 
-0.155762 0.029522 
-0.154785 0.029521 
-0.153809 0.029520 
-0.152832 0.029519 
-0.151855 0.029518 
-0.150879 0.029518 
-0.149902 0.029517 
-0.148926 0.029516 
-0.147949 0.029515 
-0.146973 0.029514 
-0.145996 0.029513 
-0.145020 0.029512 
-0.144043 0.029512 
-0.143066 0.029511 
-0.142090 0.029510 
-0.141113 0.029509 
-0.140137 0.029508 
-0.139160 0.029507 
-0.138184 0.029507 
-0.137207 0.029506 
-0.136230 0.029505 
-0.135254 0.029504 
-0.134277 0.029504 
-0.133301 0.029503 
-0.132324 0.029502 
-0.131348 0.029501 
-0.130371 0.029501 
-0.129395 0.029500 
-0.128418 0.029499 
-0.127441 0.029499 
-0.126465 0.029498 
-0.125488 0.029497 
-0.124512 0.029497 
-0.123535 0.029496 
-0.122559 0.029495 
-0.121582 0.029495 
-0.120605 0.029494 
-0.119629 0.029493 
-0.118652 0.029493 
-0.117676 0.029492 
-0.116699 0.029491 
-0.115723 0.029491 
-0.114746 0.029490 
-0.113770 0.029490 
-0.112793 0.029489 
-0.111816 0.029488 
-0.110840 0.029488 
-0.109863 0.029487 
-0.108887 0.029487 
-0.107910 0.029486 
-0.106934 0.029486 
-0.105957 0.029485 
-0.104980 0.029484 
-0.104004 0.029484 
-0.103027 0.029483 
-0.102051 0.029483 
-0.101074 0.029482 
-0.100098 0.029482 
-0.099121 0.029481 
-0.098145 0.029481 
-0.097168 0.029480 
-0.096191 0.029480 
-0.095215 0.029479 
-0.094238 0.029479 
-0.093262 0.029478 
-0.092285 0.029478 
-0.091309 0.029478 
-0.090332 0.029477 
-0.089355 0.029477 
-0.088379 0.029476 
-0.087402 0.029476 
-0.086426 0.029475 
-0.085449 0.029475 
-0.084473 0.029475 
-0.083496 0.029474 
-0.082520 0.029474 
-0.081543 0.029473 
-0.080566 0.029473 
-0.079590 0.029473 
-0.078613 0.029472 
-0.077637 0.029472 
-0.076660 0.029471 
-0.075684 0.029471 
-0.074707 0.029471 
-0.073730 0.029470 
-0.072754 0.029470 
-0.071777 0.029470 
-0.070801 0.029469 
-0.069824 0.029469 
-0.068848 0.029469 
-0.067871 0.029468 
-0.066895 0.029468 
-0.065918 0.029468 
-0.064941 0.029467 
-0.063965 0.029467 
-0.062988 0.029467 
-0.062012 0.029467 
-0.061035 0.029466 
-0.060059 0.029466 
-0.059082 0.029466 
-0.058105 0.029465 
-0.057129 0.029465 
-0.056152 0.029465 
-0.055176 0.029465 
-0.054199 0.029464 
-0.053223 0.029464 
-0.052246 0.029464 
-0.051270 0.029464 
-0.050293 0.029463 
-0.049316 0.029463 
-0.048340 0.029463 
-0.047363 0.029463 
-0.046387 0.029463 
-0.045410 0.029462 
-0.044434 0.029462 
-0.043457 0.029462 
-0.042480 0.029462 
-0.041504 0.029462 
-0.040527 0.029461 
-0.039551 0.029461 
-0.038574 0.029461 
-0.037598 0.029461 
-0.036621 0.029461 
-0.035645 0.029460 
-0.034668 0.029460 
-0.033691 0.029460 
-0.032715 0.029460 
-0.031738 0.029460 
-0.030762 0.029460 
-0.029785 0.029460 
-0.028809 0.029459 
-0.027832 0.029459 
-0.026855 0.029459 
-0.025879 0.029459 
-0.024902 0.029459 
-0.023926 0.029459 
-0.022949 0.029459 
-0.021973 0.029459 
-0.020996 0.029459 
-0.020020 0.029459 
-0.019043 0.029458 
-0.018066 0.029458 
-0.017090 0.029458 
-0.016113 0.029458 
-0.015137 0.029458 
-0.014160 0.029458 
-0.013184 0.029458 
-0.012207 0.029458 
-0.011230 0.029458 
-0.010254 0.029458 
-0.009277 0.029458 
-0.008301 0.029458 
-0.007324 0.029458 
-0.006348 0.029458 
-0.005371 0.029458 
-0.004395 0.029458 
-0.003418 0.029458 
-0.002441 0.029458 
-0.001465 0.029458 
-0.000488 0.029458 
0.000488 0.029458 
0.001465 0.029458 
0.002441 0.029458 
0.003418 0.029458 
0.004395 0.029458 
0.005371 0.029458 
0.006348 0.029458 
0.007324 0.029458 
0.008301 0.029458 
0.009277 0.029458 
0.010254 0.029458 
0.011230 0.029458 
0.012207 0.029458 
0.013184 0.029458 
0.014160 0.029458 
0.015137 0.029458 
0.016113 0.029458 
0.017090 0.029458 
0.018066 0.029458 
0.019043 0.029458 
0.020020 0.029459 
0.020996 0.029459 
0.021973 0.029459 
0.022949 0.029459 
0.023926 0.029459 
0.024902 0.029459 
0.025879 0.029459 
0.026855 0.029459 
0.027832 0.029459 
0.028809 0.029459 
0.029785 0.029460 
0.030762 0.029460 
0.031738 0.029460 
0.032715 0.029460 
0.033691 0.029460 
0.034668 0.029460 
0.035645 0.029460 
0.036621 0.029461 
0.037598 0.029461 
0.038574 0.029461 
0.039551 0.029461 
0.040527 0.029461 
0.041504 0.029462 
0.042480 0.029462 
0.043457 0.029462 
0.044434 0.029462 
0.045410 0.029462 
0.046387 0.029463 
0.047363 0.029463 
0.048340 0.029463 
0.049316 0.029463 
0.050293 0.029463 
0.051270 0.029464 
0.052246 0.029464 
0.053223 0.029464 
0.054199 0.029464 
0.055176 0.029465 
0.056152 0.029465 
0.057129 0.029465 
0.058105 0.029465 
0.059082 0.029466 
0.060059 0.029466 
0.061035 0.029466 
0.062012 0.029467 
0.062988 0.029467 
0.063965 0.029467 
0.064941 0.029467 
0.065918 0.029468 
0.066895 0.029468 
0.067871 0.029468 
0.068848 0.029469 
0.069824 0.029469 
0.070801 0.029469 
0.071777 0.029470 
0.072754 0.029470 
0.073730 0.029470 
0.074707 0.029471 
0.075684 0.029471 
0.076660 0.029471 
0.077637 0.029472 
0.078613 0.029472 
0.079590 0.029473 
0.080566 0.029473 
0.081543 0.029473 
0.082520 0.029474 
0.083496 0.029474 
0.084473 0.029475 
0.085449 0.029475 
0.086426 0.029475 
0.087402 0.029476 
0.088379 0.029476 
0.089355 0.029477 
0.090332 0.029477 
0.091309 0.029478 
0.092285 0.029478 
0.093262 0.029478 
0.094238 0.029479 
0.095215 0.029479 
0.096191 0.029480 
0.097168 0.029480 
0.098145 0.029481 
0.099121 0.029481 
0.100098 0.029482 
0.101074 0.029482 
0.102051 0.029483 
0.103027 0.029483 
0.104004 0.029484 
0.104980 0.029484 
0.105957 0.029485 
0.106934 0.029486 
0.107910 0.029486 
0.108887 0.029487 
0.109863 0.029487 
0.110840 0.029488 
0.111816 0.029488 
0.112793 0.029489 
0.113770 0.029490 
0.114746 0.029490 
0.115723 0.029491 
0.116699 0.029491 
0.117676 0.029492 
0.118652 0.029493 
0.119629 0.029493 
0.120605 0.029494 
0.121582 0.029495 
0.122559 0.029495 
0.123535 0.029496 
0.124512 0.029497 
0.125488 0.029497 
0.126465 0.029498 
0.127441 0.029499 
0.128418 0.029499 
0.129395 0.029500 
0.130371 0.029501 
0.131348 0.029501 
0.132324 0.029502 
0.133301 0.029503 
0.134277 0.029504 
0.135254 0.029504 
0.136230 0.029505 
0.137207 0.029506 
0.138184 0.029507 
0.139160 0.029507 
0.140137 0.029508 
0.141113 0.029509 
0.142090 0.029510 
0.143066 0.029511 
0.144043 0.029512 
0.145020 0.029512 
0.145996 0.029513 
0.146973 0.029514 
0.147949 0.029515 
0.148926 0.029516 
0.149902 0.029517 
0.150879 0.029518 
0.151855 0.029518 
0.152832 0.029519 
0.153809 0.029520 
0.154785 0.029521 
0.155762 0.029522 
0.156738 0.029523 
0.157715 0.029524 
0.158691 0.029525 
0.159668 0.029526 
0.160645 0.029527 
0.161621 0.029528 
0.162598 0.029529 
0.163574 0.029530 
0.164551 0.029531 
0.165527 0.029532 
0.166504 0.029533 
0.167480 0.029534 
0.168457 0.029535 
0.169434 0.029536 
0.170410 0.029537 
0.171387 0.029538 
0.172363 0.029539 
0.173340 0.029541 
0.174316 0.029542 
0.175293 0.029543 
0.176270 0.029544 
0.177246 0.029545 
0.178223 0.029546 
0.179199 0.029547 
0.180176 0.029549 
0.181152 0.029550 
0.182129 0.029551 
0.183105 0.029552 
0.184082 0.029553 
0.185059 0.029555 
0.186035 0.029556 
0.187012 0.029557 
0.187988 0.029558 
0.188965 0.029560 
0.189941 0.029561 
0.190918 0.029562 
0.191895 0.029564 
0.192871 0.029565 
0.193848 0.029566 
0.194824 0.029568 
0.195801 0.029569 
0.196777 0.029571 
0.197754 0.029572 
0.198730 0.029573 
0.199707 0.029575 
0.200684 0.029565 
0.201660 0.029566 
0.202637 0.029567 
0.203613 0.029569 
0.204590 0.029570 
0.205566 0.029571 
0.206543 0.029572 
0.207520 0.029573 
0.208496 0.029575 
0.209473 0.029576 
0.210449 0.029577 
0.211426 0.029578 
0.212402 0.029580 
0.213379 0.029581 
0.214355 0.029582 
0.215332 0.029584 
0.216309 0.029585 
0.217285 0.029586 
0.218262 0.029588 
0.219238 0.029589 
0.220215 0.029591 
0.221191 0.029592 
0.222168 0.029594 
0.223145 0.029595 
0.224121 0.029597 
0.225098 0.029598 
0.226074 0.029600 
0.227051 0.029601 
0.228027 0.029603 
0.229004 0.029604 
0.229980 0.029606 
0.230957 0.029607 
0.231934 0.029609 
0.232910 0.029611 
0.233887 0.029612 
0.234863 0.029614 
0.235840 0.029616 
0.236816 0.029617 
0.237793 0.029619 
0.238770 0.029621 
0.239746 0.029623 
0.240723 0.029624 
0.241699 0.029626 
0.242676 0.029628 
0.243652 0.029630 
0.244629 0.029632 
0.245605 0.029634 
0.246582 0.029636 
0.247559 0.029638 
0.248535 0.029640 
0.249512 0.029642 
0.250488 0.029644 
0.251465 0.029646 
0.252441 0.029648 
0.253418 0.029650 
0.254395 0.029652 
0.255371 0.029654 
0.256348 0.029656 
0.257324 0.029658 
0.258301 0.029661 
0.259277 0.029663 
0.260254 0.029665 
0.261230 0.029667 
0.262207 0.029670 
0.263184 0.029672 
0.264160 0.029674 
0.265137 0.029677 
0.266113 0.029679 
0.267090 0.029682 
0.268066 0.029684 
0.269043 0.029687 
0.270020 0.029689 
0.270996 0.029692 
0.271973 0.029694 
0.272949 0.029697 
0.273926 0.029699 
0.274902 0.029702 
0.275879 0.029705 
0.276855 0.029708 
0.277832 0.029710 
0.278809 0.029713 
0.279785 0.029716 
0.280762 0.029719 
0.281738 0.029722 
0.282715 0.029725 
0.283691 0.029728 
0.284668 0.029731 
0.285645 0.029734 
0.286621 0.029737 
0.287598 0.029740 
0.288574 0.029743 
0.289551 0.029746 
0.290527 0.029750 
0.291504 0.029753 
0.292480 0.029756 
0.293457 0.029759 
0.294434 0.029763 
0.295410 0.029766 
0.296387 0.029770 
0.297363 0.029773 
0.298340 0.029777 
0.299316 0.029780 
0.300293 0.029784 
0.301270 0.029788 
0.302246 0.029791 
0.303223 0.029795 
0.304199 0.029799 
0.305176 0.029803 
0.306152 0.029807 
0.307129 0.029811 
0.308105 0.029815 
0.309082 0.029819 
0.310059 0.029823 
0.311035 0.029827 
0.312012 0.029831 
0.312988 0.029835 
0.313965 0.029840 
0.314941 0.029844 
0.315918 0.029848 
0.316895 0.029853 
0.317871 0.029857 
0.318848 0.029862 
0.319824 0.029866 
0.320801 0.029871 
0.321777 0.029876 
0.322754 0.029880 
0.323730 0.029885 
0.324707 0.029890 
0.325684 0.029895 
0.326660 0.029900 
0.327637 0.029905 
0.328613 0.029910 
0.329590 0.029915 
0.330566 0.029921 
0.331543 0.029926 
0.332520 0.029931 
0.333496 0.029937 
0.334473 0.029942 
0.335449 0.029948 
0.336426 0.029953 
0.337402 0.029959 
0.338379 0.029965 
0.339355 0.029971 
0.340332 0.029977 
0.341309 0.029983 
0.342285 0.029989 
0.343262 0.029995 
0.344238 0.030001 
0.345215 0.030007 
0.346191 0.030014 
0.347168 0.030020 
0.348145 0.030026 
0.349121 0.030033 
0.350098 0.030018 
0.351074 0.030024 
0.352051 0.030030 
0.353027 0.030036 
0.354004 0.030042 
0.354980 0.030049 
0.355957 0.030055 
0.356934 0.030062 
0.357910 0.030068 
0.358887 0.030075 
0.359863 0.030082 
0.360840 0.030088 
0.361816 0.030095 
0.362793 0.030103 
0.363770 0.030110 
0.364746 0.030117 
0.365723 0.030125 
0.366699 0.030132 
0.367676 0.030140 
0.368652 0.030148 
0.369629 0.030156 
0.370605 0.030164 
0.371582 0.030172 
0.372559 0.030180 
0.373535 0.030189 
0.374512 0.030197 
0.375488 0.030206 
0.376465 0.030215 
0.377441 0.030224 
0.378418 0.030233 
0.379395 0.030242 
0.380371 0.030252 
0.381348 0.030261 
0.382324 0.030271 
0.383301 0.030281 
0.384277 0.030291 
0.385254 0.030301 
0.386230 0.030312 
0.387207 0.030322 
0.388184 0.030333 
0.389160 0.030344 
0.390137 0.030355 
0.391113 0.030366 
0.392090 0.030378 
0.393066 0.030390 
0.394043 0.030402 
0.395020 0.030414 
0.395996 0.030426 
0.396973 0.030438 
0.397949 0.030451 
0.398926 0.030464 
0.399902 0.030477 
0.400879 0.030490 
0.401855 0.030504 
0.402832 0.030518 
0.403809 0.030532 
0.404785 0.030546 
0.405762 0.030561 
0.406738 0.030575 
0.407715 0.030590 
0.408691 0.030606 
0.409668 0.030621 
0.410645 0.030637 
0.411621 0.030653 
0.412598 0.030669 
0.413574 0.030686 
0.414551 0.030703 
0.415527 0.030720 
0.416504 0.030738 
0.417480 0.030755 
0.418457 0.030773 
0.419434 0.030792 
0.420410 0.030811 
0.421387 0.030830 
0.422363 0.030849 
0.423340 0.030869 
0.424316 0.030889 
0.425293 0.030959 
0.426270 0.030981 
0.427246 0.031004 
0.428223 0.031027 
0.429199 0.031051 
0.430176 0.031075 
0.431152 0.031100 
0.432129 0.031125 
0.433105 0.031151 
0.434082 0.031177 
0.435059 0.031204 
0.436035 0.031231 
0.437012 0.031259 
0.437988 0.031288 
0.438965 0.031317 
0.439941 0.031346 
0.440918 0.031377 
0.441895 0.031408 
0.442871 0.031439 
0.443848 0.031471 
0.444824 0.031504 
0.445801 0.031538 
0.446777 0.031572 
0.447754 0.031607 
0.448730 0.031643 
0.449707 0.031679 
0.450684 0.031716 
0.451660 0.031754 
0.452637 0.031793 
0.453613 0.031833 
0.454590 0.031873 
0.455566 0.031915 
0.456543 0.031957 
0.457520 0.032000 
0.458496 0.032044 
0.459473 0.032089 
0.460449 0.032135 
0.461426 0.032182 
0.462402 0.032230 
0.463379 0.032279 
0.464355 0.032329 
0.465332 0.032380 
0.466309 0.032432 
0.467285 0.032485 
0.468262 0.032540 
0.469238 0.032595 
0.470215 0.032652 
0.471191 0.032711 
0.472168 0.032770 
0.473145 0.032831 
0.474121 0.032893 
0.475098 0.032956 
0.476074 0.033021 
0.477051 0.033087 
0.478027 0.033155 
0.479004 0.033224 
0.479980 0.033294 
0.480957 0.033367 
0.481934 0.033441 
0.482910 0.033516 
0.483887 0.033593 
0.484863 0.033672 
0.485840 0.033753 
0.486816 0.033835 
0.487793 0.033919 
0.488770 0.034005 
0.489746 0.034093 
0.490723 0.034183 
0.491699 0.034276 
0.492676 0.034370 
0.493652 0.034466 
0.494629 0.034564 
0.495605 0.034665 
0.496582 0.034768 
0.497559 0.034873 
0.498535 0.034980 
0.499512 0.035090 
