#cell coordinates and the corresponding deviation from the equilibrium 
-0.499512 0.035008 
-0.498535 0.034899 
-0.497559 0.034793 
-0.496582 0.034689 
-0.495605 0.034587 
-0.494629 0.034487 
-0.493652 0.034390 
-0.492676 0.034295 
-0.491699 0.034201 
-0.490723 0.034110 
-0.489746 0.034021 
-0.488770 0.033934 
-0.487793 0.033849 
-0.486816 0.033765 
-0.485840 0.033684 
-0.484863 0.033604 
-0.483887 0.033526 
-0.482910 0.033449 
-0.481934 0.033374 
-0.480957 0.033301 
-0.479980 0.033230 
-0.479004 0.033160 
-0.478027 0.033091 
-0.477051 0.033024 
-0.476074 0.032958 
-0.475098 0.032894 
-0.474121 0.032831 
-0.473145 0.032770 
-0.472168 0.032710 
-0.471191 0.032651 
-0.470215 0.032593 
-0.469238 0.032537 
-0.468262 0.032481 
-0.467285 0.032427 
-0.466309 0.032374 
-0.465332 0.032323 
-0.464355 0.032272 
-0.463379 0.032222 
-0.462402 0.032174 
-0.461426 0.032126 
-0.460449 0.032079 
-0.459473 0.032034 
-0.458496 0.031989 
-0.457520 0.031945 
-0.456543 0.031902 
-0.455566 0.031860 
-0.454590 0.031819 
-0.453613 0.031779 
-0.452637 0.031739 
-0.451660 0.031701 
-0.450684 0.031663 
-0.449707 0.031626 
-0.448730 0.031590 
-0.447754 0.031554 
-0.446777 0.031519 
-0.445801 0.031485 
-0.444824 0.031452 
-0.443848 0.031419 
-0.442871 0.031387 
-0.441895 0.031355 
-0.440918 0.031324 
-0.439941 0.031294 
-0.438965 0.031264 
-0.437988 0.031235 
-0.437012 0.031207 
-0.436035 0.031179 
-0.435059 0.031152 
-0.434082 0.031125 
-0.433105 0.031098 
-0.432129 0.031073 
-0.431152 0.031047 
-0.430176 0.031023 
-0.429199 0.030998 
-0.428223 0.030974 
-0.427246 0.030951 
-0.426270 0.030928 
-0.425293 0.030906 
-0.424316 0.030883 
-0.423340 0.030862 
-0.422363 0.030841 
-0.421387 0.030820 
-0.420410 0.030799 
-0.419434 0.030779 
-0.418457 0.030760 
-0.417480 0.030740 
-0.416504 0.030721 
-0.415527 0.030703 
-0.414551 0.030685 
-0.413574 0.030667 
-0.412598 0.030649 
-0.411621 0.030632 
-0.410645 0.030615 
-0.409668 0.030598 
-0.408691 0.030582 
-0.407715 0.030566 
-0.406738 0.030550 
-0.405762 0.030535 
-0.404785 0.030520 
-0.403809 0.030505 
-0.402832 0.030490 
-0.401855 0.030476 
-0.400879 0.030461 
-0.399902 0.030448 
-0.398926 0.030434 
-0.397949 0.030421 
-0.396973 0.030407 
-0.395996 0.030395 
-0.395020 0.030382 
-0.394043 0.030369 
-0.393066 0.030357 
-0.392090 0.030345 
-0.391113 0.030333 
-0.390137 0.030322 
-0.389160 0.030310 
-0.388184 0.030299 
-0.387207 0.030288 
-0.386230 0.030277 
-0.385254 0.030266 
-0.384277 0.030256 
-0.383301 0.030245 
-0.382324 0.030235 
-0.381348 0.030225 
-0.380371 0.030215 
-0.379395 0.030206 
-0.378418 0.030196 
-0.377441 0.030187 
-0.376465 0.030177 
-0.375488 0.030168 
-0.374512 0.030159 
-0.373535 0.030151 
-0.372559 0.030142 
-0.371582 0.030134 
-0.370605 0.030125 
-0.369629 0.030117 
-0.368652 0.030109 
-0.367676 0.030101 
-0.366699 0.030093 
-0.365723 0.030085 
-0.364746 0.030078 
-0.363770 0.030070 
-0.362793 0.030063 
-0.361816 0.030055 
-0.360840 0.030048 
-0.359863 0.030041 
-0.358887 0.030034 
-0.357910 0.030027 
-0.356934 0.030021 
-0.355957 0.030014 
-0.354980 0.030007 
-0.354004 0.030001 
-0.353027 0.029995 
-0.352051 0.029988 
-0.351074 0.029982 
-0.350098 0.029976 
-0.349121 0.029970 
-0.348145 0.029964 
-0.347168 0.029958 
-0.346191 0.029952 
-0.345215 0.029947 
-0.344238 0.029941 
-0.343262 0.029936 
-0.342285 0.029930 
-0.341309 0.029925 
-0.340332 0.029920 
-0.339355 0.029914 
-0.338379 0.029909 
-0.337402 0.029904 
-0.336426 0.029899 
-0.335449 0.029894 
-0.334473 0.029889 
-0.333496 0.029884 
-0.332520 0.029880 
-0.331543 0.029875 
-0.330566 0.029870 
-0.329590 0.029866 
-0.328613 0.029861 
-0.327637 0.029857 
-0.326660 0.029852 
-0.325684 0.029848 
-0.324707 0.029844 
-0.323730 0.029840 
-0.322754 0.029835 
-0.321777 0.029831 
-0.320801 0.029827 
-0.319824 0.029823 
-0.318848 0.029819 
-0.317871 0.029815 
-0.316895 0.029812 
-0.315918 0.029808 
-0.314941 0.029804 
-0.313965 0.029800 
-0.312988 0.029797 
-0.312012 0.029793 
-0.311035 0.029789 
-0.310059 0.029786 
-0.309082 0.029782 
-0.308105 0.029779 
-0.307129 0.029775 
-0.306152 0.029772 
-0.305176 0.029769 
-0.304199 0.029765 
-0.303223 0.029762 
-0.302246 0.029759 
-0.301270 0.029756 
-0.300293 0.029752 
-0.299316 0.029749 
-0.298340 0.029746 
-0.297363 0.029743 
-0.296387 0.029740 
-0.295410 0.029737 
-0.294434 0.029734 
-0.293457 0.029731 
-0.292480 0.029729 
-0.291504 0.029726 
-0.290527 0.029723 
-0.289551 0.029720 
-0.288574 0.029717 
-0.287598 0.029715 
-0.286621 0.029712 
-0.285645 0.029709 
-0.284668 0.029707 
-0.283691 0.029704 
-0.282715 0.029701 
-0.281738 0.029699 
-0.280762 0.029696 
-0.279785 0.029694 
-0.278809 0.029691 
-0.277832 0.029689 
-0.276855 0.029686 
-0.275879 0.029684 
-0.274902 0.029682 
-0.273926 0.029679 
-0.272949 0.029677 
-0.271973 0.029675 
-0.270996 0.029672 
-0.270020 0.029670 
-0.269043 0.029668 
-0.268066 0.029666 
-0.267090 0.029664 
-0.266113 0.029661 
-0.265137 0.029659 
-0.264160 0.029657 
-0.263184 0.029655 
-0.262207 0.029653 
-0.261230 0.029651 
-0.260254 0.029649 
-0.259277 0.029647 
-0.258301 0.029645 
-0.257324 0.029643 
-0.256348 0.029641 
-0.255371 0.029639 
-0.254395 0.029637 
-0.253418 0.029635 
-0.252441 0.029633 
-0.251465 0.029632 
-0.250488 0.029630 
-0.249512 0.029628 
-0.248535 0.029626 
-0.247559 0.029624 
-0.246582 0.029623 
-0.245605 0.029621 
-0.244629 0.029619 
-0.243652 0.029617 
-0.242676 0.029616 
-0.241699 0.029614 
-0.240723 0.029612 
-0.239746 0.029611 
-0.238770 0.029609 
-0.237793 0.029607 
-0.236816 0.029606 
-0.235840 0.029604 
-0.234863 0.029603 
-0.233887 0.029601 
-0.232910 0.029600 
-0.231934 0.029598 
-0.230957 0.029596 
-0.229980 0.029595 
-0.229004 0.029593 
-0.228027 0.029592 
-0.227051 0.029591 
-0.226074 0.029589 
-0.225098 0.029588 
-0.224121 0.029587 
-0.223145 0.029585 
-0.222168 0.029583 
-0.221191 0.029582 
-0.220215 0.029580 
-0.219238 0.029579 
-0.218262 0.029577 
-0.217285 0.029576 
-0.216309 0.029574 
-0.215332 0.029573 
-0.214355 0.029572 
-0.213379 0.029570 
-0.212402 0.029569 
-0.211426 0.029567 
-0.210449 0.029566 
-0.209473 0.029565 
-0.208496 0.029564 
-0.207520 0.029562 
-0.206543 0.029561 
-0.205566 0.029560 
-0.204590 0.029558 
-0.203613 0.029557 
-0.202637 0.029556 
-0.201660 0.029555 
-0.200684 0.029554 
-0.199707 0.029552 
-0.198730 0.029551 
-0.197754 0.029550 
-0.196777 0.029549 
-0.195801 0.029548 
-0.194824 0.029547 
-0.193848 0.029545 
-0.192871 0.029544 
-0.191895 0.029543 
-0.190918 0.029542 
-0.189941 0.029541 
-0.188965 0.029540 
-0.187988 0.029539 
-0.187012 0.029538 
-0.186035 0.029537 
-0.185059 0.029536 
-0.184082 0.029535 
-0.183105 0.029534 
-0.182129 0.029533 
-0.181152 0.029532 
-0.180176 0.029531 
-0.179199 0.029530 
-0.178223 0.029529 
-0.177246 0.029528 
-0.176270 0.029527 
-0.175293 0.029526 
-0.174316 0.029525 
-0.173340 0.029524 
-0.172363 0.029524 
-0.171387 0.029523 
-0.170410 0.029522 
-0.169434 0.029521 
-0.168457 0.029520 
-0.167480 0.029519 
-0.166504 0.029518 
-0.165527 0.029518 
-0.164551 0.029517 
-0.163574 0.029516 
-0.162598 0.029515 
-0.161621 0.029514 
-0.160645 0.029514 
-0.159668 0.029513 
-0.158691 0.029512 
-0.157715 0.029511 
-0.156738 0.029511 
-0.155762 0.029510 
-0.154785 0.029509 
-0.153809 0.029508 
-0.152832 0.029508 
-0.151855 0.029507 
-0.150879 0.029506 
-0.149902 0.029505 
-0.148926 0.029505 
-0.147949 0.029504 
-0.146973 0.029503 
-0.145996 0.029503 
-0.145020 0.029502 
-0.144043 0.029501 
-0.143066 0.029501 
-0.142090 0.029500 
-0.141113 0.029500 
-0.140137 0.029499 
-0.139160 0.029498 
-0.138184 0.029498 
-0.137207 0.029497 
-0.136230 0.029496 
-0.135254 0.029496 
-0.134277 0.029495 
-0.133301 0.029495 
-0.132324 0.029494 
-0.131348 0.029493 
-0.130371 0.029493 
-0.129395 0.029492 
-0.128418 0.029492 
-0.127441 0.029491 
-0.126465 0.029491 
-0.125488 0.029490 
-0.124512 0.029490 
-0.123535 0.029489 
-0.122559 0.029489 
-0.121582 0.029488 
-0.120605 0.029488 
-0.119629 0.029487 
-0.118652 0.029487 
-0.117676 0.029486 
-0.116699 0.029486 
-0.115723 0.029485 
-0.114746 0.029485 
-0.113770 0.029484 
-0.112793 0.029484 
-0.111816 0.029483 
-0.110840 0.029483 
-0.109863 0.029482 
-0.108887 0.029482 
-0.107910 0.029481 
-0.106934 0.029481 
-0.105957 0.029481 
-0.104980 0.029480 
-0.104004 0.029480 
-0.103027 0.029479 
-0.102051 0.029479 
-0.101074 0.029478 
-0.100098 0.029478 
-0.099121 0.029478 
-0.098145 0.029477 
-0.097168 0.029477 
-0.096191 0.029477 
-0.095215 0.029476 
-0.094238 0.029476 
-0.093262 0.029475 
-0.092285 0.029475 
-0.091309 0.029475 
-0.090332 0.029474 
-0.089355 0.029474 
-0.088379 0.029474 
-0.087402 0.029473 
-0.086426 0.029473 
-0.085449 0.029473 
-0.084473 0.029472 
-0.083496 0.029472 
-0.082520 0.029472 
-0.081543 0.029471 
-0.080566 0.029471 
-0.079590 0.029471 
-0.078613 0.029470 
-0.077637 0.029470 
-0.076660 0.029470 
-0.075684 0.029470 
-0.074707 0.029469 
-0.073730 0.029469 
-0.072754 0.029469 
-0.071777 0.029468 
-0.070801 0.029468 
-0.069824 0.029468 
-0.068848 0.029468 
-0.067871 0.029467 
-0.066895 0.029467 
-0.065918 0.029467 
-0.064941 0.029467 
-0.063965 0.029466 
-0.062988 0.029466 
-0.062012 0.029466 
-0.061035 0.029466 
-0.060059 0.029466 
-0.059082 0.029465 
-0.058105 0.029465 
-0.057129 0.029465 
-0.056152 0.029465 
-0.055176 0.029464 
-0.054199 0.029464 
-0.053223 0.029464 
-0.052246 0.029464 
-0.051270 0.029464 
-0.050293 0.029463 
-0.049316 0.029463 
-0.048340 0.029463 
-0.047363 0.029463 
-0.046387 0.029463 
-0.045410 0.029463 
-0.044434 0.029462 
-0.043457 0.029462 
-0.042480 0.029462 
-0.041504 0.029462 
-0.040527 0.029462 
-0.039551 0.029462 
-0.038574 0.029462 
-0.037598 0.029461 
-0.036621 0.029461 
-0.035645 0.029461 
-0.034668 0.029461 
-0.033691 0.029461 
-0.032715 0.029461 
-0.031738 0.029461 
-0.030762 0.029461 
-0.029785 0.029460 
-0.028809 0.029460 
-0.027832 0.029460 
-0.026855 0.029460 
-0.025879 0.029460 
-0.024902 0.029460 
-0.023926 0.029460 
-0.022949 0.029460 
-0.021973 0.029460 
-0.020996 0.029460 
-0.020020 0.029460 
-0.019043 0.029460 
-0.018066 0.029459 
-0.017090 0.029459 
-0.016113 0.029459 
-0.015137 0.029459 
-0.014160 0.029459 
-0.013184 0.029459 
-0.012207 0.029459 
-0.011230 0.029459 
-0.010254 0.029459 
-0.009277 0.029459 
-0.008301 0.029459 
-0.007324 0.029459 
-0.006348 0.029459 
-0.005371 0.029459 
-0.004395 0.029459 
-0.003418 0.029459 
-0.002441 0.029459 
-0.001465 0.029459 
-0.000488 0.029459 
0.000488 0.029459 
0.001465 0.029459 
0.002441 0.029459 
0.003418 0.029459 
0.004395 0.029459 
0.005371 0.029459 
0.006348 0.029459 
0.007324 0.029459 
0.008301 0.029459 
0.009277 0.029459 
0.010254 0.029459 
0.011230 0.029459 
0.012207 0.029459 
0.013184 0.029459 
0.014160 0.029459 
0.015137 0.029459 
0.016113 0.029459 
0.017090 0.029459 
0.018066 0.029459 
0.019043 0.029460 
0.020020 0.029460 
0.020996 0.029460 
0.021973 0.029460 
0.022949 0.029460 
0.023926 0.029460 
0.024902 0.029460 
0.025879 0.029460 
0.026855 0.029460 
0.027832 0.029460 
0.028809 0.029460 
0.029785 0.029460 
0.030762 0.029461 
0.031738 0.029461 
0.032715 0.029461 
0.033691 0.029461 
0.034668 0.029461 
0.035645 0.029461 
0.036621 0.029461 
0.037598 0.029461 
0.038574 0.029462 
0.039551 0.029462 
0.040527 0.029462 
0.041504 0.029462 
0.042480 0.029462 
0.043457 0.029462 
0.044434 0.029462 
0.045410 0.029463 
0.046387 0.029463 
0.047363 0.029463 
0.048340 0.029463 
0.049316 0.029463 
0.050293 0.029463 
0.051270 0.029464 
0.052246 0.029464 
0.053223 0.029464 
0.054199 0.029464 
0.055176 0.029464 
0.056152 0.029465 
0.057129 0.029465 
0.058105 0.029465 
0.059082 0.029465 
0.060059 0.029466 
0.061035 0.029466 
0.062012 0.029466 
0.062988 0.029466 
0.063965 0.029466 
0.064941 0.029467 
0.065918 0.029467 
0.066895 0.029467 
0.067871 0.029467 
0.068848 0.029468 
0.069824 0.029468 
0.070801 0.029468 
0.071777 0.029468 
0.072754 0.029469 
0.073730 0.029469 
0.074707 0.029469 
0.075684 0.029470 
0.076660 0.029470 
0.077637 0.029470 
0.078613 0.029470 
0.079590 0.029471 
0.080566 0.029471 
0.081543 0.029471 
0.082520 0.029472 
0.083496 0.029472 
0.084473 0.029472 
0.085449 0.029473 
0.086426 0.029473 
0.087402 0.029473 
0.088379 0.029474 
0.089355 0.029474 
0.090332 0.029474 
0.091309 0.029475 
0.092285 0.029475 
0.093262 0.029475 
0.094238 0.029476 
0.095215 0.029476 
0.096191 0.029477 
0.097168 0.029477 
0.098145 0.029477 
0.099121 0.029478 
0.100098 0.029478 
0.101074 0.029478 
0.102051 0.029479 
0.103027 0.029479 
0.104004 0.029480 
0.104980 0.029480 
0.105957 0.029481 
0.106934 0.029481 
0.107910 0.029481 
0.108887 0.029482 
0.109863 0.029482 
0.110840 0.029483 
0.111816 0.029483 
0.112793 0.029484 
0.113770 0.029484 
0.114746 0.029485 
0.115723 0.029485 
0.116699 0.029486 
0.117676 0.029486 
0.118652 0.029487 
0.119629 0.029487 
0.120605 0.029488 
0.121582 0.029488 
0.122559 0.029489 
0.123535 0.029489 
0.124512 0.029490 
0.125488 0.029490 
0.126465 0.029491 
0.127441 0.029491 
0.128418 0.029492 
0.129395 0.029492 
0.130371 0.029493 
0.131348 0.029493 
0.132324 0.029494 
0.133301 0.029495 
0.134277 0.029495 
0.135254 0.029496 
0.136230 0.029496 
0.137207 0.029497 
0.138184 0.029498 
0.139160 0.029498 
0.140137 0.029499 
0.141113 0.029500 
0.142090 0.029500 
0.143066 0.029501 
0.144043 0.029501 
0.145020 0.029502 
0.145996 0.029503 
0.146973 0.029503 
0.147949 0.029504 
0.148926 0.029505 
0.149902 0.029505 
0.150879 0.029506 
0.151855 0.029507 
0.152832 0.029508 
0.153809 0.029508 
0.154785 0.029509 
0.155762 0.029510 
0.156738 0.029511 
0.157715 0.029511 
0.158691 0.029512 
0.159668 0.029513 
0.160645 0.029514 
0.161621 0.029514 
0.162598 0.029515 
0.163574 0.029516 
0.164551 0.029517 
0.165527 0.029518 
0.166504 0.029518 
0.167480 0.029519 
0.168457 0.029520 
0.169434 0.029521 
0.170410 0.029522 
0.171387 0.029523 
0.172363 0.029524 
0.173340 0.029524 
0.174316 0.029525 
0.175293 0.029526 
0.176270 0.029527 
0.177246 0.029528 
0.178223 0.029529 
0.179199 0.029530 
0.180176 0.029531 
0.181152 0.029532 
0.182129 0.029533 
0.183105 0.029534 
0.184082 0.029535 
0.185059 0.029536 
0.186035 0.029537 
0.187012 0.029538 
0.187988 0.029539 
0.188965 0.029540 
0.189941 0.029541 
0.190918 0.029542 
0.191895 0.029543 
0.192871 0.029544 
0.193848 0.029545 
0.194824 0.029547 
0.195801 0.029548 
0.196777 0.029549 
0.197754 0.029550 
0.198730 0.029551 
0.199707 0.029552 
0.200684 0.029554 
0.201660 0.029555 
0.202637 0.029556 
0.203613 0.029557 
0.204590 0.029558 
0.205566 0.029560 
0.206543 0.029561 
0.207520 0.029562 
0.208496 0.029564 
0.209473 0.029565 
0.210449 0.029566 
0.211426 0.029567 
0.212402 0.029569 
0.213379 0.029570 
0.214355 0.029572 
0.215332 0.029573 
0.216309 0.029574 
0.217285 0.029576 
0.218262 0.029577 
0.219238 0.029579 
0.220215 0.029580 
0.221191 0.029582 
0.222168 0.029583 
0.223145 0.029585 
0.224121 0.029587 
0.225098 0.029588 
0.226074 0.029589 
0.227051 0.029591 
0.228027 0.029592 
0.229004 0.029593 
0.229980 0.029595 
0.230957 0.029596 
0.231934 0.029598 
0.232910 0.029600 
0.233887 0.029601 
0.234863 0.029603 
0.235840 0.029604 
0.236816 0.029606 
0.237793 0.029607 
0.238770 0.029609 
0.239746 0.029611 
0.240723 0.029612 
0.241699 0.029614 
0.242676 0.029616 
0.243652 0.029617 
0.244629 0.029619 
0.245605 0.029621 
0.246582 0.029623 
0.247559 0.029624 
0.248535 0.029626 
0.249512 0.029628 
0.250488 0.029630 
0.251465 0.029632 
0.252441 0.029633 
0.253418 0.029635 
0.254395 0.029637 
0.255371 0.029639 
0.256348 0.029641 
0.257324 0.029643 
0.258301 0.029645 
0.259277 0.029647 
0.260254 0.029649 
0.261230 0.029651 
0.262207 0.029653 
0.263184 0.029655 
0.264160 0.029657 
0.265137 0.029659 
0.266113 0.029661 
0.267090 0.029664 
0.268066 0.029666 
0.269043 0.029668 
0.270020 0.029670 
0.270996 0.029672 
0.271973 0.029675 
0.272949 0.029677 
0.273926 0.029679 
0.274902 0.029682 
0.275879 0.029684 
0.276855 0.029686 
0.277832 0.029689 
0.278809 0.029691 
0.279785 0.029694 
0.280762 0.029696 
0.281738 0.029699 
0.282715 0.029701 
0.283691 0.029704 
0.284668 0.029707 
0.285645 0.029709 
0.286621 0.029712 
0.287598 0.029715 
0.288574 0.029717 
0.289551 0.029720 
0.290527 0.029723 
0.291504 0.029726 
0.292480 0.029729 
0.293457 0.029731 
0.294434 0.029734 
0.295410 0.029737 
0.296387 0.029740 
0.297363 0.029743 
0.298340 0.029746 
0.299316 0.029749 
0.300293 0.029752 
0.301270 0.029756 
0.302246 0.029759 
0.303223 0.029762 
0.304199 0.029765 
0.305176 0.029769 
0.306152 0.029772 
0.307129 0.029775 
0.308105 0.029779 
0.309082 0.029782 
0.310059 0.029786 
0.311035 0.029789 
0.312012 0.029793 
0.312988 0.029797 
0.313965 0.029800 
0.314941 0.029804 
0.315918 0.029808 
0.316895 0.029812 
0.317871 0.029815 
0.318848 0.029819 
0.319824 0.029823 
0.320801 0.029827 
0.321777 0.029831 
0.322754 0.029835 
0.323730 0.029840 
0.324707 0.029844 
0.325684 0.029848 
0.326660 0.029852 
0.327637 0.029857 
0.328613 0.029861 
0.329590 0.029866 
0.330566 0.029870 
0.331543 0.029875 
0.332520 0.029880 
0.333496 0.029884 
0.334473 0.029889 
0.335449 0.029894 
0.336426 0.029899 
0.337402 0.029904 
0.338379 0.029909 
0.339355 0.029914 
0.340332 0.029920 
0.341309 0.029925 
0.342285 0.029930 
0.343262 0.029936 
0.344238 0.029941 
0.345215 0.029947 
0.346191 0.029952 
0.347168 0.029958 
0.348145 0.029964 
0.349121 0.029970 
0.350098 0.029976 
0.351074 0.029982 
0.352051 0.029988 
0.353027 0.029995 
0.354004 0.030001 
0.354980 0.030007 
0.355957 0.030014 
0.356934 0.030021 
0.357910 0.030027 
0.358887 0.030034 
0.359863 0.030041 
0.360840 0.030048 
0.361816 0.030055 
0.362793 0.030063 
0.363770 0.030070 
0.364746 0.030078 
0.365723 0.030085 
0.366699 0.030093 
0.367676 0.030101 
0.368652 0.030109 
0.369629 0.030117 
0.370605 0.030125 
0.371582 0.030134 
0.372559 0.030142 
0.373535 0.030151 
0.374512 0.030159 
0.375488 0.030168 
0.376465 0.030177 
0.377441 0.030187 
0.378418 0.030196 
0.379395 0.030206 
0.380371 0.030215 
0.381348 0.030225 
0.382324 0.030235 
0.383301 0.030245 
0.384277 0.030256 
0.385254 0.030266 
0.386230 0.030277 
0.387207 0.030288 
0.388184 0.030299 
0.389160 0.030310 
0.390137 0.030322 
0.391113 0.030333 
0.392090 0.030345 
0.393066 0.030357 
0.394043 0.030369 
0.395020 0.030382 
0.395996 0.030395 
0.396973 0.030407 
0.397949 0.030421 
0.398926 0.030434 
0.399902 0.030448 
0.400879 0.030461 
0.401855 0.030476 
0.402832 0.030490 
0.403809 0.030505 
0.404785 0.030520 
0.405762 0.030535 
0.406738 0.030550 
0.407715 0.030566 
0.408691 0.030582 
0.409668 0.030598 
0.410645 0.030615 
0.411621 0.030632 
0.412598 0.030649 
0.413574 0.030667 
0.414551 0.030685 
0.415527 0.030703 
0.416504 0.030721 
0.417480 0.030740 
0.418457 0.030760 
0.419434 0.030779 
0.420410 0.030799 
0.421387 0.030820 
0.422363 0.030841 
0.423340 0.030862 
0.424316 0.030883 
0.425293 0.030906 
0.426270 0.030928 
0.427246 0.030951 
0.428223 0.030974 
0.429199 0.030998 
0.430176 0.031023 
0.431152 0.031047 
0.432129 0.031073 
0.433105 0.031098 
0.434082 0.031125 
0.435059 0.031152 
0.436035 0.031179 
0.437012 0.031207 
0.437988 0.031235 
0.438965 0.031264 
0.439941 0.031294 
0.440918 0.031324 
0.441895 0.031355 
0.442871 0.031387 
0.443848 0.031419 
0.444824 0.031452 
0.445801 0.031485 
0.446777 0.031519 
0.447754 0.031554 
0.448730 0.031590 
0.449707 0.031626 
0.450684 0.031663 
0.451660 0.031701 
0.452637 0.031739 
0.453613 0.031779 
0.454590 0.031819 
0.455566 0.031860 
0.456543 0.031902 
0.457520 0.031945 
0.458496 0.031989 
0.459473 0.032034 
0.460449 0.032079 
0.461426 0.032126 
0.462402 0.032174 
0.463379 0.032222 
0.464355 0.032272 
0.465332 0.032323 
0.466309 0.032374 
0.467285 0.032427 
0.468262 0.032481 
0.469238 0.032537 
0.470215 0.032593 
0.471191 0.032651 
0.472168 0.032710 
0.473145 0.032770 
0.474121 0.032831 
0.475098 0.032894 
0.476074 0.032958 
0.477051 0.033024 
0.478027 0.033091 
0.479004 0.033160 
0.479980 0.033230 
0.480957 0.033301 
0.481934 0.033374 
0.482910 0.033449 
0.483887 0.033526 
0.484863 0.033604 
0.485840 0.033684 
0.486816 0.033765 
0.487793 0.033849 
0.488770 0.033934 
0.489746 0.034021 
0.490723 0.034110 
0.491699 0.034201 
0.492676 0.034295 
0.493652 0.034390 
0.494629 0.034487 
0.495605 0.034587 
0.496582 0.034689 
0.497559 0.034793 
0.498535 0.034899 
0.499512 0.035008 
