#cell coordinates and the corresponding fe_index
-0.499512 3 
-0.498535 3 
-0.497559 3 
-0.496582 3 
-0.495605 3 
-0.494629 3 
-0.493652 3 
-0.492676 3 
-0.491699 3 
-0.490723 3 
-0.489746 3 
-0.488770 3 
-0.487793 3 
-0.486816 3 
-0.485840 3 
-0.484863 3 
-0.483887 3 
-0.482910 3 
-0.481934 3 
-0.480957 3 
-0.479980 3 
-0.479004 3 
-0.478027 3 
-0.477051 3 
-0.476074 3 
-0.475098 3 
-0.474121 3 
-0.473145 3 
-0.472168 3 
-0.471191 3 
-0.470215 3 
-0.469238 3 
-0.468262 3 
-0.467285 3 
-0.466309 3 
-0.465332 3 
-0.464355 3 
-0.463379 3 
-0.462402 3 
-0.461426 3 
-0.460449 3 
-0.459473 3 
-0.458496 3 
-0.457520 3 
-0.456543 3 
-0.455566 3 
-0.454590 3 
-0.453613 3 
-0.452637 3 
-0.451660 3 
-0.450684 3 
-0.449707 3 
-0.448730 3 
-0.447754 3 
-0.446777 3 
-0.445801 3 
-0.444824 3 
-0.443848 3 
-0.442871 3 
-0.441895 3 
-0.440918 3 
-0.439941 3 
-0.438965 3 
-0.437988 3 
-0.437012 3 
-0.436035 3 
-0.435059 3 
-0.434082 3 
-0.433105 3 
-0.432129 3 
-0.431152 3 
-0.430176 3 
-0.429199 3 
-0.428223 3 
-0.427246 3 
-0.426270 3 
-0.425293 3 
-0.424316 3 
-0.423340 3 
-0.422363 3 
-0.421387 3 
-0.420410 3 
-0.419434 3 
-0.418457 3 
-0.417480 3 
-0.416504 3 
-0.415527 3 
-0.414551 3 
-0.413574 3 
-0.412598 3 
-0.411621 3 
-0.410645 3 
-0.409668 3 
-0.408691 3 
-0.407715 3 
-0.406738 3 
-0.405762 3 
-0.404785 3 
-0.403809 3 
-0.402832 3 
-0.401855 3 
-0.400879 3 
-0.399902 3 
-0.398926 3 
-0.397949 3 
-0.396973 3 
-0.395996 3 
-0.395020 3 
-0.394043 3 
-0.393066 3 
-0.392090 3 
-0.391113 3 
-0.390137 3 
-0.389160 3 
-0.388184 3 
-0.387207 3 
-0.386230 3 
-0.385254 3 
-0.384277 3 
-0.383301 3 
-0.382324 3 
-0.381348 3 
-0.380371 3 
-0.379395 3 
-0.378418 3 
-0.377441 3 
-0.376465 3 
-0.375488 3 
-0.374512 2 
-0.373535 2 
-0.372559 2 
-0.371582 2 
-0.370605 2 
-0.369629 2 
-0.368652 2 
-0.367676 2 
-0.366699 2 
-0.365723 2 
-0.364746 2 
-0.363770 2 
-0.362793 2 
-0.361816 2 
-0.360840 2 
-0.359863 2 
-0.358887 2 
-0.357910 2 
-0.356934 2 
-0.355957 2 
-0.354980 2 
-0.354004 2 
-0.353027 2 
-0.352051 2 
-0.351074 2 
-0.350098 2 
-0.349121 2 
-0.348145 2 
-0.347168 2 
-0.346191 2 
-0.345215 2 
-0.344238 2 
-0.343262 2 
-0.342285 2 
-0.341309 2 
-0.340332 2 
-0.339355 2 
-0.338379 2 
-0.337402 2 
-0.336426 2 
-0.335449 2 
-0.334473 2 
-0.333496 2 
-0.332520 2 
-0.331543 2 
-0.330566 2 
-0.329590 2 
-0.328613 2 
-0.327637 2 
-0.326660 2 
-0.325684 2 
-0.324707 2 
-0.323730 2 
-0.322754 2 
-0.321777 2 
-0.320801 2 
-0.319824 2 
-0.318848 2 
-0.317871 2 
-0.316895 2 
-0.315918 2 
-0.314941 2 
-0.313965 2 
-0.312988 2 
-0.312012 2 
-0.311035 2 
-0.310059 2 
-0.309082 2 
-0.308105 2 
-0.307129 2 
-0.306152 2 
-0.305176 2 
-0.304199 2 
-0.303223 2 
-0.302246 2 
-0.301270 2 
-0.300293 2 
-0.299316 2 
-0.298340 2 
-0.297363 2 
-0.296387 2 
-0.295410 2 
-0.294434 2 
-0.293457 2 
-0.292480 2 
-0.291504 2 
-0.290527 2 
-0.289551 2 
-0.288574 2 
-0.287598 2 
-0.286621 2 
-0.285645 2 
-0.284668 2 
-0.283691 2 
-0.282715 2 
-0.281738 2 
-0.280762 2 
-0.279785 2 
-0.278809 2 
-0.277832 2 
-0.276855 2 
-0.275879 2 
-0.274902 2 
-0.273926 2 
-0.272949 2 
-0.271973 2 
-0.270996 2 
-0.270020 2 
-0.269043 2 
-0.268066 2 
-0.267090 2 
-0.266113 2 
-0.265137 2 
-0.264160 2 
-0.263184 2 
-0.262207 2 
-0.261230 2 
-0.260254 2 
-0.259277 2 
-0.258301 2 
-0.257324 2 
-0.256348 2 
-0.255371 2 
-0.254395 2 
-0.253418 2 
-0.252441 2 
-0.251465 2 
-0.250488 2 
-0.249512 1 
-0.248535 1 
-0.247559 1 
-0.246582 1 
-0.245605 1 
-0.244629 1 
-0.243652 1 
-0.242676 1 
-0.241699 1 
-0.240723 1 
-0.239746 1 
-0.238770 1 
-0.237793 1 
-0.236816 1 
-0.235840 1 
-0.234863 1 
-0.233887 1 
-0.232910 1 
-0.231934 1 
-0.230957 1 
-0.229980 1 
-0.229004 1 
-0.228027 1 
-0.227051 1 
-0.226074 1 
-0.225098 1 
-0.224121 1 
-0.223145 1 
-0.222168 1 
-0.221191 1 
-0.220215 1 
-0.219238 1 
-0.218262 1 
-0.217285 1 
-0.216309 1 
-0.215332 1 
-0.214355 1 
-0.213379 1 
-0.212402 1 
-0.211426 1 
-0.210449 1 
-0.209473 1 
-0.208496 1 
-0.207520 1 
-0.206543 1 
-0.205566 1 
-0.204590 1 
-0.203613 1 
-0.202637 1 
-0.201660 1 
-0.200684 1 
-0.199707 1 
-0.198730 1 
-0.197754 1 
-0.196777 1 
-0.195801 1 
-0.194824 1 
-0.193848 1 
-0.192871 1 
-0.191895 1 
-0.190918 1 
-0.189941 1 
-0.188965 1 
-0.187988 1 
-0.187012 1 
-0.186035 1 
-0.185059 1 
-0.184082 1 
-0.183105 1 
-0.182129 1 
-0.181152 1 
-0.180176 1 
-0.179199 1 
-0.178223 1 
-0.177246 1 
-0.176270 1 
-0.175293 1 
-0.174316 1 
-0.173340 1 
-0.172363 1 
-0.171387 1 
-0.170410 1 
-0.169434 1 
-0.168457 1 
-0.167480 1 
-0.166504 1 
-0.165527 1 
-0.164551 1 
-0.163574 1 
-0.162598 1 
-0.161621 1 
-0.160645 1 
-0.159668 1 
-0.158691 1 
-0.157715 1 
-0.156738 1 
-0.155762 1 
-0.154785 1 
-0.153809 1 
-0.152832 1 
-0.151855 1 
-0.150879 1 
-0.149902 1 
-0.148926 1 
-0.147949 1 
-0.146973 1 
-0.145996 1 
-0.145020 1 
-0.144043 1 
-0.143066 1 
-0.142090 1 
-0.141113 1 
-0.140137 1 
-0.139160 1 
-0.138184 1 
-0.137207 1 
-0.136230 1 
-0.135254 1 
-0.134277 1 
-0.133301 1 
-0.132324 1 
-0.131348 1 
-0.130371 1 
-0.129395 1 
-0.128418 1 
-0.127441 1 
-0.126465 1 
-0.125488 1 
-0.124512 1 
-0.123535 1 
-0.122559 1 
-0.121582 1 
-0.120605 1 
-0.119629 1 
-0.118652 1 
-0.117676 1 
-0.116699 1 
-0.115723 1 
-0.114746 1 
-0.113770 1 
-0.112793 1 
-0.111816 1 
-0.110840 1 
-0.109863 1 
-0.108887 1 
-0.107910 1 
-0.106934 1 
-0.105957 1 
-0.104980 1 
-0.104004 1 
-0.103027 1 
-0.102051 1 
-0.101074 1 
-0.100098 1 
-0.099121 1 
-0.098145 1 
-0.097168 1 
-0.096191 1 
-0.095215 1 
-0.094238 1 
-0.093262 1 
-0.092285 1 
-0.091309 1 
-0.090332 1 
-0.089355 1 
-0.088379 1 
-0.087402 1 
-0.086426 1 
-0.085449 1 
-0.084473 1 
-0.083496 1 
-0.082520 1 
-0.081543 1 
-0.080566 1 
-0.079590 1 
-0.078613 1 
-0.077637 1 
-0.076660 1 
-0.075684 1 
-0.074707 1 
-0.073730 1 
-0.072754 1 
-0.071777 1 
-0.070801 1 
-0.069824 1 
-0.068848 1 
-0.067871 1 
-0.066895 1 
-0.065918 1 
-0.064941 1 
-0.063965 1 
-0.062988 1 
-0.062012 1 
-0.061035 1 
-0.060059 1 
-0.059082 1 
-0.058105 1 
-0.057129 1 
-0.056152 1 
-0.055176 1 
-0.054199 1 
-0.053223 1 
-0.052246 1 
-0.051270 1 
-0.050293 1 
-0.049316 1 
-0.048340 1 
-0.047363 1 
-0.046387 1 
-0.045410 1 
-0.044434 1 
-0.043457 1 
-0.042480 1 
-0.041504 1 
-0.040527 1 
-0.039551 1 
-0.038574 1 
-0.037598 1 
-0.036621 1 
-0.035645 1 
-0.034668 1 
-0.033691 1 
-0.032715 1 
-0.031738 1 
-0.030762 1 
-0.029785 1 
-0.028809 1 
-0.027832 1 
-0.026855 1 
-0.025879 1 
-0.024902 1 
-0.023926 1 
-0.022949 1 
-0.021973 1 
-0.020996 1 
-0.020020 1 
-0.019043 1 
-0.018066 1 
-0.017090 1 
-0.016113 1 
-0.015137 1 
-0.014160 1 
-0.013184 1 
-0.012207 1 
-0.011230 1 
-0.010254 1 
-0.009277 1 
-0.008301 1 
-0.007324 1 
-0.006348 1 
-0.005371 1 
-0.004395 1 
-0.003418 1 
-0.002441 1 
-0.001465 1 
-0.000488 1 
0.000488 1 
0.001465 1 
0.002441 1 
0.003418 1 
0.004395 1 
0.005371 1 
0.006348 1 
0.007324 1 
0.008301 1 
0.009277 1 
0.010254 1 
0.011230 1 
0.012207 1 
0.013184 1 
0.014160 1 
0.015137 1 
0.016113 1 
0.017090 1 
0.018066 1 
0.019043 1 
0.020020 1 
0.020996 1 
0.021973 1 
0.022949 1 
0.023926 1 
0.024902 1 
0.025879 1 
0.026855 1 
0.027832 1 
0.028809 1 
0.029785 1 
0.030762 1 
0.031738 1 
0.032715 1 
0.033691 1 
0.034668 1 
0.035645 1 
0.036621 1 
0.037598 1 
0.038574 1 
0.039551 1 
0.040527 1 
0.041504 1 
0.042480 1 
0.043457 1 
0.044434 1 
0.045410 1 
0.046387 1 
0.047363 1 
0.048340 1 
0.049316 1 
0.050293 1 
0.051270 1 
0.052246 1 
0.053223 1 
0.054199 1 
0.055176 1 
0.056152 1 
0.057129 1 
0.058105 1 
0.059082 1 
0.060059 1 
0.061035 1 
0.062012 1 
0.062988 1 
0.063965 1 
0.064941 1 
0.065918 1 
0.066895 1 
0.067871 1 
0.068848 1 
0.069824 1 
0.070801 1 
0.071777 1 
0.072754 1 
0.073730 1 
0.074707 1 
0.075684 1 
0.076660 1 
0.077637 1 
0.078613 1 
0.079590 1 
0.080566 1 
0.081543 1 
0.082520 1 
0.083496 1 
0.084473 1 
0.085449 1 
0.086426 1 
0.087402 1 
0.088379 1 
0.089355 1 
0.090332 1 
0.091309 1 
0.092285 1 
0.093262 1 
0.094238 1 
0.095215 1 
0.096191 1 
0.097168 1 
0.098145 1 
0.099121 1 
0.100098 1 
0.101074 1 
0.102051 1 
0.103027 1 
0.104004 1 
0.104980 1 
0.105957 1 
0.106934 1 
0.107910 1 
0.108887 1 
0.109863 1 
0.110840 1 
0.111816 1 
0.112793 1 
0.113770 1 
0.114746 1 
0.115723 1 
0.116699 1 
0.117676 1 
0.118652 1 
0.119629 1 
0.120605 1 
0.121582 1 
0.122559 1 
0.123535 1 
0.124512 1 
0.125488 1 
0.126465 1 
0.127441 1 
0.128418 1 
0.129395 1 
0.130371 1 
0.131348 1 
0.132324 1 
0.133301 1 
0.134277 1 
0.135254 1 
0.136230 1 
0.137207 1 
0.138184 1 
0.139160 1 
0.140137 1 
0.141113 1 
0.142090 1 
0.143066 1 
0.144043 1 
0.145020 1 
0.145996 1 
0.146973 1 
0.147949 1 
0.148926 1 
0.149902 1 
0.150879 1 
0.151855 1 
0.152832 1 
0.153809 1 
0.154785 1 
0.155762 1 
0.156738 1 
0.157715 1 
0.158691 1 
0.159668 1 
0.160645 1 
0.161621 1 
0.162598 1 
0.163574 1 
0.164551 1 
0.165527 1 
0.166504 1 
0.167480 1 
0.168457 1 
0.169434 1 
0.170410 1 
0.171387 1 
0.172363 1 
0.173340 1 
0.174316 1 
0.175293 1 
0.176270 1 
0.177246 1 
0.178223 1 
0.179199 1 
0.180176 1 
0.181152 1 
0.182129 1 
0.183105 1 
0.184082 1 
0.185059 1 
0.186035 1 
0.187012 1 
0.187988 1 
0.188965 1 
0.189941 1 
0.190918 1 
0.191895 1 
0.192871 1 
0.193848 1 
0.194824 1 
0.195801 1 
0.196777 1 
0.197754 1 
0.198730 1 
0.199707 1 
0.200684 1 
0.201660 1 
0.202637 1 
0.203613 1 
0.204590 1 
0.205566 1 
0.206543 1 
0.207520 1 
0.208496 1 
0.209473 1 
0.210449 1 
0.211426 1 
0.212402 1 
0.213379 1 
0.214355 1 
0.215332 1 
0.216309 1 
0.217285 1 
0.218262 1 
0.219238 1 
0.220215 1 
0.221191 1 
0.222168 1 
0.223145 1 
0.224121 1 
0.225098 1 
0.226074 1 
0.227051 1 
0.228027 1 
0.229004 1 
0.229980 1 
0.230957 1 
0.231934 1 
0.232910 1 
0.233887 1 
0.234863 1 
0.235840 1 
0.236816 1 
0.237793 1 
0.238770 1 
0.239746 1 
0.240723 1 
0.241699 1 
0.242676 1 
0.243652 1 
0.244629 1 
0.245605 1 
0.246582 1 
0.247559 1 
0.248535 1 
0.249512 1 
0.250488 2 
0.251465 2 
0.252441 2 
0.253418 2 
0.254395 2 
0.255371 2 
0.256348 2 
0.257324 2 
0.258301 2 
0.259277 2 
0.260254 2 
0.261230 2 
0.262207 2 
0.263184 2 
0.264160 2 
0.265137 2 
0.266113 2 
0.267090 2 
0.268066 2 
0.269043 2 
0.270020 2 
0.270996 2 
0.271973 2 
0.272949 2 
0.273926 2 
0.274902 2 
0.275879 2 
0.276855 2 
0.277832 2 
0.278809 2 
0.279785 2 
0.280762 2 
0.281738 2 
0.282715 2 
0.283691 2 
0.284668 2 
0.285645 2 
0.286621 2 
0.287598 2 
0.288574 2 
0.289551 2 
0.290527 2 
0.291504 2 
0.292480 2 
0.293457 2 
0.294434 2 
0.295410 2 
0.296387 2 
0.297363 2 
0.298340 2 
0.299316 2 
0.300293 2 
0.301270 2 
0.302246 2 
0.303223 2 
0.304199 2 
0.305176 2 
0.306152 2 
0.307129 2 
0.308105 2 
0.309082 2 
0.310059 2 
0.311035 2 
0.312012 2 
0.312988 2 
0.313965 2 
0.314941 2 
0.315918 2 
0.316895 2 
0.317871 2 
0.318848 2 
0.319824 2 
0.320801 2 
0.321777 2 
0.322754 2 
0.323730 2 
0.324707 2 
0.325684 2 
0.326660 2 
0.327637 2 
0.328613 2 
0.329590 2 
0.330566 2 
0.331543 2 
0.332520 2 
0.333496 2 
0.334473 2 
0.335449 2 
0.336426 2 
0.337402 2 
0.338379 2 
0.339355 2 
0.340332 2 
0.341309 2 
0.342285 2 
0.343262 2 
0.344238 2 
0.345215 2 
0.346191 2 
0.347168 2 
0.348145 2 
0.349121 2 
0.350098 2 
0.351074 2 
0.352051 2 
0.353027 2 
0.354004 2 
0.354980 2 
0.355957 2 
0.356934 2 
0.357910 2 
0.358887 2 
0.359863 2 
0.360840 2 
0.361816 2 
0.362793 2 
0.363770 2 
0.364746 2 
0.365723 2 
0.366699 2 
0.367676 2 
0.368652 2 
0.369629 2 
0.370605 2 
0.371582 2 
0.372559 2 
0.373535 2 
0.374512 2 
0.375488 3 
0.376465 3 
0.377441 3 
0.378418 3 
0.379395 3 
0.380371 3 
0.381348 3 
0.382324 3 
0.383301 3 
0.384277 3 
0.385254 3 
0.386230 3 
0.387207 3 
0.388184 3 
0.389160 3 
0.390137 3 
0.391113 3 
0.392090 3 
0.393066 3 
0.394043 3 
0.395020 3 
0.395996 3 
0.396973 3 
0.397949 3 
0.398926 3 
0.399902 3 
0.400879 3 
0.401855 3 
0.402832 3 
0.403809 3 
0.404785 3 
0.405762 3 
0.406738 3 
0.407715 3 
0.408691 3 
0.409668 3 
0.410645 3 
0.411621 3 
0.412598 3 
0.413574 3 
0.414551 3 
0.415527 3 
0.416504 3 
0.417480 3 
0.418457 3 
0.419434 3 
0.420410 3 
0.421387 3 
0.422363 3 
0.423340 3 
0.424316 3 
0.425293 3 
0.426270 3 
0.427246 3 
0.428223 3 
0.429199 3 
0.430176 3 
0.431152 3 
0.432129 3 
0.433105 3 
0.434082 3 
0.435059 3 
0.436035 3 
0.437012 3 
0.437988 3 
0.438965 3 
0.439941 3 
0.440918 3 
0.441895 3 
0.442871 3 
0.443848 3 
0.444824 3 
0.445801 3 
0.446777 3 
0.447754 3 
0.448730 3 
0.449707 3 
0.450684 3 
0.451660 3 
0.452637 3 
0.453613 3 
0.454590 3 
0.455566 3 
0.456543 3 
0.457520 3 
0.458496 3 
0.459473 3 
0.460449 3 
0.461426 3 
0.462402 3 
0.463379 3 
0.464355 3 
0.465332 3 
0.466309 3 
0.467285 3 
0.468262 3 
0.469238 3 
0.470215 3 
0.471191 3 
0.472168 3 
0.473145 3 
0.474121 3 
0.475098 3 
0.476074 3 
0.477051 3 
0.478027 3 
0.479004 3 
0.479980 3 
0.480957 3 
0.481934 3 
0.482910 3 
0.483887 3 
0.484863 3 
0.485840 3 
0.486816 3 
0.487793 3 
0.488770 3 
0.489746 3 
0.490723 3 
0.491699 3 
0.492676 3 
0.493652 3 
0.494629 3 
0.495605 3 
0.496582 3 
0.497559 3 
0.498535 3 
0.499512 3 
