#x y at the midpoint of each cell all the error components
-1.000000 -1.000000 0.329385 0.000000 0.090529 0.926919 0.209495 0.000000 0.418991 0.000000 0.005165 0.000000 0.089045 0.000000 0.178091 0.054772 0.093082 0.000000 0.186164 
0.000000 -1.000000 0.329385 0.000000 0.090529 0.926919 0.209495 0.000000 0.418991 0.000000 0.005165 0.000000 0.089045 0.000000 0.178091 0.054772 0.093082 0.000000 0.186164 
-1.000000 0.000000 0.329385 0.000000 0.090529 0.926919 0.209495 0.000000 0.418991 0.000000 0.005165 0.000000 0.089045 0.000000 0.178091 0.054772 0.093082 0.000000 0.186164 
0.000000 0.000000 0.329385 0.000000 0.090529 0.926919 0.209495 0.000000 0.418991 0.000000 0.005165 0.000000 0.089045 0.000000 0.178091 0.054772 0.093082 0.000000 0.186164 
0.000000 -1.000000 0.329385 0.000000 0.090529 0.926919 0.209495 0.000000 0.418991 0.000000 0.005165 0.000000 0.089045 0.000000 0.178091 0.054772 0.093082 0.000000 0.186164 
1.000000 -1.000000 0.329385 0.000000 0.090529 0.926919 0.209495 0.000000 0.418991 0.000000 0.005165 0.000000 0.089045 0.000000 0.178091 0.054772 0.093082 0.000000 0.186164 
0.000000 0.000000 0.329385 0.000000 0.090529 0.926919 0.209495 0.000000 0.418991 0.000000 0.005165 0.000000 0.089045 0.000000 0.178091 0.054772 0.093082 0.000000 0.186164 
1.000000 0.000000 0.329385 0.000000 0.090529 0.926919 0.209495 0.000000 0.418991 0.000000 0.005165 0.000000 0.089045 0.000000 0.178091 0.054772 0.093082 0.000000 0.186164 
-1.000000 0.000000 0.329385 0.000000 0.090529 0.926919 0.209495 0.000000 0.418991 0.000000 0.005165 0.000000 0.089045 0.000000 0.178091 0.054772 0.093082 0.000000 0.186164 
0.000000 0.000000 0.329385 0.000000 0.090529 0.926919 0.209495 0.000000 0.418991 0.000000 0.005165 0.000000 0.089045 0.000000 0.178091 0.054772 0.093082 0.000000 0.186164 
-1.000000 1.000000 0.329385 0.000000 0.090529 0.926919 0.209495 0.000000 0.418991 0.000000 0.005165 0.000000 0.089045 0.000000 0.178091 0.054772 0.093082 0.000000 0.186164 
0.000000 1.000000 0.329385 0.000000 0.090529 0.926919 0.209495 0.000000 0.418991 0.000000 0.005165 0.000000 0.089045 0.000000 0.178091 0.054772 0.093082 0.000000 0.186164 
0.000000 0.000000 0.329385 0.000000 0.090529 0.926919 0.209495 0.000000 0.418991 0.000000 0.005165 0.000000 0.089045 0.000000 0.178091 0.054772 0.093082 0.000000 0.186164 
1.000000 0.000000 0.329385 0.000000 0.090529 0.926919 0.209495 0.000000 0.418991 0.000000 0.005165 0.000000 0.089045 0.000000 0.178091 0.054772 0.093082 0.000000 0.186164 
0.000000 1.000000 0.329385 0.000000 0.090529 0.926919 0.209495 0.000000 0.418991 0.000000 0.005165 0.000000 0.089045 0.000000 0.178091 0.054772 0.093082 0.000000 0.186164 
1.000000 1.000000 0.329385 0.000000 0.090529 0.926919 0.209495 0.000000 0.418991 0.000000 0.005165 0.000000 0.089045 0.000000 0.178091 0.054772 0.093082 0.000000 0.186164 
