#x y at the midpoint of each cell all the solution components
-0.500000 -0.500000 0.032366 0.000000 0.000618 -1.219733 -0.004707 0.000000 0.009414 0.000000 0.006376 0.000000 -0.002178 -0.000000 0.004357 -0.013693 -0.002209 -0.000000 0.004417 
-0.166667 -0.500000 0.032366 0.000000 0.000618 -1.219733 -0.004707 0.000000 0.009414 0.000000 0.006376 0.000000 -0.002178 -0.000000 0.004357 -0.013693 -0.002209 -0.000000 0.004417 
-0.500000 0.000000 0.032366 0.000000 0.000618 -1.219733 -0.004707 0.000000 0.009414 0.000000 0.006376 0.000000 -0.002178 -0.000000 0.004357 -0.013693 -0.002209 -0.000000 0.004417 
-0.166667 0.000000 0.032366 0.000000 0.000618 -1.219733 -0.004707 0.000000 0.009414 0.000000 0.006376 -0.000000 -0.002178 0.000000 0.004357 -0.013693 -0.002209 0.000000 0.004417 
-0.166667 -0.500000 0.032366 0.000000 0.000618 -1.219733 -0.004707 0.000000 0.009414 0.000000 0.006376 0.000000 -0.002178 -0.000000 0.004357 -0.013693 -0.002209 -0.000000 0.004417 
0.166667 -0.500000 0.032366 0.000000 0.000618 -1.219733 -0.004707 0.000000 0.009414 0.000000 0.006376 -0.000000 -0.002178 0.000000 0.004357 -0.013693 -0.002209 0.000000 0.004417 
-0.166667 0.000000 0.032366 0.000000 0.000618 -1.219733 -0.004707 0.000000 0.009414 0.000000 0.006376 -0.000000 -0.002178 0.000000 0.004357 -0.013693 -0.002209 0.000000 0.004417 
0.166667 0.000000 0.032366 0.000000 0.000618 -1.219733 -0.004707 0.000000 0.009414 0.000000 0.006376 -0.000000 -0.002178 0.000000 0.004357 -0.013693 -0.002209 0.000000 0.004417 
0.166667 -0.500000 0.032366 0.000000 0.000618 -1.219733 -0.004707 0.000000 0.009414 0.000000 0.006376 -0.000000 -0.002178 0.000000 0.004357 -0.013693 -0.002209 0.000000 0.004417 
0.500000 -0.500000 0.032366 0.000000 0.000618 -1.219733 -0.004707 0.000000 0.009414 0.000000 0.006376 0.000000 -0.002178 -0.000000 0.004357 -0.013693 -0.002209 0.000000 0.004417 
0.166667 0.000000 0.032366 0.000000 0.000618 -1.219733 -0.004707 0.000000 0.009414 0.000000 0.006376 -0.000000 -0.002178 0.000000 0.004357 -0.013693 -0.002209 0.000000 0.004417 
0.500000 0.000000 0.032366 0.000000 0.000618 -1.219733 -0.004707 0.000000 0.009414 0.000000 0.006376 0.000000 -0.002178 -0.000000 0.004357 -0.013693 -0.002209 0.000000 0.004417 
-0.500000 0.000000 0.032366 0.000000 0.000618 -1.219733 -0.004707 0.000000 0.009414 0.000000 0.006376 0.000000 -0.002178 -0.000000 0.004357 -0.013693 -0.002209 -0.000000 0.004417 
-0.166667 0.000000 0.032366 0.000000 0.000618 -1.219733 -0.004707 0.000000 0.009414 0.000000 0.006376 -0.000000 -0.002178 0.000000 0.004357 -0.013693 -0.002209 0.000000 0.004417 
-0.500000 0.500000 0.032366 -0.000000 -0.000618 -1.219733 -0.004707 0.000000 0.009414 0.000000 -0.006376 -0.000000 0.002178 0.000000 -0.004357 -0.013693 -0.002209 -0.000000 0.004417 
-0.166667 0.500000 0.032366 -0.000000 -0.000618 -1.219733 -0.004707 0.000000 0.009414 0.000000 -0.006376 -0.000000 0.002178 0.000000 -0.004357 -0.013693 -0.002209 -0.000000 0.004417 
-0.166667 0.000000 0.032366 0.000000 0.000618 -1.219733 -0.004707 0.000000 0.009414 0.000000 0.006376 -0.000000 -0.002178 0.000000 0.004357 -0.013693 -0.002209 0.000000 0.004417 
0.166667 0.000000 0.032366 0.000000 0.000618 -1.219733 -0.004707 0.000000 0.009414 0.000000 0.006376 -0.000000 -0.002178 0.000000 0.004357 -0.013693 -0.002209 0.000000 0.004417 
-0.166667 0.500000 0.032366 -0.000000 -0.000618 -1.219733 -0.004707 0.000000 0.009414 0.000000 -0.006376 -0.000000 0.002178 0.000000 -0.004357 -0.013693 -0.002209 -0.000000 0.004417 
0.166667 0.500000 0.032366 -0.000000 -0.000618 -1.219733 -0.004707 0.000000 0.009414 -0.000000 -0.006376 -0.000000 0.002178 0.000000 -0.004357 -0.013693 -0.002209 0.000000 0.004417 
0.166667 0.000000 0.032366 0.000000 0.000618 -1.219733 -0.004707 0.000000 0.009414 0.000000 0.006376 -0.000000 -0.002178 0.000000 0.004357 -0.013693 -0.002209 0.000000 0.004417 
0.500000 0.000000 0.032366 0.000000 0.000618 -1.219733 -0.004707 0.000000 0.009414 0.000000 0.006376 0.000000 -0.002178 -0.000000 0.004357 -0.013693 -0.002209 0.000000 0.004417 
0.166667 0.500000 0.032366 -0.000000 -0.000618 -1.219733 -0.004707 0.000000 0.009414 -0.000000 -0.006376 -0.000000 0.002178 0.000000 -0.004357 -0.013693 -0.002209 0.000000 0.004417 
0.500000 0.500000 0.032366 -0.000000 -0.000618 -1.219733 -0.004707 0.000000 0.009414 0.000000 -0.006376 -0.000000 0.002178 0.000000 -0.004357 -0.013693 -0.002209 -0.000000 0.004417 
