#x y at the midpoint of each cell all the solution components
-0.500000 -0.500000 -1.097162 -0.000000 -0.000085 -1.336629 -0.002424 0.000000 0.004848 -0.000000 0.016478 -0.000000 -0.001855 0.000000 0.003710 -0.041935 -0.013173 0.000000 0.026347 
0.500000 -0.500000 -1.097162 -0.000000 -0.000085 -1.336629 -0.002424 0.000000 0.004848 -0.000000 0.016478 -0.000000 -0.001855 0.000000 0.003710 -0.041935 -0.013173 0.000000 0.026347 
-0.500000 -0.375000 -1.097162 -0.000000 -0.000085 -1.336629 -0.002424 0.000000 0.004848 -0.000000 0.016478 -0.000000 -0.001855 0.000000 0.003710 -0.041935 -0.013173 0.000000 0.026347 
0.500000 -0.375000 -1.097162 -0.000000 -0.000085 -1.336629 -0.002424 0.000000 0.004848 -0.000000 0.016478 -0.000000 -0.001855 0.000000 0.003710 -0.041935 -0.013173 0.000000 0.026347 
-0.500000 -0.375000 -1.097162 -0.000000 -0.000085 -1.336629 -0.002424 0.000000 0.004848 -0.000000 0.016478 -0.000000 -0.001855 0.000000 0.003710 -0.041935 -0.013173 0.000000 0.026347 
0.500000 -0.375000 -1.097162 -0.000000 -0.000085 -1.336629 -0.002424 0.000000 0.004848 -0.000000 0.016478 -0.000000 -0.001855 0.000000 0.003710 -0.041935 -0.013173 0.000000 0.026347 
-0.500000 -0.250000 -1.064617 -0.000000 -0.000117 -1.305766 0.000264 0.000000 -0.000528 0.000000 0.006289 -0.000000 -0.000047 0.000000 0.000094 -0.021395 -0.007523 0.000000 0.015047 
0.500000 -0.250000 -1.064617 -0.000000 -0.000117 -1.305766 0.000264 0.000000 -0.000528 0.000000 0.006289 -0.000000 -0.000047 0.000000 0.000094 -0.021395 -0.007523 0.000000 0.015047 
-0.500000 -0.250000 -1.064617 -0.000000 -0.000117 -1.305766 0.000264 0.000000 -0.000528 0.000000 0.006289 -0.000000 -0.000047 0.000000 0.000094 -0.021395 -0.007523 0.000000 0.015047 
0.500000 -0.250000 -1.064617 -0.000000 -0.000117 -1.305766 0.000264 0.000000 -0.000528 0.000000 0.006289 -0.000000 -0.000047 0.000000 0.000094 -0.021395 -0.007523 0.000000 0.015047 
-0.500000 -0.125000 -1.042102 -0.000000 -0.000091 -1.283328 0.001822 -0.000000 -0.003644 -0.000000 0.001580 -0.000000 0.000469 0.000000 -0.000937 -0.007702 -0.003631 0.000000 0.007263 
0.500000 -0.125000 -1.042102 -0.000000 -0.000091 -1.283328 0.001822 -0.000000 -0.003644 -0.000000 0.001580 -0.000000 0.000469 0.000000 -0.000937 -0.007702 -0.003631 0.000000 0.007263 
-0.500000 -0.125000 -1.042102 -0.000000 -0.000091 -1.283328 0.001822 -0.000000 -0.003644 -0.000000 0.001580 -0.000000 0.000469 0.000000 -0.000937 -0.007702 -0.003631 0.000000 0.007263 
0.500000 -0.125000 -1.042102 -0.000000 -0.000091 -1.283328 0.001822 -0.000000 -0.003644 -0.000000 0.001580 -0.000000 0.000469 0.000000 -0.000937 -0.007702 -0.003631 0.000000 0.007263 
-0.500000 0.000000 -1.030598 -0.000000 -0.000034 -1.271554 0.002532 -0.000000 -0.005064 -0.000000 0.000161 -0.000000 0.000238 0.000000 -0.000475 -0.000856 -0.001649 0.000000 0.003297 
0.500000 0.000000 -1.030598 -0.000000 -0.000034 -1.271554 0.002532 -0.000000 -0.005064 -0.000000 0.000161 -0.000000 0.000238 0.000000 -0.000475 -0.000856 -0.001649 0.000000 0.003297 
-0.500000 0.000000 -1.030598 -0.000000 -0.000034 -1.271554 0.002532 -0.000000 -0.005064 -0.000000 0.000161 -0.000000 0.000238 0.000000 -0.000475 -0.000856 -0.001649 0.000000 0.003297 
0.500000 0.000000 -1.030598 -0.000000 -0.000034 -1.271554 0.002532 -0.000000 -0.005064 -0.000000 0.000161 -0.000000 0.000238 0.000000 -0.000475 -0.000856 -0.001649 0.000000 0.003297 
-0.500000 0.125000 -1.030598 -0.000000 0.000034 -1.271554 0.002532 -0.000000 -0.005064 -0.000000 -0.000161 -0.000000 -0.000238 0.000000 0.000475 -0.000856 -0.001649 0.000000 0.003297 
0.500000 0.125000 -1.030598 -0.000000 0.000034 -1.271554 0.002532 -0.000000 -0.005064 -0.000000 -0.000161 -0.000000 -0.000238 0.000000 0.000475 -0.000856 -0.001649 0.000000 0.003297 
-0.500000 0.125000 -1.030598 -0.000000 0.000034 -1.271554 0.002532 -0.000000 -0.005064 -0.000000 -0.000161 -0.000000 -0.000238 0.000000 0.000475 -0.000856 -0.001649 0.000000 0.003297 
0.500000 0.125000 -1.030598 -0.000000 0.000034 -1.271554 0.002532 -0.000000 -0.005064 -0.000000 -0.000161 -0.000000 -0.000238 0.000000 0.000475 -0.000856 -0.001649 0.000000 0.003297 
-0.500000 0.250000 -1.042102 -0.000000 0.000091 -1.283328 0.001822 -0.000000 -0.003644 -0.000000 -0.001580 -0.000000 -0.000469 0.000000 0.000937 -0.007702 -0.003631 -0.000000 0.007263 
0.500000 0.250000 -1.042102 -0.000000 0.000091 -1.283328 0.001822 -0.000000 -0.003644 -0.000000 -0.001580 -0.000000 -0.000469 0.000000 0.000937 -0.007702 -0.003631 -0.000000 0.007263 
-0.500000 0.250000 -1.042102 -0.000000 0.000091 -1.283328 0.001822 -0.000000 -0.003644 -0.000000 -0.001580 -0.000000 -0.000469 0.000000 0.000937 -0.007702 -0.003631 -0.000000 0.007263 
0.500000 0.250000 -1.042102 -0.000000 0.000091 -1.283328 0.001822 -0.000000 -0.003644 -0.000000 -0.001580 -0.000000 -0.000469 0.000000 0.000937 -0.007702 -0.003631 -0.000000 0.007263 
-0.500000 0.375000 -1.064617 -0.000000 0.000117 -1.305766 0.000264 -0.000000 -0.000528 -0.000000 -0.006289 0.000000 0.000047 0.000000 -0.000094 -0.021395 -0.007523 -0.000000 0.015047 
0.500000 0.375000 -1.064617 -0.000000 0.000117 -1.305766 0.000264 -0.000000 -0.000528 -0.000000 -0.006289 0.000000 0.000047 0.000000 -0.000094 -0.021395 -0.007523 -0.000000 0.015047 
-0.500000 0.375000 -1.064617 -0.000000 0.000117 -1.305766 0.000264 -0.000000 -0.000528 -0.000000 -0.006289 0.000000 0.000047 0.000000 -0.000094 -0.021395 -0.007523 -0.000000 0.015047 
0.500000 0.375000 -1.064617 -0.000000 0.000117 -1.305766 0.000264 -0.000000 -0.000528 -0.000000 -0.006289 0.000000 0.000047 0.000000 -0.000094 -0.021395 -0.007523 -0.000000 0.015047 
-0.500000 0.500000 -1.097162 -0.000000 0.000085 -1.336629 -0.002424 -0.000000 0.004848 -0.000000 -0.016478 -0.000000 0.001855 0.000000 -0.003710 -0.041935 -0.013173 -0.000000 0.026347 
0.500000 0.500000 -1.097162 -0.000000 0.000085 -1.336629 -0.002424 -0.000000 0.004848 -0.000000 -0.016478 -0.000000 0.001855 0.000000 -0.003710 -0.041935 -0.013173 -0.000000 0.026347 
