#x y at the midpoint of each cell all the solution components
-0.500000 -0.500000 -0.069757 0.000000 0.000070 -1.203668 -0.024210 0.000000 0.048421 0.000000 0.025629 0.000000 -0.017239 -0.000000 0.034479 -0.054407 -0.005831 0.000000 0.011662 
-0.166667 -0.500000 -0.069757 -0.000000 0.000070 -1.203668 -0.024210 -0.000000 0.048421 0.000000 0.025629 -0.000000 -0.017239 -0.000000 0.034479 -0.054407 -0.005831 0.000000 0.011662 
-0.500000 -0.400000 -0.040512 0.000000 -0.000070 -1.189188 -0.018084 0.000000 0.036169 -0.000000 0.013267 -0.000000 -0.011269 -0.000000 0.022538 -0.034689 -0.002302 0.000000 0.004605 
-0.166667 -0.400000 -0.040512 0.000000 -0.000070 -1.189188 -0.018084 -0.000000 0.036169 0.000000 0.013267 0.000000 -0.011269 -0.000000 0.022538 -0.034689 -0.002302 -0.000000 0.004605 
-0.166667 -0.500000 -0.069757 -0.000000 0.000070 -1.203668 -0.024210 -0.000000 0.048421 0.000000 0.025629 -0.000000 -0.017239 -0.000000 0.034479 -0.054407 -0.005831 0.000000 0.011662 
0.166667 -0.500000 -0.069757 0.000000 0.000070 -1.203668 -0.024210 0.000000 0.048421 0.000000 0.025629 0.000000 -0.017239 0.000000 0.034479 -0.054407 -0.005831 0.000000 0.011662 
-0.166667 -0.400000 -0.040512 0.000000 -0.000070 -1.189188 -0.018084 -0.000000 0.036169 0.000000 0.013267 0.000000 -0.011269 -0.000000 0.022538 -0.034689 -0.002302 -0.000000 0.004605 
0.166667 -0.400000 -0.040512 0.000000 -0.000070 -1.189188 -0.018084 0.000000 0.036169 0.000000 0.013267 0.000000 -0.011269 0.000000 0.022538 -0.034689 -0.002302 0.000000 0.004605 
0.166667 -0.500000 -0.069757 0.000000 0.000070 -1.203668 -0.024210 0.000000 0.048421 0.000000 0.025629 0.000000 -0.017239 0.000000 0.034479 -0.054407 -0.005831 0.000000 0.011662 
0.500000 -0.500000 -0.069757 0.000000 0.000070 -1.203668 -0.024210 0.000000 0.048421 0.000000 0.025629 0.000000 -0.017239 -0.000000 0.034479 -0.054407 -0.005831 0.000000 0.011662 
0.166667 -0.400000 -0.040512 0.000000 -0.000070 -1.189188 -0.018084 0.000000 0.036169 0.000000 0.013267 0.000000 -0.011269 0.000000 0.022538 -0.034689 -0.002302 0.000000 0.004605 
0.500000 -0.400000 -0.040512 0.000000 -0.000070 -1.189188 -0.018084 0.000000 0.036169 0.000000 0.013267 -0.000000 -0.011269 -0.000000 0.022538 -0.034689 -0.002302 0.000000 0.004605 
-0.500000 -0.400000 -0.040512 0.000000 -0.000070 -1.189188 -0.018084 0.000000 0.036169 -0.000000 0.013267 -0.000000 -0.011269 -0.000000 0.022538 -0.034689 -0.002302 0.000000 0.004605 
-0.166667 -0.400000 -0.040512 0.000000 -0.000070 -1.189188 -0.018084 -0.000000 0.036169 0.000000 0.013267 0.000000 -0.011269 -0.000000 0.022538 -0.034689 -0.002302 -0.000000 0.004605 
-0.500000 -0.300000 -0.017584 0.000000 -0.000052 -1.176452 -0.013647 -0.000000 0.027294 0.000000 0.005481 -0.000000 -0.006890 -0.000000 0.013780 -0.019353 0.000617 -0.000000 -0.001234 
-0.166667 -0.300000 -0.017584 0.000000 -0.000052 -1.176452 -0.013647 -0.000000 0.027294 -0.000000 0.005481 -0.000000 -0.006890 0.000000 0.013780 -0.019353 0.000617 -0.000000 -0.001234 
-0.166667 -0.400000 -0.040512 0.000000 -0.000070 -1.189188 -0.018084 -0.000000 0.036169 0.000000 0.013267 0.000000 -0.011269 -0.000000 0.022538 -0.034689 -0.002302 -0.000000 0.004605 
0.166667 -0.400000 -0.040512 0.000000 -0.000070 -1.189188 -0.018084 0.000000 0.036169 0.000000 0.013267 0.000000 -0.011269 0.000000 0.022538 -0.034689 -0.002302 0.000000 0.004605 
-0.166667 -0.300000 -0.017584 0.000000 -0.000052 -1.176452 -0.013647 -0.000000 0.027294 -0.000000 0.005481 -0.000000 -0.006890 0.000000 0.013780 -0.019353 0.000617 -0.000000 -0.001234 
0.166667 -0.300000 -0.017584 0.000000 -0.000052 -1.176452 -0.013647 0.000000 0.027294 0.000000 0.005481 0.000000 -0.006890 -0.000000 0.013780 -0.019353 0.000617 0.000000 -0.001234 
0.166667 -0.400000 -0.040512 0.000000 -0.000070 -1.189188 -0.018084 0.000000 0.036169 0.000000 0.013267 0.000000 -0.011269 0.000000 0.022538 -0.034689 -0.002302 0.000000 0.004605 
0.500000 -0.400000 -0.040512 0.000000 -0.000070 -1.189188 -0.018084 0.000000 0.036169 0.000000 0.013267 -0.000000 -0.011269 -0.000000 0.022538 -0.034689 -0.002302 0.000000 0.004605 
0.166667 -0.300000 -0.017584 0.000000 -0.000052 -1.176452 -0.013647 0.000000 0.027294 0.000000 0.005481 0.000000 -0.006890 -0.000000 0.013780 -0.019353 0.000617 0.000000 -0.001234 
0.500000 -0.300000 -0.017584 0.000000 -0.000052 -1.176452 -0.013647 -0.000000 0.027294 0.000000 0.005481 0.000000 -0.006890 -0.000000 0.013780 -0.019353 0.000617 0.000000 -0.001234 
-0.500000 -0.300000 -0.017584 0.000000 -0.000052 -1.176452 -0.013647 -0.000000 0.027294 0.000000 0.005481 -0.000000 -0.006890 -0.000000 0.013780 -0.019353 0.000617 -0.000000 -0.001234 
-0.166667 -0.300000 -0.017584 0.000000 -0.000052 -1.176452 -0.013647 -0.000000 0.027294 -0.000000 0.005481 -0.000000 -0.006890 0.000000 0.013780 -0.019353 0.000617 -0.000000 -0.001234 
-0.500000 -0.200000 -0.000722 0.000000 -0.000039 -1.165832 -0.010746 -0.000000 0.021493 0.000000 0.001514 -0.000000 -0.003873 -0.000000 0.007745 -0.008398 0.002846 0.000000 -0.005693 
-0.166667 -0.200000 -0.000722 0.000000 -0.000039 -1.165832 -0.010746 -0.000000 0.021493 -0.000000 0.001514 -0.000000 -0.003873 0.000000 0.007745 -0.008398 0.002846 -0.000000 -0.005693 
-0.166667 -0.300000 -0.017584 0.000000 -0.000052 -1.176452 -0.013647 -0.000000 0.027294 -0.000000 0.005481 -0.000000 -0.006890 0.000000 0.013780 -0.019353 0.000617 -0.000000 -0.001234 
0.166667 -0.300000 -0.017584 0.000000 -0.000052 -1.176452 -0.013647 0.000000 0.027294 0.000000 0.005481 0.000000 -0.006890 -0.000000 0.013780 -0.019353 0.000617 0.000000 -0.001234 
-0.166667 -0.200000 -0.000722 0.000000 -0.000039 -1.165832 -0.010746 -0.000000 0.021493 -0.000000 0.001514 -0.000000 -0.003873 0.000000 0.007745 -0.008398 0.002846 -0.000000 -0.005693 
0.166667 -0.200000 -0.000722 0.000000 -0.000039 -1.165832 -0.010746 0.000000 0.021493 0.000000 0.001514 0.000000 -0.003873 -0.000000 0.007745 -0.008398 0.002846 0.000000 -0.005693 
0.166667 -0.300000 -0.017584 0.000000 -0.000052 -1.176452 -0.013647 0.000000 0.027294 0.000000 0.005481 0.000000 -0.006890 -0.000000 0.013780 -0.019353 0.000617 0.000000 -0.001234 
0.500000 -0.300000 -0.017584 0.000000 -0.000052 -1.176452 -0.013647 -0.000000 0.027294 0.000000 0.005481 0.000000 -0.006890 -0.000000 0.013780 -0.019353 0.000617 0.000000 -0.001234 
0.166667 -0.200000 -0.000722 0.000000 -0.000039 -1.165832 -0.010746 0.000000 0.021493 0.000000 0.001514 0.000000 -0.003873 -0.000000 0.007745 -0.008398 0.002846 0.000000 -0.005693 
0.500000 -0.200000 -0.000722 0.000000 -0.000039 -1.165832 -0.010746 -0.000000 0.021493 0.000000 0.001514 0.000000 -0.003873 -0.000000 0.007745 -0.008398 0.002846 0.000000 -0.005693 
-0.500000 -0.200000 -0.000722 0.000000 -0.000039 -1.165832 -0.010746 -0.000000 0.021493 0.000000 0.001514 -0.000000 -0.003873 -0.000000 0.007745 -0.008398 0.002846 0.000000 -0.005693 
-0.166667 -0.200000 -0.000722 0.000000 -0.000039 -1.165832 -0.010746 -0.000000 0.021493 -0.000000 0.001514 -0.000000 -0.003873 0.000000 0.007745 -0.008398 0.002846 -0.000000 -0.005693 
-0.500000 -0.100000 0.009563 0.000000 -0.000032 -1.158908 -0.009106 0.000000 0.018212 0.000000 0.000099 0.000000 -0.001731 -0.000000 0.003462 -0.001826 0.004237 0.000000 -0.008475 
-0.166667 -0.100000 0.009563 0.000000 -0.000032 -1.158908 -0.009106 -0.000000 0.018212 -0.000000 0.000099 -0.000000 -0.001731 0.000000 0.003462 -0.001826 0.004237 -0.000000 -0.008475 
-0.166667 -0.200000 -0.000722 0.000000 -0.000039 -1.165832 -0.010746 -0.000000 0.021493 -0.000000 0.001514 -0.000000 -0.003873 0.000000 0.007745 -0.008398 0.002846 -0.000000 -0.005693 
0.166667 -0.200000 -0.000722 0.000000 -0.000039 -1.165832 -0.010746 0.000000 0.021493 0.000000 0.001514 0.000000 -0.003873 -0.000000 0.007745 -0.008398 0.002846 0.000000 -0.005693 
-0.166667 -0.100000 0.009563 0.000000 -0.000032 -1.158908 -0.009106 -0.000000 0.018212 -0.000000 0.000099 -0.000000 -0.001731 0.000000 0.003462 -0.001826 0.004237 -0.000000 -0.008475 
0.166667 -0.100000 0.009563 0.000000 -0.000032 -1.158908 -0.009106 0.000000 0.018212 0.000000 0.000099 0.000000 -0.001731 -0.000000 0.003462 -0.001826 0.004237 0.000000 -0.008475 
0.166667 -0.200000 -0.000722 0.000000 -0.000039 -1.165832 -0.010746 0.000000 0.021493 0.000000 0.001514 0.000000 -0.003873 -0.000000 0.007745 -0.008398 0.002846 0.000000 -0.005693 
0.500000 -0.200000 -0.000722 0.000000 -0.000039 -1.165832 -0.010746 -0.000000 0.021493 0.000000 0.001514 0.000000 -0.003873 -0.000000 0.007745 -0.008398 0.002846 0.000000 -0.005693 
0.166667 -0.100000 0.009563 0.000000 -0.000032 -1.158908 -0.009106 0.000000 0.018212 0.000000 0.000099 0.000000 -0.001731 -0.000000 0.003462 -0.001826 0.004237 0.000000 -0.008475 
0.500000 -0.100000 0.009563 0.000000 -0.000032 -1.158908 -0.009106 -0.000000 0.018212 0.000000 0.000099 0.000000 -0.001731 -0.000000 0.003462 -0.001826 0.004237 0.000000 -0.008475 
-0.500000 -0.100000 0.009563 0.000000 -0.000032 -1.158908 -0.009106 0.000000 0.018212 0.000000 0.000099 0.000000 -0.001731 -0.000000 0.003462 -0.001826 0.004237 0.000000 -0.008475 
-0.166667 -0.100000 0.009563 0.000000 -0.000032 -1.158908 -0.009106 -0.000000 0.018212 -0.000000 0.000099 -0.000000 -0.001731 0.000000 0.003462 -0.001826 0.004237 -0.000000 -0.008475 
-0.500000 0.000000 0.012962 0.000000 -0.000028 -1.156617 -0.008564 0.000000 0.017129 0.000000 -0.000029 0.000000 -0.000022 -0.000000 0.000044 0.000365 0.004704 0.000000 -0.009408 
-0.166667 0.000000 0.012962 -0.000000 -0.000028 -1.156617 -0.008564 -0.000000 0.017129 -0.000000 -0.000029 -0.000000 -0.000022 0.000000 0.000044 0.000365 0.004704 -0.000000 -0.009408 
-0.166667 -0.100000 0.009563 0.000000 -0.000032 -1.158908 -0.009106 -0.000000 0.018212 -0.000000 0.000099 -0.000000 -0.001731 0.000000 0.003462 -0.001826 0.004237 -0.000000 -0.008475 
0.166667 -0.100000 0.009563 0.000000 -0.000032 -1.158908 -0.009106 0.000000 0.018212 0.000000 0.000099 0.000000 -0.001731 -0.000000 0.003462 -0.001826 0.004237 0.000000 -0.008475 
-0.166667 0.000000 0.012962 -0.000000 -0.000028 -1.156617 -0.008564 -0.000000 0.017129 -0.000000 -0.000029 -0.000000 -0.000022 0.000000 0.000044 0.000365 0.004704 -0.000000 -0.009408 
0.166667 0.000000 0.012962 -0.000000 -0.000028 -1.156617 -0.008564 0.000000 0.017129 0.000000 -0.000029 0.000000 -0.000022 -0.000000 0.000044 0.000365 0.004704 0.000000 -0.009408 
0.166667 -0.100000 0.009563 0.000000 -0.000032 -1.158908 -0.009106 0.000000 0.018212 0.000000 0.000099 0.000000 -0.001731 -0.000000 0.003462 -0.001826 0.004237 0.000000 -0.008475 
0.500000 -0.100000 0.009563 0.000000 -0.000032 -1.158908 -0.009106 -0.000000 0.018212 0.000000 0.000099 0.000000 -0.001731 -0.000000 0.003462 -0.001826 0.004237 0.000000 -0.008475 
0.166667 0.000000 0.012962 -0.000000 -0.000028 -1.156617 -0.008564 0.000000 0.017129 0.000000 -0.000029 0.000000 -0.000022 -0.000000 0.000044 0.000365 0.004704 0.000000 -0.009408 
0.500000 0.000000 0.012962 0.000000 -0.000028 -1.156617 -0.008564 0.000000 0.017129 0.000000 -0.000029 0.000000 -0.000022 -0.000000 0.000044 0.000365 0.004704 -0.000000 -0.009408 
-0.500000 0.000000 0.012962 0.000000 -0.000028 -1.156617 -0.008564 0.000000 0.017129 0.000000 -0.000029 0.000000 -0.000022 -0.000000 0.000044 0.000365 0.004704 0.000000 -0.009408 
-0.166667 0.000000 0.012962 -0.000000 -0.000028 -1.156617 -0.008564 -0.000000 0.017129 -0.000000 -0.000029 -0.000000 -0.000022 0.000000 0.000044 0.000365 0.004704 -0.000000 -0.009408 
-0.500000 0.100000 0.009371 0.000000 -0.000028 -1.159269 -0.009068 0.000000 0.018136 0.000000 -0.000134 0.000000 0.001677 -0.000000 -0.003353 -0.001826 0.004217 0.000000 -0.008434 
-0.166667 0.100000 0.009371 0.000000 -0.000028 -1.159269 -0.009068 0.000000 0.018136 -0.000000 -0.000134 -0.000000 0.001677 0.000000 -0.003353 -0.001826 0.004217 0.000000 -0.008434 
-0.166667 0.000000 0.012962 -0.000000 -0.000028 -1.156617 -0.008564 -0.000000 0.017129 -0.000000 -0.000029 -0.000000 -0.000022 0.000000 0.000044 0.000365 0.004704 -0.000000 -0.009408 
0.166667 0.000000 0.012962 -0.000000 -0.000028 -1.156617 -0.008564 0.000000 0.017129 0.000000 -0.000029 0.000000 -0.000022 -0.000000 0.000044 0.000365 0.004704 0.000000 -0.009408 
-0.166667 0.100000 0.009371 0.000000 -0.000028 -1.159269 -0.009068 0.000000 0.018136 -0.000000 -0.000134 -0.000000 0.001677 0.000000 -0.003353 -0.001826 0.004217 0.000000 -0.008434 
0.166667 0.100000 0.009371 -0.000000 -0.000028 -1.159269 -0.009068 0.000000 0.018136 0.000000 -0.000134 0.000000 0.001677 -0.000000 -0.003353 -0.001826 0.004217 0.000000 -0.008434 
0.166667 0.000000 0.012962 -0.000000 -0.000028 -1.156617 -0.008564 0.000000 0.017129 0.000000 -0.000029 0.000000 -0.000022 -0.000000 0.000044 0.000365 0.004704 0.000000 -0.009408 
0.500000 0.000000 0.012962 0.000000 -0.000028 -1.156617 -0.008564 0.000000 0.017129 0.000000 -0.000029 0.000000 -0.000022 -0.000000 0.000044 0.000365 0.004704 -0.000000 -0.009408 
0.166667 0.100000 0.009371 -0.000000 -0.000028 -1.159269 -0.009068 0.000000 0.018136 0.000000 -0.000134 0.000000 0.001677 -0.000000 -0.003353 -0.001826 0.004217 0.000000 -0.008434 
0.500000 0.100000 0.009371 0.000000 -0.000028 -1.159269 -0.009068 0.000000 0.018136 0.000000 -0.000134 0.000000 0.001677 -0.000000 -0.003353 -0.001826 0.004217 -0.000000 -0.008434 
-0.500000 0.100000 0.009371 0.000000 -0.000028 -1.159269 -0.009068 0.000000 0.018136 0.000000 -0.000134 0.000000 0.001677 -0.000000 -0.003353 -0.001826 0.004217 0.000000 -0.008434 
-0.166667 0.100000 0.009371 0.000000 -0.000028 -1.159269 -0.009068 0.000000 0.018136 -0.000000 -0.000134 -0.000000 0.001677 0.000000 -0.003353 -0.001826 0.004217 0.000000 -0.008434 
-0.500000 0.200000 -0.001106 -0.000000 -0.000032 -1.166557 -0.010667 0.000000 0.021334 -0.000000 -0.001482 -0.000000 0.003787 -0.000000 -0.007574 -0.008398 0.002804 0.000000 -0.005608 
-0.166667 0.200000 -0.001106 -0.000000 -0.000032 -1.166557 -0.010667 0.000000 0.021334 -0.000000 -0.001482 -0.000000 0.003787 0.000000 -0.007574 -0.008398 0.002804 0.000000 -0.005608 
-0.166667 0.100000 0.009371 0.000000 -0.000028 -1.159269 -0.009068 0.000000 0.018136 -0.000000 -0.000134 -0.000000 0.001677 0.000000 -0.003353 -0.001826 0.004217 0.000000 -0.008434 
0.166667 0.100000 0.009371 -0.000000 -0.000028 -1.159269 -0.009068 0.000000 0.018136 0.000000 -0.000134 0.000000 0.001677 -0.000000 -0.003353 -0.001826 0.004217 0.000000 -0.008434 
-0.166667 0.200000 -0.001106 -0.000000 -0.000032 -1.166557 -0.010667 0.000000 0.021334 -0.000000 -0.001482 -0.000000 0.003787 0.000000 -0.007574 -0.008398 0.002804 0.000000 -0.005608 
0.166667 0.200000 -0.001106 -0.000000 -0.000032 -1.166557 -0.010667 0.000000 0.021334 0.000000 -0.001482 0.000000 0.003787 -0.000000 -0.007574 -0.008398 0.002804 0.000000 -0.005608 
0.166667 0.100000 0.009371 -0.000000 -0.000028 -1.159269 -0.009068 0.000000 0.018136 0.000000 -0.000134 0.000000 0.001677 -0.000000 -0.003353 -0.001826 0.004217 0.000000 -0.008434 
0.500000 0.100000 0.009371 0.000000 -0.000028 -1.159269 -0.009068 0.000000 0.018136 0.000000 -0.000134 0.000000 0.001677 -0.000000 -0.003353 -0.001826 0.004217 -0.000000 -0.008434 
0.166667 0.200000 -0.001106 -0.000000 -0.000032 -1.166557 -0.010667 0.000000 0.021334 0.000000 -0.001482 0.000000 0.003787 -0.000000 -0.007574 -0.008398 0.002804 0.000000 -0.005608 
0.500000 0.200000 -0.001106 -0.000000 -0.000032 -1.166557 -0.010667 0.000000 0.021334 0.000000 -0.001482 0.000000 0.003787 -0.000000 -0.007574 -0.008398 0.002804 -0.000000 -0.005608 
-0.500000 0.200000 -0.001106 -0.000000 -0.000032 -1.166557 -0.010667 0.000000 0.021334 -0.000000 -0.001482 -0.000000 0.003787 -0.000000 -0.007574 -0.008398 0.002804 0.000000 -0.005608 
-0.166667 0.200000 -0.001106 -0.000000 -0.000032 -1.166557 -0.010667 0.000000 0.021334 -0.000000 -0.001482 -0.000000 0.003787 0.000000 -0.007574 -0.008398 0.002804 0.000000 -0.005608 
-0.500000 0.300000 -0.018160 -0.000000 -0.000039 -1.177551 -0.013520 0.000000 0.027040 -0.000000 -0.005338 -0.000000 0.006752 -0.000000 -0.013503 -0.019353 0.000549 0.000000 -0.001099 
-0.166667 0.300000 -0.018160 -0.000000 -0.000039 -1.177551 -0.013520 0.000000 0.027040 -0.000000 -0.005338 -0.000000 0.006752 0.000000 -0.013503 -0.019353 0.000549 0.000000 -0.001099 
-0.166667 0.200000 -0.001106 -0.000000 -0.000032 -1.166557 -0.010667 0.000000 0.021334 -0.000000 -0.001482 -0.000000 0.003787 0.000000 -0.007574 -0.008398 0.002804 0.000000 -0.005608 
0.166667 0.200000 -0.001106 -0.000000 -0.000032 -1.166557 -0.010667 0.000000 0.021334 0.000000 -0.001482 0.000000 0.003787 -0.000000 -0.007574 -0.008398 0.002804 0.000000 -0.005608 
-0.166667 0.300000 -0.018160 -0.000000 -0.000039 -1.177551 -0.013520 0.000000 0.027040 -0.000000 -0.005338 -0.000000 0.006752 0.000000 -0.013503 -0.019353 0.000549 0.000000 -0.001099 
0.166667 0.300000 -0.018160 -0.000000 -0.000039 -1.177551 -0.013520 0.000000 0.027040 0.000000 -0.005338 0.000000 0.006752 0.000000 -0.013503 -0.019353 0.000549 0.000000 -0.001099 
0.166667 0.200000 -0.001106 -0.000000 -0.000032 -1.166557 -0.010667 0.000000 0.021334 0.000000 -0.001482 0.000000 0.003787 -0.000000 -0.007574 -0.008398 0.002804 0.000000 -0.005608 
0.500000 0.200000 -0.001106 -0.000000 -0.000032 -1.166557 -0.010667 0.000000 0.021334 0.000000 -0.001482 0.000000 0.003787 -0.000000 -0.007574 -0.008398 0.002804 -0.000000 -0.005608 
0.166667 0.300000 -0.018160 -0.000000 -0.000039 -1.177551 -0.013520 0.000000 0.027040 0.000000 -0.005338 0.000000 0.006752 0.000000 -0.013503 -0.019353 0.000549 0.000000 -0.001099 
0.500000 0.300000 -0.018160 -0.000000 -0.000039 -1.177551 -0.013520 -0.000000 0.027040 0.000000 -0.005338 0.000000 0.006752 -0.000000 -0.013503 -0.019353 0.000549 -0.000000 -0.001099 
-0.500000 0.300000 -0.018160 -0.000000 -0.000039 -1.177551 -0.013520 0.000000 0.027040 -0.000000 -0.005338 -0.000000 0.006752 -0.000000 -0.013503 -0.019353 0.000549 0.000000 -0.001099 
-0.166667 0.300000 -0.018160 -0.000000 -0.000039 -1.177551 -0.013520 0.000000 0.027040 -0.000000 -0.005338 -0.000000 0.006752 0.000000 -0.013503 -0.019353 0.000549 0.000000 -0.001099 
-0.500000 0.400000 -0.041279 -0.000000 -0.000052 -1.190674 -0.017901 0.000000 0.035801 -0.000000 -0.012965 -0.000000 0.011053 0.000000 -0.022106 -0.034689 -0.002401 0.000000 0.004801 
-0.166667 0.400000 -0.041279 0.000000 -0.000052 -1.190674 -0.017901 0.000000 0.035801 -0.000000 -0.012965 0.000000 0.011053 -0.000000 -0.022106 -0.034689 -0.002401 0.000000 0.004801 
-0.166667 0.300000 -0.018160 -0.000000 -0.000039 -1.177551 -0.013520 0.000000 0.027040 -0.000000 -0.005338 -0.000000 0.006752 0.000000 -0.013503 -0.019353 0.000549 0.000000 -0.001099 
0.166667 0.300000 -0.018160 -0.000000 -0.000039 -1.177551 -0.013520 0.000000 0.027040 0.000000 -0.005338 0.000000 0.006752 0.000000 -0.013503 -0.019353 0.000549 0.000000 -0.001099 
-0.166667 0.400000 -0.041279 0.000000 -0.000052 -1.190674 -0.017901 0.000000 0.035801 -0.000000 -0.012965 0.000000 0.011053 -0.000000 -0.022106 -0.034689 -0.002401 0.000000 0.004801 
0.166667 0.400000 -0.041279 -0.000000 -0.000052 -1.190674 -0.017901 0.000000 0.035801 0.000000 -0.012965 -0.000000 0.011053 0.000000 -0.022106 -0.034689 -0.002401 0.000000 0.004801 
0.166667 0.300000 -0.018160 -0.000000 -0.000039 -1.177551 -0.013520 0.000000 0.027040 0.000000 -0.005338 0.000000 0.006752 0.000000 -0.013503 -0.019353 0.000549 0.000000 -0.001099 
0.500000 0.300000 -0.018160 -0.000000 -0.000039 -1.177551 -0.013520 -0.000000 0.027040 0.000000 -0.005338 0.000000 0.006752 -0.000000 -0.013503 -0.019353 0.000549 -0.000000 -0.001099 
0.166667 0.400000 -0.041279 -0.000000 -0.000052 -1.190674 -0.017901 0.000000 0.035801 0.000000 -0.012965 -0.000000 0.011053 0.000000 -0.022106 -0.034689 -0.002401 0.000000 0.004801 
0.500000 0.400000 -0.041279 -0.000000 -0.000052 -1.190674 -0.017901 -0.000000 0.035801 0.000000 -0.012965 0.000000 0.011053 -0.000000 -0.022106 -0.034689 -0.002401 -0.000000 0.004801 
-0.500000 0.400000 -0.041279 -0.000000 -0.000052 -1.190674 -0.017901 0.000000 0.035801 -0.000000 -0.012965 -0.000000 0.011053 0.000000 -0.022106 -0.034689 -0.002401 0.000000 0.004801 
-0.166667 0.400000 -0.041279 0.000000 -0.000052 -1.190674 -0.017901 0.000000 0.035801 -0.000000 -0.012965 0.000000 0.011053 -0.000000 -0.022106 -0.034689 -0.002401 0.000000 0.004801 
-0.500000 0.500000 -0.069757 0.000000 -0.000070 -1.203668 -0.024210 -0.000000 0.048421 -0.000000 -0.025629 0.000000 0.017239 -0.000000 -0.034479 -0.054407 -0.005831 -0.000000 0.011662 
-0.166667 0.500000 -0.069757 -0.000000 -0.000070 -1.203668 -0.024210 0.000000 0.048421 0.000000 -0.025629 0.000000 0.017239 -0.000000 -0.034479 -0.054407 -0.005831 -0.000000 0.011662 
-0.166667 0.400000 -0.041279 0.000000 -0.000052 -1.190674 -0.017901 0.000000 0.035801 -0.000000 -0.012965 0.000000 0.011053 -0.000000 -0.022106 -0.034689 -0.002401 0.000000 0.004801 
0.166667 0.400000 -0.041279 -0.000000 -0.000052 -1.190674 -0.017901 0.000000 0.035801 0.000000 -0.012965 -0.000000 0.011053 0.000000 -0.022106 -0.034689 -0.002401 0.000000 0.004801 
-0.166667 0.500000 -0.069757 -0.000000 -0.000070 -1.203668 -0.024210 0.000000 0.048421 0.000000 -0.025629 0.000000 0.017239 -0.000000 -0.034479 -0.054407 -0.005831 -0.000000 0.011662 
0.166667 0.500000 -0.069757 0.000000 -0.000070 -1.203668 -0.024210 -0.000000 0.048421 0.000000 -0.025629 0.000000 0.017239 -0.000000 -0.034479 -0.054407 -0.005831 -0.000000 0.011662 
0.166667 0.400000 -0.041279 -0.000000 -0.000052 -1.190674 -0.017901 0.000000 0.035801 0.000000 -0.012965 -0.000000 0.011053 0.000000 -0.022106 -0.034689 -0.002401 0.000000 0.004801 
0.500000 0.400000 -0.041279 -0.000000 -0.000052 -1.190674 -0.017901 -0.000000 0.035801 0.000000 -0.012965 0.000000 0.011053 -0.000000 -0.022106 -0.034689 -0.002401 -0.000000 0.004801 
0.166667 0.500000 -0.069757 0.000000 -0.000070 -1.203668 -0.024210 -0.000000 0.048421 0.000000 -0.025629 0.000000 0.017239 -0.000000 -0.034479 -0.054407 -0.005831 -0.000000 0.011662 
0.500000 0.500000 -0.069757 -0.000000 -0.000070 -1.203668 -0.024210 0.000000 0.048421 0.000000 -0.025629 0.000000 0.017239 -0.000000 -0.034479 -0.054407 -0.005831 -0.000000 0.011662 
