#x y at the midpoint of each cell all the solution components
-1.000000 -1.000000 -0.250393 -0.000000 -0.035270 -1.355674 0.106089 -0.000000 -0.212179 0.000000 0.107405 0.000000 0.069570 -0.000000 -0.139140 -0.140217 -0.105087 0.000000 0.210173 
-0.600000 -1.000000 -0.250393 -0.000000 -0.035270 -1.355674 0.106089 -0.000000 -0.212179 0.000000 0.107405 0.000000 0.069570 -0.000000 -0.139140 -0.140217 -0.105087 0.000000 0.210173 
-1.000000 -0.600000 -0.250393 -0.000000 -0.035270 -1.355674 0.106089 -0.000000 -0.212179 0.000000 0.107405 0.000000 0.069570 -0.000000 -0.139140 -0.140217 -0.105087 0.000000 0.210173 
-0.600000 -0.600000 -0.250393 0.000000 -0.035270 -1.355674 0.106089 0.000000 -0.212179 -0.000000 0.107405 -0.000000 0.069570 0.000000 -0.139140 -0.140217 -0.105087 -0.000000 0.210173 
-0.600000 -1.000000 -0.250393 -0.000000 -0.035270 -1.355674 0.106089 -0.000000 -0.212179 0.000000 0.107405 0.000000 0.069570 -0.000000 -0.139140 -0.140217 -0.105087 0.000000 0.210173 
-0.200000 -1.000000 -0.250393 0.000000 -0.035270 -1.355674 0.106089 0.000000 -0.212179 -0.000000 0.107405 -0.000000 0.069570 0.000000 -0.139140 -0.140217 -0.105087 -0.000000 0.210173 
-0.600000 -0.600000 -0.250393 0.000000 -0.035270 -1.355674 0.106089 0.000000 -0.212179 -0.000000 0.107405 -0.000000 0.069570 0.000000 -0.139140 -0.140217 -0.105087 -0.000000 0.210173 
-0.200000 -0.600000 -0.250393 0.000000 -0.035270 -1.355674 0.106089 0.000000 -0.212179 -0.000000 0.107405 -0.000000 0.069570 0.000000 -0.139140 -0.140217 -0.105087 -0.000000 0.210173 
-0.200000 -1.000000 -0.250393 0.000000 -0.035270 -1.355674 0.106089 0.000000 -0.212179 -0.000000 0.107405 -0.000000 0.069570 0.000000 -0.139140 -0.140217 -0.105087 -0.000000 0.210173 
0.200000 -1.000000 -0.250393 0.000000 -0.035270 -1.355674 0.106089 0.000000 -0.212179 -0.000000 0.107405 -0.000000 0.069570 0.000000 -0.139140 -0.140217 -0.105087 -0.000000 0.210173 
-0.200000 -0.600000 -0.250393 0.000000 -0.035270 -1.355674 0.106089 0.000000 -0.212179 -0.000000 0.107405 -0.000000 0.069570 0.000000 -0.139140 -0.140217 -0.105087 -0.000000 0.210173 
0.200000 -0.600000 -0.250393 0.000000 -0.035270 -1.355674 0.106089 0.000000 -0.212179 -0.000000 0.107405 -0.000000 0.069570 0.000000 -0.139140 -0.140217 -0.105087 -0.000000 0.210173 
0.200000 -1.000000 -0.250393 0.000000 -0.035270 -1.355674 0.106089 0.000000 -0.212179 -0.000000 0.107405 -0.000000 0.069570 0.000000 -0.139140 -0.140217 -0.105087 -0.000000 0.210173 
0.600000 -1.000000 -0.250393 -0.000000 -0.035270 -1.355674 0.106089 0.000000 -0.212179 0.000000 0.107405 -0.000000 0.069570 0.000000 -0.139140 -0.140217 -0.105087 0.000000 0.210173 
0.200000 -0.600000 -0.250393 0.000000 -0.035270 -1.355674 0.106089 0.000000 -0.212179 -0.000000 0.107405 -0.000000 0.069570 0.000000 -0.139140 -0.140217 -0.105087 -0.000000 0.210173 
0.600000 -0.600000 -0.250393 -0.000000 -0.035270 -1.355674 0.106089 0.000000 -0.212179 0.000000 0.107405 -0.000000 0.069570 0.000000 -0.139140 -0.140217 -0.105087 0.000000 0.210173 
0.600000 -1.000000 -0.250393 -0.000000 -0.035270 -1.355674 0.106089 0.000000 -0.212179 0.000000 0.107405 -0.000000 0.069570 0.000000 -0.139140 -0.140217 -0.105087 0.000000 0.210173 
1.000000 -1.000000 -0.250393 -0.000000 -0.035270 -1.355674 0.106089 -0.000000 -0.212179 0.000000 0.107405 0.000000 0.069570 -0.000000 -0.139140 -0.140217 -0.105087 0.000000 0.210173 
0.600000 -0.600000 -0.250393 -0.000000 -0.035270 -1.355674 0.106089 0.000000 -0.212179 0.000000 0.107405 -0.000000 0.069570 0.000000 -0.139140 -0.140217 -0.105087 0.000000 0.210173 
1.000000 -0.600000 -0.250393 -0.000000 -0.035270 -1.355674 0.106089 -0.000000 -0.212179 0.000000 0.107405 0.000000 0.069570 -0.000000 -0.139140 -0.140217 -0.105087 0.000000 0.210173 
-1.000000 -0.600000 -0.250393 -0.000000 -0.035270 -1.355674 0.106089 -0.000000 -0.212179 0.000000 0.107405 0.000000 0.069570 -0.000000 -0.139140 -0.140217 -0.105087 0.000000 0.210173 
-0.600000 -0.600000 -0.250393 0.000000 -0.035270 -1.355674 0.106089 0.000000 -0.212179 -0.000000 0.107405 -0.000000 0.069570 0.000000 -0.139140 -0.140217 -0.105087 -0.000000 0.210173 
-1.000000 -0.200000 -0.109332 -0.000000 -0.015367 -1.049423 0.077249 -0.000000 -0.154498 -0.000000 0.023137 0.000000 0.033923 -0.000000 -0.067846 -0.035054 -0.053386 -0.000000 0.106772 
-0.600000 -0.200000 -0.109332 0.000000 -0.015367 -1.049423 0.077249 0.000000 -0.154498 -0.000000 0.023137 -0.000000 0.033923 0.000000 -0.067846 -0.035054 -0.053386 -0.000000 0.106772 
-0.600000 -0.600000 -0.250393 0.000000 -0.035270 -1.355674 0.106089 0.000000 -0.212179 -0.000000 0.107405 -0.000000 0.069570 0.000000 -0.139140 -0.140217 -0.105087 -0.000000 0.210173 
-0.200000 -0.600000 -0.250393 0.000000 -0.035270 -1.355674 0.106089 0.000000 -0.212179 -0.000000 0.107405 -0.000000 0.069570 0.000000 -0.139140 -0.140217 -0.105087 -0.000000 0.210173 
-0.600000 -0.200000 -0.109332 0.000000 -0.015367 -1.049423 0.077249 0.000000 -0.154498 -0.000000 0.023137 -0.000000 0.033923 0.000000 -0.067846 -0.035054 -0.053386 -0.000000 0.106772 
-0.200000 -0.200000 -0.109332 0.000000 -0.015367 -1.049423 0.077249 0.000000 -0.154498 -0.000000 0.023137 -0.000000 0.033923 0.000000 -0.067846 -0.035054 -0.053386 -0.000000 0.106772 
-0.200000 -0.600000 -0.250393 0.000000 -0.035270 -1.355674 0.106089 0.000000 -0.212179 -0.000000 0.107405 -0.000000 0.069570 0.000000 -0.139140 -0.140217 -0.105087 -0.000000 0.210173 
0.200000 -0.600000 -0.250393 0.000000 -0.035270 -1.355674 0.106089 0.000000 -0.212179 -0.000000 0.107405 -0.000000 0.069570 0.000000 -0.139140 -0.140217 -0.105087 -0.000000 0.210173 
-0.200000 -0.200000 -0.109332 0.000000 -0.015367 -1.049423 0.077249 0.000000 -0.154498 -0.000000 0.023137 -0.000000 0.033923 0.000000 -0.067846 -0.035054 -0.053386 -0.000000 0.106772 
0.200000 -0.200000 -0.109332 0.000000 -0.015367 -1.049423 0.077249 0.000000 -0.154498 0.000000 0.023137 -0.000000 0.033923 0.000000 -0.067846 -0.035054 -0.053386 0.000000 0.106772 
0.200000 -0.600000 -0.250393 0.000000 -0.035270 -1.355674 0.106089 0.000000 -0.212179 -0.000000 0.107405 -0.000000 0.069570 0.000000 -0.139140 -0.140217 -0.105087 -0.000000 0.210173 
0.600000 -0.600000 -0.250393 -0.000000 -0.035270 -1.355674 0.106089 0.000000 -0.212179 0.000000 0.107405 -0.000000 0.069570 0.000000 -0.139140 -0.140217 -0.105087 0.000000 0.210173 
0.200000 -0.200000 -0.109332 0.000000 -0.015367 -1.049423 0.077249 0.000000 -0.154498 0.000000 0.023137 -0.000000 0.033923 0.000000 -0.067846 -0.035054 -0.053386 0.000000 0.106772 
0.600000 -0.200000 -0.109332 0.000000 -0.015367 -1.049423 0.077249 0.000000 -0.154498 0.000000 0.023137 0.000000 0.033923 -0.000000 -0.067846 -0.035054 -0.053386 0.000000 0.106772 
0.600000 -0.600000 -0.250393 -0.000000 -0.035270 -1.355674 0.106089 0.000000 -0.212179 0.000000 0.107405 -0.000000 0.069570 0.000000 -0.139140 -0.140217 -0.105087 0.000000 0.210173 
1.000000 -0.600000 -0.250393 -0.000000 -0.035270 -1.355674 0.106089 -0.000000 -0.212179 0.000000 0.107405 0.000000 0.069570 -0.000000 -0.139140 -0.140217 -0.105087 0.000000 0.210173 
0.600000 -0.200000 -0.109332 0.000000 -0.015367 -1.049423 0.077249 0.000000 -0.154498 0.000000 0.023137 0.000000 0.033923 -0.000000 -0.067846 -0.035054 -0.053386 0.000000 0.106772 
1.000000 -0.200000 -0.109332 -0.000000 -0.015367 -1.049423 0.077249 -0.000000 -0.154498 0.000000 0.023137 0.000000 0.033923 -0.000000 -0.067846 -0.035054 -0.053386 -0.000000 0.106772 
-1.000000 -0.200000 -0.109332 -0.000000 -0.015367 -1.049423 0.077249 -0.000000 -0.154498 -0.000000 0.023137 0.000000 0.033923 -0.000000 -0.067846 -0.035054 -0.053386 -0.000000 0.106772 
-0.600000 -0.200000 -0.109332 0.000000 -0.015367 -1.049423 0.077249 0.000000 -0.154498 -0.000000 0.023137 -0.000000 0.033923 0.000000 -0.067846 -0.035054 -0.053386 -0.000000 0.106772 
-1.000000 0.200000 -0.053569 0.000000 0.000000 -0.937481 0.067841 0.000000 -0.135682 0.000000 -0.000000 0.000000 -0.000000 -0.000000 0.000000 -0.000000 -0.036263 -0.000000 0.072525 
-0.600000 0.200000 -0.053569 -0.000000 0.000000 -0.937481 0.067841 0.000000 -0.135682 -0.000000 0.000000 -0.000000 0.000000 0.000000 -0.000000 0.000000 -0.036263 -0.000000 0.072525 
-0.600000 -0.200000 -0.109332 0.000000 -0.015367 -1.049423 0.077249 0.000000 -0.154498 -0.000000 0.023137 -0.000000 0.033923 0.000000 -0.067846 -0.035054 -0.053386 -0.000000 0.106772 
-0.200000 -0.200000 -0.109332 0.000000 -0.015367 -1.049423 0.077249 0.000000 -0.154498 -0.000000 0.023137 -0.000000 0.033923 0.000000 -0.067846 -0.035054 -0.053386 -0.000000 0.106772 
-0.600000 0.200000 -0.053569 -0.000000 0.000000 -0.937481 0.067841 0.000000 -0.135682 -0.000000 0.000000 -0.000000 0.000000 0.000000 -0.000000 0.000000 -0.036263 -0.000000 0.072525 
-0.200000 0.200000 -0.053569 -0.000000 0.000000 -0.937481 0.067841 0.000000 -0.135682 -0.000000 0.000000 -0.000000 0.000000 0.000000 -0.000000 0.000000 -0.036263 -0.000000 0.072525 
-0.200000 -0.200000 -0.109332 0.000000 -0.015367 -1.049423 0.077249 0.000000 -0.154498 -0.000000 0.023137 -0.000000 0.033923 0.000000 -0.067846 -0.035054 -0.053386 -0.000000 0.106772 
0.200000 -0.200000 -0.109332 0.000000 -0.015367 -1.049423 0.077249 0.000000 -0.154498 0.000000 0.023137 -0.000000 0.033923 0.000000 -0.067846 -0.035054 -0.053386 0.000000 0.106772 
-0.200000 0.200000 -0.053569 -0.000000 0.000000 -0.937481 0.067841 0.000000 -0.135682 -0.000000 0.000000 -0.000000 0.000000 0.000000 -0.000000 0.000000 -0.036263 -0.000000 0.072525 
0.200000 0.200000 -0.053569 0.000000 0.000000 -0.937481 0.067841 0.000000 -0.135682 -0.000000 -0.000000 -0.000000 0.000000 0.000000 -0.000000 0.000000 -0.036263 0.000000 0.072525 
0.200000 -0.200000 -0.109332 0.000000 -0.015367 -1.049423 0.077249 0.000000 -0.154498 0.000000 0.023137 -0.000000 0.033923 0.000000 -0.067846 -0.035054 -0.053386 0.000000 0.106772 
0.600000 -0.200000 -0.109332 0.000000 -0.015367 -1.049423 0.077249 0.000000 -0.154498 0.000000 0.023137 0.000000 0.033923 -0.000000 -0.067846 -0.035054 -0.053386 0.000000 0.106772 
0.200000 0.200000 -0.053569 0.000000 0.000000 -0.937481 0.067841 0.000000 -0.135682 -0.000000 -0.000000 -0.000000 0.000000 0.000000 -0.000000 0.000000 -0.036263 0.000000 0.072525 
0.600000 0.200000 -0.053569 0.000000 -0.000000 -0.937481 0.067841 0.000000 -0.135682 0.000000 -0.000000 0.000000 -0.000000 -0.000000 0.000000 0.000000 -0.036263 0.000000 0.072525 
0.600000 -0.200000 -0.109332 0.000000 -0.015367 -1.049423 0.077249 0.000000 -0.154498 0.000000 0.023137 0.000000 0.033923 -0.000000 -0.067846 -0.035054 -0.053386 0.000000 0.106772 
1.000000 -0.200000 -0.109332 -0.000000 -0.015367 -1.049423 0.077249 -0.000000 -0.154498 0.000000 0.023137 0.000000 0.033923 -0.000000 -0.067846 -0.035054 -0.053386 -0.000000 0.106772 
0.600000 0.200000 -0.053569 0.000000 -0.000000 -0.937481 0.067841 0.000000 -0.135682 0.000000 -0.000000 0.000000 -0.000000 -0.000000 0.000000 0.000000 -0.036263 0.000000 0.072525 
1.000000 0.200000 -0.053569 0.000000 0.000000 -0.937481 0.067841 0.000000 -0.135682 0.000000 -0.000000 0.000000 -0.000000 -0.000000 -0.000000 -0.000000 -0.036263 -0.000000 0.072525 
-1.000000 0.200000 -0.053569 0.000000 0.000000 -0.937481 0.067841 0.000000 -0.135682 0.000000 -0.000000 0.000000 -0.000000 -0.000000 0.000000 -0.000000 -0.036263 -0.000000 0.072525 
-0.600000 0.200000 -0.053569 -0.000000 0.000000 -0.937481 0.067841 0.000000 -0.135682 -0.000000 0.000000 -0.000000 0.000000 0.000000 -0.000000 0.000000 -0.036263 -0.000000 0.072525 
-1.000000 0.600000 -0.109332 -0.000000 0.015367 -1.049423 0.077249 0.000000 -0.154498 0.000000 -0.023137 0.000000 -0.033923 -0.000000 0.067846 -0.035054 -0.053386 -0.000000 0.106772 
-0.600000 0.600000 -0.109332 -0.000000 0.015367 -1.049423 0.077249 0.000000 -0.154498 0.000000 -0.023137 0.000000 -0.033923 -0.000000 0.067846 -0.035054 -0.053386 -0.000000 0.106772 
-0.600000 0.200000 -0.053569 -0.000000 0.000000 -0.937481 0.067841 0.000000 -0.135682 -0.000000 0.000000 -0.000000 0.000000 0.000000 -0.000000 0.000000 -0.036263 -0.000000 0.072525 
-0.200000 0.200000 -0.053569 -0.000000 0.000000 -0.937481 0.067841 0.000000 -0.135682 -0.000000 0.000000 -0.000000 0.000000 0.000000 -0.000000 0.000000 -0.036263 -0.000000 0.072525 
-0.600000 0.600000 -0.109332 -0.000000 0.015367 -1.049423 0.077249 0.000000 -0.154498 0.000000 -0.023137 0.000000 -0.033923 -0.000000 0.067846 -0.035054 -0.053386 -0.000000 0.106772 
-0.200000 0.600000 -0.109332 -0.000000 0.015367 -1.049423 0.077249 -0.000000 -0.154498 -0.000000 -0.023137 -0.000000 -0.033923 0.000000 0.067846 -0.035054 -0.053386 0.000000 0.106772 
-0.200000 0.200000 -0.053569 -0.000000 0.000000 -0.937481 0.067841 0.000000 -0.135682 -0.000000 0.000000 -0.000000 0.000000 0.000000 -0.000000 0.000000 -0.036263 -0.000000 0.072525 
0.200000 0.200000 -0.053569 0.000000 0.000000 -0.937481 0.067841 0.000000 -0.135682 -0.000000 -0.000000 -0.000000 0.000000 0.000000 -0.000000 0.000000 -0.036263 0.000000 0.072525 
-0.200000 0.600000 -0.109332 -0.000000 0.015367 -1.049423 0.077249 -0.000000 -0.154498 -0.000000 -0.023137 -0.000000 -0.033923 0.000000 0.067846 -0.035054 -0.053386 0.000000 0.106772 
0.200000 0.600000 -0.109332 0.000000 0.015367 -1.049423 0.077249 -0.000000 -0.154498 -0.000000 -0.023137 -0.000000 -0.033923 0.000000 0.067846 -0.035054 -0.053386 0.000000 0.106772 
0.200000 0.200000 -0.053569 0.000000 0.000000 -0.937481 0.067841 0.000000 -0.135682 -0.000000 -0.000000 -0.000000 0.000000 0.000000 -0.000000 0.000000 -0.036263 0.000000 0.072525 
0.600000 0.200000 -0.053569 0.000000 -0.000000 -0.937481 0.067841 0.000000 -0.135682 0.000000 -0.000000 0.000000 -0.000000 -0.000000 0.000000 0.000000 -0.036263 0.000000 0.072525 
0.200000 0.600000 -0.109332 0.000000 0.015367 -1.049423 0.077249 -0.000000 -0.154498 -0.000000 -0.023137 -0.000000 -0.033923 0.000000 0.067846 -0.035054 -0.053386 0.000000 0.106772 
0.600000 0.600000 -0.109332 0.000000 0.015367 -1.049423 0.077249 0.000000 -0.154498 0.000000 -0.023137 0.000000 -0.033923 -0.000000 0.067846 -0.035054 -0.053386 -0.000000 0.106772 
0.600000 0.200000 -0.053569 0.000000 -0.000000 -0.937481 0.067841 0.000000 -0.135682 0.000000 -0.000000 0.000000 -0.000000 -0.000000 0.000000 0.000000 -0.036263 0.000000 0.072525 
1.000000 0.200000 -0.053569 0.000000 0.000000 -0.937481 0.067841 0.000000 -0.135682 0.000000 -0.000000 0.000000 -0.000000 -0.000000 -0.000000 -0.000000 -0.036263 -0.000000 0.072525 
0.600000 0.600000 -0.109332 0.000000 0.015367 -1.049423 0.077249 0.000000 -0.154498 0.000000 -0.023137 0.000000 -0.033923 -0.000000 0.067846 -0.035054 -0.053386 -0.000000 0.106772 
1.000000 0.600000 -0.109332 -0.000000 0.015367 -1.049423 0.077249 0.000000 -0.154498 0.000000 -0.023137 0.000000 -0.033923 -0.000000 0.067846 -0.035054 -0.053386 -0.000000 0.106772 
-1.000000 0.600000 -0.109332 -0.000000 0.015367 -1.049423 0.077249 0.000000 -0.154498 0.000000 -0.023137 0.000000 -0.033923 -0.000000 0.067846 -0.035054 -0.053386 -0.000000 0.106772 
-0.600000 0.600000 -0.109332 -0.000000 0.015367 -1.049423 0.077249 0.000000 -0.154498 0.000000 -0.023137 0.000000 -0.033923 -0.000000 0.067846 -0.035054 -0.053386 -0.000000 0.106772 
-1.000000 1.000000 -0.250393 -0.000000 0.035270 -1.355674 0.106089 0.000000 -0.212179 0.000000 -0.107405 0.000000 -0.069570 -0.000000 0.139140 -0.140217 -0.105087 -0.000000 0.210173 
-0.600000 1.000000 -0.250393 -0.000000 0.035270 -1.355674 0.106089 0.000000 -0.212179 0.000000 -0.107405 0.000000 -0.069570 -0.000000 0.139140 -0.140217 -0.105087 -0.000000 0.210173 
-0.600000 0.600000 -0.109332 -0.000000 0.015367 -1.049423 0.077249 0.000000 -0.154498 0.000000 -0.023137 0.000000 -0.033923 -0.000000 0.067846 -0.035054 -0.053386 -0.000000 0.106772 
-0.200000 0.600000 -0.109332 -0.000000 0.015367 -1.049423 0.077249 -0.000000 -0.154498 -0.000000 -0.023137 -0.000000 -0.033923 0.000000 0.067846 -0.035054 -0.053386 0.000000 0.106772 
-0.600000 1.000000 -0.250393 -0.000000 0.035270 -1.355674 0.106089 0.000000 -0.212179 0.000000 -0.107405 0.000000 -0.069570 -0.000000 0.139140 -0.140217 -0.105087 -0.000000 0.210173 
-0.200000 1.000000 -0.250393 0.000000 0.035270 -1.355674 0.106089 -0.000000 -0.212179 -0.000000 -0.107405 -0.000000 -0.069570 0.000000 0.139140 -0.140217 -0.105087 0.000000 0.210173 
-0.200000 0.600000 -0.109332 -0.000000 0.015367 -1.049423 0.077249 -0.000000 -0.154498 -0.000000 -0.023137 -0.000000 -0.033923 0.000000 0.067846 -0.035054 -0.053386 0.000000 0.106772 
0.200000 0.600000 -0.109332 0.000000 0.015367 -1.049423 0.077249 -0.000000 -0.154498 -0.000000 -0.023137 -0.000000 -0.033923 0.000000 0.067846 -0.035054 -0.053386 0.000000 0.106772 
-0.200000 1.000000 -0.250393 0.000000 0.035270 -1.355674 0.106089 -0.000000 -0.212179 -0.000000 -0.107405 -0.000000 -0.069570 0.000000 0.139140 -0.140217 -0.105087 0.000000 0.210173 
0.200000 1.000000 -0.250393 0.000000 0.035270 -1.355674 0.106089 -0.000000 -0.212179 -0.000000 -0.107405 -0.000000 -0.069570 0.000000 0.139140 -0.140217 -0.105087 0.000000 0.210173 
0.200000 0.600000 -0.109332 0.000000 0.015367 -1.049423 0.077249 -0.000000 -0.154498 -0.000000 -0.023137 -0.000000 -0.033923 0.000000 0.067846 -0.035054 -0.053386 0.000000 0.106772 
0.600000 0.600000 -0.109332 0.000000 0.015367 -1.049423 0.077249 0.000000 -0.154498 0.000000 -0.023137 0.000000 -0.033923 -0.000000 0.067846 -0.035054 -0.053386 -0.000000 0.106772 
0.200000 1.000000 -0.250393 0.000000 0.035270 -1.355674 0.106089 -0.000000 -0.212179 -0.000000 -0.107405 -0.000000 -0.069570 0.000000 0.139140 -0.140217 -0.105087 0.000000 0.210173 
0.600000 1.000000 -0.250393 -0.000000 0.035270 -1.355674 0.106089 0.000000 -0.212179 0.000000 -0.107405 0.000000 -0.069570 0.000000 0.139140 -0.140217 -0.105087 -0.000000 0.210173 
0.600000 0.600000 -0.109332 0.000000 0.015367 -1.049423 0.077249 0.000000 -0.154498 0.000000 -0.023137 0.000000 -0.033923 -0.000000 0.067846 -0.035054 -0.053386 -0.000000 0.106772 
1.000000 0.600000 -0.109332 -0.000000 0.015367 -1.049423 0.077249 0.000000 -0.154498 0.000000 -0.023137 0.000000 -0.033923 -0.000000 0.067846 -0.035054 -0.053386 -0.000000 0.106772 
0.600000 1.000000 -0.250393 -0.000000 0.035270 -1.355674 0.106089 0.000000 -0.212179 0.000000 -0.107405 0.000000 -0.069570 0.000000 0.139140 -0.140217 -0.105087 -0.000000 0.210173 
1.000000 1.000000 -0.250393 -0.000000 0.035270 -1.355674 0.106089 0.000000 -0.212179 0.000000 -0.107405 0.000000 -0.069570 -0.000000 0.139140 -0.140217 -0.105087 -0.000000 0.210173 
