#x y at the midpoint of each cell all the solution components
-0.500000 -0.500000 -1.053939 0.000000 -0.000043 -1.286607 -0.001247 -0.000000 0.002495 -0.000000 0.024897 -0.000000 -0.002390 0.000000 0.004781 -0.017894 -0.005507 -0.000000 0.011015 
0.500000 -0.500000 -1.053939 0.000000 -0.000043 -1.286607 -0.001247 -0.000000 0.002495 -0.000000 0.024897 -0.000000 -0.002390 0.000000 0.004781 -0.017894 -0.005507 -0.000000 0.011015 
-0.500000 -0.490000 -1.053939 0.000000 -0.000043 -1.286607 -0.001247 -0.000000 0.002495 -0.000000 0.024897 -0.000000 -0.002390 0.000000 0.004781 -0.017894 -0.005507 -0.000000 0.011015 
0.500000 -0.490000 -1.053939 0.000000 -0.000043 -1.286607 -0.001247 -0.000000 0.002495 -0.000000 0.024897 -0.000000 -0.002390 0.000000 0.004781 -0.017894 -0.005507 -0.000000 0.011015 
-0.500000 -0.490000 -1.053939 0.000000 -0.000043 -1.286607 -0.001247 -0.000000 0.002495 -0.000000 0.024897 -0.000000 -0.002390 0.000000 0.004781 -0.017894 -0.005507 -0.000000 0.011015 
0.500000 -0.490000 -1.053939 0.000000 -0.000043 -1.286607 -0.001247 -0.000000 0.002495 -0.000000 0.024897 -0.000000 -0.002390 0.000000 0.004781 -0.017894 -0.005507 -0.000000 0.011015 
-0.500000 -0.480000 -1.054239 0.000000 -0.000046 -1.287881 -0.000987 -0.000000 0.001974 -0.000000 0.023422 0.000000 -0.002081 0.000000 0.004162 -0.017178 -0.005400 -0.000000 0.010799 
0.500000 -0.480000 -1.054239 0.000000 -0.000046 -1.287881 -0.000987 -0.000000 0.001974 -0.000000 0.023422 0.000000 -0.002081 0.000000 0.004162 -0.017178 -0.005400 -0.000000 0.010799 
-0.500000 -0.480000 -1.054239 0.000000 -0.000046 -1.287881 -0.000987 -0.000000 0.001974 -0.000000 0.023422 0.000000 -0.002081 0.000000 0.004162 -0.017178 -0.005400 -0.000000 0.010799 
0.500000 -0.480000 -1.054239 0.000000 -0.000046 -1.287881 -0.000987 -0.000000 0.001974 -0.000000 0.023422 0.000000 -0.002081 0.000000 0.004162 -0.017178 -0.005400 -0.000000 0.010799 
-0.500000 -0.470000 -1.054483 0.000000 -0.000048 -1.289005 -0.000750 -0.000000 0.001500 -0.000000 0.022007 0.000000 -0.001795 -0.000000 0.003591 -0.016477 -0.005284 -0.000000 0.010568 
0.500000 -0.470000 -1.054483 0.000000 -0.000048 -1.289005 -0.000750 -0.000000 0.001500 -0.000000 0.022007 0.000000 -0.001795 -0.000000 0.003591 -0.016477 -0.005284 -0.000000 0.010568 
-0.500000 -0.470000 -1.054483 0.000000 -0.000048 -1.289005 -0.000750 -0.000000 0.001500 -0.000000 0.022007 0.000000 -0.001795 -0.000000 0.003591 -0.016477 -0.005284 -0.000000 0.010568 
0.500000 -0.470000 -1.054483 0.000000 -0.000048 -1.289005 -0.000750 -0.000000 0.001500 -0.000000 0.022007 0.000000 -0.001795 -0.000000 0.003591 -0.016477 -0.005284 -0.000000 0.010568 
-0.500000 -0.460000 -1.054674 0.000000 -0.000050 -1.289987 -0.000535 -0.000000 0.001071 -0.000000 0.020650 0.000000 -0.001532 -0.000000 0.003064 -0.015791 -0.005162 -0.000000 0.010324 
0.500000 -0.460000 -1.054674 0.000000 -0.000050 -1.289987 -0.000535 -0.000000 0.001071 -0.000000 0.020650 0.000000 -0.001532 -0.000000 0.003064 -0.015791 -0.005162 -0.000000 0.010324 
-0.500000 -0.460000 -1.054674 0.000000 -0.000050 -1.289987 -0.000535 -0.000000 0.001071 -0.000000 0.020650 0.000000 -0.001532 -0.000000 0.003064 -0.015791 -0.005162 -0.000000 0.010324 
0.500000 -0.460000 -1.054674 0.000000 -0.000050 -1.289987 -0.000535 -0.000000 0.001071 -0.000000 0.020650 0.000000 -0.001532 -0.000000 0.003064 -0.015791 -0.005162 -0.000000 0.010324 
-0.500000 -0.450000 -1.054814 0.000000 -0.000051 -1.290835 -0.000341 -0.000000 0.000682 -0.000000 0.019350 0.000000 -0.001290 -0.000000 0.002579 -0.015119 -0.005034 -0.000000 0.010069 
0.500000 -0.450000 -1.054814 0.000000 -0.000051 -1.290835 -0.000341 -0.000000 0.000682 -0.000000 0.019350 0.000000 -0.001290 -0.000000 0.002579 -0.015119 -0.005034 -0.000000 0.010069 
-0.500000 -0.450000 -1.054814 0.000000 -0.000051 -1.290835 -0.000341 -0.000000 0.000682 -0.000000 0.019350 0.000000 -0.001290 -0.000000 0.002579 -0.015119 -0.005034 -0.000000 0.010069 
0.500000 -0.450000 -1.054814 0.000000 -0.000051 -1.290835 -0.000341 -0.000000 0.000682 -0.000000 0.019350 0.000000 -0.001290 -0.000000 0.002579 -0.015119 -0.005034 -0.000000 0.010069 
-0.500000 -0.440000 -1.054907 0.000000 -0.000052 -1.291560 -0.000165 -0.000000 0.000331 -0.000000 0.018105 0.000000 -0.001067 -0.000000 0.002134 -0.014462 -0.004901 -0.000000 0.009803 
0.500000 -0.440000 -1.054907 0.000000 -0.000052 -1.291560 -0.000165 -0.000000 0.000331 -0.000000 0.018105 0.000000 -0.001067 -0.000000 0.002134 -0.014462 -0.004901 -0.000000 0.009803 
-0.500000 -0.440000 -1.054907 0.000000 -0.000052 -1.291560 -0.000165 -0.000000 0.000331 -0.000000 0.018105 0.000000 -0.001067 -0.000000 0.002134 -0.014462 -0.004901 -0.000000 0.009803 
0.500000 -0.440000 -1.054907 0.000000 -0.000052 -1.291560 -0.000165 -0.000000 0.000331 -0.000000 0.018105 0.000000 -0.001067 -0.000000 0.002134 -0.014462 -0.004901 -0.000000 0.009803 
-0.500000 -0.430000 -1.054956 0.000000 -0.000053 -1.292168 -0.000007 -0.000000 0.000014 -0.000000 0.016915 0.000000 -0.000863 -0.000000 0.001725 -0.013819 -0.004764 -0.000000 0.009528 
0.500000 -0.430000 -1.054956 0.000000 -0.000053 -1.292168 -0.000007 -0.000000 0.000014 -0.000000 0.016915 0.000000 -0.000863 -0.000000 0.001725 -0.013819 -0.004764 -0.000000 0.009528 
-0.500000 -0.430000 -1.054956 0.000000 -0.000053 -1.292168 -0.000007 -0.000000 0.000014 -0.000000 0.016915 0.000000 -0.000863 -0.000000 0.001725 -0.013819 -0.004764 -0.000000 0.009528 
0.500000 -0.430000 -1.054956 0.000000 -0.000053 -1.292168 -0.000007 -0.000000 0.000014 -0.000000 0.016915 0.000000 -0.000863 -0.000000 0.001725 -0.013819 -0.004764 -0.000000 0.009528 
-0.500000 -0.420000 -1.054962 0.000000 -0.000053 -1.292667 0.000135 -0.000000 -0.000269 -0.000000 0.015778 0.000000 -0.000676 -0.000000 0.001351 -0.013191 -0.004623 -0.000000 0.009247 
0.500000 -0.420000 -1.054962 0.000000 -0.000053 -1.292667 0.000135 -0.000000 -0.000269 -0.000000 0.015778 0.000000 -0.000676 -0.000000 0.001351 -0.013191 -0.004623 -0.000000 0.009247 
-0.500000 -0.420000 -1.054962 0.000000 -0.000053 -1.292667 0.000135 -0.000000 -0.000269 -0.000000 0.015778 0.000000 -0.000676 -0.000000 0.001351 -0.013191 -0.004623 -0.000000 0.009247 
0.500000 -0.420000 -1.054962 0.000000 -0.000053 -1.292667 0.000135 -0.000000 -0.000269 -0.000000 0.015778 0.000000 -0.000676 -0.000000 0.001351 -0.013191 -0.004623 -0.000000 0.009247 
-0.500000 -0.410000 -1.054928 0.000000 -0.000053 -1.293065 0.000261 -0.000000 -0.000523 -0.000000 0.014693 0.000000 -0.000505 -0.000000 0.001010 -0.012578 -0.004479 -0.000000 0.008959 
0.500000 -0.410000 -1.054928 0.000000 -0.000053 -1.293065 0.000261 -0.000000 -0.000523 -0.000000 0.014693 0.000000 -0.000505 -0.000000 0.001010 -0.012578 -0.004479 -0.000000 0.008959 
-0.500000 -0.410000 -1.054928 0.000000 -0.000053 -1.293065 0.000261 -0.000000 -0.000523 -0.000000 0.014693 0.000000 -0.000505 -0.000000 0.001010 -0.012578 -0.004479 -0.000000 0.008959 
0.500000 -0.410000 -1.054928 0.000000 -0.000053 -1.293065 0.000261 -0.000000 -0.000523 -0.000000 0.014693 0.000000 -0.000505 -0.000000 0.001010 -0.012578 -0.004479 -0.000000 0.008959 
-0.500000 -0.400000 -1.054858 0.000000 -0.000053 -1.293369 0.000374 -0.000000 -0.000749 -0.000000 0.013660 0.000000 -0.000349 -0.000000 0.000698 -0.011979 -0.004333 -0.000000 0.008666 
0.500000 -0.400000 -1.054858 0.000000 -0.000053 -1.293369 0.000374 -0.000000 -0.000749 -0.000000 0.013660 0.000000 -0.000349 -0.000000 0.000698 -0.011979 -0.004333 -0.000000 0.008666 
-0.500000 -0.400000 -1.054858 0.000000 -0.000053 -1.293369 0.000374 -0.000000 -0.000749 -0.000000 0.013660 0.000000 -0.000349 -0.000000 0.000698 -0.011979 -0.004333 -0.000000 0.008666 
0.500000 -0.400000 -1.054858 0.000000 -0.000053 -1.293369 0.000374 -0.000000 -0.000749 -0.000000 0.013660 0.000000 -0.000349 -0.000000 0.000698 -0.011979 -0.004333 -0.000000 0.008666 
-0.500000 -0.390000 -1.054753 0.000000 -0.000053 -1.293587 0.000475 -0.000000 -0.000949 -0.000000 0.012675 0.000000 -0.000208 -0.000000 0.000415 -0.011394 -0.004185 -0.000000 0.008370 
0.500000 -0.390000 -1.054753 0.000000 -0.000053 -1.293587 0.000475 -0.000000 -0.000949 -0.000000 0.012675 0.000000 -0.000208 -0.000000 0.000415 -0.011394 -0.004185 -0.000000 0.008370 
-0.500000 -0.390000 -1.054753 0.000000 -0.000053 -1.293587 0.000475 -0.000000 -0.000949 -0.000000 0.012675 0.000000 -0.000208 -0.000000 0.000415 -0.011394 -0.004185 -0.000000 0.008370 
0.500000 -0.390000 -1.054753 0.000000 -0.000053 -1.293587 0.000475 -0.000000 -0.000949 -0.000000 0.012675 0.000000 -0.000208 -0.000000 0.000415 -0.011394 -0.004185 -0.000000 0.008370 
-0.500000 -0.380000 -1.054616 0.000000 -0.000053 -1.293724 0.000563 -0.000000 -0.001126 -0.000000 0.011740 0.000000 -0.000080 -0.000000 0.000159 -0.010825 -0.004036 -0.000000 0.008072 
0.500000 -0.380000 -1.054616 0.000000 -0.000053 -1.293724 0.000563 -0.000000 -0.001126 -0.000000 0.011740 0.000000 -0.000080 -0.000000 0.000159 -0.010825 -0.004036 -0.000000 0.008072 
-0.500000 -0.380000 -1.054616 0.000000 -0.000053 -1.293724 0.000563 -0.000000 -0.001126 -0.000000 0.011740 0.000000 -0.000080 -0.000000 0.000159 -0.010825 -0.004036 -0.000000 0.008072 
0.500000 -0.380000 -1.054616 0.000000 -0.000053 -1.293724 0.000563 -0.000000 -0.001126 -0.000000 0.011740 0.000000 -0.000080 -0.000000 0.000159 -0.010825 -0.004036 -0.000000 0.008072 
-0.500000 -0.370000 -1.054449 0.000000 -0.000052 -1.293787 0.000640 -0.000000 -0.001281 -0.000000 0.010851 0.000000 0.000036 -0.000000 -0.000072 -0.010270 -0.003886 -0.000000 0.007771 
0.500000 -0.370000 -1.054449 0.000000 -0.000052 -1.293787 0.000640 -0.000000 -0.001281 -0.000000 0.010851 0.000000 0.000036 -0.000000 -0.000072 -0.010270 -0.003886 -0.000000 0.007771 
-0.500000 -0.370000 -1.054449 0.000000 -0.000052 -1.293787 0.000640 -0.000000 -0.001281 -0.000000 0.010851 0.000000 0.000036 -0.000000 -0.000072 -0.010270 -0.003886 -0.000000 0.007771 
0.500000 -0.370000 -1.054449 0.000000 -0.000052 -1.293787 0.000640 -0.000000 -0.001281 -0.000000 0.010851 0.000000 0.000036 -0.000000 -0.000072 -0.010270 -0.003886 -0.000000 0.007771 
-0.500000 -0.360000 -1.054256 0.000000 -0.000051 -1.293782 0.000708 -0.000000 -0.001416 -0.000000 0.010009 0.000000 0.000140 -0.000000 -0.000279 -0.009729 -0.003735 -0.000000 0.007471 
0.500000 -0.360000 -1.054256 0.000000 -0.000051 -1.293782 0.000708 -0.000000 -0.001416 -0.000000 0.010009 0.000000 0.000140 -0.000000 -0.000279 -0.009729 -0.003735 -0.000000 0.007471 
-0.500000 -0.360000 -1.054256 0.000000 -0.000051 -1.293782 0.000708 -0.000000 -0.001416 -0.000000 0.010009 0.000000 0.000140 -0.000000 -0.000279 -0.009729 -0.003735 -0.000000 0.007471 
0.500000 -0.360000 -1.054256 0.000000 -0.000051 -1.293782 0.000708 -0.000000 -0.001416 -0.000000 0.010009 0.000000 0.000140 -0.000000 -0.000279 -0.009729 -0.003735 -0.000000 0.007471 
-0.500000 -0.350000 -1.054038 0.000000 -0.000050 -1.293715 0.000766 -0.000000 -0.001533 -0.000000 0.009211 0.000000 0.000232 -0.000000 -0.000465 -0.009204 -0.003585 -0.000000 0.007170 
0.500000 -0.350000 -1.054038 0.000000 -0.000050 -1.293715 0.000766 -0.000000 -0.001533 -0.000000 0.009211 0.000000 0.000232 -0.000000 -0.000465 -0.009204 -0.003585 -0.000000 0.007170 
-0.500000 -0.350000 -1.054038 0.000000 -0.000050 -1.293715 0.000766 -0.000000 -0.001533 -0.000000 0.009211 0.000000 0.000232 -0.000000 -0.000465 -0.009204 -0.003585 -0.000000 0.007170 
0.500000 -0.350000 -1.054038 0.000000 -0.000050 -1.293715 0.000766 -0.000000 -0.001533 -0.000000 0.009211 0.000000 0.000232 -0.000000 -0.000465 -0.009204 -0.003585 -0.000000 0.007170 
-0.500000 -0.340000 -1.053798 0.000000 -0.000049 -1.293592 0.000816 -0.000000 -0.001633 -0.000000 0.008457 0.000000 0.000315 -0.000000 -0.000630 -0.008692 -0.003436 -0.000000 0.006871 
0.500000 -0.340000 -1.053798 0.000000 -0.000049 -1.293592 0.000816 -0.000000 -0.001633 -0.000000 0.008457 0.000000 0.000315 -0.000000 -0.000630 -0.008692 -0.003436 -0.000000 0.006871 
-0.500000 -0.340000 -1.053798 0.000000 -0.000049 -1.293592 0.000816 -0.000000 -0.001633 -0.000000 0.008457 0.000000 0.000315 -0.000000 -0.000630 -0.008692 -0.003436 -0.000000 0.006871 
0.500000 -0.340000 -1.053798 0.000000 -0.000049 -1.293592 0.000816 -0.000000 -0.001633 -0.000000 0.008457 0.000000 0.000315 -0.000000 -0.000630 -0.008692 -0.003436 -0.000000 0.006871 
-0.500000 -0.330000 -1.053538 0.000000 -0.000048 -1.293417 0.000859 -0.000000 -0.001718 -0.000000 0.007745 0.000000 0.000388 -0.000000 -0.000775 -0.008196 -0.003287 -0.000000 0.006574 
0.500000 -0.330000 -1.053538 0.000000 -0.000048 -1.293417 0.000859 -0.000000 -0.001718 -0.000000 0.007745 0.000000 0.000388 -0.000000 -0.000775 -0.008196 -0.003287 -0.000000 0.006574 
-0.500000 -0.330000 -1.053538 0.000000 -0.000048 -1.293417 0.000859 -0.000000 -0.001718 -0.000000 0.007745 0.000000 0.000388 -0.000000 -0.000775 -0.008196 -0.003287 -0.000000 0.006574 
0.500000 -0.330000 -1.053538 0.000000 -0.000048 -1.293417 0.000859 -0.000000 -0.001718 -0.000000 0.007745 0.000000 0.000388 -0.000000 -0.000775 -0.008196 -0.003287 -0.000000 0.006574 
-0.500000 -0.320000 -1.053260 0.000000 -0.000047 -1.293197 0.000894 -0.000000 -0.001788 -0.000000 0.007074 0.000000 0.000451 -0.000000 -0.000903 -0.007714 -0.003139 -0.000000 0.006279 
0.500000 -0.320000 -1.053260 0.000000 -0.000047 -1.293197 0.000894 -0.000000 -0.001788 -0.000000 0.007074 0.000000 0.000451 -0.000000 -0.000903 -0.007714 -0.003139 -0.000000 0.006279 
-0.500000 -0.320000 -1.053260 0.000000 -0.000047 -1.293197 0.000894 -0.000000 -0.001788 -0.000000 0.007074 0.000000 0.000451 -0.000000 -0.000903 -0.007714 -0.003139 -0.000000 0.006279 
0.500000 -0.320000 -1.053260 0.000000 -0.000047 -1.293197 0.000894 -0.000000 -0.001788 -0.000000 0.007074 0.000000 0.000451 -0.000000 -0.000903 -0.007714 -0.003139 -0.000000 0.006279 
-0.500000 -0.310000 -1.052967 0.000000 -0.000046 -1.292935 0.000923 -0.000000 -0.001847 -0.000000 0.006444 0.000000 0.000507 -0.000000 -0.001013 -0.007246 -0.002994 -0.000000 0.005988 
0.500000 -0.310000 -1.052967 0.000000 -0.000046 -1.292935 0.000923 -0.000000 -0.001847 -0.000000 0.006444 0.000000 0.000507 -0.000000 -0.001013 -0.007246 -0.002994 -0.000000 0.005988 
-0.500000 -0.310000 -1.052967 0.000000 -0.000046 -1.292935 0.000923 -0.000000 -0.001847 -0.000000 0.006444 0.000000 0.000507 -0.000000 -0.001013 -0.007246 -0.002994 -0.000000 0.005988 
0.500000 -0.310000 -1.052967 0.000000 -0.000046 -1.292935 0.000923 -0.000000 -0.001847 -0.000000 0.006444 0.000000 0.000507 -0.000000 -0.001013 -0.007246 -0.002994 -0.000000 0.005988 
-0.500000 -0.300000 -1.052660 0.000000 -0.000045 -1.292637 0.000947 -0.000000 -0.001893 -0.000000 0.005851 0.000000 0.000554 -0.000000 -0.001108 -0.006794 -0.002850 -0.000000 0.005700 
0.500000 -0.300000 -1.052660 0.000000 -0.000045 -1.292637 0.000947 -0.000000 -0.001893 -0.000000 0.005851 0.000000 0.000554 -0.000000 -0.001108 -0.006794 -0.002850 -0.000000 0.005700 
-0.500000 -0.300000 -1.052660 0.000000 -0.000045 -1.292637 0.000947 -0.000000 -0.001893 -0.000000 0.005851 0.000000 0.000554 -0.000000 -0.001108 -0.006794 -0.002850 -0.000000 0.005700 
0.500000 -0.300000 -1.052660 0.000000 -0.000045 -1.292637 0.000947 -0.000000 -0.001893 -0.000000 0.005851 0.000000 0.000554 -0.000000 -0.001108 -0.006794 -0.002850 -0.000000 0.005700 
-0.500000 -0.290000 -1.052343 0.000000 -0.000043 -1.292307 0.000965 -0.000000 -0.001930 -0.000000 0.005297 0.000000 0.000594 -0.000000 -0.001187 -0.006355 -0.002709 -0.000000 0.005417 
0.500000 -0.290000 -1.052343 0.000000 -0.000043 -1.292307 0.000965 -0.000000 -0.001930 -0.000000 0.005297 0.000000 0.000594 -0.000000 -0.001187 -0.006355 -0.002709 -0.000000 0.005417 
-0.500000 -0.290000 -1.052343 0.000000 -0.000043 -1.292307 0.000965 -0.000000 -0.001930 -0.000000 0.005297 0.000000 0.000594 -0.000000 -0.001187 -0.006355 -0.002709 -0.000000 0.005417 
0.500000 -0.290000 -1.052343 0.000000 -0.000043 -1.292307 0.000965 -0.000000 -0.001930 -0.000000 0.005297 0.000000 0.000594 -0.000000 -0.001187 -0.006355 -0.002709 -0.000000 0.005417 
-0.500000 -0.280000 -1.052015 0.000000 -0.000042 -1.291950 0.000979 -0.000000 -0.001957 -0.000000 0.004779 0.000000 0.000626 -0.000000 -0.001253 -0.005932 -0.002570 -0.000000 0.005139 
0.500000 -0.280000 -1.052015 0.000000 -0.000042 -1.291950 0.000979 -0.000000 -0.001957 -0.000000 0.004779 0.000000 0.000626 -0.000000 -0.001253 -0.005932 -0.002570 -0.000000 0.005139 
-0.500000 -0.280000 -1.052015 0.000000 -0.000042 -1.291950 0.000979 -0.000000 -0.001957 -0.000000 0.004779 0.000000 0.000626 -0.000000 -0.001253 -0.005932 -0.002570 -0.000000 0.005139 
0.500000 -0.280000 -1.052015 0.000000 -0.000042 -1.291950 0.000979 -0.000000 -0.001957 -0.000000 0.004779 0.000000 0.000626 -0.000000 -0.001253 -0.005932 -0.002570 -0.000000 0.005139 
-0.500000 -0.270000 -1.051681 0.000000 -0.000040 -1.291569 0.000988 -0.000000 -0.001976 -0.000000 0.004295 0.000000 0.000653 -0.000000 -0.001306 -0.005523 -0.002434 -0.000000 0.004867 
0.500000 -0.270000 -1.051681 0.000000 -0.000040 -1.291569 0.000988 -0.000000 -0.001976 -0.000000 0.004295 0.000000 0.000653 -0.000000 -0.001306 -0.005523 -0.002434 -0.000000 0.004867 
-0.500000 -0.270000 -1.051681 0.000000 -0.000040 -1.291569 0.000988 -0.000000 -0.001976 -0.000000 0.004295 0.000000 0.000653 -0.000000 -0.001306 -0.005523 -0.002434 -0.000000 0.004867 
0.500000 -0.270000 -1.051681 0.000000 -0.000040 -1.291569 0.000988 -0.000000 -0.001976 -0.000000 0.004295 0.000000 0.000653 -0.000000 -0.001306 -0.005523 -0.002434 -0.000000 0.004867 
-0.500000 -0.260000 -1.051341 0.000000 -0.000039 -1.291170 0.000994 -0.000000 -0.001988 -0.000000 0.003846 0.000000 0.000673 -0.000000 -0.001346 -0.005129 -0.002301 -0.000000 0.004601 
0.500000 -0.260000 -1.051341 0.000000 -0.000039 -1.291170 0.000994 -0.000000 -0.001988 -0.000000 0.003846 0.000000 0.000673 -0.000000 -0.001346 -0.005129 -0.002301 -0.000000 0.004601 
-0.500000 -0.260000 -1.051341 0.000000 -0.000039 -1.291170 0.000994 -0.000000 -0.001988 -0.000000 0.003846 0.000000 0.000673 -0.000000 -0.001346 -0.005129 -0.002301 -0.000000 0.004601 
0.500000 -0.260000 -1.051341 0.000000 -0.000039 -1.291170 0.000994 -0.000000 -0.001988 -0.000000 0.003846 0.000000 0.000673 -0.000000 -0.001346 -0.005129 -0.002301 -0.000000 0.004601 
-0.500000 -0.250000 -1.050998 0.000000 -0.000037 -1.290754 0.000996 -0.000000 -0.001992 -0.000000 0.003429 0.000000 0.000688 -0.000000 -0.001375 -0.004749 -0.002171 -0.000000 0.004342 
0.500000 -0.250000 -1.050998 0.000000 -0.000037 -1.290754 0.000996 -0.000000 -0.001992 -0.000000 0.003429 0.000000 0.000688 -0.000000 -0.001375 -0.004749 -0.002171 -0.000000 0.004342 
-0.500000 -0.250000 -1.050998 0.000000 -0.000037 -1.290754 0.000996 -0.000000 -0.001992 -0.000000 0.003429 0.000000 0.000688 -0.000000 -0.001375 -0.004749 -0.002171 -0.000000 0.004342 
0.500000 -0.250000 -1.050998 0.000000 -0.000037 -1.290754 0.000996 -0.000000 -0.001992 -0.000000 0.003429 0.000000 0.000688 -0.000000 -0.001375 -0.004749 -0.002171 -0.000000 0.004342 
-0.500000 -0.240000 -1.050653 0.000000 -0.000036 -1.290326 0.000996 -0.000000 -0.001992 -0.000000 0.003043 0.000000 0.000697 -0.000000 -0.001394 -0.004384 -0.002045 -0.000000 0.004090 
0.500000 -0.240000 -1.050653 0.000000 -0.000036 -1.290326 0.000996 -0.000000 -0.001992 -0.000000 0.003043 0.000000 0.000697 -0.000000 -0.001394 -0.004384 -0.002045 -0.000000 0.004090 
-0.500000 -0.240000 -1.050653 0.000000 -0.000036 -1.290326 0.000996 -0.000000 -0.001992 -0.000000 0.003043 0.000000 0.000697 -0.000000 -0.001394 -0.004384 -0.002045 -0.000000 0.004090 
0.500000 -0.240000 -1.050653 0.000000 -0.000036 -1.290326 0.000996 -0.000000 -0.001992 -0.000000 0.003043 0.000000 0.000697 -0.000000 -0.001394 -0.004384 -0.002045 -0.000000 0.004090 
-0.500000 -0.230000 -1.050308 0.000000 -0.000034 -1.289890 0.000993 -0.000000 -0.001986 -0.000000 0.002688 0.000000 0.000701 -0.000000 -0.001403 -0.004033 -0.001922 -0.000000 0.003845 
0.500000 -0.230000 -1.050308 0.000000 -0.000034 -1.289890 0.000993 -0.000000 -0.001986 -0.000000 0.002688 0.000000 0.000701 -0.000000 -0.001403 -0.004033 -0.001922 -0.000000 0.003845 
-0.500000 -0.230000 -1.050308 0.000000 -0.000034 -1.289890 0.000993 -0.000000 -0.001986 -0.000000 0.002688 0.000000 0.000701 -0.000000 -0.001403 -0.004033 -0.001922 -0.000000 0.003845 
0.500000 -0.230000 -1.050308 0.000000 -0.000034 -1.289890 0.000993 -0.000000 -0.001986 -0.000000 0.002688 0.000000 0.000701 -0.000000 -0.001403 -0.004033 -0.001922 -0.000000 0.003845 
-0.500000 -0.220000 -1.049965 0.000000 -0.000033 -1.289448 0.000988 -0.000000 -0.001976 -0.000000 0.002361 0.000000 0.000701 -0.000000 -0.001402 -0.003697 -0.001804 -0.000000 0.003607 
0.500000 -0.220000 -1.049965 0.000000 -0.000033 -1.289448 0.000988 -0.000000 -0.001976 -0.000000 0.002361 0.000000 0.000701 -0.000000 -0.001402 -0.003697 -0.001804 -0.000000 0.003607 
-0.500000 -0.220000 -1.049965 0.000000 -0.000033 -1.289448 0.000988 -0.000000 -0.001976 -0.000000 0.002361 0.000000 0.000701 -0.000000 -0.001402 -0.003697 -0.001804 -0.000000 0.003607 
0.500000 -0.220000 -1.049965 0.000000 -0.000033 -1.289448 0.000988 -0.000000 -0.001976 -0.000000 0.002361 0.000000 0.000701 -0.000000 -0.001402 -0.003697 -0.001804 -0.000000 0.003607 
-0.500000 -0.210000 -1.049625 0.000000 -0.000031 -1.289005 0.000981 -0.000000 -0.001962 -0.000000 0.002062 0.000000 0.000696 -0.000000 -0.001393 -0.003376 -0.001689 -0.000000 0.003378 
0.500000 -0.210000 -1.049625 0.000000 -0.000031 -1.289005 0.000981 -0.000000 -0.001962 -0.000000 0.002062 0.000000 0.000696 -0.000000 -0.001393 -0.003376 -0.001689 -0.000000 0.003378 
-0.500000 -0.210000 -1.049625 0.000000 -0.000031 -1.289005 0.000981 -0.000000 -0.001962 -0.000000 0.002062 0.000000 0.000696 -0.000000 -0.001393 -0.003376 -0.001689 -0.000000 0.003378 
0.500000 -0.210000 -1.049625 0.000000 -0.000031 -1.289005 0.000981 -0.000000 -0.001962 -0.000000 0.002062 0.000000 0.000696 -0.000000 -0.001393 -0.003376 -0.001689 -0.000000 0.003378 
-0.500000 -0.200000 -1.049289 0.000000 -0.000030 -1.288562 0.000973 -0.000000 -0.001946 -0.000000 0.001790 0.000000 0.000688 -0.000000 -0.001375 -0.003069 -0.001579 -0.000000 0.003158 
0.500000 -0.200000 -1.049289 0.000000 -0.000030 -1.288562 0.000973 -0.000000 -0.001946 -0.000000 0.001790 0.000000 0.000688 -0.000000 -0.001375 -0.003069 -0.001579 -0.000000 0.003158 
-0.500000 -0.200000 -1.049289 0.000000 -0.000030 -1.288562 0.000973 -0.000000 -0.001946 -0.000000 0.001790 0.000000 0.000688 -0.000000 -0.001375 -0.003069 -0.001579 -0.000000 0.003158 
0.500000 -0.200000 -1.049289 0.000000 -0.000030 -1.288562 0.000973 -0.000000 -0.001946 -0.000000 0.001790 0.000000 0.000688 -0.000000 -0.001375 -0.003069 -0.001579 -0.000000 0.003158 
-0.500000 -0.190000 -1.048960 0.000000 -0.000028 -1.288122 0.000963 -0.000000 -0.001926 -0.000000 0.001543 0.000000 0.000675 -0.000000 -0.001351 -0.002777 -0.001473 -0.000000 0.002946 
0.500000 -0.190000 -1.048960 0.000000 -0.000028 -1.288122 0.000963 -0.000000 -0.001926 -0.000000 0.001543 0.000000 0.000675 -0.000000 -0.001351 -0.002777 -0.001473 -0.000000 0.002946 
-0.500000 -0.190000 -1.048960 0.000000 -0.000028 -1.288122 0.000963 -0.000000 -0.001926 -0.000000 0.001543 0.000000 0.000675 -0.000000 -0.001351 -0.002777 -0.001473 -0.000000 0.002946 
0.500000 -0.190000 -1.048960 0.000000 -0.000028 -1.288122 0.000963 -0.000000 -0.001926 -0.000000 0.001543 0.000000 0.000675 -0.000000 -0.001351 -0.002777 -0.001473 -0.000000 0.002946 
-0.500000 -0.180000 -1.048639 0.000000 -0.000026 -1.287688 0.000953 -0.000000 -0.001905 -0.000000 0.001319 0.000000 0.000659 -0.000000 -0.001319 -0.002499 -0.001372 -0.000000 0.002743 
0.500000 -0.180000 -1.048639 0.000000 -0.000026 -1.287688 0.000953 -0.000000 -0.001905 -0.000000 0.001319 0.000000 0.000659 -0.000000 -0.001319 -0.002499 -0.001372 -0.000000 0.002743 
-0.500000 -0.180000 -1.048639 0.000000 -0.000026 -1.287688 0.000953 -0.000000 -0.001905 -0.000000 0.001319 0.000000 0.000659 -0.000000 -0.001319 -0.002499 -0.001372 -0.000000 0.002743 
0.500000 -0.180000 -1.048639 0.000000 -0.000026 -1.287688 0.000953 -0.000000 -0.001905 -0.000000 0.001319 0.000000 0.000659 -0.000000 -0.001319 -0.002499 -0.001372 -0.000000 0.002743 
-0.500000 -0.170000 -1.048327 0.000000 -0.000025 -1.287264 0.000941 -0.000000 -0.001883 -0.000000 0.001119 0.000000 0.000640 -0.000000 -0.001281 -0.002237 -0.001275 -0.000000 0.002550 
0.500000 -0.170000 -1.048327 0.000000 -0.000025 -1.287264 0.000941 -0.000000 -0.001883 -0.000000 0.001119 0.000000 0.000640 -0.000000 -0.001281 -0.002237 -0.001275 -0.000000 0.002550 
-0.500000 -0.170000 -1.048327 0.000000 -0.000025 -1.287264 0.000941 -0.000000 -0.001883 -0.000000 0.001119 0.000000 0.000640 -0.000000 -0.001281 -0.002237 -0.001275 -0.000000 0.002550 
0.500000 -0.170000 -1.048327 0.000000 -0.000025 -1.287264 0.000941 -0.000000 -0.001883 -0.000000 0.001119 0.000000 0.000640 -0.000000 -0.001281 -0.002237 -0.001275 -0.000000 0.002550 
-0.500000 -0.160000 -1.048025 0.000000 -0.000023 -1.286850 0.000930 -0.000000 -0.001859 -0.000000 0.000940 0.000000 0.000618 -0.000000 -0.001237 -0.001988 -0.001183 -0.000000 0.002366 
0.500000 -0.160000 -1.048025 0.000000 -0.000023 -1.286850 0.000930 -0.000000 -0.001859 -0.000000 0.000940 0.000000 0.000618 -0.000000 -0.001237 -0.001988 -0.001183 -0.000000 0.002366 
-0.500000 -0.160000 -1.048025 0.000000 -0.000023 -1.286850 0.000930 -0.000000 -0.001859 -0.000000 0.000940 0.000000 0.000618 -0.000000 -0.001237 -0.001988 -0.001183 -0.000000 0.002366 
0.500000 -0.160000 -1.048025 0.000000 -0.000023 -1.286850 0.000930 -0.000000 -0.001859 -0.000000 0.000940 0.000000 0.000618 -0.000000 -0.001237 -0.001988 -0.001183 -0.000000 0.002366 
-0.500000 -0.150000 -1.047734 0.000000 -0.000022 -1.286449 0.000918 -0.000000 -0.001835 -0.000000 0.000781 0.000000 0.000594 -0.000000 -0.001187 -0.001755 -0.001096 -0.000000 0.002192 
0.500000 -0.150000 -1.047734 0.000000 -0.000022 -1.286449 0.000918 -0.000000 -0.001835 -0.000000 0.000781 0.000000 0.000594 -0.000000 -0.001187 -0.001755 -0.001096 -0.000000 0.002192 
-0.500000 -0.150000 -1.047734 0.000000 -0.000022 -1.286449 0.000918 -0.000000 -0.001835 -0.000000 0.000781 0.000000 0.000594 -0.000000 -0.001187 -0.001755 -0.001096 -0.000000 0.002192 
0.500000 -0.150000 -1.047734 0.000000 -0.000022 -1.286449 0.000918 -0.000000 -0.001835 -0.000000 0.000781 0.000000 0.000594 -0.000000 -0.001187 -0.001755 -0.001096 -0.000000 0.002192 
-0.500000 -0.140000 -1.047456 0.000000 -0.000020 -1.286064 0.000905 -0.000000 -0.001811 -0.000000 0.000641 0.000000 0.000566 -0.000000 -0.001133 -0.001535 -0.001014 -0.000000 0.002027 
0.500000 -0.140000 -1.047456 0.000000 -0.000020 -1.286064 0.000905 -0.000000 -0.001811 -0.000000 0.000641 0.000000 0.000566 -0.000000 -0.001133 -0.001535 -0.001014 -0.000000 0.002027 
-0.500000 -0.140000 -1.047456 0.000000 -0.000020 -1.286064 0.000905 -0.000000 -0.001811 -0.000000 0.000641 0.000000 0.000566 -0.000000 -0.001133 -0.001535 -0.001014 -0.000000 0.002027 
0.500000 -0.140000 -1.047456 0.000000 -0.000020 -1.286064 0.000905 -0.000000 -0.001811 -0.000000 0.000641 0.000000 0.000566 -0.000000 -0.001133 -0.001535 -0.001014 -0.000000 0.002027 
-0.500000 -0.130000 -1.047192 0.000000 -0.000019 -1.285695 0.000893 -0.000000 -0.001786 -0.000000 0.000520 0.000000 0.000537 -0.000000 -0.001074 -0.001331 -0.000937 -0.000000 0.001873 
0.500000 -0.130000 -1.047192 0.000000 -0.000019 -1.285695 0.000893 -0.000000 -0.001786 -0.000000 0.000520 0.000000 0.000537 -0.000000 -0.001074 -0.001331 -0.000937 -0.000000 0.001873 
-0.500000 -0.130000 -1.047192 0.000000 -0.000019 -1.285695 0.000893 -0.000000 -0.001786 -0.000000 0.000520 0.000000 0.000537 -0.000000 -0.001074 -0.001331 -0.000937 -0.000000 0.001873 
0.500000 -0.130000 -1.047192 0.000000 -0.000019 -1.285695 0.000893 -0.000000 -0.001786 -0.000000 0.000520 0.000000 0.000537 -0.000000 -0.001074 -0.001331 -0.000937 -0.000000 0.001873 
-0.500000 -0.120000 -1.046942 0.000000 -0.000017 -1.285346 0.000881 -0.000000 -0.001763 -0.000000 0.000415 0.000000 0.000505 -0.000000 -0.001010 -0.001141 -0.000865 -0.000000 0.001730 
0.500000 -0.120000 -1.046942 0.000000 -0.000017 -1.285346 0.000881 -0.000000 -0.001763 -0.000000 0.000415 0.000000 0.000505 -0.000000 -0.001010 -0.001141 -0.000865 -0.000000 0.001730 
-0.500000 -0.120000 -1.046942 0.000000 -0.000017 -1.285346 0.000881 -0.000000 -0.001763 -0.000000 0.000415 0.000000 0.000505 -0.000000 -0.001010 -0.001141 -0.000865 -0.000000 0.001730 
0.500000 -0.120000 -1.046942 0.000000 -0.000017 -1.285346 0.000881 -0.000000 -0.001763 -0.000000 0.000415 0.000000 0.000505 -0.000000 -0.001010 -0.001141 -0.000865 -0.000000 0.001730 
-0.500000 -0.110000 -1.046708 0.000000 -0.000016 -1.285017 0.000870 -0.000000 -0.001740 -0.000000 0.000325 0.000000 0.000471 -0.000000 -0.000943 -0.000966 -0.000798 -0.000000 0.001596 
0.500000 -0.110000 -1.046708 0.000000 -0.000016 -1.285017 0.000870 -0.000000 -0.001740 -0.000000 0.000325 0.000000 0.000471 -0.000000 -0.000943 -0.000966 -0.000798 -0.000000 0.001596 
-0.500000 -0.110000 -1.046708 0.000000 -0.000016 -1.285017 0.000870 -0.000000 -0.001740 -0.000000 0.000325 0.000000 0.000471 -0.000000 -0.000943 -0.000966 -0.000798 -0.000000 0.001596 
0.500000 -0.110000 -1.046708 0.000000 -0.000016 -1.285017 0.000870 -0.000000 -0.001740 -0.000000 0.000325 0.000000 0.000471 -0.000000 -0.000943 -0.000966 -0.000798 -0.000000 0.001596 
-0.500000 -0.100000 -1.046491 0.000000 -0.000015 -1.284711 0.000859 -0.000000 -0.001718 -0.000000 0.000249 0.000000 0.000436 -0.000000 -0.000872 -0.000805 -0.000737 -0.000000 0.001474 
0.500000 -0.100000 -1.046491 0.000000 -0.000015 -1.284711 0.000859 -0.000000 -0.001718 -0.000000 0.000249 0.000000 0.000436 -0.000000 -0.000872 -0.000805 -0.000737 -0.000000 0.001474 
-0.500000 -0.100000 -1.046491 0.000000 -0.000015 -1.284711 0.000859 -0.000000 -0.001718 -0.000000 0.000249 0.000000 0.000436 -0.000000 -0.000872 -0.000805 -0.000737 -0.000000 0.001474 
0.500000 -0.100000 -1.046491 0.000000 -0.000015 -1.284711 0.000859 -0.000000 -0.001718 -0.000000 0.000249 0.000000 0.000436 -0.000000 -0.000872 -0.000805 -0.000737 -0.000000 0.001474 
-0.500000 -0.090000 -1.046291 0.000000 -0.000013 -1.284427 0.000848 -0.000000 -0.001697 -0.000000 0.000186 0.000000 0.000399 -0.000000 -0.000798 -0.000659 -0.000681 -0.000000 0.001362 
0.500000 -0.090000 -1.046291 0.000000 -0.000013 -1.284427 0.000848 -0.000000 -0.001697 -0.000000 0.000186 0.000000 0.000399 -0.000000 -0.000798 -0.000659 -0.000681 -0.000000 0.001362 
-0.500000 -0.090000 -1.046291 0.000000 -0.000013 -1.284427 0.000848 -0.000000 -0.001697 -0.000000 0.000186 0.000000 0.000399 -0.000000 -0.000798 -0.000659 -0.000681 -0.000000 0.001362 
0.500000 -0.090000 -1.046291 0.000000 -0.000013 -1.284427 0.000848 -0.000000 -0.001697 -0.000000 0.000186 0.000000 0.000399 -0.000000 -0.000798 -0.000659 -0.000681 -0.000000 0.001362 
-0.500000 -0.080000 -1.046109 0.000000 -0.000012 -1.284169 0.000839 -0.000000 -0.001677 -0.000000 0.000135 0.000000 0.000361 -0.000000 -0.000722 -0.000528 -0.000630 -0.000000 0.001261 
0.500000 -0.080000 -1.046109 0.000000 -0.000012 -1.284169 0.000839 -0.000000 -0.001677 -0.000000 0.000135 0.000000 0.000361 -0.000000 -0.000722 -0.000528 -0.000630 -0.000000 0.001261 
-0.500000 -0.080000 -1.046109 0.000000 -0.000012 -1.284169 0.000839 -0.000000 -0.001677 -0.000000 0.000135 0.000000 0.000361 -0.000000 -0.000722 -0.000528 -0.000630 -0.000000 0.001261 
0.500000 -0.080000 -1.046109 0.000000 -0.000012 -1.284169 0.000839 -0.000000 -0.001677 -0.000000 0.000135 0.000000 0.000361 -0.000000 -0.000722 -0.000528 -0.000630 -0.000000 0.001261 
-0.500000 -0.070000 -1.045945 0.000000 -0.000010 -1.283937 0.000830 -0.000000 -0.001660 -0.000000 0.000095 0.000000 0.000321 -0.000000 -0.000642 -0.000411 -0.000585 -0.000000 0.001171 
0.500000 -0.070000 -1.045945 0.000000 -0.000010 -1.283937 0.000830 -0.000000 -0.001660 -0.000000 0.000095 0.000000 0.000321 -0.000000 -0.000642 -0.000411 -0.000585 -0.000000 0.001171 
-0.500000 -0.070000 -1.045945 0.000000 -0.000010 -1.283937 0.000830 -0.000000 -0.001660 -0.000000 0.000095 0.000000 0.000321 -0.000000 -0.000642 -0.000411 -0.000585 -0.000000 0.001171 
0.500000 -0.070000 -1.045945 0.000000 -0.000010 -1.283937 0.000830 -0.000000 -0.001660 -0.000000 0.000095 0.000000 0.000321 -0.000000 -0.000642 -0.000411 -0.000585 -0.000000 0.001171 
-0.500000 -0.060000 -1.045801 0.000000 -0.000009 -1.283731 0.000822 -0.000000 -0.001644 -0.000000 0.000064 0.000000 0.000281 -0.000000 -0.000561 -0.000309 -0.000546 -0.000000 0.001092 
0.500000 -0.060000 -1.045801 0.000000 -0.000009 -1.283731 0.000822 -0.000000 -0.001644 -0.000000 0.000064 0.000000 0.000281 -0.000000 -0.000561 -0.000309 -0.000546 -0.000000 0.001092 
-0.500000 -0.060000 -1.045801 0.000000 -0.000009 -1.283731 0.000822 -0.000000 -0.001644 -0.000000 0.000064 0.000000 0.000281 -0.000000 -0.000561 -0.000309 -0.000546 -0.000000 0.001092 
0.500000 -0.060000 -1.045801 0.000000 -0.000009 -1.283731 0.000822 -0.000000 -0.001644 -0.000000 0.000064 0.000000 0.000281 -0.000000 -0.000561 -0.000309 -0.000546 -0.000000 0.001092 
-0.500000 -0.050000 -1.045676 0.000000 -0.000008 -1.283553 0.000815 -0.000000 -0.001630 -0.000000 0.000040 0.000000 0.000239 -0.000000 -0.000478 -0.000221 -0.000512 -0.000000 0.001024 
0.500000 -0.050000 -1.045676 0.000000 -0.000008 -1.283553 0.000815 -0.000000 -0.001630 -0.000000 0.000040 0.000000 0.000239 -0.000000 -0.000478 -0.000221 -0.000512 -0.000000 0.001024 
-0.500000 -0.050000 -1.045676 0.000000 -0.000008 -1.283553 0.000815 -0.000000 -0.001630 -0.000000 0.000040 0.000000 0.000239 -0.000000 -0.000478 -0.000221 -0.000512 -0.000000 0.001024 
0.500000 -0.050000 -1.045676 0.000000 -0.000008 -1.283553 0.000815 -0.000000 -0.001630 -0.000000 0.000040 0.000000 0.000239 -0.000000 -0.000478 -0.000221 -0.000512 -0.000000 0.001024 
-0.500000 -0.040000 -1.045571 0.000000 -0.000006 -1.283404 0.000809 -0.000000 -0.001619 -0.000000 0.000024 0.000000 0.000197 -0.000000 -0.000393 -0.000148 -0.000484 -0.000000 0.000967 
0.500000 -0.040000 -1.045571 0.000000 -0.000006 -1.283404 0.000809 -0.000000 -0.001619 -0.000000 0.000024 0.000000 0.000197 -0.000000 -0.000393 -0.000148 -0.000484 -0.000000 0.000967 
-0.500000 -0.040000 -1.045571 0.000000 -0.000006 -1.283404 0.000809 -0.000000 -0.001619 -0.000000 0.000024 0.000000 0.000197 -0.000000 -0.000393 -0.000148 -0.000484 -0.000000 0.000967 
0.500000 -0.040000 -1.045571 0.000000 -0.000006 -1.283404 0.000809 -0.000000 -0.001619 -0.000000 0.000024 0.000000 0.000197 -0.000000 -0.000393 -0.000148 -0.000484 -0.000000 0.000967 
-0.500000 -0.030000 -1.045487 0.000000 -0.000005 -1.283283 0.000805 -0.000000 -0.001609 -0.000000 0.000013 0.000000 0.000154 -0.000000 -0.000307 -0.000089 -0.000461 -0.000000 0.000922 
0.500000 -0.030000 -1.045487 0.000000 -0.000005 -1.283283 0.000805 -0.000000 -0.001609 -0.000000 0.000013 0.000000 0.000154 -0.000000 -0.000307 -0.000089 -0.000461 -0.000000 0.000922 
-0.500000 -0.030000 -1.045487 0.000000 -0.000005 -1.283283 0.000805 -0.000000 -0.001609 -0.000000 0.000013 0.000000 0.000154 -0.000000 -0.000307 -0.000089 -0.000461 -0.000000 0.000922 
0.500000 -0.030000 -1.045487 0.000000 -0.000005 -1.283283 0.000805 -0.000000 -0.001609 -0.000000 0.000013 0.000000 0.000154 -0.000000 -0.000307 -0.000089 -0.000461 -0.000000 0.000922 
-0.500000 -0.020000 -1.045424 0.000000 -0.000003 -1.283193 0.000801 -0.000000 -0.001602 -0.000000 0.000006 0.000000 0.000110 -0.000000 -0.000220 -0.000046 -0.000444 -0.000000 0.000888 
0.500000 -0.020000 -1.045424 0.000000 -0.000003 -1.283193 0.000801 -0.000000 -0.001602 -0.000000 0.000006 0.000000 0.000110 -0.000000 -0.000220 -0.000046 -0.000444 -0.000000 0.000888 
-0.500000 -0.020000 -1.045424 0.000000 -0.000003 -1.283193 0.000801 -0.000000 -0.001602 -0.000000 0.000006 0.000000 0.000110 -0.000000 -0.000220 -0.000046 -0.000444 -0.000000 0.000888 
0.500000 -0.020000 -1.045424 0.000000 -0.000003 -1.283193 0.000801 -0.000000 -0.001602 -0.000000 0.000006 0.000000 0.000110 -0.000000 -0.000220 -0.000046 -0.000444 -0.000000 0.000888 
-0.500000 -0.010000 -1.045382 0.000000 -0.000002 -1.283132 0.000799 -0.000000 -0.001597 -0.000000 0.000002 0.000000 0.000066 -0.000000 -0.000132 -0.000016 -0.000433 -0.000000 0.000865 
0.500000 -0.010000 -1.045382 0.000000 -0.000002 -1.283132 0.000799 -0.000000 -0.001597 -0.000000 0.000002 0.000000 0.000066 -0.000000 -0.000132 -0.000016 -0.000433 -0.000000 0.000865 
-0.500000 -0.010000 -1.045382 0.000000 -0.000002 -1.283132 0.000799 -0.000000 -0.001597 -0.000000 0.000002 0.000000 0.000066 -0.000000 -0.000132 -0.000016 -0.000433 -0.000000 0.000865 
0.500000 -0.010000 -1.045382 0.000000 -0.000002 -1.283132 0.000799 -0.000000 -0.001597 -0.000000 0.000002 0.000000 0.000066 -0.000000 -0.000132 -0.000016 -0.000433 -0.000000 0.000865 
-0.500000 0.000000 -1.045360 0.000000 -0.000001 -1.283102 0.000797 -0.000000 -0.001595 -0.000000 0.000001 0.000000 0.000022 -0.000000 -0.000044 -0.000002 -0.000427 -0.000000 0.000854 
0.500000 0.000000 -1.045360 0.000000 -0.000001 -1.283102 0.000797 -0.000000 -0.001595 -0.000000 0.000001 0.000000 0.000022 -0.000000 -0.000044 -0.000002 -0.000427 -0.000000 0.000854 
-0.500000 0.000000 -1.045360 0.000000 -0.000001 -1.283102 0.000797 -0.000000 -0.001595 -0.000000 0.000001 0.000000 0.000022 -0.000000 -0.000044 -0.000002 -0.000427 -0.000000 0.000854 
0.500000 0.000000 -1.045360 0.000000 -0.000001 -1.283102 0.000797 -0.000000 -0.001595 -0.000000 0.000001 0.000000 0.000022 -0.000000 -0.000044 -0.000002 -0.000427 -0.000000 0.000854 
-0.500000 0.010000 -1.045360 0.000000 0.000001 -1.283102 0.000797 -0.000000 -0.001595 -0.000000 -0.000001 0.000000 -0.000022 -0.000000 0.000044 -0.000002 -0.000427 -0.000000 0.000854 
0.500000 0.010000 -1.045360 0.000000 0.000001 -1.283102 0.000797 -0.000000 -0.001595 -0.000000 -0.000001 0.000000 -0.000022 -0.000000 0.000044 -0.000002 -0.000427 -0.000000 0.000854 
-0.500000 0.010000 -1.045360 0.000000 0.000001 -1.283102 0.000797 -0.000000 -0.001595 -0.000000 -0.000001 0.000000 -0.000022 -0.000000 0.000044 -0.000002 -0.000427 -0.000000 0.000854 
0.500000 0.010000 -1.045360 0.000000 0.000001 -1.283102 0.000797 -0.000000 -0.001595 -0.000000 -0.000001 0.000000 -0.000022 -0.000000 0.000044 -0.000002 -0.000427 -0.000000 0.000854 
-0.500000 0.020000 -1.045382 0.000000 0.000002 -1.283132 0.000799 -0.000000 -0.001597 -0.000000 -0.000002 0.000000 -0.000066 -0.000000 0.000132 -0.000016 -0.000433 -0.000000 0.000865 
0.500000 0.020000 -1.045382 0.000000 0.000002 -1.283132 0.000799 -0.000000 -0.001597 -0.000000 -0.000002 0.000000 -0.000066 -0.000000 0.000132 -0.000016 -0.000433 -0.000000 0.000865 
-0.500000 0.020000 -1.045382 0.000000 0.000002 -1.283132 0.000799 -0.000000 -0.001597 -0.000000 -0.000002 0.000000 -0.000066 -0.000000 0.000132 -0.000016 -0.000433 -0.000000 0.000865 
0.500000 0.020000 -1.045382 0.000000 0.000002 -1.283132 0.000799 -0.000000 -0.001597 -0.000000 -0.000002 0.000000 -0.000066 -0.000000 0.000132 -0.000016 -0.000433 -0.000000 0.000865 
-0.500000 0.030000 -1.045424 0.000000 0.000003 -1.283193 0.000801 -0.000000 -0.001602 -0.000000 -0.000006 0.000000 -0.000110 -0.000000 0.000220 -0.000046 -0.000444 -0.000000 0.000888 
0.500000 0.030000 -1.045424 0.000000 0.000003 -1.283193 0.000801 -0.000000 -0.001602 -0.000000 -0.000006 0.000000 -0.000110 -0.000000 0.000220 -0.000046 -0.000444 -0.000000 0.000888 
-0.500000 0.030000 -1.045424 0.000000 0.000003 -1.283193 0.000801 -0.000000 -0.001602 -0.000000 -0.000006 0.000000 -0.000110 -0.000000 0.000220 -0.000046 -0.000444 -0.000000 0.000888 
0.500000 0.030000 -1.045424 0.000000 0.000003 -1.283193 0.000801 -0.000000 -0.001602 -0.000000 -0.000006 0.000000 -0.000110 -0.000000 0.000220 -0.000046 -0.000444 -0.000000 0.000888 
-0.500000 0.040000 -1.045487 0.000000 0.000005 -1.283283 0.000805 -0.000000 -0.001609 -0.000000 -0.000013 0.000000 -0.000154 -0.000000 0.000307 -0.000089 -0.000461 -0.000000 0.000922 
0.500000 0.040000 -1.045487 0.000000 0.000005 -1.283283 0.000805 -0.000000 -0.001609 -0.000000 -0.000013 0.000000 -0.000154 -0.000000 0.000307 -0.000089 -0.000461 -0.000000 0.000922 
-0.500000 0.040000 -1.045487 0.000000 0.000005 -1.283283 0.000805 -0.000000 -0.001609 -0.000000 -0.000013 0.000000 -0.000154 -0.000000 0.000307 -0.000089 -0.000461 -0.000000 0.000922 
0.500000 0.040000 -1.045487 0.000000 0.000005 -1.283283 0.000805 -0.000000 -0.001609 -0.000000 -0.000013 0.000000 -0.000154 -0.000000 0.000307 -0.000089 -0.000461 -0.000000 0.000922 
-0.500000 0.050000 -1.045571 0.000000 0.000006 -1.283404 0.000809 -0.000000 -0.001619 -0.000000 -0.000024 0.000000 -0.000197 -0.000000 0.000393 -0.000148 -0.000484 -0.000000 0.000967 
0.500000 0.050000 -1.045571 0.000000 0.000006 -1.283404 0.000809 -0.000000 -0.001619 -0.000000 -0.000024 0.000000 -0.000197 -0.000000 0.000393 -0.000148 -0.000484 -0.000000 0.000967 
-0.500000 0.050000 -1.045571 0.000000 0.000006 -1.283404 0.000809 -0.000000 -0.001619 -0.000000 -0.000024 0.000000 -0.000197 -0.000000 0.000393 -0.000148 -0.000484 -0.000000 0.000967 
0.500000 0.050000 -1.045571 0.000000 0.000006 -1.283404 0.000809 -0.000000 -0.001619 -0.000000 -0.000024 0.000000 -0.000197 -0.000000 0.000393 -0.000148 -0.000484 -0.000000 0.000967 
-0.500000 0.060000 -1.045676 0.000000 0.000008 -1.283553 0.000815 -0.000000 -0.001630 -0.000000 -0.000040 0.000000 -0.000239 -0.000000 0.000478 -0.000221 -0.000512 -0.000000 0.001024 
0.500000 0.060000 -1.045676 0.000000 0.000008 -1.283553 0.000815 -0.000000 -0.001630 -0.000000 -0.000040 0.000000 -0.000239 -0.000000 0.000478 -0.000221 -0.000512 -0.000000 0.001024 
-0.500000 0.060000 -1.045676 0.000000 0.000008 -1.283553 0.000815 -0.000000 -0.001630 -0.000000 -0.000040 0.000000 -0.000239 -0.000000 0.000478 -0.000221 -0.000512 -0.000000 0.001024 
0.500000 0.060000 -1.045676 0.000000 0.000008 -1.283553 0.000815 -0.000000 -0.001630 -0.000000 -0.000040 0.000000 -0.000239 -0.000000 0.000478 -0.000221 -0.000512 -0.000000 0.001024 
-0.500000 0.070000 -1.045801 0.000000 0.000009 -1.283731 0.000822 -0.000000 -0.001644 -0.000000 -0.000064 0.000000 -0.000281 -0.000000 0.000561 -0.000309 -0.000546 -0.000000 0.001092 
0.500000 0.070000 -1.045801 0.000000 0.000009 -1.283731 0.000822 -0.000000 -0.001644 -0.000000 -0.000064 0.000000 -0.000281 -0.000000 0.000561 -0.000309 -0.000546 -0.000000 0.001092 
-0.500000 0.070000 -1.045801 0.000000 0.000009 -1.283731 0.000822 -0.000000 -0.001644 -0.000000 -0.000064 0.000000 -0.000281 -0.000000 0.000561 -0.000309 -0.000546 -0.000000 0.001092 
0.500000 0.070000 -1.045801 0.000000 0.000009 -1.283731 0.000822 -0.000000 -0.001644 -0.000000 -0.000064 0.000000 -0.000281 -0.000000 0.000561 -0.000309 -0.000546 -0.000000 0.001092 
-0.500000 0.080000 -1.045945 0.000000 0.000010 -1.283937 0.000830 -0.000000 -0.001660 -0.000000 -0.000095 0.000000 -0.000321 -0.000000 0.000642 -0.000411 -0.000585 -0.000000 0.001171 
0.500000 0.080000 -1.045945 0.000000 0.000010 -1.283937 0.000830 -0.000000 -0.001660 -0.000000 -0.000095 0.000000 -0.000321 -0.000000 0.000642 -0.000411 -0.000585 -0.000000 0.001171 
-0.500000 0.080000 -1.045945 0.000000 0.000010 -1.283937 0.000830 -0.000000 -0.001660 -0.000000 -0.000095 0.000000 -0.000321 -0.000000 0.000642 -0.000411 -0.000585 -0.000000 0.001171 
0.500000 0.080000 -1.045945 0.000000 0.000010 -1.283937 0.000830 -0.000000 -0.001660 -0.000000 -0.000095 0.000000 -0.000321 -0.000000 0.000642 -0.000411 -0.000585 -0.000000 0.001171 
-0.500000 0.090000 -1.046109 0.000000 0.000012 -1.284169 0.000839 -0.000000 -0.001677 -0.000000 -0.000135 0.000000 -0.000361 -0.000000 0.000722 -0.000528 -0.000630 -0.000000 0.001261 
0.500000 0.090000 -1.046109 0.000000 0.000012 -1.284169 0.000839 -0.000000 -0.001677 -0.000000 -0.000135 0.000000 -0.000361 -0.000000 0.000722 -0.000528 -0.000630 -0.000000 0.001261 
-0.500000 0.090000 -1.046109 0.000000 0.000012 -1.284169 0.000839 -0.000000 -0.001677 -0.000000 -0.000135 0.000000 -0.000361 -0.000000 0.000722 -0.000528 -0.000630 -0.000000 0.001261 
0.500000 0.090000 -1.046109 0.000000 0.000012 -1.284169 0.000839 -0.000000 -0.001677 -0.000000 -0.000135 0.000000 -0.000361 -0.000000 0.000722 -0.000528 -0.000630 -0.000000 0.001261 
-0.500000 0.100000 -1.046291 0.000000 0.000013 -1.284427 0.000848 -0.000000 -0.001697 -0.000000 -0.000186 0.000000 -0.000399 -0.000000 0.000798 -0.000659 -0.000681 -0.000000 0.001362 
0.500000 0.100000 -1.046291 0.000000 0.000013 -1.284427 0.000848 -0.000000 -0.001697 -0.000000 -0.000186 0.000000 -0.000399 -0.000000 0.000798 -0.000659 -0.000681 -0.000000 0.001362 
-0.500000 0.100000 -1.046291 0.000000 0.000013 -1.284427 0.000848 -0.000000 -0.001697 -0.000000 -0.000186 0.000000 -0.000399 -0.000000 0.000798 -0.000659 -0.000681 -0.000000 0.001362 
0.500000 0.100000 -1.046291 0.000000 0.000013 -1.284427 0.000848 -0.000000 -0.001697 -0.000000 -0.000186 0.000000 -0.000399 -0.000000 0.000798 -0.000659 -0.000681 -0.000000 0.001362 
-0.500000 0.110000 -1.046491 0.000000 0.000015 -1.284711 0.000859 -0.000000 -0.001718 -0.000000 -0.000249 0.000000 -0.000436 -0.000000 0.000872 -0.000805 -0.000737 -0.000000 0.001474 
0.500000 0.110000 -1.046491 0.000000 0.000015 -1.284711 0.000859 -0.000000 -0.001718 -0.000000 -0.000249 0.000000 -0.000436 -0.000000 0.000872 -0.000805 -0.000737 -0.000000 0.001474 
-0.500000 0.110000 -1.046491 0.000000 0.000015 -1.284711 0.000859 -0.000000 -0.001718 -0.000000 -0.000249 0.000000 -0.000436 -0.000000 0.000872 -0.000805 -0.000737 -0.000000 0.001474 
0.500000 0.110000 -1.046491 0.000000 0.000015 -1.284711 0.000859 -0.000000 -0.001718 -0.000000 -0.000249 0.000000 -0.000436 -0.000000 0.000872 -0.000805 -0.000737 -0.000000 0.001474 
-0.500000 0.120000 -1.046708 0.000000 0.000016 -1.285017 0.000870 -0.000000 -0.001740 -0.000000 -0.000325 0.000000 -0.000471 -0.000000 0.000943 -0.000966 -0.000798 -0.000000 0.001596 
0.500000 0.120000 -1.046708 0.000000 0.000016 -1.285017 0.000870 -0.000000 -0.001740 -0.000000 -0.000325 0.000000 -0.000471 -0.000000 0.000943 -0.000966 -0.000798 -0.000000 0.001596 
-0.500000 0.120000 -1.046708 0.000000 0.000016 -1.285017 0.000870 -0.000000 -0.001740 -0.000000 -0.000325 0.000000 -0.000471 -0.000000 0.000943 -0.000966 -0.000798 -0.000000 0.001596 
0.500000 0.120000 -1.046708 0.000000 0.000016 -1.285017 0.000870 -0.000000 -0.001740 -0.000000 -0.000325 0.000000 -0.000471 -0.000000 0.000943 -0.000966 -0.000798 -0.000000 0.001596 
-0.500000 0.130000 -1.046942 0.000000 0.000017 -1.285346 0.000881 -0.000000 -0.001763 -0.000000 -0.000415 0.000000 -0.000505 -0.000000 0.001010 -0.001141 -0.000865 -0.000000 0.001730 
0.500000 0.130000 -1.046942 0.000000 0.000017 -1.285346 0.000881 -0.000000 -0.001763 -0.000000 -0.000415 0.000000 -0.000505 -0.000000 0.001010 -0.001141 -0.000865 -0.000000 0.001730 
-0.500000 0.130000 -1.046942 0.000000 0.000017 -1.285346 0.000881 -0.000000 -0.001763 -0.000000 -0.000415 0.000000 -0.000505 -0.000000 0.001010 -0.001141 -0.000865 -0.000000 0.001730 
0.500000 0.130000 -1.046942 0.000000 0.000017 -1.285346 0.000881 -0.000000 -0.001763 -0.000000 -0.000415 0.000000 -0.000505 -0.000000 0.001010 -0.001141 -0.000865 -0.000000 0.001730 
-0.500000 0.140000 -1.047192 0.000000 0.000019 -1.285695 0.000893 -0.000000 -0.001786 -0.000000 -0.000520 0.000000 -0.000537 -0.000000 0.001074 -0.001331 -0.000937 -0.000000 0.001873 
0.500000 0.140000 -1.047192 0.000000 0.000019 -1.285695 0.000893 -0.000000 -0.001786 -0.000000 -0.000520 0.000000 -0.000537 -0.000000 0.001074 -0.001331 -0.000937 -0.000000 0.001873 
-0.500000 0.140000 -1.047192 0.000000 0.000019 -1.285695 0.000893 -0.000000 -0.001786 -0.000000 -0.000520 0.000000 -0.000537 -0.000000 0.001074 -0.001331 -0.000937 -0.000000 0.001873 
0.500000 0.140000 -1.047192 0.000000 0.000019 -1.285695 0.000893 -0.000000 -0.001786 -0.000000 -0.000520 0.000000 -0.000537 -0.000000 0.001074 -0.001331 -0.000937 -0.000000 0.001873 
-0.500000 0.150000 -1.047456 0.000000 0.000020 -1.286064 0.000905 0.000000 -0.001811 -0.000000 -0.000641 0.000000 -0.000566 -0.000000 0.001133 -0.001535 -0.001014 -0.000000 0.002027 
0.500000 0.150000 -1.047456 0.000000 0.000020 -1.286064 0.000905 0.000000 -0.001811 -0.000000 -0.000641 0.000000 -0.000566 -0.000000 0.001133 -0.001535 -0.001014 -0.000000 0.002027 
-0.500000 0.150000 -1.047456 0.000000 0.000020 -1.286064 0.000905 0.000000 -0.001811 -0.000000 -0.000641 0.000000 -0.000566 -0.000000 0.001133 -0.001535 -0.001014 -0.000000 0.002027 
0.500000 0.150000 -1.047456 0.000000 0.000020 -1.286064 0.000905 0.000000 -0.001811 -0.000000 -0.000641 0.000000 -0.000566 -0.000000 0.001133 -0.001535 -0.001014 -0.000000 0.002027 
-0.500000 0.160000 -1.047734 0.000000 0.000022 -1.286449 0.000918 0.000000 -0.001835 -0.000000 -0.000781 0.000000 -0.000594 -0.000000 0.001187 -0.001755 -0.001096 -0.000000 0.002192 
0.500000 0.160000 -1.047734 0.000000 0.000022 -1.286449 0.000918 0.000000 -0.001835 -0.000000 -0.000781 0.000000 -0.000594 -0.000000 0.001187 -0.001755 -0.001096 -0.000000 0.002192 
-0.500000 0.160000 -1.047734 0.000000 0.000022 -1.286449 0.000918 0.000000 -0.001835 -0.000000 -0.000781 0.000000 -0.000594 -0.000000 0.001187 -0.001755 -0.001096 -0.000000 0.002192 
0.500000 0.160000 -1.047734 0.000000 0.000022 -1.286449 0.000918 0.000000 -0.001835 -0.000000 -0.000781 0.000000 -0.000594 -0.000000 0.001187 -0.001755 -0.001096 -0.000000 0.002192 
-0.500000 0.170000 -1.048025 0.000000 0.000023 -1.286850 0.000930 0.000000 -0.001859 -0.000000 -0.000940 0.000000 -0.000618 -0.000000 0.001237 -0.001988 -0.001183 -0.000000 0.002366 
0.500000 0.170000 -1.048025 0.000000 0.000023 -1.286850 0.000930 0.000000 -0.001859 -0.000000 -0.000940 0.000000 -0.000618 -0.000000 0.001237 -0.001988 -0.001183 -0.000000 0.002366 
-0.500000 0.170000 -1.048025 0.000000 0.000023 -1.286850 0.000930 0.000000 -0.001859 -0.000000 -0.000940 0.000000 -0.000618 -0.000000 0.001237 -0.001988 -0.001183 -0.000000 0.002366 
0.500000 0.170000 -1.048025 0.000000 0.000023 -1.286850 0.000930 0.000000 -0.001859 -0.000000 -0.000940 0.000000 -0.000618 -0.000000 0.001237 -0.001988 -0.001183 -0.000000 0.002366 
-0.500000 0.180000 -1.048327 0.000000 0.000025 -1.287264 0.000941 0.000000 -0.001883 -0.000000 -0.001119 0.000000 -0.000640 -0.000000 0.001281 -0.002237 -0.001275 -0.000000 0.002550 
0.500000 0.180000 -1.048327 0.000000 0.000025 -1.287264 0.000941 0.000000 -0.001883 -0.000000 -0.001119 0.000000 -0.000640 -0.000000 0.001281 -0.002237 -0.001275 -0.000000 0.002550 
-0.500000 0.180000 -1.048327 0.000000 0.000025 -1.287264 0.000941 0.000000 -0.001883 -0.000000 -0.001119 0.000000 -0.000640 -0.000000 0.001281 -0.002237 -0.001275 -0.000000 0.002550 
0.500000 0.180000 -1.048327 0.000000 0.000025 -1.287264 0.000941 0.000000 -0.001883 -0.000000 -0.001119 0.000000 -0.000640 -0.000000 0.001281 -0.002237 -0.001275 -0.000000 0.002550 
-0.500000 0.190000 -1.048639 0.000000 0.000026 -1.287688 0.000953 0.000000 -0.001905 -0.000000 -0.001319 0.000000 -0.000659 -0.000000 0.001319 -0.002499 -0.001372 -0.000000 0.002743 
0.500000 0.190000 -1.048639 0.000000 0.000026 -1.287688 0.000953 0.000000 -0.001905 -0.000000 -0.001319 0.000000 -0.000659 -0.000000 0.001319 -0.002499 -0.001372 -0.000000 0.002743 
-0.500000 0.190000 -1.048639 0.000000 0.000026 -1.287688 0.000953 0.000000 -0.001905 -0.000000 -0.001319 0.000000 -0.000659 -0.000000 0.001319 -0.002499 -0.001372 -0.000000 0.002743 
0.500000 0.190000 -1.048639 0.000000 0.000026 -1.287688 0.000953 0.000000 -0.001905 -0.000000 -0.001319 0.000000 -0.000659 -0.000000 0.001319 -0.002499 -0.001372 -0.000000 0.002743 
-0.500000 0.200000 -1.048960 0.000000 0.000028 -1.288122 0.000963 0.000000 -0.001926 -0.000000 -0.001543 0.000000 -0.000675 -0.000000 0.001351 -0.002777 -0.001473 -0.000000 0.002946 
0.500000 0.200000 -1.048960 0.000000 0.000028 -1.288122 0.000963 0.000000 -0.001926 -0.000000 -0.001543 0.000000 -0.000675 -0.000000 0.001351 -0.002777 -0.001473 -0.000000 0.002946 
-0.500000 0.200000 -1.048960 0.000000 0.000028 -1.288122 0.000963 0.000000 -0.001926 -0.000000 -0.001543 0.000000 -0.000675 -0.000000 0.001351 -0.002777 -0.001473 -0.000000 0.002946 
0.500000 0.200000 -1.048960 0.000000 0.000028 -1.288122 0.000963 0.000000 -0.001926 -0.000000 -0.001543 0.000000 -0.000675 -0.000000 0.001351 -0.002777 -0.001473 -0.000000 0.002946 
-0.500000 0.210000 -1.049289 0.000000 0.000030 -1.288562 0.000973 0.000000 -0.001946 -0.000000 -0.001790 0.000000 -0.000688 -0.000000 0.001375 -0.003069 -0.001579 -0.000000 0.003158 
0.500000 0.210000 -1.049289 0.000000 0.000030 -1.288562 0.000973 0.000000 -0.001946 -0.000000 -0.001790 0.000000 -0.000688 -0.000000 0.001375 -0.003069 -0.001579 -0.000000 0.003158 
-0.500000 0.210000 -1.049289 0.000000 0.000030 -1.288562 0.000973 0.000000 -0.001946 -0.000000 -0.001790 0.000000 -0.000688 -0.000000 0.001375 -0.003069 -0.001579 -0.000000 0.003158 
0.500000 0.210000 -1.049289 0.000000 0.000030 -1.288562 0.000973 0.000000 -0.001946 -0.000000 -0.001790 0.000000 -0.000688 -0.000000 0.001375 -0.003069 -0.001579 -0.000000 0.003158 
-0.500000 0.220000 -1.049625 0.000000 0.000031 -1.289005 0.000981 0.000000 -0.001962 -0.000000 -0.002062 0.000000 -0.000696 -0.000000 0.001393 -0.003376 -0.001689 -0.000000 0.003378 
0.500000 0.220000 -1.049625 0.000000 0.000031 -1.289005 0.000981 0.000000 -0.001962 -0.000000 -0.002062 0.000000 -0.000696 -0.000000 0.001393 -0.003376 -0.001689 -0.000000 0.003378 
-0.500000 0.220000 -1.049625 0.000000 0.000031 -1.289005 0.000981 0.000000 -0.001962 -0.000000 -0.002062 0.000000 -0.000696 -0.000000 0.001393 -0.003376 -0.001689 -0.000000 0.003378 
0.500000 0.220000 -1.049625 0.000000 0.000031 -1.289005 0.000981 0.000000 -0.001962 -0.000000 -0.002062 0.000000 -0.000696 -0.000000 0.001393 -0.003376 -0.001689 -0.000000 0.003378 
-0.500000 0.230000 -1.049965 0.000000 0.000033 -1.289448 0.000988 0.000000 -0.001976 -0.000000 -0.002361 0.000000 -0.000701 -0.000000 0.001402 -0.003697 -0.001804 -0.000000 0.003607 
0.500000 0.230000 -1.049965 0.000000 0.000033 -1.289448 0.000988 0.000000 -0.001976 -0.000000 -0.002361 0.000000 -0.000701 -0.000000 0.001402 -0.003697 -0.001804 -0.000000 0.003607 
-0.500000 0.230000 -1.049965 0.000000 0.000033 -1.289448 0.000988 0.000000 -0.001976 -0.000000 -0.002361 0.000000 -0.000701 -0.000000 0.001402 -0.003697 -0.001804 -0.000000 0.003607 
0.500000 0.230000 -1.049965 0.000000 0.000033 -1.289448 0.000988 0.000000 -0.001976 -0.000000 -0.002361 0.000000 -0.000701 -0.000000 0.001402 -0.003697 -0.001804 -0.000000 0.003607 
-0.500000 0.240000 -1.050308 0.000000 0.000034 -1.289890 0.000993 0.000000 -0.001986 -0.000000 -0.002688 0.000000 -0.000701 -0.000000 0.001403 -0.004033 -0.001922 -0.000000 0.003845 
0.500000 0.240000 -1.050308 0.000000 0.000034 -1.289890 0.000993 0.000000 -0.001986 -0.000000 -0.002688 0.000000 -0.000701 -0.000000 0.001403 -0.004033 -0.001922 -0.000000 0.003845 
-0.500000 0.240000 -1.050308 0.000000 0.000034 -1.289890 0.000993 0.000000 -0.001986 -0.000000 -0.002688 0.000000 -0.000701 -0.000000 0.001403 -0.004033 -0.001922 -0.000000 0.003845 
0.500000 0.240000 -1.050308 0.000000 0.000034 -1.289890 0.000993 0.000000 -0.001986 -0.000000 -0.002688 0.000000 -0.000701 -0.000000 0.001403 -0.004033 -0.001922 -0.000000 0.003845 
-0.500000 0.250000 -1.050653 0.000000 0.000036 -1.290326 0.000996 0.000000 -0.001992 -0.000000 -0.003043 0.000000 -0.000697 -0.000000 0.001394 -0.004384 -0.002045 -0.000000 0.004090 
0.500000 0.250000 -1.050653 0.000000 0.000036 -1.290326 0.000996 0.000000 -0.001992 -0.000000 -0.003043 0.000000 -0.000697 -0.000000 0.001394 -0.004384 -0.002045 -0.000000 0.004090 
-0.500000 0.250000 -1.050653 0.000000 0.000036 -1.290326 0.000996 0.000000 -0.001992 -0.000000 -0.003043 0.000000 -0.000697 -0.000000 0.001394 -0.004384 -0.002045 -0.000000 0.004090 
0.500000 0.250000 -1.050653 0.000000 0.000036 -1.290326 0.000996 0.000000 -0.001992 -0.000000 -0.003043 0.000000 -0.000697 -0.000000 0.001394 -0.004384 -0.002045 -0.000000 0.004090 
-0.500000 0.260000 -1.050998 0.000000 0.000037 -1.290754 0.000996 0.000000 -0.001992 -0.000000 -0.003429 0.000000 -0.000688 -0.000000 0.001375 -0.004749 -0.002171 -0.000000 0.004342 
0.500000 0.260000 -1.050998 0.000000 0.000037 -1.290754 0.000996 0.000000 -0.001992 -0.000000 -0.003429 0.000000 -0.000688 -0.000000 0.001375 -0.004749 -0.002171 -0.000000 0.004342 
-0.500000 0.260000 -1.050998 0.000000 0.000037 -1.290754 0.000996 0.000000 -0.001992 -0.000000 -0.003429 0.000000 -0.000688 -0.000000 0.001375 -0.004749 -0.002171 -0.000000 0.004342 
0.500000 0.260000 -1.050998 0.000000 0.000037 -1.290754 0.000996 0.000000 -0.001992 -0.000000 -0.003429 0.000000 -0.000688 -0.000000 0.001375 -0.004749 -0.002171 -0.000000 0.004342 
-0.500000 0.270000 -1.051341 0.000000 0.000039 -1.291170 0.000994 0.000000 -0.001988 -0.000000 -0.003846 0.000000 -0.000673 -0.000000 0.001346 -0.005129 -0.002301 -0.000000 0.004601 
0.500000 0.270000 -1.051341 0.000000 0.000039 -1.291170 0.000994 0.000000 -0.001988 -0.000000 -0.003846 0.000000 -0.000673 -0.000000 0.001346 -0.005129 -0.002301 -0.000000 0.004601 
-0.500000 0.270000 -1.051341 0.000000 0.000039 -1.291170 0.000994 0.000000 -0.001988 -0.000000 -0.003846 0.000000 -0.000673 -0.000000 0.001346 -0.005129 -0.002301 -0.000000 0.004601 
0.500000 0.270000 -1.051341 0.000000 0.000039 -1.291170 0.000994 0.000000 -0.001988 -0.000000 -0.003846 0.000000 -0.000673 -0.000000 0.001346 -0.005129 -0.002301 -0.000000 0.004601 
-0.500000 0.280000 -1.051681 0.000000 0.000040 -1.291569 0.000988 0.000000 -0.001976 -0.000000 -0.004295 0.000000 -0.000653 -0.000000 0.001306 -0.005523 -0.002434 -0.000000 0.004867 
0.500000 0.280000 -1.051681 0.000000 0.000040 -1.291569 0.000988 0.000000 -0.001976 -0.000000 -0.004295 0.000000 -0.000653 -0.000000 0.001306 -0.005523 -0.002434 -0.000000 0.004867 
-0.500000 0.280000 -1.051681 0.000000 0.000040 -1.291569 0.000988 0.000000 -0.001976 -0.000000 -0.004295 0.000000 -0.000653 -0.000000 0.001306 -0.005523 -0.002434 -0.000000 0.004867 
0.500000 0.280000 -1.051681 0.000000 0.000040 -1.291569 0.000988 0.000000 -0.001976 -0.000000 -0.004295 0.000000 -0.000653 -0.000000 0.001306 -0.005523 -0.002434 -0.000000 0.004867 
-0.500000 0.290000 -1.052015 0.000000 0.000042 -1.291950 0.000979 0.000000 -0.001957 -0.000000 -0.004779 0.000000 -0.000626 -0.000000 0.001253 -0.005932 -0.002570 -0.000000 0.005139 
0.500000 0.290000 -1.052015 0.000000 0.000042 -1.291950 0.000979 0.000000 -0.001957 -0.000000 -0.004779 0.000000 -0.000626 -0.000000 0.001253 -0.005932 -0.002570 -0.000000 0.005139 
-0.500000 0.290000 -1.052015 0.000000 0.000042 -1.291950 0.000979 0.000000 -0.001957 -0.000000 -0.004779 0.000000 -0.000626 -0.000000 0.001253 -0.005932 -0.002570 -0.000000 0.005139 
0.500000 0.290000 -1.052015 0.000000 0.000042 -1.291950 0.000979 0.000000 -0.001957 -0.000000 -0.004779 0.000000 -0.000626 -0.000000 0.001253 -0.005932 -0.002570 -0.000000 0.005139 
-0.500000 0.300000 -1.052343 0.000000 0.000043 -1.292307 0.000965 0.000000 -0.001930 -0.000000 -0.005297 0.000000 -0.000594 -0.000000 0.001187 -0.006355 -0.002709 -0.000000 0.005417 
0.500000 0.300000 -1.052343 0.000000 0.000043 -1.292307 0.000965 0.000000 -0.001930 -0.000000 -0.005297 0.000000 -0.000594 -0.000000 0.001187 -0.006355 -0.002709 -0.000000 0.005417 
-0.500000 0.300000 -1.052343 0.000000 0.000043 -1.292307 0.000965 0.000000 -0.001930 -0.000000 -0.005297 0.000000 -0.000594 -0.000000 0.001187 -0.006355 -0.002709 -0.000000 0.005417 
0.500000 0.300000 -1.052343 0.000000 0.000043 -1.292307 0.000965 0.000000 -0.001930 -0.000000 -0.005297 0.000000 -0.000594 -0.000000 0.001187 -0.006355 -0.002709 -0.000000 0.005417 
-0.500000 0.310000 -1.052660 0.000000 0.000045 -1.292637 0.000947 0.000000 -0.001893 -0.000000 -0.005851 0.000000 -0.000554 -0.000000 0.001108 -0.006794 -0.002850 -0.000000 0.005700 
0.500000 0.310000 -1.052660 0.000000 0.000045 -1.292637 0.000947 0.000000 -0.001893 -0.000000 -0.005851 0.000000 -0.000554 -0.000000 0.001108 -0.006794 -0.002850 -0.000000 0.005700 
-0.500000 0.310000 -1.052660 0.000000 0.000045 -1.292637 0.000947 0.000000 -0.001893 -0.000000 -0.005851 0.000000 -0.000554 -0.000000 0.001108 -0.006794 -0.002850 -0.000000 0.005700 
0.500000 0.310000 -1.052660 0.000000 0.000045 -1.292637 0.000947 0.000000 -0.001893 -0.000000 -0.005851 0.000000 -0.000554 -0.000000 0.001108 -0.006794 -0.002850 -0.000000 0.005700 
-0.500000 0.320000 -1.052967 0.000000 0.000046 -1.292935 0.000923 0.000000 -0.001847 -0.000000 -0.006444 0.000000 -0.000507 -0.000000 0.001013 -0.007246 -0.002994 -0.000000 0.005988 
0.500000 0.320000 -1.052967 0.000000 0.000046 -1.292935 0.000923 0.000000 -0.001847 -0.000000 -0.006444 0.000000 -0.000507 -0.000000 0.001013 -0.007246 -0.002994 -0.000000 0.005988 
-0.500000 0.320000 -1.052967 0.000000 0.000046 -1.292935 0.000923 0.000000 -0.001847 -0.000000 -0.006444 0.000000 -0.000507 -0.000000 0.001013 -0.007246 -0.002994 -0.000000 0.005988 
0.500000 0.320000 -1.052967 0.000000 0.000046 -1.292935 0.000923 0.000000 -0.001847 -0.000000 -0.006444 0.000000 -0.000507 -0.000000 0.001013 -0.007246 -0.002994 -0.000000 0.005988 
-0.500000 0.330000 -1.053260 0.000000 0.000047 -1.293197 0.000894 0.000000 -0.001788 -0.000000 -0.007074 0.000000 -0.000451 -0.000000 0.000903 -0.007714 -0.003139 0.000000 0.006279 
0.500000 0.330000 -1.053260 0.000000 0.000047 -1.293197 0.000894 0.000000 -0.001788 -0.000000 -0.007074 0.000000 -0.000451 -0.000000 0.000903 -0.007714 -0.003139 0.000000 0.006279 
-0.500000 0.330000 -1.053260 0.000000 0.000047 -1.293197 0.000894 0.000000 -0.001788 -0.000000 -0.007074 0.000000 -0.000451 -0.000000 0.000903 -0.007714 -0.003139 0.000000 0.006279 
0.500000 0.330000 -1.053260 0.000000 0.000047 -1.293197 0.000894 0.000000 -0.001788 -0.000000 -0.007074 0.000000 -0.000451 -0.000000 0.000903 -0.007714 -0.003139 0.000000 0.006279 
-0.500000 0.340000 -1.053538 0.000000 0.000048 -1.293417 0.000859 0.000000 -0.001718 -0.000000 -0.007745 0.000000 -0.000388 -0.000000 0.000775 -0.008196 -0.003287 0.000000 0.006574 
0.500000 0.340000 -1.053538 0.000000 0.000048 -1.293417 0.000859 0.000000 -0.001718 -0.000000 -0.007745 0.000000 -0.000388 -0.000000 0.000775 -0.008196 -0.003287 0.000000 0.006574 
-0.500000 0.340000 -1.053538 0.000000 0.000048 -1.293417 0.000859 0.000000 -0.001718 -0.000000 -0.007745 0.000000 -0.000388 -0.000000 0.000775 -0.008196 -0.003287 0.000000 0.006574 
0.500000 0.340000 -1.053538 0.000000 0.000048 -1.293417 0.000859 0.000000 -0.001718 -0.000000 -0.007745 0.000000 -0.000388 -0.000000 0.000775 -0.008196 -0.003287 0.000000 0.006574 
-0.500000 0.350000 -1.053798 0.000000 0.000049 -1.293592 0.000816 0.000000 -0.001633 -0.000000 -0.008457 0.000000 -0.000315 -0.000000 0.000630 -0.008692 -0.003436 0.000000 0.006871 
0.500000 0.350000 -1.053798 0.000000 0.000049 -1.293592 0.000816 0.000000 -0.001633 -0.000000 -0.008457 0.000000 -0.000315 -0.000000 0.000630 -0.008692 -0.003436 0.000000 0.006871 
-0.500000 0.350000 -1.053798 0.000000 0.000049 -1.293592 0.000816 0.000000 -0.001633 -0.000000 -0.008457 0.000000 -0.000315 -0.000000 0.000630 -0.008692 -0.003436 0.000000 0.006871 
0.500000 0.350000 -1.053798 0.000000 0.000049 -1.293592 0.000816 0.000000 -0.001633 -0.000000 -0.008457 0.000000 -0.000315 -0.000000 0.000630 -0.008692 -0.003436 0.000000 0.006871 
-0.500000 0.360000 -1.054038 0.000000 0.000050 -1.293715 0.000766 0.000000 -0.001533 -0.000000 -0.009211 0.000000 -0.000232 -0.000000 0.000465 -0.009204 -0.003585 0.000000 0.007170 
0.500000 0.360000 -1.054038 0.000000 0.000050 -1.293715 0.000766 0.000000 -0.001533 -0.000000 -0.009211 0.000000 -0.000232 -0.000000 0.000465 -0.009204 -0.003585 0.000000 0.007170 
-0.500000 0.360000 -1.054038 0.000000 0.000050 -1.293715 0.000766 0.000000 -0.001533 -0.000000 -0.009211 0.000000 -0.000232 -0.000000 0.000465 -0.009204 -0.003585 0.000000 0.007170 
0.500000 0.360000 -1.054038 0.000000 0.000050 -1.293715 0.000766 0.000000 -0.001533 -0.000000 -0.009211 0.000000 -0.000232 -0.000000 0.000465 -0.009204 -0.003585 0.000000 0.007170 
-0.500000 0.370000 -1.054256 0.000000 0.000051 -1.293782 0.000708 0.000000 -0.001416 -0.000000 -0.010009 0.000000 -0.000140 -0.000000 0.000279 -0.009729 -0.003735 0.000000 0.007471 
0.500000 0.370000 -1.054256 0.000000 0.000051 -1.293782 0.000708 0.000000 -0.001416 -0.000000 -0.010009 0.000000 -0.000140 -0.000000 0.000279 -0.009729 -0.003735 0.000000 0.007471 
-0.500000 0.370000 -1.054256 0.000000 0.000051 -1.293782 0.000708 0.000000 -0.001416 -0.000000 -0.010009 0.000000 -0.000140 -0.000000 0.000279 -0.009729 -0.003735 0.000000 0.007471 
0.500000 0.370000 -1.054256 0.000000 0.000051 -1.293782 0.000708 0.000000 -0.001416 -0.000000 -0.010009 0.000000 -0.000140 -0.000000 0.000279 -0.009729 -0.003735 0.000000 0.007471 
-0.500000 0.380000 -1.054449 0.000000 0.000052 -1.293787 0.000640 0.000000 -0.001281 -0.000000 -0.010851 0.000000 -0.000036 -0.000000 0.000072 -0.010270 -0.003886 0.000000 0.007771 
0.500000 0.380000 -1.054449 0.000000 0.000052 -1.293787 0.000640 0.000000 -0.001281 -0.000000 -0.010851 0.000000 -0.000036 -0.000000 0.000072 -0.010270 -0.003886 0.000000 0.007771 
-0.500000 0.380000 -1.054449 0.000000 0.000052 -1.293787 0.000640 0.000000 -0.001281 -0.000000 -0.010851 0.000000 -0.000036 -0.000000 0.000072 -0.010270 -0.003886 0.000000 0.007771 
0.500000 0.380000 -1.054449 0.000000 0.000052 -1.293787 0.000640 0.000000 -0.001281 -0.000000 -0.010851 0.000000 -0.000036 -0.000000 0.000072 -0.010270 -0.003886 0.000000 0.007771 
-0.500000 0.390000 -1.054616 0.000000 0.000053 -1.293724 0.000563 0.000000 -0.001126 -0.000000 -0.011740 0.000000 0.000080 -0.000000 -0.000159 -0.010825 -0.004036 0.000000 0.008072 
0.500000 0.390000 -1.054616 0.000000 0.000053 -1.293724 0.000563 0.000000 -0.001126 -0.000000 -0.011740 0.000000 0.000080 -0.000000 -0.000159 -0.010825 -0.004036 0.000000 0.008072 
-0.500000 0.390000 -1.054616 0.000000 0.000053 -1.293724 0.000563 0.000000 -0.001126 -0.000000 -0.011740 0.000000 0.000080 -0.000000 -0.000159 -0.010825 -0.004036 0.000000 0.008072 
0.500000 0.390000 -1.054616 0.000000 0.000053 -1.293724 0.000563 0.000000 -0.001126 -0.000000 -0.011740 0.000000 0.000080 -0.000000 -0.000159 -0.010825 -0.004036 0.000000 0.008072 
-0.500000 0.400000 -1.054753 0.000000 0.000053 -1.293587 0.000475 0.000000 -0.000949 -0.000000 -0.012675 0.000000 0.000208 -0.000000 -0.000415 -0.011394 -0.004185 0.000000 0.008370 
0.500000 0.400000 -1.054753 0.000000 0.000053 -1.293587 0.000475 0.000000 -0.000949 -0.000000 -0.012675 0.000000 0.000208 -0.000000 -0.000415 -0.011394 -0.004185 0.000000 0.008370 
-0.500000 0.400000 -1.054753 0.000000 0.000053 -1.293587 0.000475 0.000000 -0.000949 -0.000000 -0.012675 0.000000 0.000208 -0.000000 -0.000415 -0.011394 -0.004185 0.000000 0.008370 
0.500000 0.400000 -1.054753 0.000000 0.000053 -1.293587 0.000475 0.000000 -0.000949 -0.000000 -0.012675 0.000000 0.000208 -0.000000 -0.000415 -0.011394 -0.004185 0.000000 0.008370 
-0.500000 0.410000 -1.054858 0.000000 0.000053 -1.293369 0.000374 0.000000 -0.000749 -0.000000 -0.013660 0.000000 0.000349 -0.000000 -0.000698 -0.011979 -0.004333 0.000000 0.008666 
0.500000 0.410000 -1.054858 0.000000 0.000053 -1.293369 0.000374 0.000000 -0.000749 -0.000000 -0.013660 0.000000 0.000349 -0.000000 -0.000698 -0.011979 -0.004333 0.000000 0.008666 
-0.500000 0.410000 -1.054858 0.000000 0.000053 -1.293369 0.000374 0.000000 -0.000749 -0.000000 -0.013660 0.000000 0.000349 -0.000000 -0.000698 -0.011979 -0.004333 0.000000 0.008666 
0.500000 0.410000 -1.054858 0.000000 0.000053 -1.293369 0.000374 0.000000 -0.000749 -0.000000 -0.013660 0.000000 0.000349 -0.000000 -0.000698 -0.011979 -0.004333 0.000000 0.008666 
-0.500000 0.420000 -1.054928 0.000000 0.000053 -1.293065 0.000261 0.000000 -0.000523 -0.000000 -0.014693 0.000000 0.000505 -0.000000 -0.001010 -0.012578 -0.004479 0.000000 0.008959 
0.500000 0.420000 -1.054928 0.000000 0.000053 -1.293065 0.000261 0.000000 -0.000523 -0.000000 -0.014693 0.000000 0.000505 -0.000000 -0.001010 -0.012578 -0.004479 0.000000 0.008959 
-0.500000 0.420000 -1.054928 0.000000 0.000053 -1.293065 0.000261 0.000000 -0.000523 -0.000000 -0.014693 0.000000 0.000505 -0.000000 -0.001010 -0.012578 -0.004479 0.000000 0.008959 
0.500000 0.420000 -1.054928 0.000000 0.000053 -1.293065 0.000261 0.000000 -0.000523 -0.000000 -0.014693 0.000000 0.000505 -0.000000 -0.001010 -0.012578 -0.004479 0.000000 0.008959 
-0.500000 0.430000 -1.054962 0.000000 0.000053 -1.292667 0.000135 0.000000 -0.000269 -0.000000 -0.015778 0.000000 0.000676 -0.000000 -0.001351 -0.013191 -0.004623 0.000000 0.009247 
0.500000 0.430000 -1.054962 0.000000 0.000053 -1.292667 0.000135 0.000000 -0.000269 -0.000000 -0.015778 0.000000 0.000676 -0.000000 -0.001351 -0.013191 -0.004623 0.000000 0.009247 
-0.500000 0.430000 -1.054962 0.000000 0.000053 -1.292667 0.000135 0.000000 -0.000269 -0.000000 -0.015778 0.000000 0.000676 -0.000000 -0.001351 -0.013191 -0.004623 0.000000 0.009247 
0.500000 0.430000 -1.054962 0.000000 0.000053 -1.292667 0.000135 0.000000 -0.000269 -0.000000 -0.015778 0.000000 0.000676 -0.000000 -0.001351 -0.013191 -0.004623 0.000000 0.009247 
-0.500000 0.440000 -1.054956 0.000000 0.000053 -1.292168 -0.000007 0.000000 0.000014 -0.000000 -0.016915 0.000000 0.000863 -0.000000 -0.001725 -0.013819 -0.004764 0.000000 0.009528 
0.500000 0.440000 -1.054956 0.000000 0.000053 -1.292168 -0.000007 0.000000 0.000014 -0.000000 -0.016915 0.000000 0.000863 -0.000000 -0.001725 -0.013819 -0.004764 0.000000 0.009528 
-0.500000 0.440000 -1.054956 0.000000 0.000053 -1.292168 -0.000007 0.000000 0.000014 -0.000000 -0.016915 0.000000 0.000863 -0.000000 -0.001725 -0.013819 -0.004764 0.000000 0.009528 
0.500000 0.440000 -1.054956 0.000000 0.000053 -1.292168 -0.000007 0.000000 0.000014 -0.000000 -0.016915 0.000000 0.000863 -0.000000 -0.001725 -0.013819 -0.004764 0.000000 0.009528 
-0.500000 0.450000 -1.054907 0.000000 0.000052 -1.291560 -0.000165 0.000000 0.000331 -0.000000 -0.018105 0.000000 0.001067 -0.000000 -0.002134 -0.014462 -0.004901 0.000000 0.009803 
0.500000 0.450000 -1.054907 0.000000 0.000052 -1.291560 -0.000165 0.000000 0.000331 -0.000000 -0.018105 0.000000 0.001067 -0.000000 -0.002134 -0.014462 -0.004901 0.000000 0.009803 
-0.500000 0.450000 -1.054907 0.000000 0.000052 -1.291560 -0.000165 0.000000 0.000331 -0.000000 -0.018105 0.000000 0.001067 -0.000000 -0.002134 -0.014462 -0.004901 0.000000 0.009803 
0.500000 0.450000 -1.054907 0.000000 0.000052 -1.291560 -0.000165 0.000000 0.000331 -0.000000 -0.018105 0.000000 0.001067 -0.000000 -0.002134 -0.014462 -0.004901 0.000000 0.009803 
-0.500000 0.460000 -1.054814 0.000000 0.000051 -1.290835 -0.000341 0.000000 0.000682 -0.000000 -0.019350 0.000000 0.001290 -0.000000 -0.002579 -0.015119 -0.005034 0.000000 0.010069 
0.500000 0.460000 -1.054814 0.000000 0.000051 -1.290835 -0.000341 0.000000 0.000682 -0.000000 -0.019350 0.000000 0.001290 -0.000000 -0.002579 -0.015119 -0.005034 0.000000 0.010069 
-0.500000 0.460000 -1.054814 0.000000 0.000051 -1.290835 -0.000341 0.000000 0.000682 -0.000000 -0.019350 0.000000 0.001290 -0.000000 -0.002579 -0.015119 -0.005034 0.000000 0.010069 
0.500000 0.460000 -1.054814 0.000000 0.000051 -1.290835 -0.000341 0.000000 0.000682 -0.000000 -0.019350 0.000000 0.001290 -0.000000 -0.002579 -0.015119 -0.005034 0.000000 0.010069 
-0.500000 0.470000 -1.054674 0.000000 0.000050 -1.289987 -0.000535 0.000000 0.001071 -0.000000 -0.020650 0.000000 0.001532 -0.000000 -0.003064 -0.015791 -0.005162 0.000000 0.010324 
0.500000 0.470000 -1.054674 0.000000 0.000050 -1.289987 -0.000535 0.000000 0.001071 -0.000000 -0.020650 0.000000 0.001532 -0.000000 -0.003064 -0.015791 -0.005162 0.000000 0.010324 
-0.500000 0.470000 -1.054674 0.000000 0.000050 -1.289987 -0.000535 0.000000 0.001071 -0.000000 -0.020650 0.000000 0.001532 -0.000000 -0.003064 -0.015791 -0.005162 0.000000 0.010324 
0.500000 0.470000 -1.054674 0.000000 0.000050 -1.289987 -0.000535 0.000000 0.001071 -0.000000 -0.020650 0.000000 0.001532 -0.000000 -0.003064 -0.015791 -0.005162 0.000000 0.010324 
-0.500000 0.480000 -1.054483 0.000000 0.000048 -1.289005 -0.000750 0.000000 0.001500 -0.000000 -0.022007 0.000000 0.001795 -0.000000 -0.003591 -0.016477 -0.005284 0.000000 0.010568 
0.500000 0.480000 -1.054483 0.000000 0.000048 -1.289005 -0.000750 0.000000 0.001500 -0.000000 -0.022007 0.000000 0.001795 -0.000000 -0.003591 -0.016477 -0.005284 0.000000 0.010568 
-0.500000 0.480000 -1.054483 0.000000 0.000048 -1.289005 -0.000750 0.000000 0.001500 -0.000000 -0.022007 0.000000 0.001795 -0.000000 -0.003591 -0.016477 -0.005284 0.000000 0.010568 
0.500000 0.480000 -1.054483 0.000000 0.000048 -1.289005 -0.000750 0.000000 0.001500 -0.000000 -0.022007 0.000000 0.001795 -0.000000 -0.003591 -0.016477 -0.005284 0.000000 0.010568 
-0.500000 0.490000 -1.054239 0.000000 0.000046 -1.287881 -0.000987 0.000000 0.001974 -0.000000 -0.023422 0.000000 0.002081 -0.000000 -0.004162 -0.017178 -0.005400 0.000000 0.010799 
0.500000 0.490000 -1.054239 0.000000 0.000046 -1.287881 -0.000987 0.000000 0.001974 -0.000000 -0.023422 0.000000 0.002081 -0.000000 -0.004162 -0.017178 -0.005400 0.000000 0.010799 
-0.500000 0.490000 -1.054239 0.000000 0.000046 -1.287881 -0.000987 0.000000 0.001974 -0.000000 -0.023422 0.000000 0.002081 -0.000000 -0.004162 -0.017178 -0.005400 0.000000 0.010799 
0.500000 0.490000 -1.054239 0.000000 0.000046 -1.287881 -0.000987 0.000000 0.001974 -0.000000 -0.023422 0.000000 0.002081 -0.000000 -0.004162 -0.017178 -0.005400 0.000000 0.010799 
-0.500000 0.500000 -1.053939 0.000000 0.000043 -1.286607 -0.001247 0.000000 0.002495 -0.000000 -0.024897 0.000000 0.002390 -0.000000 -0.004781 -0.017894 -0.005507 0.000000 0.011015 
0.500000 0.500000 -1.053939 0.000000 0.000043 -1.286607 -0.001247 0.000000 0.002495 -0.000000 -0.024897 0.000000 0.002390 -0.000000 -0.004781 -0.017894 -0.005507 0.000000 0.011015 
