#x y at the midpoint of each cell all the solution components
-0.500000 -0.500000 -0.017483 -0.000000 0.000002 -1.202730 -0.024534 0.000000 0.049069 -0.000000 0.026331 -0.000000 -0.017582 0.000000 0.035165 -0.054772 -0.005784 -0.000000 0.011568 
-0.166667 -0.500000 -0.017483 -0.000000 0.000002 -1.202730 -0.024534 -0.000000 0.049069 -0.000000 0.026331 -0.000000 -0.017582 0.000000 0.035165 -0.054772 -0.005784 -0.000000 0.011568 
-0.500000 -0.400000 0.010845 -0.000000 0.000002 -1.190131 -0.018156 0.000000 0.036312 -0.000000 0.013492 -0.000000 -0.011306 0.000000 0.022611 -0.035054 -0.002390 -0.000000 0.004780 
-0.166667 -0.400000 0.010845 -0.000000 0.000002 -1.190131 -0.018156 -0.000000 0.036312 -0.000000 0.013492 -0.000000 -0.011306 0.000000 0.022611 -0.035054 -0.002390 -0.000000 0.004780 
-0.166667 -0.500000 -0.017483 -0.000000 0.000002 -1.202730 -0.024534 -0.000000 0.049069 -0.000000 0.026331 -0.000000 -0.017582 0.000000 0.035165 -0.054772 -0.005784 -0.000000 0.011568 
0.166667 -0.500000 -0.017483 -0.000000 0.000002 -1.202730 -0.024534 -0.000000 0.049069 -0.000000 0.026331 -0.000000 -0.017582 0.000000 0.035165 -0.054772 -0.005784 -0.000000 0.011568 
-0.166667 -0.400000 0.010845 -0.000000 0.000002 -1.190131 -0.018156 -0.000000 0.036312 -0.000000 0.013492 -0.000000 -0.011306 0.000000 0.022611 -0.035054 -0.002390 -0.000000 0.004780 
0.166667 -0.400000 0.010845 -0.000000 0.000002 -1.190131 -0.018156 0.000000 0.036312 -0.000000 0.013492 -0.000000 -0.011306 0.000000 0.022611 -0.035054 -0.002390 -0.000000 0.004780 
0.166667 -0.500000 -0.017483 -0.000000 0.000002 -1.202730 -0.024534 -0.000000 0.049069 -0.000000 0.026331 -0.000000 -0.017582 0.000000 0.035165 -0.054772 -0.005784 -0.000000 0.011568 
0.500000 -0.500000 -0.017483 -0.000000 0.000002 -1.202730 -0.024534 0.000000 0.049069 -0.000000 0.026331 -0.000000 -0.017582 0.000000 0.035165 -0.054772 -0.005784 -0.000000 0.011568 
0.166667 -0.400000 0.010845 -0.000000 0.000002 -1.190131 -0.018156 0.000000 0.036312 -0.000000 0.013492 -0.000000 -0.011306 0.000000 0.022611 -0.035054 -0.002390 -0.000000 0.004780 
0.500000 -0.400000 0.010845 -0.000000 0.000002 -1.190131 -0.018156 0.000000 0.036312 -0.000000 0.013492 -0.000000 -0.011306 0.000000 0.022611 -0.035054 -0.002390 -0.000000 0.004780 
-0.500000 -0.400000 0.010845 -0.000000 0.000002 -1.190131 -0.018156 0.000000 0.036312 -0.000000 0.013492 -0.000000 -0.011306 0.000000 0.022611 -0.035054 -0.002390 -0.000000 0.004780 
-0.166667 -0.400000 0.010845 -0.000000 0.000002 -1.190131 -0.018156 -0.000000 0.036312 -0.000000 0.013492 -0.000000 -0.011306 0.000000 0.022611 -0.035054 -0.002390 -0.000000 0.004780 
-0.500000 -0.300000 0.033811 -0.000000 0.000002 -1.177389 -0.013715 0.000000 0.027430 -0.000000 0.005695 -0.000000 -0.006925 0.000000 0.013849 -0.019718 0.000528 -0.000000 -0.001055 
-0.166667 -0.300000 0.033811 -0.000000 0.000002 -1.177389 -0.013715 -0.000000 0.027430 -0.000000 0.005695 -0.000000 -0.006925 0.000000 0.013849 -0.019718 0.000528 -0.000000 -0.001055 
-0.166667 -0.400000 0.010845 -0.000000 0.000002 -1.190131 -0.018156 -0.000000 0.036312 -0.000000 0.013492 -0.000000 -0.011306 0.000000 0.022611 -0.035054 -0.002390 -0.000000 0.004780 
0.166667 -0.400000 0.010845 -0.000000 0.000002 -1.190131 -0.018156 0.000000 0.036312 -0.000000 0.013492 -0.000000 -0.011306 0.000000 0.022611 -0.035054 -0.002390 -0.000000 0.004780 
-0.166667 -0.300000 0.033811 -0.000000 0.000002 -1.177389 -0.013715 -0.000000 0.027430 -0.000000 0.005695 -0.000000 -0.006925 0.000000 0.013849 -0.019718 0.000528 -0.000000 -0.001055 
0.166667 -0.300000 0.033811 -0.000000 0.000002 -1.177389 -0.013715 0.000000 0.027430 -0.000000 0.005695 -0.000000 -0.006925 0.000000 0.013849 -0.019718 0.000528 -0.000000 -0.001055 
0.166667 -0.400000 0.010845 -0.000000 0.000002 -1.190131 -0.018156 0.000000 0.036312 -0.000000 0.013492 -0.000000 -0.011306 0.000000 0.022611 -0.035054 -0.002390 -0.000000 0.004780 
0.500000 -0.400000 0.010845 -0.000000 0.000002 -1.190131 -0.018156 0.000000 0.036312 -0.000000 0.013492 -0.000000 -0.011306 0.000000 0.022611 -0.035054 -0.002390 -0.000000 0.004780 
0.166667 -0.300000 0.033811 -0.000000 0.000002 -1.177389 -0.013715 0.000000 0.027430 -0.000000 0.005695 -0.000000 -0.006925 0.000000 0.013849 -0.019718 0.000528 -0.000000 -0.001055 
0.500000 -0.300000 0.033811 -0.000000 0.000002 -1.177389 -0.013715 0.000000 0.027430 -0.000000 0.005695 -0.000000 -0.006925 0.000000 0.013849 -0.019718 0.000528 -0.000000 -0.001055 
-0.500000 -0.300000 0.033811 -0.000000 0.000002 -1.177389 -0.013715 0.000000 0.027430 -0.000000 0.005695 -0.000000 -0.006925 0.000000 0.013849 -0.019718 0.000528 -0.000000 -0.001055 
-0.166667 -0.300000 0.033811 -0.000000 0.000002 -1.177389 -0.013715 -0.000000 0.027430 -0.000000 0.005695 -0.000000 -0.006925 0.000000 0.013849 -0.019718 0.000528 -0.000000 -0.001055 
-0.500000 -0.200000 0.050726 -0.000000 0.000001 -1.166714 -0.010816 0.000000 0.021633 -0.000000 0.001691 -0.000000 -0.003897 0.000000 0.007795 -0.008764 0.002758 -0.000000 -0.005516 
-0.166667 -0.200000 0.050726 -0.000000 0.000001 -1.166714 -0.010816 -0.000000 0.021633 -0.000000 0.001691 -0.000000 -0.003897 0.000000 0.007795 -0.008764 0.002758 -0.000000 -0.005516 
-0.166667 -0.300000 0.033811 -0.000000 0.000002 -1.177389 -0.013715 -0.000000 0.027430 -0.000000 0.005695 -0.000000 -0.006925 0.000000 0.013849 -0.019718 0.000528 -0.000000 -0.001055 
0.166667 -0.300000 0.033811 -0.000000 0.000002 -1.177389 -0.013715 0.000000 0.027430 -0.000000 0.005695 -0.000000 -0.006925 0.000000 0.013849 -0.019718 0.000528 -0.000000 -0.001055 
-0.166667 -0.200000 0.050726 -0.000000 0.000001 -1.166714 -0.010816 -0.000000 0.021633 -0.000000 0.001691 -0.000000 -0.003897 0.000000 0.007795 -0.008764 0.002758 -0.000000 -0.005516 
0.166667 -0.200000 0.050726 -0.000000 0.000001 -1.166714 -0.010816 0.000000 0.021633 -0.000000 0.001691 -0.000000 -0.003897 0.000000 0.007795 -0.008764 0.002758 -0.000000 -0.005516 
0.166667 -0.300000 0.033811 -0.000000 0.000002 -1.177389 -0.013715 0.000000 0.027430 -0.000000 0.005695 -0.000000 -0.006925 0.000000 0.013849 -0.019718 0.000528 -0.000000 -0.001055 
0.500000 -0.300000 0.033811 -0.000000 0.000002 -1.177389 -0.013715 0.000000 0.027430 -0.000000 0.005695 -0.000000 -0.006925 0.000000 0.013849 -0.019718 0.000528 -0.000000 -0.001055 
0.166667 -0.200000 0.050726 -0.000000 0.000001 -1.166714 -0.010816 0.000000 0.021633 -0.000000 0.001691 -0.000000 -0.003897 0.000000 0.007795 -0.008764 0.002758 -0.000000 -0.005516 
0.500000 -0.200000 0.050726 -0.000000 0.000001 -1.166714 -0.010816 0.000000 0.021633 -0.000000 0.001691 -0.000000 -0.003897 0.000000 0.007795 -0.008764 0.002758 -0.000000 -0.005516 
-0.500000 -0.200000 0.050726 -0.000000 0.000001 -1.166714 -0.010816 0.000000 0.021633 -0.000000 0.001691 -0.000000 -0.003897 0.000000 0.007795 -0.008764 0.002758 -0.000000 -0.005516 
-0.166667 -0.200000 0.050726 -0.000000 0.000001 -1.166714 -0.010816 -0.000000 0.021633 -0.000000 0.001691 -0.000000 -0.003897 0.000000 0.007795 -0.008764 0.002758 -0.000000 -0.005516 
-0.500000 -0.100000 0.061081 -0.000000 0.000001 -1.159688 -0.009184 0.000000 0.018368 -0.000000 0.000218 -0.000000 -0.001738 0.000000 0.003476 -0.002191 0.004153 -0.000000 -0.008306 
-0.166667 -0.100000 0.061081 -0.000000 0.000001 -1.159688 -0.009184 0.000000 0.018368 -0.000000 0.000218 -0.000000 -0.001738 0.000000 0.003476 -0.002191 0.004153 -0.000000 -0.008306 
-0.166667 -0.200000 0.050726 -0.000000 0.000001 -1.166714 -0.010816 -0.000000 0.021633 -0.000000 0.001691 -0.000000 -0.003897 0.000000 0.007795 -0.008764 0.002758 -0.000000 -0.005516 
0.166667 -0.200000 0.050726 -0.000000 0.000001 -1.166714 -0.010816 0.000000 0.021633 -0.000000 0.001691 -0.000000 -0.003897 0.000000 0.007795 -0.008764 0.002758 -0.000000 -0.005516 
-0.166667 -0.100000 0.061081 -0.000000 0.000001 -1.159688 -0.009184 0.000000 0.018368 -0.000000 0.000218 -0.000000 -0.001738 0.000000 0.003476 -0.002191 0.004153 -0.000000 -0.008306 
0.166667 -0.100000 0.061081 -0.000000 0.000001 -1.159688 -0.009184 -0.000000 0.018368 -0.000000 0.000218 -0.000000 -0.001738 0.000000 0.003476 -0.002191 0.004153 -0.000000 -0.008306 
0.166667 -0.200000 0.050726 -0.000000 0.000001 -1.166714 -0.010816 0.000000 0.021633 -0.000000 0.001691 -0.000000 -0.003897 0.000000 0.007795 -0.008764 0.002758 -0.000000 -0.005516 
0.500000 -0.200000 0.050726 -0.000000 0.000001 -1.166714 -0.010816 0.000000 0.021633 -0.000000 0.001691 -0.000000 -0.003897 0.000000 0.007795 -0.008764 0.002758 -0.000000 -0.005516 
0.166667 -0.100000 0.061081 -0.000000 0.000001 -1.159688 -0.009184 -0.000000 0.018368 -0.000000 0.000218 -0.000000 -0.001738 0.000000 0.003476 -0.002191 0.004153 -0.000000 -0.008306 
0.500000 -0.100000 0.061081 -0.000000 0.000001 -1.159688 -0.009184 0.000000 0.018368 -0.000000 0.000218 -0.000000 -0.001738 0.000000 0.003476 -0.002191 0.004153 -0.000000 -0.008306 
-0.500000 -0.100000 0.061081 -0.000000 0.000001 -1.159688 -0.009184 0.000000 0.018368 -0.000000 0.000218 -0.000000 -0.001738 0.000000 0.003476 -0.002191 0.004153 -0.000000 -0.008306 
-0.166667 -0.100000 0.061081 -0.000000 0.000001 -1.159688 -0.009184 0.000000 0.018368 -0.000000 0.000218 -0.000000 -0.001738 0.000000 0.003476 -0.002191 0.004153 -0.000000 -0.008306 
-0.500000 0.000000 0.064566 -0.000000 0.000000 -1.157246 -0.008657 0.000000 0.017313 -0.000000 0.000009 -0.000000 -0.000003 0.000000 0.000006 -0.000000 0.004627 0.000000 -0.009254 
-0.166667 0.000000 0.064566 -0.000000 0.000000 -1.157246 -0.008657 0.000000 0.017313 -0.000000 0.000009 -0.000000 -0.000003 0.000000 0.000006 -0.000000 0.004627 0.000000 -0.009254 
-0.166667 -0.100000 0.061081 -0.000000 0.000001 -1.159688 -0.009184 0.000000 0.018368 -0.000000 0.000218 -0.000000 -0.001738 0.000000 0.003476 -0.002191 0.004153 -0.000000 -0.008306 
0.166667 -0.100000 0.061081 -0.000000 0.000001 -1.159688 -0.009184 -0.000000 0.018368 -0.000000 0.000218 -0.000000 -0.001738 0.000000 0.003476 -0.002191 0.004153 -0.000000 -0.008306 
-0.166667 0.000000 0.064566 -0.000000 0.000000 -1.157246 -0.008657 0.000000 0.017313 -0.000000 0.000009 -0.000000 -0.000003 0.000000 0.000006 -0.000000 0.004627 0.000000 -0.009254 
0.166667 0.000000 0.064566 -0.000000 0.000000 -1.157246 -0.008657 -0.000000 0.017313 -0.000000 0.000009 -0.000000 -0.000003 0.000000 0.000006 -0.000000 0.004627 -0.000000 -0.009254 
0.166667 -0.100000 0.061081 -0.000000 0.000001 -1.159688 -0.009184 -0.000000 0.018368 -0.000000 0.000218 -0.000000 -0.001738 0.000000 0.003476 -0.002191 0.004153 -0.000000 -0.008306 
0.500000 -0.100000 0.061081 -0.000000 0.000001 -1.159688 -0.009184 0.000000 0.018368 -0.000000 0.000218 -0.000000 -0.001738 0.000000 0.003476 -0.002191 0.004153 -0.000000 -0.008306 
0.166667 0.000000 0.064566 -0.000000 0.000000 -1.157246 -0.008657 -0.000000 0.017313 -0.000000 0.000009 -0.000000 -0.000003 0.000000 0.000006 -0.000000 0.004627 -0.000000 -0.009254 
0.500000 0.000000 0.064566 -0.000000 0.000000 -1.157246 -0.008657 0.000000 0.017313 -0.000000 0.000009 -0.000000 -0.000003 0.000000 0.000006 -0.000000 0.004627 0.000000 -0.009254 
-0.500000 0.000000 0.064566 -0.000000 0.000000 -1.157246 -0.008657 0.000000 0.017313 -0.000000 0.000009 -0.000000 -0.000003 0.000000 0.000006 -0.000000 0.004627 0.000000 -0.009254 
-0.166667 0.000000 0.064566 -0.000000 0.000000 -1.157246 -0.008657 0.000000 0.017313 -0.000000 0.000009 -0.000000 -0.000003 0.000000 0.000006 -0.000000 0.004627 0.000000 -0.009254 
-0.500000 0.100000 0.061078 -0.000000 -0.000000 -1.159698 -0.009182 -0.000000 0.018365 -0.000000 -0.000199 -0.000000 0.001732 0.000000 -0.003465 -0.002191 0.004152 0.000000 -0.008304 
-0.166667 0.100000 0.061078 -0.000000 -0.000000 -1.159698 -0.009182 0.000000 0.018365 -0.000000 -0.000199 -0.000000 0.001732 0.000000 -0.003465 -0.002191 0.004152 0.000000 -0.008304 
-0.166667 0.000000 0.064566 -0.000000 0.000000 -1.157246 -0.008657 0.000000 0.017313 -0.000000 0.000009 -0.000000 -0.000003 0.000000 0.000006 -0.000000 0.004627 0.000000 -0.009254 
0.166667 0.000000 0.064566 -0.000000 0.000000 -1.157246 -0.008657 -0.000000 0.017313 -0.000000 0.000009 -0.000000 -0.000003 0.000000 0.000006 -0.000000 0.004627 -0.000000 -0.009254 
-0.166667 0.100000 0.061078 -0.000000 -0.000000 -1.159698 -0.009182 0.000000 0.018365 -0.000000 -0.000199 -0.000000 0.001732 0.000000 -0.003465 -0.002191 0.004152 0.000000 -0.008304 
0.166667 0.100000 0.061078 -0.000000 -0.000000 -1.159698 -0.009182 -0.000000 0.018365 -0.000000 -0.000199 -0.000000 0.001732 0.000000 -0.003465 -0.002191 0.004152 0.000000 -0.008304 
0.166667 0.000000 0.064566 -0.000000 0.000000 -1.157246 -0.008657 -0.000000 0.017313 -0.000000 0.000009 -0.000000 -0.000003 0.000000 0.000006 -0.000000 0.004627 -0.000000 -0.009254 
0.500000 0.000000 0.064566 -0.000000 0.000000 -1.157246 -0.008657 0.000000 0.017313 -0.000000 0.000009 -0.000000 -0.000003 0.000000 0.000006 -0.000000 0.004627 0.000000 -0.009254 
0.166667 0.100000 0.061078 -0.000000 -0.000000 -1.159698 -0.009182 -0.000000 0.018365 -0.000000 -0.000199 -0.000000 0.001732 0.000000 -0.003465 -0.002191 0.004152 0.000000 -0.008304 
0.500000 0.100000 0.061078 -0.000000 -0.000000 -1.159698 -0.009182 -0.000000 0.018365 -0.000000 -0.000199 -0.000000 0.001732 0.000000 -0.003465 -0.002191 0.004152 0.000000 -0.008304 
-0.500000 0.100000 0.061078 -0.000000 -0.000000 -1.159698 -0.009182 -0.000000 0.018365 -0.000000 -0.000199 -0.000000 0.001732 0.000000 -0.003465 -0.002191 0.004152 0.000000 -0.008304 
-0.166667 0.100000 0.061078 -0.000000 -0.000000 -1.159698 -0.009182 0.000000 0.018365 -0.000000 -0.000199 -0.000000 0.001732 0.000000 -0.003465 -0.002191 0.004152 0.000000 -0.008304 
-0.500000 0.200000 0.050720 -0.000000 -0.000001 -1.166733 -0.010813 -0.000000 0.021627 -0.000000 -0.001673 -0.000000 0.003891 0.000000 -0.007782 -0.008764 0.002756 0.000000 -0.005513 
-0.166667 0.200000 0.050720 -0.000000 -0.000001 -1.166733 -0.010813 0.000000 0.021627 -0.000000 -0.001673 -0.000000 0.003891 0.000000 -0.007782 -0.008764 0.002756 0.000000 -0.005513 
-0.166667 0.100000 0.061078 -0.000000 -0.000000 -1.159698 -0.009182 0.000000 0.018365 -0.000000 -0.000199 -0.000000 0.001732 0.000000 -0.003465 -0.002191 0.004152 0.000000 -0.008304 
0.166667 0.100000 0.061078 -0.000000 -0.000000 -1.159698 -0.009182 -0.000000 0.018365 -0.000000 -0.000199 -0.000000 0.001732 0.000000 -0.003465 -0.002191 0.004152 0.000000 -0.008304 
-0.166667 0.200000 0.050720 -0.000000 -0.000001 -1.166733 -0.010813 0.000000 0.021627 -0.000000 -0.001673 -0.000000 0.003891 0.000000 -0.007782 -0.008764 0.002756 0.000000 -0.005513 
0.166667 0.200000 0.050720 -0.000000 -0.000001 -1.166733 -0.010813 -0.000000 0.021627 -0.000000 -0.001673 -0.000000 0.003891 0.000000 -0.007782 -0.008764 0.002756 0.000000 -0.005513 
0.166667 0.100000 0.061078 -0.000000 -0.000000 -1.159698 -0.009182 -0.000000 0.018365 -0.000000 -0.000199 -0.000000 0.001732 0.000000 -0.003465 -0.002191 0.004152 0.000000 -0.008304 
0.500000 0.100000 0.061078 -0.000000 -0.000000 -1.159698 -0.009182 -0.000000 0.018365 -0.000000 -0.000199 -0.000000 0.001732 0.000000 -0.003465 -0.002191 0.004152 0.000000 -0.008304 
0.166667 0.200000 0.050720 -0.000000 -0.000001 -1.166733 -0.010813 -0.000000 0.021627 -0.000000 -0.001673 -0.000000 0.003891 0.000000 -0.007782 -0.008764 0.002756 0.000000 -0.005513 
0.500000 0.200000 0.050720 -0.000000 -0.000001 -1.166733 -0.010813 -0.000000 0.021627 -0.000000 -0.001673 -0.000000 0.003891 0.000000 -0.007782 -0.008764 0.002756 0.000000 -0.005513 
-0.500000 0.200000 0.050720 -0.000000 -0.000001 -1.166733 -0.010813 -0.000000 0.021627 -0.000000 -0.001673 -0.000000 0.003891 0.000000 -0.007782 -0.008764 0.002756 0.000000 -0.005513 
-0.166667 0.200000 0.050720 -0.000000 -0.000001 -1.166733 -0.010813 0.000000 0.021627 -0.000000 -0.001673 -0.000000 0.003891 0.000000 -0.007782 -0.008764 0.002756 0.000000 -0.005513 
-0.500000 0.300000 0.033801 -0.000000 -0.000001 -1.177419 -0.013710 -0.000000 0.027420 -0.000000 -0.005676 -0.000000 0.006917 0.000000 -0.013835 -0.019718 0.000525 0.000000 -0.001050 
-0.166667 0.300000 0.033801 -0.000000 -0.000001 -1.177419 -0.013710 0.000000 0.027420 -0.000000 -0.005676 -0.000000 0.006917 0.000000 -0.013835 -0.019718 0.000525 0.000000 -0.001050 
-0.166667 0.200000 0.050720 -0.000000 -0.000001 -1.166733 -0.010813 0.000000 0.021627 -0.000000 -0.001673 -0.000000 0.003891 0.000000 -0.007782 -0.008764 0.002756 0.000000 -0.005513 
0.166667 0.200000 0.050720 -0.000000 -0.000001 -1.166733 -0.010813 -0.000000 0.021627 -0.000000 -0.001673 -0.000000 0.003891 0.000000 -0.007782 -0.008764 0.002756 0.000000 -0.005513 
-0.166667 0.300000 0.033801 -0.000000 -0.000001 -1.177419 -0.013710 0.000000 0.027420 -0.000000 -0.005676 -0.000000 0.006917 0.000000 -0.013835 -0.019718 0.000525 0.000000 -0.001050 
0.166667 0.300000 0.033801 -0.000000 -0.000001 -1.177419 -0.013710 -0.000000 0.027420 -0.000000 -0.005676 -0.000000 0.006917 0.000000 -0.013835 -0.019718 0.000525 0.000000 -0.001050 
0.166667 0.200000 0.050720 -0.000000 -0.000001 -1.166733 -0.010813 -0.000000 0.021627 -0.000000 -0.001673 -0.000000 0.003891 0.000000 -0.007782 -0.008764 0.002756 0.000000 -0.005513 
0.500000 0.200000 0.050720 -0.000000 -0.000001 -1.166733 -0.010813 -0.000000 0.021627 -0.000000 -0.001673 -0.000000 0.003891 0.000000 -0.007782 -0.008764 0.002756 0.000000 -0.005513 
0.166667 0.300000 0.033801 -0.000000 -0.000001 -1.177419 -0.013710 -0.000000 0.027420 -0.000000 -0.005676 -0.000000 0.006917 0.000000 -0.013835 -0.019718 0.000525 0.000000 -0.001050 
0.500000 0.300000 0.033801 -0.000000 -0.000001 -1.177419 -0.013710 -0.000000 0.027420 -0.000000 -0.005676 -0.000000 0.006917 0.000000 -0.013835 -0.019718 0.000525 0.000000 -0.001050 
-0.500000 0.300000 0.033801 -0.000000 -0.000001 -1.177419 -0.013710 -0.000000 0.027420 -0.000000 -0.005676 -0.000000 0.006917 0.000000 -0.013835 -0.019718 0.000525 0.000000 -0.001050 
-0.166667 0.300000 0.033801 -0.000000 -0.000001 -1.177419 -0.013710 0.000000 0.027420 -0.000000 -0.005676 -0.000000 0.006917 0.000000 -0.013835 -0.019718 0.000525 0.000000 -0.001050 
-0.500000 0.400000 0.010832 -0.000000 -0.000002 -1.190173 -0.018149 -0.000000 0.036298 -0.000000 -0.013474 -0.000000 0.011297 0.000000 -0.022595 -0.035054 -0.002394 0.000000 0.004788 
-0.166667 0.400000 0.010832 -0.000000 -0.000002 -1.190173 -0.018149 0.000000 0.036298 -0.000000 -0.013474 -0.000000 0.011297 0.000000 -0.022595 -0.035054 -0.002394 0.000000 0.004788 
-0.166667 0.300000 0.033801 -0.000000 -0.000001 -1.177419 -0.013710 0.000000 0.027420 -0.000000 -0.005676 -0.000000 0.006917 0.000000 -0.013835 -0.019718 0.000525 0.000000 -0.001050 
0.166667 0.300000 0.033801 -0.000000 -0.000001 -1.177419 -0.013710 -0.000000 0.027420 -0.000000 -0.005676 -0.000000 0.006917 0.000000 -0.013835 -0.019718 0.000525 0.000000 -0.001050 
-0.166667 0.400000 0.010832 -0.000000 -0.000002 -1.190173 -0.018149 0.000000 0.036298 -0.000000 -0.013474 -0.000000 0.011297 0.000000 -0.022595 -0.035054 -0.002394 0.000000 0.004788 
0.166667 0.400000 0.010832 -0.000000 -0.000002 -1.190173 -0.018149 -0.000000 0.036298 -0.000000 -0.013474 -0.000000 0.011297 0.000000 -0.022595 -0.035054 -0.002394 0.000000 0.004788 
0.166667 0.300000 0.033801 -0.000000 -0.000001 -1.177419 -0.013710 -0.000000 0.027420 -0.000000 -0.005676 -0.000000 0.006917 0.000000 -0.013835 -0.019718 0.000525 0.000000 -0.001050 
0.500000 0.300000 0.033801 -0.000000 -0.000001 -1.177419 -0.013710 -0.000000 0.027420 -0.000000 -0.005676 -0.000000 0.006917 0.000000 -0.013835 -0.019718 0.000525 0.000000 -0.001050 
0.166667 0.400000 0.010832 -0.000000 -0.000002 -1.190173 -0.018149 -0.000000 0.036298 -0.000000 -0.013474 -0.000000 0.011297 0.000000 -0.022595 -0.035054 -0.002394 0.000000 0.004788 
0.500000 0.400000 0.010832 -0.000000 -0.000002 -1.190173 -0.018149 0.000000 0.036298 -0.000000 -0.013474 -0.000000 0.011297 0.000000 -0.022595 -0.035054 -0.002394 0.000000 0.004788 
-0.500000 0.400000 0.010832 -0.000000 -0.000002 -1.190173 -0.018149 -0.000000 0.036298 -0.000000 -0.013474 -0.000000 0.011297 0.000000 -0.022595 -0.035054 -0.002394 0.000000 0.004788 
-0.166667 0.400000 0.010832 -0.000000 -0.000002 -1.190173 -0.018149 0.000000 0.036298 -0.000000 -0.013474 -0.000000 0.011297 0.000000 -0.022595 -0.035054 -0.002394 0.000000 0.004788 
-0.500000 0.500000 -0.017483 -0.000000 -0.000002 -1.202730 -0.024534 0.000000 0.049069 -0.000000 -0.026331 -0.000000 0.017582 0.000000 -0.035165 -0.054772 -0.005784 0.000000 0.011568 
-0.166667 0.500000 -0.017483 -0.000000 -0.000002 -1.202730 -0.024534 0.000000 0.049069 -0.000000 -0.026331 -0.000000 0.017582 0.000000 -0.035165 -0.054772 -0.005784 0.000000 0.011568 
-0.166667 0.400000 0.010832 -0.000000 -0.000002 -1.190173 -0.018149 0.000000 0.036298 -0.000000 -0.013474 -0.000000 0.011297 0.000000 -0.022595 -0.035054 -0.002394 0.000000 0.004788 
0.166667 0.400000 0.010832 -0.000000 -0.000002 -1.190173 -0.018149 -0.000000 0.036298 -0.000000 -0.013474 -0.000000 0.011297 0.000000 -0.022595 -0.035054 -0.002394 0.000000 0.004788 
-0.166667 0.500000 -0.017483 -0.000000 -0.000002 -1.202730 -0.024534 0.000000 0.049069 -0.000000 -0.026331 -0.000000 0.017582 0.000000 -0.035165 -0.054772 -0.005784 0.000000 0.011568 
0.166667 0.500000 -0.017483 -0.000000 -0.000002 -1.202730 -0.024534 0.000000 0.049069 -0.000000 -0.026331 -0.000000 0.017582 0.000000 -0.035165 -0.054772 -0.005784 0.000000 0.011568 
0.166667 0.400000 0.010832 -0.000000 -0.000002 -1.190173 -0.018149 -0.000000 0.036298 -0.000000 -0.013474 -0.000000 0.011297 0.000000 -0.022595 -0.035054 -0.002394 0.000000 0.004788 
0.500000 0.400000 0.010832 -0.000000 -0.000002 -1.190173 -0.018149 0.000000 0.036298 -0.000000 -0.013474 -0.000000 0.011297 0.000000 -0.022595 -0.035054 -0.002394 0.000000 0.004788 
0.166667 0.500000 -0.017483 -0.000000 -0.000002 -1.202730 -0.024534 0.000000 0.049069 -0.000000 -0.026331 -0.000000 0.017582 0.000000 -0.035165 -0.054772 -0.005784 0.000000 0.011568 
0.500000 0.500000 -0.017483 -0.000000 -0.000002 -1.202730 -0.024534 -0.000000 0.049069 -0.000000 -0.026331 -0.000000 0.017582 0.000000 -0.035165 -0.054772 -0.005784 0.000000 0.011568 
