#L2 in u(Using QGauss)3 #Linfty in u(Using QGauss)3 #degree of freedom #number of cells   #hMax    
3.7947e-06            - 7.5755e-06                -              13600              100 1.0000e+00 
9.5721e-07         3.97 1.9209e-06             3.96              27200              200 1.0000e+00 
4.2670e-07         3.99 8.5779e-07             3.98              40800              300 1.0000e+00 
2.4038e-07         3.99 4.8365e-07             3.98              54400              400 1.0000e+00 
1.5398e-07         3.99 3.0998e-07             3.99              68000              500 1.0000e+00 
1.0699e-07         3.99 2.1547e-07             3.99              81600              600 1.0000e+00 
7.8642e-08         3.99 1.5841e-07             3.99              95200              700 1.0000e+00 
6.0229e-08         4.00 1.2134e-07             3.99             108800              800 1.0000e+00 
4.7600e-08         4.00 9.5914e-08             3.99             122400              900 1.0000e+00 
3.8564e-08         4.00 7.7715e-08             3.99             136000             1000 1.0000e+00 
