#L2 in u(Using QGauss)0 #Linfty in u(Using QGauss)0 #degree of freedom #number of cells   #hMax    #residual  
7.6043e-01            - 3.9983e-01                -                240               10 1.6223e+00 1.6480e-15 
1.6451e-01         2.21 9.4197e-02             2.09                960               40 9.3229e-01 2.0429e-15 
2.8996e-02         2.50 1.7930e-02             2.39               3840              160 4.8709e-01 2.0292e-15 
4.6554e-03         2.64 3.5325e-03             2.34              15360              640 2.5011e-01 2.0502e-15 
7.9274e-04         2.55 6.5264e-04             2.44              61440             2560 1.2645e-01 2.0889e-15 
1.6296e-04         2.28 2.0094e-04             1.70             245760            10240 6.3637e-02 2.1144e-15 
3.8887e-05         2.07 6.3017e-05             1.67             983040            40960 3.1906e-02 2.1228e-15 
9.7948e-06         1.99 1.8838e-05             1.74            3932160           163840 1.5979e-02 2.1363e-15 
2.4960e-06         1.97 5.6335e-06             1.74           15728640           655360 7.9947e-03 2.1452e-15 
