-0
-0
-0.1818366065813463
0.1818366065813462
-0.2057899456519722
0.205789945651972
-0.237343742664006
0.2373437426640057
-0.2412808818651059
0.241280881865106
-0.2797330785596404
0.2797330785596405
-0.3008190610952336
0.3008190610952338
-0.343386451370178
0.3433864513701776
-0.3568260642501771
0.3568260642501766
-0.4193873704092101
0.4193873704092097
-0.4283729905961329
0.4283729905961323
-0.5293313405997065
0.5293313405997068
-0.5819612780589313
0.5819612780589315
-0.6110530791698086
0.611053079169809
-1.000000000000001
1.000000000000002
-1.151684409362446
1.151684409362449
-1.347774677358099
1.347774677358095
-1.621516643251216
1.621516643251215
-1.717683174881086
1.717683174881088
-1.855012892234235
1.855012892234233
