-0
-0
-0.1642763488870199
0.1642763488870201
-0.181788637665948
0.1817886376659481
-0.2046240304798291
0.2046240304798293
-0.2057840620098299
0.2057840620098299
-0.2341401948582509
0.2341401948582509
-0.241280881865106
0.2412808818651057
-0.2648715950845785
0.2648715950845786
-0.2791874040114192
0.2791874040114191
-0.3008190610952337
0.3008190610952337
-0.3115884463846025
0.3115884463846024
-0.3568260642501764
0.3568260642501768
-0.3826522512000642
0.3826522512000641
-0.4025236880119883
0.4025236880119894
-0.4283729905961322
0.4283729905961322
-0.4712282406631471
0.4712282406631472
-0.5293313405997072
0.529331340599707
-0.611053079169809
0.611053079169809
-0.6415471928467005
0.641547192846699
-0.6821333145150794
0.6821333145150797
-1.000000000000001
1.000000000000001
-1.327206030960363
1.327206030960357
-1.347774677358097
1.347774677358094
-1.621516643251212
1.621516643251214
-1.855012892234238
1.85501289223424
-1.899916643352623
1.899916643352617
-2.062129029688005
2.062129029688009
