-0
-0
-0.16427634888702
0.1642763488870199
-0.181788637665948
0.1817886376659485
-0.204624030479829
0.2046240304798293
-0.2057840620098301
0.2057840620098298
-0.2341401948582505
0.2341401948582509
-0.2412808818651062
0.2412808818651065
-0.2648715950845786
0.2648715950845791
-0.279187404011419
0.2791874040114191
-0.3008190610952339
0.3008190610952334
-0.3115884463846018
0.3115884463846024
-0.3568260642501765
0.3568260642501767
-0.3826522512000631
0.3826522512000631
-0.4025236880119896
0.4025236880119888
-0.4283729905961325
0.4283729905961315
-0.4712282406631474
0.4712282406631465
-0.5293313405997084
0.5293313405997064
-0.6110530791698089
0.6110530791698086
-0.6415471928466981
0.6415471928466995
-0.682133314515077
0.6821333145150802
-1.000000000000001
1.000000000000001
-1.327206030960361
1.327206030960361
-1.347774677358101
1.347774677358101
-1.621516643251218
1.621516643251216
-1.855012892234234
1.855012892234237
-1.899916643352625
1.899916643352627
-2.062129029688005
2.062129029688008
