-0
-0
-0.2064319289564997
0.2064319289564999
-0.2413906290741507
0.2413906290741505
-0.2989715415080695
0.2989715415080695
-0.3008190610952339
0.3008190610952339
-0.3645366239377321
0.3645366239377326
-0.4283729905961325
0.428372990596132
-0.5168360807029375
0.5168360807029374
-0.5293313405997075
0.5293313405997074
-0.9614090066756964
0.9614090066756976
-1.000000000000001
1.000000000000001
-1.347774677358102
1.347774677358099
-1.518743789718777
1.518743789718775
-1.62151664325122
1.621516643251222
