#x y at the midpoint of each cell all the solution components
-0.500000 0.782304 -0.000250 -0.553172 -0.171062 0.050569 
-0.468750 0.717700 0.000250 -0.507490 -0.171732 0.037770 
-0.468750 0.717700 0.000250 -0.507490 -0.171732 0.037770 
-0.437500 0.660167 0.000104 -0.466839 -0.171538 0.029434 
-0.437500 0.660167 0.000104 -0.466839 -0.171538 0.029434 
-0.406250 0.605978 0.000073 -0.428512 -0.171496 0.023003 
-0.406250 0.605978 0.000073 -0.428512 -0.171496 0.023003 
-0.375000 0.554492 0.000052 -0.392100 -0.171468 0.018236 
-0.375000 0.554492 0.000052 -0.392100 -0.171468 0.018236 
-0.343750 0.504905 0.000037 -0.357032 -0.171447 0.014637 
-0.343750 0.504905 0.000037 -0.357032 -0.171447 0.014637 
-0.312500 0.456660 0.000026 -0.322915 -0.171433 0.011865 
-0.312500 0.456660 0.000026 -0.322915 -0.171433 0.011865 
-0.281250 0.409372 0.000019 -0.289475 -0.171424 0.009681 
-0.281250 0.409372 0.000019 -0.289475 -0.171424 0.009681 
-0.250000 0.362771 0.000014 -0.256522 -0.171417 0.007920 
-0.250000 0.362771 0.000014 -0.256522 -0.171417 0.007920 
-0.218750 0.316667 0.000010 -0.223921 -0.171412 0.006465 
-0.218750 0.316667 0.000010 -0.223921 -0.171412 0.006465 
-0.187500 0.270925 0.000008 -0.191576 -0.171408 0.005232 
-0.187500 0.270925 0.000008 -0.191576 -0.171408 0.005232 
-0.156250 0.225448 0.000006 -0.159418 -0.171405 0.004162 
-0.156250 0.225448 0.000006 -0.159418 -0.171405 0.004162 
-0.125000 0.180162 0.000004 -0.127396 -0.171403 0.003210 
-0.125000 0.180162 0.000004 -0.127396 -0.171403 0.003210 
-0.093750 0.135014 0.000003 -0.095471 -0.171401 0.002343 
-0.093750 0.135014 0.000003 -0.095471 -0.171401 0.002343 
-0.062500 0.089961 0.000002 -0.063613 -0.171400 0.001534 
-0.062500 0.089961 0.000002 -0.063613 -0.171400 0.001534 
-0.031250 0.044967 0.000001 -0.031798 -0.171399 0.000761 
-0.031250 0.044967 0.000001 -0.031798 -0.171399 0.000761 
0.000000 0.000002 0.000000 -0.000002 -0.171398 0.000006 
0.000000 0.000002 0.000000 -0.000002 -0.171398 0.000006 
0.031250 -0.044964 -0.000000 0.031793 -0.171396 -0.000749 
0.031250 -0.044964 -0.000000 0.031793 -0.171396 -0.000749 
0.062500 -0.089958 -0.000001 0.063609 -0.171395 -0.001521 
0.062500 -0.089958 -0.000001 0.063609 -0.171395 -0.001521 
0.093750 -0.135011 -0.000002 0.095466 -0.171394 -0.002329 
0.093750 -0.135011 -0.000002 0.095466 -0.171394 -0.002329 
0.125000 -0.180158 -0.000003 0.127389 -0.171393 -0.003194 
0.125000 -0.180158 -0.000003 0.127389 -0.171393 -0.003194 
0.156250 -0.225442 -0.000004 0.159410 -0.171391 -0.004143 
0.156250 -0.225442 -0.000004 0.159410 -0.171391 -0.004143 
0.187500 -0.270918 -0.000006 0.191566 -0.171389 -0.005209 
0.187500 -0.270918 -0.000006 0.191566 -0.171389 -0.005209 
0.218750 -0.316657 -0.000008 0.223908 -0.171386 -0.006436 
0.218750 -0.316657 -0.000008 0.223908 -0.171386 -0.006436 
0.250000 -0.362757 -0.000010 0.256505 -0.171382 -0.007884 
0.250000 -0.362757 -0.000010 0.256505 -0.171382 -0.007884 
0.281250 -0.409353 -0.000014 0.289452 -0.171377 -0.009633 
0.281250 -0.409353 -0.000014 0.289452 -0.171377 -0.009633 
0.312500 -0.456634 -0.000019 0.322883 -0.171370 -0.011801 
0.312500 -0.456634 -0.000019 0.322883 -0.171370 -0.011801 
0.343750 -0.504867 -0.000026 0.356988 -0.171361 -0.014550 
0.343750 -0.504867 -0.000026 0.356988 -0.171361 -0.014550 
0.375000 -0.554438 -0.000037 0.392037 -0.171347 -0.018115 
0.375000 -0.554438 -0.000037 0.392037 -0.171347 -0.018115 
0.406250 -0.605901 -0.000052 0.428422 -0.171326 -0.022834 
0.406250 -0.605901 -0.000052 0.428422 -0.171326 -0.022834 
0.437500 -0.660055 -0.000073 0.466709 -0.171298 -0.029195 
0.437500 -0.660055 -0.000073 0.466709 -0.171298 -0.029195 
0.468750 -0.718068 -0.000104 0.507720 -0.171256 -0.037909 
0.468750 -0.718068 -0.000104 0.507720 -0.171256 -0.037909 
0.500000 -0.782304 -0.000250 0.553172 -0.171062 -0.050569 
