#L2 in u(Using QGauss)3 #Linfty in u(Using QGauss)3 #degree of freedom #number of cells   #hMax    
2.9562e-06            - 7.7528e-06                -              28000              100 1.0000e+00 
7.4958e-07         3.96 1.9272e-06             4.02              56000              200 1.0000e+00 
3.3478e-07         3.98 8.5439e-07             4.01              84000              300 1.0000e+00 
1.8878e-07         3.98 4.7993e-07             4.01             112000              400 1.0000e+00 
1.2100e-07         3.99 3.0688e-07             4.01             140000              500 1.0000e+00 
8.4112e-08         3.99 2.1299e-07             4.01             168000              600 1.0000e+00 
6.1841e-08         3.99 1.5641e-07             4.01             196000              700 1.0000e+00 
4.7372e-08         3.99 1.1971e-07             4.00             224000              800 1.0000e+00 
3.7446e-08         3.99 9.4563e-08             4.00             252000              900 1.0000e+00 
3.0341e-08         3.99 7.6580e-08             4.00             280000             1000 1.0000e+00 
