#cell coordinates and the corresponding deviation from the equilibrium 
-0.499512 0.033797 
-0.498535 0.033743 
-0.497559 0.033691 
-0.496582 0.033639 
-0.495605 0.033588 
-0.494629 0.033538 
-0.493652 0.033488 
-0.492676 0.033439 
-0.491699 0.033391 
-0.490723 0.033343 
-0.489746 0.033296 
-0.488770 0.033249 
-0.487793 0.033203 
-0.486816 0.033158 
-0.485840 0.033113 
-0.484863 0.033069 
-0.483887 0.033025 
-0.482910 0.032982 
-0.481934 0.032939 
-0.480957 0.032897 
-0.479980 0.032856 
-0.479004 0.032815 
-0.478027 0.032775 
-0.477051 0.032735 
-0.476074 0.032696 
-0.475098 0.032657 
-0.474121 0.032618 
-0.473145 0.032580 
-0.472168 0.032543 
-0.471191 0.032506 
-0.470215 0.032470 
-0.469238 0.032434 
-0.468262 0.032398 
-0.467285 0.032363 
-0.466309 0.032329 
-0.465332 0.032295 
-0.464355 0.032261 
-0.463379 0.032228 
-0.462402 0.032195 
-0.461426 0.032163 
-0.460449 0.032131 
-0.459473 0.032099 
-0.458496 0.032068 
-0.457520 0.032038 
-0.456543 0.032007 
-0.455566 0.031977 
-0.454590 0.031948 
-0.453613 0.031919 
-0.452637 0.031890 
-0.451660 0.031861 
-0.450684 0.031833 
-0.449707 0.031806 
-0.448730 0.031778 
-0.447754 0.031752 
-0.446777 0.031725 
-0.445801 0.031699 
-0.444824 0.031673 
-0.443848 0.030922 
-0.442871 0.030893 
-0.441895 0.030881 
-0.440918 0.030868 
-0.439941 0.030856 
-0.438965 0.030843 
-0.437988 0.030831 
-0.437012 0.030819 
-0.436035 0.030807 
-0.435059 0.030795 
-0.434082 0.030784 
-0.433105 0.030772 
-0.432129 0.030761 
-0.431152 0.030749 
-0.430176 0.030738 
-0.429199 0.030727 
-0.428223 0.030715 
-0.427246 0.030704 
-0.426270 0.030694 
-0.425293 0.030683 
-0.424316 0.030672 
-0.423340 0.030661 
-0.422363 0.030651 
-0.421387 0.030640 
-0.420410 0.030630 
-0.419434 0.030620 
-0.418457 0.030609 
-0.417480 0.030599 
-0.416504 0.030589 
-0.415527 0.030579 
-0.414551 0.030569 
-0.413574 0.030560 
-0.412598 0.030550 
-0.411621 0.030540 
-0.410645 0.030531 
-0.409668 0.030521 
-0.408691 0.030512 
-0.407715 0.030503 
-0.406738 0.030494 
-0.405762 0.030485 
-0.404785 0.030476 
-0.403809 0.030467 
-0.402832 0.030458 
-0.401855 0.030449 
-0.400879 0.030440 
-0.399902 0.030432 
-0.398926 0.030423 
-0.397949 0.030415 
-0.396973 0.030406 
-0.395996 0.030398 
-0.395020 0.030390 
-0.394043 0.030381 
-0.393066 0.030373 
-0.392090 0.030365 
-0.391113 0.030357 
-0.390137 0.030349 
-0.389160 0.030341 
-0.388184 0.030334 
-0.387207 0.030326 
-0.386230 0.030318 
-0.385254 0.030311 
-0.384277 0.030303 
-0.383301 0.030296 
-0.382324 0.030288 
-0.381348 0.030281 
-0.380371 0.030274 
-0.379395 0.030267 
-0.378418 0.030260 
-0.377441 0.030252 
-0.376465 0.030245 
-0.375488 0.030239 
-0.374512 0.030232 
-0.373535 0.030225 
-0.372559 0.030218 
-0.371582 0.030211 
-0.370605 0.030205 
-0.369629 0.030198 
-0.368652 0.030192 
-0.367676 0.030185 
-0.366699 0.030179 
-0.365723 0.030172 
-0.364746 0.030166 
-0.363770 0.030160 
-0.362793 0.030154 
-0.361816 0.030147 
-0.360840 0.030141 
-0.359863 0.030135 
-0.358887 0.030129 
-0.357910 0.030123 
-0.356934 0.030118 
-0.355957 0.030112 
-0.354980 0.030106 
-0.354004 0.030100 
-0.353027 0.030095 
-0.352051 0.030089 
-0.351074 0.030083 
-0.350098 0.030078 
-0.349121 0.030072 
-0.348145 0.030067 
-0.347168 0.030062 
-0.346191 0.030056 
-0.345215 0.030051 
-0.344238 0.030046 
-0.343262 0.030040 
-0.342285 0.030035 
-0.341309 0.030030 
-0.340332 0.030025 
-0.339355 0.030020 
-0.338379 0.030015 
-0.337402 0.030010 
-0.336426 0.030005 
-0.335449 0.030001 
-0.334473 0.029996 
-0.333496 0.029991 
-0.332520 0.029986 
-0.331543 0.029982 
-0.330566 0.029977 
-0.329590 0.029972 
-0.328613 0.029968 
-0.327637 0.029963 
-0.326660 0.029959 
-0.325684 0.029954 
-0.324707 0.029950 
-0.323730 0.029946 
-0.322754 0.029941 
-0.321777 0.029937 
-0.320801 0.029933 
-0.319824 0.029929 
-0.318848 0.029924 
-0.317871 0.029920 
-0.316895 0.029916 
-0.315918 0.029912 
-0.314941 0.029908 
-0.313965 0.029904 
-0.312988 0.029900 
-0.312012 0.029896 
-0.311035 0.029892 
-0.310059 0.029888 
-0.309082 0.029885 
-0.308105 0.029881 
-0.307129 0.029877 
-0.306152 0.029873 
-0.305176 0.029870 
-0.304199 0.029866 
-0.303223 0.029862 
-0.302246 0.029859 
-0.301270 0.029855 
-0.300293 0.029852 
-0.299316 0.029848 
-0.298340 0.029845 
-0.297363 0.029841 
-0.296387 0.029838 
-0.295410 0.029834 
-0.294434 0.029831 
-0.293457 0.029828 
-0.292480 0.029824 
-0.291504 0.029821 
-0.290527 0.029818 
-0.289551 0.029815 
-0.288574 0.029812 
-0.287598 0.029808 
-0.286621 0.029805 
-0.285645 0.029802 
-0.284668 0.029799 
-0.283691 0.029796 
-0.282715 0.029793 
-0.281738 0.029790 
-0.280762 0.029787 
-0.279785 0.029784 
-0.278809 0.029781 
-0.277832 0.029778 
-0.276855 0.029776 
-0.275879 0.029773 
-0.274902 0.029770 
-0.273926 0.029767 
-0.272949 0.029764 
-0.271973 0.029762 
-0.270996 0.029759 
-0.270020 0.029756 
-0.269043 0.029754 
-0.268066 0.029751 
-0.267090 0.029748 
-0.266113 0.029746 
-0.265137 0.029743 
-0.264160 0.029741 
-0.263184 0.029738 
-0.262207 0.029736 
-0.261230 0.029733 
-0.260254 0.029731 
-0.259277 0.029728 
-0.258301 0.029726 
-0.257324 0.029724 
-0.256348 0.029721 
-0.255371 0.029719 
-0.254395 0.029716 
-0.253418 0.029714 
-0.252441 0.029712 
-0.251465 0.029710 
-0.250488 0.029707 
-0.249512 0.029705 
-0.248535 0.029703 
-0.247559 0.029701 
-0.246582 0.029699 
-0.245605 0.029696 
-0.244629 0.029694 
-0.243652 0.029692 
-0.242676 0.029690 
-0.241699 0.029688 
-0.240723 0.029686 
-0.239746 0.029684 
-0.238770 0.029682 
-0.237793 0.029680 
-0.236816 0.029678 
-0.235840 0.029676 
-0.234863 0.029674 
-0.233887 0.029672 
-0.232910 0.029670 
-0.231934 0.029668 
-0.230957 0.029666 
-0.229980 0.029665 
-0.229004 0.029663 
-0.228027 0.029661 
-0.227051 0.029659 
-0.226074 0.029657 
-0.225098 0.029656 
-0.224121 0.029654 
-0.223145 0.029652 
-0.222168 0.029650 
-0.221191 0.029649 
-0.220215 0.029647 
-0.219238 0.029645 
-0.218262 0.029644 
-0.217285 0.029642 
-0.216309 0.029640 
-0.215332 0.029639 
-0.214355 0.029637 
-0.213379 0.029635 
-0.212402 0.029634 
-0.211426 0.029632 
-0.210449 0.029631 
-0.209473 0.029629 
-0.208496 0.029628 
-0.207520 0.029626 
-0.206543 0.029625 
-0.205566 0.029623 
-0.204590 0.029622 
-0.203613 0.029620 
-0.202637 0.029619 
-0.201660 0.029617 
-0.200684 0.029616 
-0.199707 0.029615 
-0.198730 0.029613 
-0.197754 0.029612 
-0.196777 0.029610 
-0.195801 0.029609 
-0.194824 0.029608 
-0.193848 0.029606 
-0.192871 0.029605 
-0.191895 0.029604 
-0.190918 0.029602 
-0.189941 0.029601 
-0.188965 0.029600 
-0.187988 0.029599 
-0.187012 0.029597 
-0.186035 0.029596 
-0.185059 0.029595 
-0.184082 0.029594 
-0.183105 0.029593 
-0.182129 0.029591 
-0.181152 0.029590 
-0.180176 0.029589 
-0.179199 0.029588 
-0.178223 0.029587 
-0.177246 0.029586 
-0.176270 0.029585 
-0.175293 0.029583 
-0.174316 0.029582 
-0.173340 0.029581 
-0.172363 0.029580 
-0.171387 0.029579 
-0.170410 0.029578 
-0.169434 0.029577 
-0.168457 0.029576 
-0.167480 0.029575 
-0.166504 0.029574 
-0.165527 0.029573 
-0.164551 0.029572 
-0.163574 0.029571 
-0.162598 0.029570 
-0.161621 0.029569 
-0.160645 0.029568 
-0.159668 0.029567 
-0.158691 0.029566 
-0.157715 0.029565 
-0.156738 0.029564 
-0.155762 0.029563 
-0.154785 0.029562 
-0.153809 0.029562 
-0.152832 0.029561 
-0.151855 0.029560 
-0.150879 0.029559 
-0.149902 0.029558 
-0.148926 0.029557 
-0.147949 0.029556 
-0.146973 0.029555 
-0.145996 0.029555 
-0.145020 0.029554 
-0.144043 0.029553 
-0.143066 0.029552 
-0.142090 0.029551 
-0.141113 0.029551 
-0.140137 0.029550 
-0.139160 0.029549 
-0.138184 0.029548 
-0.137207 0.029548 
-0.136230 0.029547 
-0.135254 0.029546 
-0.134277 0.029545 
-0.133301 0.029545 
-0.132324 0.029544 
-0.131348 0.029543 
-0.130371 0.029543 
-0.129395 0.029542 
-0.128418 0.029541 
-0.127441 0.029540 
-0.126465 0.029540 
-0.125488 0.029539 
-0.124512 0.029538 
-0.123535 0.029538 
-0.122559 0.029537 
-0.121582 0.029537 
-0.120605 0.029536 
-0.119629 0.029535 
-0.118652 0.029535 
-0.117676 0.029534 
-0.116699 0.029533 
-0.115723 0.029533 
-0.114746 0.029532 
-0.113770 0.029532 
-0.112793 0.029531 
-0.111816 0.029531 
-0.110840 0.029530 
-0.109863 0.029529 
-0.108887 0.029529 
-0.107910 0.029528 
-0.106934 0.029528 
-0.105957 0.029527 
-0.104980 0.029527 
-0.104004 0.029526 
-0.103027 0.029526 
-0.102051 0.029525 
-0.101074 0.029525 
-0.100098 0.029524 
-0.099121 0.029524 
-0.098145 0.029523 
-0.097168 0.029523 
-0.096191 0.029522 
-0.095215 0.029522 
-0.094238 0.029521 
-0.093262 0.029521 
-0.092285 0.029520 
-0.091309 0.029520 
-0.090332 0.029520 
-0.089355 0.029519 
-0.088379 0.029519 
-0.087402 0.029518 
-0.086426 0.029518 
-0.085449 0.029518 
-0.084473 0.029517 
-0.083496 0.029517 
-0.082520 0.029516 
-0.081543 0.029516 
-0.080566 0.029516 
-0.079590 0.029515 
-0.078613 0.029515 
-0.077637 0.029514 
-0.076660 0.029514 
-0.075684 0.029514 
-0.074707 0.029513 
-0.073730 0.029513 
-0.072754 0.029513 
-0.071777 0.029512 
-0.070801 0.029512 
-0.069824 0.029512 
-0.068848 0.029511 
-0.067871 0.029511 
-0.066895 0.029511 
-0.065918 0.029510 
-0.064941 0.029510 
-0.063965 0.029510 
-0.062988 0.029510 
-0.062012 0.029509 
-0.061035 0.029509 
-0.060059 0.029509 
-0.059082 0.029508 
-0.058105 0.029508 
-0.057129 0.029508 
-0.056152 0.029508 
-0.055176 0.029507 
-0.054199 0.029507 
-0.053223 0.029507 
-0.052246 0.029507 
-0.051270 0.029507 
-0.050293 0.029506 
-0.049316 0.029506 
-0.048340 0.029506 
-0.047363 0.029506 
-0.046387 0.029505 
-0.045410 0.029505 
-0.044434 0.029505 
-0.043457 0.029505 
-0.042480 0.029505 
-0.041504 0.029504 
-0.040527 0.029504 
-0.039551 0.029504 
-0.038574 0.029504 
-0.037598 0.029504 
-0.036621 0.029504 
-0.035645 0.029503 
-0.034668 0.029503 
-0.033691 0.029503 
-0.032715 0.029503 
-0.031738 0.029503 
-0.030762 0.029503 
-0.029785 0.029503 
-0.028809 0.029502 
-0.027832 0.029502 
-0.026855 0.029502 
-0.025879 0.029502 
-0.024902 0.029502 
-0.023926 0.029502 
-0.022949 0.029502 
-0.021973 0.029502 
-0.020996 0.029502 
-0.020020 0.029502 
-0.019043 0.029501 
-0.018066 0.029501 
-0.017090 0.029501 
-0.016113 0.029501 
-0.015137 0.029501 
-0.014160 0.029501 
-0.013184 0.029501 
-0.012207 0.029501 
-0.011230 0.029501 
-0.010254 0.029501 
-0.009277 0.029501 
-0.008301 0.029501 
-0.007324 0.029501 
-0.006348 0.029501 
-0.005371 0.029501 
-0.004395 0.029501 
-0.003418 0.029501 
-0.002441 0.029501 
-0.001465 0.029501 
-0.000488 0.029501 
0.000488 0.029501 
0.001465 0.029501 
0.002441 0.029501 
0.003418 0.029501 
0.004395 0.029501 
0.005371 0.029501 
0.006348 0.029501 
0.007324 0.029501 
0.008301 0.029501 
0.009277 0.029501 
0.010254 0.029501 
0.011230 0.029501 
0.012207 0.029501 
0.013184 0.029501 
0.014160 0.029501 
0.015137 0.029501 
0.016113 0.029501 
0.017090 0.029501 
0.018066 0.029501 
0.019043 0.029501 
0.020020 0.029502 
0.020996 0.029502 
0.021973 0.029502 
0.022949 0.029502 
0.023926 0.029502 
0.024902 0.029502 
0.025879 0.029502 
0.026855 0.029502 
0.027832 0.029502 
0.028809 0.029502 
0.029785 0.029503 
0.030762 0.029503 
0.031738 0.029503 
0.032715 0.029503 
0.033691 0.029503 
0.034668 0.029503 
0.035645 0.029503 
0.036621 0.029504 
0.037598 0.029504 
0.038574 0.029504 
0.039551 0.029504 
0.040527 0.029504 
0.041504 0.029504 
0.042480 0.029505 
0.043457 0.029505 
0.044434 0.029505 
0.045410 0.029505 
0.046387 0.029505 
0.047363 0.029506 
0.048340 0.029506 
0.049316 0.029506 
0.050293 0.029506 
0.051270 0.029507 
0.052246 0.029507 
0.053223 0.029507 
0.054199 0.029507 
0.055176 0.029507 
0.056152 0.029508 
0.057129 0.029508 
0.058105 0.029508 
0.059082 0.029508 
0.060059 0.029509 
0.061035 0.029509 
0.062012 0.029509 
0.062988 0.029510 
0.063965 0.029510 
0.064941 0.029510 
0.065918 0.029510 
0.066895 0.029511 
0.067871 0.029511 
0.068848 0.029511 
0.069824 0.029512 
0.070801 0.029512 
0.071777 0.029512 
0.072754 0.029513 
0.073730 0.029513 
0.074707 0.029513 
0.075684 0.029514 
0.076660 0.029514 
0.077637 0.029514 
0.078613 0.029515 
0.079590 0.029515 
0.080566 0.029516 
0.081543 0.029516 
0.082520 0.029516 
0.083496 0.029517 
0.084473 0.029517 
0.085449 0.029518 
0.086426 0.029518 
0.087402 0.029518 
0.088379 0.029519 
0.089355 0.029519 
0.090332 0.029520 
0.091309 0.029520 
0.092285 0.029520 
0.093262 0.029521 
0.094238 0.029521 
0.095215 0.029522 
0.096191 0.029522 
0.097168 0.029523 
0.098145 0.029523 
0.099121 0.029524 
0.100098 0.029524 
0.101074 0.029525 
0.102051 0.029525 
0.103027 0.029526 
0.104004 0.029526 
0.104980 0.029527 
0.105957 0.029527 
0.106934 0.029528 
0.107910 0.029528 
0.108887 0.029529 
0.109863 0.029529 
0.110840 0.029530 
0.111816 0.029531 
0.112793 0.029531 
0.113770 0.029532 
0.114746 0.029532 
0.115723 0.029533 
0.116699 0.029533 
0.117676 0.029534 
0.118652 0.029535 
0.119629 0.029535 
0.120605 0.029536 
0.121582 0.029537 
0.122559 0.029537 
0.123535 0.029538 
0.124512 0.029538 
0.125488 0.029539 
0.126465 0.029540 
0.127441 0.029540 
0.128418 0.029541 
0.129395 0.029542 
0.130371 0.029543 
0.131348 0.029543 
0.132324 0.029544 
0.133301 0.029545 
0.134277 0.029545 
0.135254 0.029546 
0.136230 0.029547 
0.137207 0.029548 
0.138184 0.029548 
0.139160 0.029549 
0.140137 0.029550 
0.141113 0.029551 
0.142090 0.029551 
0.143066 0.029552 
0.144043 0.029553 
0.145020 0.029554 
0.145996 0.029555 
0.146973 0.029555 
0.147949 0.029556 
0.148926 0.029557 
0.149902 0.029558 
0.150879 0.029559 
0.151855 0.029560 
0.152832 0.029561 
0.153809 0.029562 
0.154785 0.029562 
0.155762 0.029563 
0.156738 0.029564 
0.157715 0.029565 
0.158691 0.029566 
0.159668 0.029567 
0.160645 0.029568 
0.161621 0.029569 
0.162598 0.029570 
0.163574 0.029571 
0.164551 0.029572 
0.165527 0.029573 
0.166504 0.029574 
0.167480 0.029575 
0.168457 0.029576 
0.169434 0.029577 
0.170410 0.029578 
0.171387 0.029579 
0.172363 0.029580 
0.173340 0.029581 
0.174316 0.029582 
0.175293 0.029583 
0.176270 0.029585 
0.177246 0.029586 
0.178223 0.029587 
0.179199 0.029588 
0.180176 0.029589 
0.181152 0.029590 
0.182129 0.029591 
0.183105 0.029593 
0.184082 0.029594 
0.185059 0.029595 
0.186035 0.029596 
0.187012 0.029597 
0.187988 0.029599 
0.188965 0.029600 
0.189941 0.029601 
0.190918 0.029602 
0.191895 0.029604 
0.192871 0.029605 
0.193848 0.029606 
0.194824 0.029608 
0.195801 0.029609 
0.196777 0.029610 
0.197754 0.029612 
0.198730 0.029613 
0.199707 0.029615 
0.200684 0.029616 
0.201660 0.029617 
0.202637 0.029619 
0.203613 0.029620 
0.204590 0.029622 
0.205566 0.029623 
0.206543 0.029625 
0.207520 0.029626 
0.208496 0.029628 
0.209473 0.029629 
0.210449 0.029631 
0.211426 0.029632 
0.212402 0.029634 
0.213379 0.029635 
0.214355 0.029637 
0.215332 0.029639 
0.216309 0.029640 
0.217285 0.029642 
0.218262 0.029644 
0.219238 0.029645 
0.220215 0.029647 
0.221191 0.029649 
0.222168 0.029650 
0.223145 0.029652 
0.224121 0.029654 
0.225098 0.029656 
0.226074 0.029657 
0.227051 0.029659 
0.228027 0.029661 
0.229004 0.029663 
0.229980 0.029665 
0.230957 0.029666 
0.231934 0.029668 
0.232910 0.029670 
0.233887 0.029672 
0.234863 0.029674 
0.235840 0.029676 
0.236816 0.029678 
0.237793 0.029680 
0.238770 0.029682 
0.239746 0.029684 
0.240723 0.029686 
0.241699 0.029688 
0.242676 0.029690 
0.243652 0.029692 
0.244629 0.029694 
0.245605 0.029696 
0.246582 0.029699 
0.247559 0.029701 
0.248535 0.029703 
0.249512 0.029705 
0.250488 0.029707 
0.251465 0.029710 
0.252441 0.029712 
0.253418 0.029714 
0.254395 0.029716 
0.255371 0.029719 
0.256348 0.029721 
0.257324 0.029724 
0.258301 0.029726 
0.259277 0.029728 
0.260254 0.029731 
0.261230 0.029733 
0.262207 0.029736 
0.263184 0.029738 
0.264160 0.029741 
0.265137 0.029743 
0.266113 0.029746 
0.267090 0.029748 
0.268066 0.029751 
0.269043 0.029754 
0.270020 0.029756 
0.270996 0.029759 
0.271973 0.029762 
0.272949 0.029764 
0.273926 0.029767 
0.274902 0.029770 
0.275879 0.029773 
0.276855 0.029776 
0.277832 0.029778 
0.278809 0.029781 
0.279785 0.029784 
0.280762 0.029787 
0.281738 0.029790 
0.282715 0.029793 
0.283691 0.029796 
0.284668 0.029799 
0.285645 0.029802 
0.286621 0.029805 
0.287598 0.029808 
0.288574 0.029812 
0.289551 0.029815 
0.290527 0.029818 
0.291504 0.029821 
0.292480 0.029824 
0.293457 0.029828 
0.294434 0.029831 
0.295410 0.029834 
0.296387 0.029838 
0.297363 0.029841 
0.298340 0.029845 
0.299316 0.029848 
0.300293 0.029852 
0.301270 0.029855 
0.302246 0.029859 
0.303223 0.029862 
0.304199 0.029866 
0.305176 0.029870 
0.306152 0.029873 
0.307129 0.029877 
0.308105 0.029881 
0.309082 0.029885 
0.310059 0.029888 
0.311035 0.029892 
0.312012 0.029896 
0.312988 0.029900 
0.313965 0.029904 
0.314941 0.029908 
0.315918 0.029912 
0.316895 0.029916 
0.317871 0.029920 
0.318848 0.029924 
0.319824 0.029929 
0.320801 0.029933 
0.321777 0.029937 
0.322754 0.029941 
0.323730 0.029946 
0.324707 0.029950 
0.325684 0.029954 
0.326660 0.029959 
0.327637 0.029963 
0.328613 0.029968 
0.329590 0.029972 
0.330566 0.029977 
0.331543 0.029982 
0.332520 0.029986 
0.333496 0.029991 
0.334473 0.029996 
0.335449 0.030001 
0.336426 0.030005 
0.337402 0.030010 
0.338379 0.030015 
0.339355 0.030020 
0.340332 0.030025 
0.341309 0.030030 
0.342285 0.030035 
0.343262 0.030040 
0.344238 0.030046 
0.345215 0.030051 
0.346191 0.030056 
0.347168 0.030062 
0.348145 0.030067 
0.349121 0.030072 
0.350098 0.030078 
0.351074 0.030083 
0.352051 0.030089 
0.353027 0.030095 
0.354004 0.030100 
0.354980 0.030106 
0.355957 0.030112 
0.356934 0.030118 
0.357910 0.030123 
0.358887 0.030129 
0.359863 0.030135 
0.360840 0.030141 
0.361816 0.030147 
0.362793 0.030154 
0.363770 0.030160 
0.364746 0.030166 
0.365723 0.030172 
0.366699 0.030179 
0.367676 0.030185 
0.368652 0.030192 
0.369629 0.030198 
0.370605 0.030205 
0.371582 0.030211 
0.372559 0.030218 
0.373535 0.030225 
0.374512 0.030232 
0.375488 0.030239 
0.376465 0.030245 
0.377441 0.030252 
0.378418 0.030260 
0.379395 0.030267 
0.380371 0.030274 
0.381348 0.030281 
0.382324 0.030288 
0.383301 0.030296 
0.384277 0.030303 
0.385254 0.030311 
0.386230 0.030318 
0.387207 0.030326 
0.388184 0.030334 
0.389160 0.030341 
0.390137 0.030349 
0.391113 0.030357 
0.392090 0.030365 
0.393066 0.030373 
0.394043 0.030381 
0.395020 0.030390 
0.395996 0.030398 
0.396973 0.030406 
0.397949 0.030415 
0.398926 0.030423 
0.399902 0.030432 
0.400879 0.030440 
0.401855 0.030449 
0.402832 0.030458 
0.403809 0.030467 
0.404785 0.030476 
0.405762 0.030485 
0.406738 0.030494 
0.407715 0.030503 
0.408691 0.030512 
0.409668 0.030521 
0.410645 0.030531 
0.411621 0.030540 
0.412598 0.030550 
0.413574 0.030560 
0.414551 0.030569 
0.415527 0.030579 
0.416504 0.030589 
0.417480 0.030599 
0.418457 0.030609 
0.419434 0.030620 
0.420410 0.030630 
0.421387 0.030640 
0.422363 0.030651 
0.423340 0.030661 
0.424316 0.030672 
0.425293 0.030683 
0.426270 0.030694 
0.427246 0.030704 
0.428223 0.030715 
0.429199 0.030727 
0.430176 0.030738 
0.431152 0.030749 
0.432129 0.030761 
0.433105 0.030772 
0.434082 0.030784 
0.435059 0.030795 
0.436035 0.030807 
0.437012 0.030819 
0.437988 0.030831 
0.438965 0.030843 
0.439941 0.030856 
0.440918 0.030868 
0.441895 0.030881 
0.442871 0.030893 
0.443848 0.030922 
0.444824 0.031673 
0.445801 0.031699 
0.446777 0.031725 
0.447754 0.031752 
0.448730 0.031778 
0.449707 0.031806 
0.450684 0.031833 
0.451660 0.031861 
0.452637 0.031890 
0.453613 0.031919 
0.454590 0.031948 
0.455566 0.031977 
0.456543 0.032007 
0.457520 0.032038 
0.458496 0.032068 
0.459473 0.032099 
0.460449 0.032131 
0.461426 0.032163 
0.462402 0.032195 
0.463379 0.032228 
0.464355 0.032261 
0.465332 0.032295 
0.466309 0.032329 
0.467285 0.032363 
0.468262 0.032398 
0.469238 0.032434 
0.470215 0.032470 
0.471191 0.032506 
0.472168 0.032543 
0.473145 0.032580 
0.474121 0.032618 
0.475098 0.032657 
0.476074 0.032696 
0.477051 0.032735 
0.478027 0.032775 
0.479004 0.032815 
0.479980 0.032856 
0.480957 0.032897 
0.481934 0.032939 
0.482910 0.032982 
0.483887 0.033025 
0.484863 0.033069 
0.485840 0.033113 
0.486816 0.033158 
0.487793 0.033203 
0.488770 0.033249 
0.489746 0.033296 
0.490723 0.033343 
0.491699 0.033391 
0.492676 0.033439 
0.493652 0.033488 
0.494629 0.033538 
0.495605 0.033588 
0.496582 0.033639 
0.497559 0.033691 
0.498535 0.033743 
0.499512 0.033797 
