#cell coordinates and the corresponding deviation from the equilibrium 
-0.499512 0.033825 
-0.498535 0.033772 
-0.497559 0.033720 
-0.496582 0.033668 
-0.495605 0.033617 
-0.494629 0.033566 
-0.493652 0.033516 
-0.492676 0.033467 
-0.491699 0.033419 
-0.490723 0.033371 
-0.489746 0.033323 
-0.488770 0.033277 
-0.487793 0.033231 
-0.486816 0.033185 
-0.485840 0.033140 
-0.484863 0.033096 
-0.483887 0.033052 
-0.482910 0.033009 
-0.481934 0.032966 
-0.480957 0.032924 
-0.479980 0.032882 
-0.479004 0.032841 
-0.478027 0.032800 
-0.477051 0.032760 
-0.476074 0.032721 
-0.475098 0.032682 
-0.474121 0.032643 
-0.473145 0.032605 
-0.472168 0.032568 
-0.471191 0.032531 
-0.470215 0.032494 
-0.469238 0.032458 
-0.468262 0.032422 
-0.467285 0.032387 
-0.466309 0.032352 
-0.465332 0.032318 
-0.464355 0.032284 
-0.463379 0.032250 
-0.462402 0.032217 
-0.461426 0.032185 
-0.460449 0.032152 
-0.459473 0.032121 
-0.458496 0.032089 
-0.457520 0.032058 
-0.456543 0.032028 
-0.455566 0.031997 
-0.454590 0.031968 
-0.453613 0.031938 
-0.452637 0.031909 
-0.451660 0.031880 
-0.450684 0.031852 
-0.449707 0.031824 
-0.448730 0.031796 
-0.447754 0.031769 
-0.446777 0.031742 
-0.445801 0.031715 
-0.444824 0.031689 
-0.443848 0.031663 
-0.442871 0.031638 
-0.441895 0.031612 
-0.440918 0.031588 
-0.439941 0.031563 
-0.438965 0.031539 
-0.437988 0.031515 
-0.437012 0.031491 
-0.436035 0.031467 
-0.435059 0.031444 
-0.434082 0.031422 
-0.433105 0.031399 
-0.432129 0.031377 
-0.431152 0.031355 
-0.430176 0.031333 
-0.429199 0.031312 
-0.428223 0.031291 
-0.427246 0.031270 
-0.426270 0.031249 
-0.425293 0.031229 
-0.424316 0.031209 
-0.423340 0.031189 
-0.422363 0.031169 
-0.421387 0.031150 
-0.420410 0.031131 
-0.419434 0.031112 
-0.418457 0.031093 
-0.417480 0.031075 
-0.416504 0.031057 
-0.415527 0.031039 
-0.414551 0.031021 
-0.413574 0.031004 
-0.412598 0.030987 
-0.411621 0.030970 
-0.410645 0.030953 
-0.409668 0.030936 
-0.408691 0.030920 
-0.407715 0.030904 
-0.406738 0.030888 
-0.405762 0.030872 
-0.404785 0.030857 
-0.403809 0.030841 
-0.402832 0.030826 
-0.401855 0.030811 
-0.400879 0.030796 
-0.399902 0.030782 
-0.398926 0.030767 
-0.397949 0.030753 
-0.396973 0.030739 
-0.395996 0.030725 
-0.395020 0.030711 
-0.394043 0.030698 
-0.393066 0.030685 
-0.392090 0.030671 
-0.391113 0.030658 
-0.390137 0.030646 
-0.389160 0.030633 
-0.388184 0.030620 
-0.387207 0.030608 
-0.386230 0.030596 
-0.385254 0.030584 
-0.384277 0.030572 
-0.383301 0.030560 
-0.382324 0.030549 
-0.381348 0.030537 
-0.380371 0.030526 
-0.379395 0.030515 
-0.378418 0.030504 
-0.377441 0.030493 
-0.376465 0.030482 
-0.375488 0.030471 
-0.374512 0.030461 
-0.373535 0.030451 
-0.372559 0.030440 
-0.371582 0.030430 
-0.370605 0.030420 
-0.369629 0.030227 
-0.368652 0.030218 
-0.367676 0.030212 
-0.366699 0.030206 
-0.365723 0.030200 
-0.364746 0.030194 
-0.363770 0.030188 
-0.362793 0.030182 
-0.361816 0.030176 
-0.360840 0.030170 
-0.359863 0.030164 
-0.358887 0.030158 
-0.357910 0.030153 
-0.356934 0.030147 
-0.355957 0.030141 
-0.354980 0.030136 
-0.354004 0.030130 
-0.353027 0.030125 
-0.352051 0.030119 
-0.351074 0.030114 
-0.350098 0.030109 
-0.349121 0.030103 
-0.348145 0.030098 
-0.347168 0.030093 
-0.346191 0.030088 
-0.345215 0.030083 
-0.344238 0.030077 
-0.343262 0.030072 
-0.342285 0.030068 
-0.341309 0.030063 
-0.340332 0.030058 
-0.339355 0.030053 
-0.338379 0.030048 
-0.337402 0.030043 
-0.336426 0.030039 
-0.335449 0.030034 
-0.334473 0.030029 
-0.333496 0.030025 
-0.332520 0.030020 
-0.331543 0.030016 
-0.330566 0.030011 
-0.329590 0.030007 
-0.328613 0.030002 
-0.327637 0.029998 
-0.326660 0.029994 
-0.325684 0.029989 
-0.324707 0.029985 
-0.323730 0.029981 
-0.322754 0.029977 
-0.321777 0.029973 
-0.320801 0.029968 
-0.319824 0.029964 
-0.318848 0.029960 
-0.317871 0.029956 
-0.316895 0.029952 
-0.315918 0.029949 
-0.314941 0.029945 
-0.313965 0.029941 
-0.312988 0.029937 
-0.312012 0.029933 
-0.311035 0.029929 
-0.310059 0.029926 
-0.309082 0.029922 
-0.308105 0.029918 
-0.307129 0.029915 
-0.306152 0.029911 
-0.305176 0.029908 
-0.304199 0.029904 
-0.303223 0.029901 
-0.302246 0.029897 
-0.301270 0.029894 
-0.300293 0.029890 
-0.299316 0.029887 
-0.298340 0.029884 
-0.297363 0.029880 
-0.296387 0.029877 
-0.295410 0.029874 
-0.294434 0.029870 
-0.293457 0.029867 
-0.292480 0.029864 
-0.291504 0.029861 
-0.290527 0.029858 
-0.289551 0.029855 
-0.288574 0.029852 
-0.287598 0.029849 
-0.286621 0.029846 
-0.285645 0.029843 
-0.284668 0.029840 
-0.283691 0.029837 
-0.282715 0.029834 
-0.281738 0.029831 
-0.280762 0.029828 
-0.279785 0.029825 
-0.278809 0.029822 
-0.277832 0.029820 
-0.276855 0.029817 
-0.275879 0.029814 
-0.274902 0.029811 
-0.273926 0.029809 
-0.272949 0.029806 
-0.271973 0.029803 
-0.270996 0.029801 
-0.270020 0.029798 
-0.269043 0.029796 
-0.268066 0.029793 
-0.267090 0.029791 
-0.266113 0.029788 
-0.265137 0.029786 
-0.264160 0.029783 
-0.263184 0.029781 
-0.262207 0.029778 
-0.261230 0.029776 
-0.260254 0.029774 
-0.259277 0.029771 
-0.258301 0.029769 
-0.257324 0.029767 
-0.256348 0.029764 
-0.255371 0.029762 
-0.254395 0.029760 
-0.253418 0.029758 
-0.252441 0.029755 
-0.251465 0.029753 
-0.250488 0.029751 
-0.249512 0.029749 
-0.248535 0.029747 
-0.247559 0.029745 
-0.246582 0.029743 
-0.245605 0.029741 
-0.244629 0.029738 
-0.243652 0.029736 
-0.242676 0.029734 
-0.241699 0.029732 
-0.240723 0.029730 
-0.239746 0.029728 
-0.238770 0.029727 
-0.237793 0.029725 
-0.236816 0.029723 
-0.235840 0.029721 
-0.234863 0.029719 
-0.233887 0.029717 
-0.232910 0.029715 
-0.231934 0.029713 
-0.230957 0.029712 
-0.229980 0.029710 
-0.229004 0.029708 
-0.228027 0.029706 
-0.227051 0.029704 
-0.226074 0.029703 
-0.225098 0.029701 
-0.224121 0.029699 
-0.223145 0.029698 
-0.222168 0.029696 
-0.221191 0.029694 
-0.220215 0.029693 
-0.219238 0.029691 
-0.218262 0.029689 
-0.217285 0.029688 
-0.216309 0.029686 
-0.215332 0.029685 
-0.214355 0.029683 
-0.213379 0.029682 
-0.212402 0.029680 
-0.211426 0.029679 
-0.210449 0.029677 
-0.209473 0.029676 
-0.208496 0.029674 
-0.207520 0.029673 
-0.206543 0.029671 
-0.205566 0.029670 
-0.204590 0.029668 
-0.203613 0.029667 
-0.202637 0.029666 
-0.201660 0.029664 
-0.200684 0.029663 
-0.199707 0.029661 
-0.198730 0.029660 
-0.197754 0.029659 
-0.196777 0.029657 
-0.195801 0.029656 
-0.194824 0.029655 
-0.193848 0.029654 
-0.192871 0.029652 
-0.191895 0.029651 
-0.190918 0.029650 
-0.189941 0.029649 
-0.188965 0.029647 
-0.187988 0.029646 
-0.187012 0.029645 
-0.186035 0.029644 
-0.185059 0.029643 
-0.184082 0.029641 
-0.183105 0.029640 
-0.182129 0.029639 
-0.181152 0.029638 
-0.180176 0.029637 
-0.179199 0.029636 
-0.178223 0.029635 
-0.177246 0.029634 
-0.176270 0.029633 
-0.175293 0.029631 
-0.174316 0.029630 
-0.173340 0.029629 
-0.172363 0.029628 
-0.171387 0.029627 
-0.170410 0.029626 
-0.169434 0.029625 
-0.168457 0.029624 
-0.167480 0.029623 
-0.166504 0.029622 
-0.165527 0.029621 
-0.164551 0.029620 
-0.163574 0.029619 
-0.162598 0.029618 
-0.161621 0.029617 
-0.160645 0.029617 
-0.159668 0.029616 
-0.158691 0.029615 
-0.157715 0.029614 
-0.156738 0.029613 
-0.155762 0.029612 
-0.154785 0.029611 
-0.153809 0.029610 
-0.152832 0.029609 
-0.151855 0.029609 
-0.150879 0.029608 
-0.149902 0.029607 
-0.148926 0.029606 
-0.147949 0.029605 
-0.146973 0.029605 
-0.145996 0.029604 
-0.145020 0.029603 
-0.144043 0.029602 
-0.143066 0.029601 
-0.142090 0.029601 
-0.141113 0.029600 
-0.140137 0.029599 
-0.139160 0.029598 
-0.138184 0.029598 
-0.137207 0.029597 
-0.136230 0.029596 
-0.135254 0.029595 
-0.134277 0.029595 
-0.133301 0.029594 
-0.132324 0.029593 
-0.131348 0.029593 
-0.130371 0.029592 
-0.129395 0.029591 
-0.128418 0.029591 
-0.127441 0.029590 
-0.126465 0.029589 
-0.125488 0.029589 
-0.124512 0.029588 
-0.123535 0.029587 
-0.122559 0.029587 
-0.121582 0.029586 
-0.120605 0.029586 
-0.119629 0.029585 
-0.118652 0.029584 
-0.117676 0.029584 
-0.116699 0.029583 
-0.115723 0.029583 
-0.114746 0.029582 
-0.113770 0.029582 
-0.112793 0.029581 
-0.111816 0.029580 
-0.110840 0.029580 
-0.109863 0.029579 
-0.108887 0.029579 
-0.107910 0.029578 
-0.106934 0.029578 
-0.105957 0.029577 
-0.104980 0.029577 
-0.104004 0.029576 
-0.103027 0.029576 
-0.102051 0.029575 
-0.101074 0.029575 
-0.100098 0.029574 
-0.099121 0.029574 
-0.098145 0.029573 
-0.097168 0.029573 
-0.096191 0.029572 
-0.095215 0.029572 
-0.094238 0.029572 
-0.093262 0.029571 
-0.092285 0.029571 
-0.091309 0.029570 
-0.090332 0.029570 
-0.089355 0.029569 
-0.088379 0.029569 
-0.087402 0.029569 
-0.086426 0.029568 
-0.085449 0.029568 
-0.084473 0.029567 
-0.083496 0.029567 
-0.082520 0.029567 
-0.081543 0.029566 
-0.080566 0.029566 
-0.079590 0.029566 
-0.078613 0.029565 
-0.077637 0.029565 
-0.076660 0.029565 
-0.075684 0.029564 
-0.074707 0.029564 
-0.073730 0.029564 
-0.072754 0.029563 
-0.071777 0.029563 
-0.070801 0.029563 
-0.069824 0.029562 
-0.068848 0.029562 
-0.067871 0.029562 
-0.066895 0.029561 
-0.065918 0.029561 
-0.064941 0.029561 
-0.063965 0.029560 
-0.062988 0.029560 
-0.062012 0.029560 
-0.061035 0.029560 
-0.060059 0.029559 
-0.059082 0.029559 
-0.058105 0.029559 
-0.057129 0.029559 
-0.056152 0.029558 
-0.055176 0.029558 
-0.054199 0.029558 
-0.053223 0.029558 
-0.052246 0.029557 
-0.051270 0.029557 
-0.050293 0.029557 
-0.049316 0.029557 
-0.048340 0.029557 
-0.047363 0.029556 
-0.046387 0.029556 
-0.045410 0.029556 
-0.044434 0.029556 
-0.043457 0.029556 
-0.042480 0.029555 
-0.041504 0.029555 
-0.040527 0.029555 
-0.039551 0.029555 
-0.038574 0.029555 
-0.037598 0.029555 
-0.036621 0.029554 
-0.035645 0.029554 
-0.034668 0.029554 
-0.033691 0.029554 
-0.032715 0.029554 
-0.031738 0.029554 
-0.030762 0.029554 
-0.029785 0.029553 
-0.028809 0.029553 
-0.027832 0.029553 
-0.026855 0.029553 
-0.025879 0.029553 
-0.024902 0.029553 
-0.023926 0.029553 
-0.022949 0.029553 
-0.021973 0.029553 
-0.020996 0.029552 
-0.020020 0.029552 
-0.019043 0.029552 
-0.018066 0.029552 
-0.017090 0.029552 
-0.016113 0.029552 
-0.015137 0.029552 
-0.014160 0.029552 
-0.013184 0.029552 
-0.012207 0.029552 
-0.011230 0.029552 
-0.010254 0.029552 
-0.009277 0.029552 
-0.008301 0.029552 
-0.007324 0.029552 
-0.006348 0.029552 
-0.005371 0.029552 
-0.004395 0.029552 
-0.003418 0.029552 
-0.002441 0.029552 
-0.001465 0.029552 
-0.000488 0.029552 
0.000488 0.029552 
0.001465 0.029552 
0.002441 0.029552 
0.003418 0.029552 
0.004395 0.029552 
0.005371 0.029552 
0.006348 0.029552 
0.007324 0.029552 
0.008301 0.029552 
0.009277 0.029552 
0.010254 0.029552 
0.011230 0.029552 
0.012207 0.029552 
0.013184 0.029552 
0.014160 0.029552 
0.015137 0.029552 
0.016113 0.029552 
0.017090 0.029552 
0.018066 0.029552 
0.019043 0.029552 
0.020020 0.029552 
0.020996 0.029552 
0.021973 0.029553 
0.022949 0.029553 
0.023926 0.029553 
0.024902 0.029553 
0.025879 0.029553 
0.026855 0.029553 
0.027832 0.029553 
0.028809 0.029553 
0.029785 0.029553 
0.030762 0.029554 
0.031738 0.029554 
0.032715 0.029554 
0.033691 0.029554 
0.034668 0.029554 
0.035645 0.029554 
0.036621 0.029554 
0.037598 0.029555 
0.038574 0.029555 
0.039551 0.029555 
0.040527 0.029555 
0.041504 0.029555 
0.042480 0.029555 
0.043457 0.029556 
0.044434 0.029556 
0.045410 0.029556 
0.046387 0.029556 
0.047363 0.029556 
0.048340 0.029557 
0.049316 0.029557 
0.050293 0.029557 
0.051270 0.029557 
0.052246 0.029557 
0.053223 0.029558 
0.054199 0.029558 
0.055176 0.029558 
0.056152 0.029558 
0.057129 0.029559 
0.058105 0.029559 
0.059082 0.029559 
0.060059 0.029559 
0.061035 0.029560 
0.062012 0.029560 
0.062988 0.029560 
0.063965 0.029560 
0.064941 0.029561 
0.065918 0.029561 
0.066895 0.029561 
0.067871 0.029562 
0.068848 0.029562 
0.069824 0.029562 
0.070801 0.029563 
0.071777 0.029563 
0.072754 0.029563 
0.073730 0.029564 
0.074707 0.029564 
0.075684 0.029564 
0.076660 0.029565 
0.077637 0.029565 
0.078613 0.029565 
0.079590 0.029566 
0.080566 0.029566 
0.081543 0.029566 
0.082520 0.029567 
0.083496 0.029567 
0.084473 0.029567 
0.085449 0.029568 
0.086426 0.029568 
0.087402 0.029569 
0.088379 0.029569 
0.089355 0.029569 
0.090332 0.029570 
0.091309 0.029570 
0.092285 0.029571 
0.093262 0.029571 
0.094238 0.029572 
0.095215 0.029572 
0.096191 0.029572 
0.097168 0.029573 
0.098145 0.029573 
0.099121 0.029574 
0.100098 0.029574 
0.101074 0.029575 
0.102051 0.029575 
0.103027 0.029576 
0.104004 0.029576 
0.104980 0.029577 
0.105957 0.029577 
0.106934 0.029578 
0.107910 0.029578 
0.108887 0.029579 
0.109863 0.029579 
0.110840 0.029580 
0.111816 0.029580 
0.112793 0.029581 
0.113770 0.029582 
0.114746 0.029582 
0.115723 0.029583 
0.116699 0.029583 
0.117676 0.029584 
0.118652 0.029584 
0.119629 0.029585 
0.120605 0.029586 
0.121582 0.029586 
0.122559 0.029587 
0.123535 0.029587 
0.124512 0.029588 
0.125488 0.029589 
0.126465 0.029589 
0.127441 0.029590 
0.128418 0.029591 
0.129395 0.029591 
0.130371 0.029592 
0.131348 0.029593 
0.132324 0.029593 
0.133301 0.029594 
0.134277 0.029595 
0.135254 0.029595 
0.136230 0.029596 
0.137207 0.029597 
0.138184 0.029598 
0.139160 0.029598 
0.140137 0.029599 
0.141113 0.029600 
0.142090 0.029601 
0.143066 0.029601 
0.144043 0.029602 
0.145020 0.029603 
0.145996 0.029604 
0.146973 0.029605 
0.147949 0.029605 
0.148926 0.029606 
0.149902 0.029607 
0.150879 0.029608 
0.151855 0.029609 
0.152832 0.029609 
0.153809 0.029610 
0.154785 0.029611 
0.155762 0.029612 
0.156738 0.029613 
0.157715 0.029614 
0.158691 0.029615 
0.159668 0.029616 
0.160645 0.029617 
0.161621 0.029617 
0.162598 0.029618 
0.163574 0.029619 
0.164551 0.029620 
0.165527 0.029621 
0.166504 0.029622 
0.167480 0.029623 
0.168457 0.029624 
0.169434 0.029625 
0.170410 0.029626 
0.171387 0.029627 
0.172363 0.029628 
0.173340 0.029629 
0.174316 0.029630 
0.175293 0.029631 
0.176270 0.029633 
0.177246 0.029634 
0.178223 0.029635 
0.179199 0.029636 
0.180176 0.029637 
0.181152 0.029638 
0.182129 0.029639 
0.183105 0.029640 
0.184082 0.029641 
0.185059 0.029643 
0.186035 0.029644 
0.187012 0.029645 
0.187988 0.029646 
0.188965 0.029647 
0.189941 0.029649 
0.190918 0.029650 
0.191895 0.029651 
0.192871 0.029652 
0.193848 0.029654 
0.194824 0.029655 
0.195801 0.029656 
0.196777 0.029657 
0.197754 0.029659 
0.198730 0.029660 
0.199707 0.029661 
0.200684 0.029663 
0.201660 0.029664 
0.202637 0.029666 
0.203613 0.029667 
0.204590 0.029668 
0.205566 0.029670 
0.206543 0.029671 
0.207520 0.029673 
0.208496 0.029674 
0.209473 0.029676 
0.210449 0.029677 
0.211426 0.029679 
0.212402 0.029680 
0.213379 0.029682 
0.214355 0.029683 
0.215332 0.029685 
0.216309 0.029686 
0.217285 0.029688 
0.218262 0.029689 
0.219238 0.029691 
0.220215 0.029693 
0.221191 0.029694 
0.222168 0.029696 
0.223145 0.029698 
0.224121 0.029699 
0.225098 0.029701 
0.226074 0.029703 
0.227051 0.029704 
0.228027 0.029706 
0.229004 0.029708 
0.229980 0.029710 
0.230957 0.029712 
0.231934 0.029713 
0.232910 0.029715 
0.233887 0.029717 
0.234863 0.029719 
0.235840 0.029721 
0.236816 0.029723 
0.237793 0.029725 
0.238770 0.029727 
0.239746 0.029728 
0.240723 0.029730 
0.241699 0.029732 
0.242676 0.029734 
0.243652 0.029736 
0.244629 0.029738 
0.245605 0.029741 
0.246582 0.029743 
0.247559 0.029745 
0.248535 0.029747 
0.249512 0.029749 
0.250488 0.029751 
0.251465 0.029753 
0.252441 0.029755 
0.253418 0.029758 
0.254395 0.029760 
0.255371 0.029762 
0.256348 0.029764 
0.257324 0.029767 
0.258301 0.029769 
0.259277 0.029771 
0.260254 0.029774 
0.261230 0.029776 
0.262207 0.029778 
0.263184 0.029781 
0.264160 0.029783 
0.265137 0.029786 
0.266113 0.029788 
0.267090 0.029791 
0.268066 0.029793 
0.269043 0.029796 
0.270020 0.029798 
0.270996 0.029801 
0.271973 0.029803 
0.272949 0.029806 
0.273926 0.029809 
0.274902 0.029811 
0.275879 0.029814 
0.276855 0.029817 
0.277832 0.029820 
0.278809 0.029822 
0.279785 0.029825 
0.280762 0.029828 
0.281738 0.029831 
0.282715 0.029834 
0.283691 0.029837 
0.284668 0.029840 
0.285645 0.029843 
0.286621 0.029846 
0.287598 0.029849 
0.288574 0.029852 
0.289551 0.029855 
0.290527 0.029858 
0.291504 0.029861 
0.292480 0.029864 
0.293457 0.029867 
0.294434 0.029870 
0.295410 0.029874 
0.296387 0.029877 
0.297363 0.029880 
0.298340 0.029884 
0.299316 0.029887 
0.300293 0.029890 
0.301270 0.029894 
0.302246 0.029897 
0.303223 0.029901 
0.304199 0.029904 
0.305176 0.029908 
0.306152 0.029911 
0.307129 0.029915 
0.308105 0.029918 
0.309082 0.029922 
0.310059 0.029926 
0.311035 0.029929 
0.312012 0.029933 
0.312988 0.029937 
0.313965 0.029941 
0.314941 0.029945 
0.315918 0.029949 
0.316895 0.029952 
0.317871 0.029956 
0.318848 0.029960 
0.319824 0.029964 
0.320801 0.029968 
0.321777 0.029973 
0.322754 0.029977 
0.323730 0.029981 
0.324707 0.029985 
0.325684 0.029989 
0.326660 0.029994 
0.327637 0.029998 
0.328613 0.030002 
0.329590 0.030007 
0.330566 0.030011 
0.331543 0.030016 
0.332520 0.030020 
0.333496 0.030025 
0.334473 0.030029 
0.335449 0.030034 
0.336426 0.030039 
0.337402 0.030043 
0.338379 0.030048 
0.339355 0.030053 
0.340332 0.030058 
0.341309 0.030063 
0.342285 0.030068 
0.343262 0.030072 
0.344238 0.030077 
0.345215 0.030083 
0.346191 0.030088 
0.347168 0.030093 
0.348145 0.030098 
0.349121 0.030103 
0.350098 0.030109 
0.351074 0.030114 
0.352051 0.030119 
0.353027 0.030125 
0.354004 0.030130 
0.354980 0.030136 
0.355957 0.030141 
0.356934 0.030147 
0.357910 0.030153 
0.358887 0.030158 
0.359863 0.030164 
0.360840 0.030170 
0.361816 0.030176 
0.362793 0.030182 
0.363770 0.030188 
0.364746 0.030194 
0.365723 0.030200 
0.366699 0.030206 
0.367676 0.030212 
0.368652 0.030218 
0.369629 0.030227 
0.370605 0.030420 
0.371582 0.030430 
0.372559 0.030440 
0.373535 0.030451 
0.374512 0.030461 
0.375488 0.030471 
0.376465 0.030482 
0.377441 0.030493 
0.378418 0.030504 
0.379395 0.030515 
0.380371 0.030526 
0.381348 0.030537 
0.382324 0.030549 
0.383301 0.030560 
0.384277 0.030572 
0.385254 0.030584 
0.386230 0.030596 
0.387207 0.030608 
0.388184 0.030620 
0.389160 0.030633 
0.390137 0.030646 
0.391113 0.030658 
0.392090 0.030671 
0.393066 0.030685 
0.394043 0.030698 
0.395020 0.030711 
0.395996 0.030725 
0.396973 0.030739 
0.397949 0.030753 
0.398926 0.030767 
0.399902 0.030782 
0.400879 0.030796 
0.401855 0.030811 
0.402832 0.030826 
0.403809 0.030841 
0.404785 0.030857 
0.405762 0.030872 
0.406738 0.030888 
0.407715 0.030904 
0.408691 0.030920 
0.409668 0.030936 
0.410645 0.030953 
0.411621 0.030970 
0.412598 0.030987 
0.413574 0.031004 
0.414551 0.031021 
0.415527 0.031039 
0.416504 0.031057 
0.417480 0.031075 
0.418457 0.031093 
0.419434 0.031112 
0.420410 0.031131 
0.421387 0.031150 
0.422363 0.031169 
0.423340 0.031189 
0.424316 0.031209 
0.425293 0.031229 
0.426270 0.031249 
0.427246 0.031270 
0.428223 0.031291 
0.429199 0.031312 
0.430176 0.031333 
0.431152 0.031355 
0.432129 0.031377 
0.433105 0.031399 
0.434082 0.031422 
0.435059 0.031444 
0.436035 0.031467 
0.437012 0.031491 
0.437988 0.031515 
0.438965 0.031539 
0.439941 0.031563 
0.440918 0.031588 
0.441895 0.031612 
0.442871 0.031638 
0.443848 0.031663 
0.444824 0.031689 
0.445801 0.031715 
0.446777 0.031742 
0.447754 0.031769 
0.448730 0.031796 
0.449707 0.031824 
0.450684 0.031852 
0.451660 0.031880 
0.452637 0.031909 
0.453613 0.031938 
0.454590 0.031968 
0.455566 0.031997 
0.456543 0.032028 
0.457520 0.032058 
0.458496 0.032089 
0.459473 0.032121 
0.460449 0.032152 
0.461426 0.032185 
0.462402 0.032217 
0.463379 0.032250 
0.464355 0.032284 
0.465332 0.032318 
0.466309 0.032352 
0.467285 0.032387 
0.468262 0.032422 
0.469238 0.032458 
0.470215 0.032494 
0.471191 0.032531 
0.472168 0.032568 
0.473145 0.032605 
0.474121 0.032643 
0.475098 0.032682 
0.476074 0.032721 
0.477051 0.032760 
0.478027 0.032800 
0.479004 0.032841 
0.479980 0.032882 
0.480957 0.032924 
0.481934 0.032966 
0.482910 0.033009 
0.483887 0.033052 
0.484863 0.033096 
0.485840 0.033140 
0.486816 0.033185 
0.487793 0.033231 
0.488770 0.033277 
0.489746 0.033323 
0.490723 0.033371 
0.491699 0.033419 
0.492676 0.033467 
0.493652 0.033516 
0.494629 0.033566 
0.495605 0.033617 
0.496582 0.033668 
0.497559 0.033720 
0.498535 0.033772 
0.499512 0.033825 
