#cell coordinates and the corresponding deviation from the equilibrium 
-0.499512 0.033822 
-0.498535 0.033769 
-0.497559 0.033716 
-0.496582 0.033665 
-0.495605 0.033613 
-0.494629 0.033563 
-0.493652 0.033513 
-0.492676 0.033464 
-0.491699 0.033415 
-0.490723 0.033367 
-0.489746 0.033320 
-0.488770 0.033273 
-0.487793 0.033227 
-0.486816 0.033182 
-0.485840 0.033137 
-0.484863 0.033092 
-0.483887 0.033049 
-0.482910 0.033005 
-0.481934 0.032963 
-0.480957 0.032920 
-0.479980 0.032879 
-0.479004 0.032838 
-0.478027 0.032797 
-0.477051 0.032757 
-0.476074 0.032718 
-0.475098 0.032679 
-0.474121 0.032640 
-0.473145 0.032602 
-0.472168 0.032564 
-0.471191 0.032527 
-0.470215 0.032491 
-0.469238 0.032455 
-0.468262 0.032419 
-0.467285 0.032384 
-0.466309 0.032349 
-0.465332 0.032315 
-0.464355 0.032281 
-0.463379 0.032247 
-0.462402 0.032214 
-0.461426 0.032182 
-0.460449 0.032149 
-0.459473 0.032118 
-0.458496 0.032086 
-0.457520 0.032055 
-0.456543 0.032025 
-0.455566 0.031994 
-0.454590 0.031965 
-0.453613 0.031935 
-0.452637 0.031906 
-0.451660 0.031877 
-0.450684 0.031849 
-0.449707 0.031821 
-0.448730 0.031794 
-0.447754 0.031766 
-0.446777 0.031739 
-0.445801 0.031713 
-0.444824 0.031687 
-0.443848 0.031661 
-0.442871 0.031635 
-0.441895 0.031610 
-0.440918 0.031585 
-0.439941 0.031560 
-0.438965 0.031536 
-0.437988 0.031512 
-0.437012 0.031488 
-0.436035 0.031465 
-0.435059 0.031442 
-0.434082 0.031419 
-0.433105 0.031397 
-0.432129 0.031375 
-0.431152 0.031353 
-0.430176 0.031331 
-0.429199 0.031310 
-0.428223 0.031289 
-0.427246 0.031268 
-0.426270 0.031247 
-0.425293 0.031227 
-0.424316 0.031207 
-0.423340 0.031187 
-0.422363 0.031168 
-0.421387 0.031148 
-0.420410 0.031129 
-0.419434 0.031110 
-0.418457 0.031092 
-0.417480 0.031074 
-0.416504 0.031056 
-0.415527 0.031038 
-0.414551 0.031020 
-0.413574 0.031003 
-0.412598 0.030985 
-0.411621 0.030969 
-0.410645 0.030952 
-0.409668 0.030935 
-0.408691 0.030919 
-0.407715 0.030903 
-0.406738 0.030887 
-0.405762 0.030871 
-0.404785 0.030856 
-0.403809 0.030840 
-0.402832 0.030825 
-0.401855 0.030810 
-0.400879 0.030796 
-0.399902 0.030781 
-0.398926 0.030767 
-0.397949 0.030753 
-0.396973 0.030739 
-0.395996 0.030725 
-0.395020 0.030711 
-0.394043 0.030698 
-0.393066 0.030685 
-0.392090 0.030671 
-0.391113 0.030659 
-0.390137 0.030646 
-0.389160 0.030633 
-0.388184 0.030621 
-0.387207 0.030608 
-0.386230 0.030342 
-0.385254 0.030330 
-0.384277 0.030322 
-0.383301 0.030315 
-0.382324 0.030308 
-0.381348 0.030301 
-0.380371 0.030294 
-0.379395 0.030287 
-0.378418 0.030280 
-0.377441 0.030273 
-0.376465 0.030266 
-0.375488 0.030260 
-0.374512 0.030253 
-0.373535 0.030247 
-0.372559 0.030240 
-0.371582 0.030233 
-0.370605 0.030227 
-0.369629 0.030221 
-0.368652 0.030214 
-0.367676 0.030208 
-0.366699 0.030202 
-0.365723 0.030196 
-0.364746 0.030190 
-0.363770 0.030184 
-0.362793 0.030178 
-0.361816 0.030172 
-0.360840 0.030166 
-0.359863 0.030160 
-0.358887 0.030154 
-0.357910 0.030148 
-0.356934 0.030143 
-0.355957 0.030137 
-0.354980 0.030131 
-0.354004 0.030126 
-0.353027 0.030120 
-0.352051 0.030115 
-0.351074 0.030109 
-0.350098 0.030104 
-0.349121 0.030099 
-0.348145 0.030094 
-0.347168 0.030088 
-0.346191 0.030083 
-0.345215 0.030078 
-0.344238 0.030073 
-0.343262 0.030068 
-0.342285 0.030063 
-0.341309 0.030058 
-0.340332 0.030053 
-0.339355 0.030048 
-0.338379 0.030043 
-0.337402 0.030039 
-0.336426 0.030034 
-0.335449 0.030029 
-0.334473 0.030025 
-0.333496 0.030020 
-0.332520 0.030015 
-0.331543 0.030011 
-0.330566 0.030006 
-0.329590 0.030002 
-0.328613 0.029997 
-0.327637 0.029993 
-0.326660 0.029989 
-0.325684 0.029984 
-0.324707 0.029980 
-0.323730 0.029976 
-0.322754 0.029972 
-0.321777 0.029968 
-0.320801 0.029963 
-0.319824 0.029959 
-0.318848 0.029955 
-0.317871 0.029951 
-0.316895 0.029947 
-0.315918 0.029943 
-0.314941 0.029940 
-0.313965 0.029936 
-0.312988 0.029932 
-0.312012 0.029928 
-0.311035 0.029924 
-0.310059 0.029921 
-0.309082 0.029917 
-0.308105 0.029913 
-0.307129 0.029910 
-0.306152 0.029906 
-0.305176 0.029902 
-0.304199 0.029899 
-0.303223 0.029895 
-0.302246 0.029892 
-0.301270 0.029888 
-0.300293 0.029885 
-0.299316 0.029882 
-0.298340 0.029878 
-0.297363 0.029875 
-0.296387 0.029872 
-0.295410 0.029868 
-0.294434 0.029865 
-0.293457 0.029862 
-0.292480 0.029859 
-0.291504 0.029855 
-0.290527 0.029852 
-0.289551 0.029849 
-0.288574 0.029846 
-0.287598 0.029843 
-0.286621 0.029840 
-0.285645 0.029837 
-0.284668 0.029834 
-0.283691 0.029831 
-0.282715 0.029828 
-0.281738 0.029825 
-0.280762 0.029822 
-0.279785 0.029820 
-0.278809 0.029817 
-0.277832 0.029814 
-0.276855 0.029811 
-0.275879 0.029809 
-0.274902 0.029806 
-0.273926 0.029803 
-0.272949 0.029800 
-0.271973 0.029798 
-0.270996 0.029795 
-0.270020 0.029793 
-0.269043 0.029790 
-0.268066 0.029787 
-0.267090 0.029785 
-0.266113 0.029782 
-0.265137 0.029780 
-0.264160 0.029777 
-0.263184 0.029775 
-0.262207 0.029773 
-0.261230 0.029770 
-0.260254 0.029768 
-0.259277 0.029765 
-0.258301 0.029763 
-0.257324 0.029761 
-0.256348 0.029758 
-0.255371 0.029756 
-0.254395 0.029754 
-0.253418 0.029752 
-0.252441 0.029749 
-0.251465 0.029747 
-0.250488 0.029745 
-0.249512 0.029743 
-0.248535 0.029741 
-0.247559 0.029739 
-0.246582 0.029737 
-0.245605 0.029735 
-0.244629 0.029732 
-0.243652 0.029730 
-0.242676 0.029728 
-0.241699 0.029726 
-0.240723 0.029724 
-0.239746 0.029722 
-0.238770 0.029720 
-0.237793 0.029719 
-0.236816 0.029717 
-0.235840 0.029715 
-0.234863 0.029713 
-0.233887 0.029711 
-0.232910 0.029709 
-0.231934 0.029707 
-0.230957 0.029705 
-0.229980 0.029704 
-0.229004 0.029702 
-0.228027 0.029700 
-0.227051 0.029698 
-0.226074 0.029697 
-0.225098 0.029695 
-0.224121 0.029693 
-0.223145 0.029691 
-0.222168 0.029690 
-0.221191 0.029688 
-0.220215 0.029686 
-0.219238 0.029685 
-0.218262 0.029683 
-0.217285 0.029682 
-0.216309 0.029680 
-0.215332 0.029678 
-0.214355 0.029677 
-0.213379 0.029675 
-0.212402 0.029674 
-0.211426 0.029672 
-0.210449 0.029671 
-0.209473 0.029669 
-0.208496 0.029668 
-0.207520 0.029666 
-0.206543 0.029665 
-0.205566 0.029664 
-0.204590 0.029662 
-0.203613 0.029661 
-0.202637 0.029659 
-0.201660 0.029658 
-0.200684 0.029657 
-0.199707 0.029655 
-0.198730 0.029654 
-0.197754 0.029652 
-0.196777 0.029651 
-0.195801 0.029650 
-0.194824 0.029649 
-0.193848 0.029647 
-0.192871 0.029646 
-0.191895 0.029645 
-0.190918 0.029643 
-0.189941 0.029642 
-0.188965 0.029641 
-0.187988 0.029640 
-0.187012 0.029639 
-0.186035 0.029637 
-0.185059 0.029636 
-0.184082 0.029635 
-0.183105 0.029634 
-0.182129 0.029633 
-0.181152 0.029632 
-0.180176 0.029630 
-0.179199 0.029629 
-0.178223 0.029628 
-0.177246 0.029627 
-0.176270 0.029626 
-0.175293 0.029625 
-0.174316 0.029624 
-0.173340 0.029623 
-0.172363 0.029622 
-0.171387 0.029621 
-0.170410 0.029620 
-0.169434 0.029619 
-0.168457 0.029618 
-0.167480 0.029617 
-0.166504 0.029616 
-0.165527 0.029615 
-0.164551 0.029614 
-0.163574 0.029613 
-0.162598 0.029612 
-0.161621 0.029611 
-0.160645 0.029610 
-0.159668 0.029609 
-0.158691 0.029608 
-0.157715 0.029607 
-0.156738 0.029606 
-0.155762 0.029606 
-0.154785 0.029605 
-0.153809 0.029604 
-0.152832 0.029603 
-0.151855 0.029602 
-0.150879 0.029601 
-0.149902 0.029600 
-0.148926 0.029600 
-0.147949 0.029599 
-0.146973 0.029598 
-0.145996 0.029597 
-0.145020 0.029596 
-0.144043 0.029596 
-0.143066 0.029595 
-0.142090 0.029594 
-0.141113 0.029593 
-0.140137 0.029593 
-0.139160 0.029592 
-0.138184 0.029591 
-0.137207 0.029590 
-0.136230 0.029590 
-0.135254 0.029589 
-0.134277 0.029588 
-0.133301 0.029587 
-0.132324 0.029587 
-0.131348 0.029586 
-0.130371 0.029585 
-0.129395 0.029585 
-0.128418 0.029584 
-0.127441 0.029583 
-0.126465 0.029583 
-0.125488 0.029582 
-0.124512 0.029581 
-0.123535 0.029581 
-0.122559 0.029580 
-0.121582 0.029580 
-0.120605 0.029579 
-0.119629 0.029578 
-0.118652 0.029578 
-0.117676 0.029577 
-0.116699 0.029577 
-0.115723 0.029576 
-0.114746 0.029575 
-0.113770 0.029575 
-0.112793 0.029574 
-0.111816 0.029574 
-0.110840 0.029573 
-0.109863 0.029573 
-0.108887 0.029572 
-0.107910 0.029572 
-0.106934 0.029571 
-0.105957 0.029571 
-0.104980 0.029570 
-0.104004 0.029570 
-0.103027 0.029569 
-0.102051 0.029569 
-0.101074 0.029568 
-0.100098 0.029568 
-0.099121 0.029567 
-0.098145 0.029567 
-0.097168 0.029566 
-0.096191 0.029566 
-0.095215 0.029565 
-0.094238 0.029565 
-0.093262 0.029564 
-0.092285 0.029564 
-0.091309 0.029564 
-0.090332 0.029563 
-0.089355 0.029563 
-0.088379 0.029562 
-0.087402 0.029562 
-0.086426 0.029562 
-0.085449 0.029561 
-0.084473 0.029561 
-0.083496 0.029560 
-0.082520 0.029560 
-0.081543 0.029560 
-0.080566 0.029559 
-0.079590 0.029559 
-0.078613 0.029559 
-0.077637 0.029558 
-0.076660 0.029558 
-0.075684 0.029557 
-0.074707 0.029557 
-0.073730 0.029557 
-0.072754 0.029556 
-0.071777 0.029556 
-0.070801 0.029556 
-0.069824 0.029556 
-0.068848 0.029555 
-0.067871 0.029555 
-0.066895 0.029555 
-0.065918 0.029554 
-0.064941 0.029554 
-0.063965 0.029554 
-0.062988 0.029553 
-0.062012 0.029553 
-0.061035 0.029553 
-0.060059 0.029553 
-0.059082 0.029552 
-0.058105 0.029552 
-0.057129 0.029552 
-0.056152 0.029552 
-0.055176 0.029551 
-0.054199 0.029551 
-0.053223 0.029551 
-0.052246 0.029551 
-0.051270 0.029550 
-0.050293 0.029550 
-0.049316 0.029550 
-0.048340 0.029550 
-0.047363 0.029550 
-0.046387 0.029549 
-0.045410 0.029549 
-0.044434 0.029549 
-0.043457 0.029549 
-0.042480 0.029549 
-0.041504 0.029548 
-0.040527 0.029548 
-0.039551 0.029548 
-0.038574 0.029548 
-0.037598 0.029548 
-0.036621 0.029548 
-0.035645 0.029548 
-0.034668 0.029547 
-0.033691 0.029547 
-0.032715 0.029547 
-0.031738 0.029547 
-0.030762 0.029547 
-0.029785 0.029547 
-0.028809 0.029547 
-0.027832 0.029546 
-0.026855 0.029546 
-0.025879 0.029546 
-0.024902 0.029546 
-0.023926 0.029546 
-0.022949 0.029546 
-0.021973 0.029546 
-0.020996 0.029546 
-0.020020 0.029546 
-0.019043 0.029546 
-0.018066 0.029545 
-0.017090 0.029545 
-0.016113 0.029545 
-0.015137 0.029545 
-0.014160 0.029545 
-0.013184 0.029545 
-0.012207 0.029545 
-0.011230 0.029545 
-0.010254 0.029545 
-0.009277 0.029545 
-0.008301 0.029545 
-0.007324 0.029545 
-0.006348 0.029545 
-0.005371 0.029545 
-0.004395 0.029545 
-0.003418 0.029545 
-0.002441 0.029545 
-0.001465 0.029545 
-0.000488 0.029545 
0.000488 0.029545 
0.001465 0.029545 
0.002441 0.029545 
0.003418 0.029545 
0.004395 0.029545 
0.005371 0.029545 
0.006348 0.029545 
0.007324 0.029545 
0.008301 0.029545 
0.009277 0.029545 
0.010254 0.029545 
0.011230 0.029545 
0.012207 0.029545 
0.013184 0.029545 
0.014160 0.029545 
0.015137 0.029545 
0.016113 0.029545 
0.017090 0.029545 
0.018066 0.029545 
0.019043 0.029546 
0.020020 0.029546 
0.020996 0.029546 
0.021973 0.029546 
0.022949 0.029546 
0.023926 0.029546 
0.024902 0.029546 
0.025879 0.029546 
0.026855 0.029546 
0.027832 0.029546 
0.028809 0.029547 
0.029785 0.029547 
0.030762 0.029547 
0.031738 0.029547 
0.032715 0.029547 
0.033691 0.029547 
0.034668 0.029547 
0.035645 0.029548 
0.036621 0.029548 
0.037598 0.029548 
0.038574 0.029548 
0.039551 0.029548 
0.040527 0.029548 
0.041504 0.029548 
0.042480 0.029549 
0.043457 0.029549 
0.044434 0.029549 
0.045410 0.029549 
0.046387 0.029549 
0.047363 0.029550 
0.048340 0.029550 
0.049316 0.029550 
0.050293 0.029550 
0.051270 0.029550 
0.052246 0.029551 
0.053223 0.029551 
0.054199 0.029551 
0.055176 0.029551 
0.056152 0.029552 
0.057129 0.029552 
0.058105 0.029552 
0.059082 0.029552 
0.060059 0.029553 
0.061035 0.029553 
0.062012 0.029553 
0.062988 0.029553 
0.063965 0.029554 
0.064941 0.029554 
0.065918 0.029554 
0.066895 0.029555 
0.067871 0.029555 
0.068848 0.029555 
0.069824 0.029556 
0.070801 0.029556 
0.071777 0.029556 
0.072754 0.029556 
0.073730 0.029557 
0.074707 0.029557 
0.075684 0.029557 
0.076660 0.029558 
0.077637 0.029558 
0.078613 0.029559 
0.079590 0.029559 
0.080566 0.029559 
0.081543 0.029560 
0.082520 0.029560 
0.083496 0.029560 
0.084473 0.029561 
0.085449 0.029561 
0.086426 0.029562 
0.087402 0.029562 
0.088379 0.029562 
0.089355 0.029563 
0.090332 0.029563 
0.091309 0.029564 
0.092285 0.029564 
0.093262 0.029564 
0.094238 0.029565 
0.095215 0.029565 
0.096191 0.029566 
0.097168 0.029566 
0.098145 0.029567 
0.099121 0.029567 
0.100098 0.029568 
0.101074 0.029568 
0.102051 0.029569 
0.103027 0.029569 
0.104004 0.029570 
0.104980 0.029570 
0.105957 0.029571 
0.106934 0.029571 
0.107910 0.029572 
0.108887 0.029572 
0.109863 0.029573 
0.110840 0.029573 
0.111816 0.029574 
0.112793 0.029574 
0.113770 0.029575 
0.114746 0.029575 
0.115723 0.029576 
0.116699 0.029577 
0.117676 0.029577 
0.118652 0.029578 
0.119629 0.029578 
0.120605 0.029579 
0.121582 0.029580 
0.122559 0.029580 
0.123535 0.029581 
0.124512 0.029581 
0.125488 0.029582 
0.126465 0.029583 
0.127441 0.029583 
0.128418 0.029584 
0.129395 0.029585 
0.130371 0.029585 
0.131348 0.029586 
0.132324 0.029587 
0.133301 0.029587 
0.134277 0.029588 
0.135254 0.029589 
0.136230 0.029590 
0.137207 0.029590 
0.138184 0.029591 
0.139160 0.029592 
0.140137 0.029593 
0.141113 0.029593 
0.142090 0.029594 
0.143066 0.029595 
0.144043 0.029596 
0.145020 0.029596 
0.145996 0.029597 
0.146973 0.029598 
0.147949 0.029599 
0.148926 0.029600 
0.149902 0.029600 
0.150879 0.029601 
0.151855 0.029602 
0.152832 0.029603 
0.153809 0.029604 
0.154785 0.029605 
0.155762 0.029606 
0.156738 0.029606 
0.157715 0.029607 
0.158691 0.029608 
0.159668 0.029609 
0.160645 0.029610 
0.161621 0.029611 
0.162598 0.029612 
0.163574 0.029613 
0.164551 0.029614 
0.165527 0.029615 
0.166504 0.029616 
0.167480 0.029617 
0.168457 0.029618 
0.169434 0.029619 
0.170410 0.029620 
0.171387 0.029621 
0.172363 0.029622 
0.173340 0.029623 
0.174316 0.029624 
0.175293 0.029625 
0.176270 0.029626 
0.177246 0.029627 
0.178223 0.029628 
0.179199 0.029629 
0.180176 0.029630 
0.181152 0.029632 
0.182129 0.029633 
0.183105 0.029634 
0.184082 0.029635 
0.185059 0.029636 
0.186035 0.029637 
0.187012 0.029639 
0.187988 0.029640 
0.188965 0.029641 
0.189941 0.029642 
0.190918 0.029643 
0.191895 0.029645 
0.192871 0.029646 
0.193848 0.029647 
0.194824 0.029649 
0.195801 0.029650 
0.196777 0.029651 
0.197754 0.029652 
0.198730 0.029654 
0.199707 0.029655 
0.200684 0.029657 
0.201660 0.029658 
0.202637 0.029659 
0.203613 0.029661 
0.204590 0.029662 
0.205566 0.029664 
0.206543 0.029665 
0.207520 0.029666 
0.208496 0.029668 
0.209473 0.029669 
0.210449 0.029671 
0.211426 0.029672 
0.212402 0.029674 
0.213379 0.029675 
0.214355 0.029677 
0.215332 0.029678 
0.216309 0.029680 
0.217285 0.029682 
0.218262 0.029683 
0.219238 0.029685 
0.220215 0.029686 
0.221191 0.029688 
0.222168 0.029690 
0.223145 0.029691 
0.224121 0.029693 
0.225098 0.029695 
0.226074 0.029697 
0.227051 0.029698 
0.228027 0.029700 
0.229004 0.029702 
0.229980 0.029704 
0.230957 0.029705 
0.231934 0.029707 
0.232910 0.029709 
0.233887 0.029711 
0.234863 0.029713 
0.235840 0.029715 
0.236816 0.029717 
0.237793 0.029719 
0.238770 0.029720 
0.239746 0.029722 
0.240723 0.029724 
0.241699 0.029726 
0.242676 0.029728 
0.243652 0.029730 
0.244629 0.029732 
0.245605 0.029735 
0.246582 0.029737 
0.247559 0.029739 
0.248535 0.029741 
0.249512 0.029743 
0.250488 0.029745 
0.251465 0.029747 
0.252441 0.029749 
0.253418 0.029752 
0.254395 0.029754 
0.255371 0.029756 
0.256348 0.029758 
0.257324 0.029761 
0.258301 0.029763 
0.259277 0.029765 
0.260254 0.029768 
0.261230 0.029770 
0.262207 0.029773 
0.263184 0.029775 
0.264160 0.029777 
0.265137 0.029780 
0.266113 0.029782 
0.267090 0.029785 
0.268066 0.029787 
0.269043 0.029790 
0.270020 0.029793 
0.270996 0.029795 
0.271973 0.029798 
0.272949 0.029800 
0.273926 0.029803 
0.274902 0.029806 
0.275879 0.029809 
0.276855 0.029811 
0.277832 0.029814 
0.278809 0.029817 
0.279785 0.029820 
0.280762 0.029822 
0.281738 0.029825 
0.282715 0.029828 
0.283691 0.029831 
0.284668 0.029834 
0.285645 0.029837 
0.286621 0.029840 
0.287598 0.029843 
0.288574 0.029846 
0.289551 0.029849 
0.290527 0.029852 
0.291504 0.029855 
0.292480 0.029859 
0.293457 0.029862 
0.294434 0.029865 
0.295410 0.029868 
0.296387 0.029872 
0.297363 0.029875 
0.298340 0.029878 
0.299316 0.029882 
0.300293 0.029885 
0.301270 0.029888 
0.302246 0.029892 
0.303223 0.029895 
0.304199 0.029899 
0.305176 0.029902 
0.306152 0.029906 
0.307129 0.029910 
0.308105 0.029913 
0.309082 0.029917 
0.310059 0.029921 
0.311035 0.029924 
0.312012 0.029928 
0.312988 0.029932 
0.313965 0.029936 
0.314941 0.029940 
0.315918 0.029943 
0.316895 0.029947 
0.317871 0.029951 
0.318848 0.029955 
0.319824 0.029959 
0.320801 0.029963 
0.321777 0.029968 
0.322754 0.029972 
0.323730 0.029976 
0.324707 0.029980 
0.325684 0.029984 
0.326660 0.029989 
0.327637 0.029993 
0.328613 0.029997 
0.329590 0.030002 
0.330566 0.030006 
0.331543 0.030011 
0.332520 0.030015 
0.333496 0.030020 
0.334473 0.030025 
0.335449 0.030029 
0.336426 0.030034 
0.337402 0.030039 
0.338379 0.030043 
0.339355 0.030048 
0.340332 0.030053 
0.341309 0.030058 
0.342285 0.030063 
0.343262 0.030068 
0.344238 0.030073 
0.345215 0.030078 
0.346191 0.030083 
0.347168 0.030088 
0.348145 0.030094 
0.349121 0.030099 
0.350098 0.030104 
0.351074 0.030109 
0.352051 0.030115 
0.353027 0.030120 
0.354004 0.030126 
0.354980 0.030131 
0.355957 0.030137 
0.356934 0.030143 
0.357910 0.030148 
0.358887 0.030154 
0.359863 0.030160 
0.360840 0.030166 
0.361816 0.030172 
0.362793 0.030178 
0.363770 0.030184 
0.364746 0.030190 
0.365723 0.030196 
0.366699 0.030202 
0.367676 0.030208 
0.368652 0.030214 
0.369629 0.030221 
0.370605 0.030227 
0.371582 0.030233 
0.372559 0.030240 
0.373535 0.030247 
0.374512 0.030253 
0.375488 0.030260 
0.376465 0.030266 
0.377441 0.030273 
0.378418 0.030280 
0.379395 0.030287 
0.380371 0.030294 
0.381348 0.030301 
0.382324 0.030308 
0.383301 0.030315 
0.384277 0.030322 
0.385254 0.030330 
0.386230 0.030342 
0.387207 0.030608 
0.388184 0.030621 
0.389160 0.030633 
0.390137 0.030646 
0.391113 0.030659 
0.392090 0.030671 
0.393066 0.030685 
0.394043 0.030698 
0.395020 0.030711 
0.395996 0.030725 
0.396973 0.030739 
0.397949 0.030753 
0.398926 0.030767 
0.399902 0.030781 
0.400879 0.030796 
0.401855 0.030810 
0.402832 0.030825 
0.403809 0.030840 
0.404785 0.030856 
0.405762 0.030871 
0.406738 0.030887 
0.407715 0.030903 
0.408691 0.030919 
0.409668 0.030935 
0.410645 0.030952 
0.411621 0.030969 
0.412598 0.030985 
0.413574 0.031003 
0.414551 0.031020 
0.415527 0.031038 
0.416504 0.031056 
0.417480 0.031074 
0.418457 0.031092 
0.419434 0.031110 
0.420410 0.031129 
0.421387 0.031148 
0.422363 0.031168 
0.423340 0.031187 
0.424316 0.031207 
0.425293 0.031227 
0.426270 0.031247 
0.427246 0.031268 
0.428223 0.031289 
0.429199 0.031310 
0.430176 0.031331 
0.431152 0.031353 
0.432129 0.031375 
0.433105 0.031397 
0.434082 0.031419 
0.435059 0.031442 
0.436035 0.031465 
0.437012 0.031488 
0.437988 0.031512 
0.438965 0.031536 
0.439941 0.031560 
0.440918 0.031585 
0.441895 0.031610 
0.442871 0.031635 
0.443848 0.031661 
0.444824 0.031687 
0.445801 0.031713 
0.446777 0.031739 
0.447754 0.031766 
0.448730 0.031794 
0.449707 0.031821 
0.450684 0.031849 
0.451660 0.031877 
0.452637 0.031906 
0.453613 0.031935 
0.454590 0.031965 
0.455566 0.031994 
0.456543 0.032025 
0.457520 0.032055 
0.458496 0.032086 
0.459473 0.032118 
0.460449 0.032149 
0.461426 0.032182 
0.462402 0.032214 
0.463379 0.032247 
0.464355 0.032281 
0.465332 0.032315 
0.466309 0.032349 
0.467285 0.032384 
0.468262 0.032419 
0.469238 0.032455 
0.470215 0.032491 
0.471191 0.032527 
0.472168 0.032564 
0.473145 0.032602 
0.474121 0.032640 
0.475098 0.032679 
0.476074 0.032718 
0.477051 0.032757 
0.478027 0.032797 
0.479004 0.032838 
0.479980 0.032879 
0.480957 0.032920 
0.481934 0.032963 
0.482910 0.033005 
0.483887 0.033049 
0.484863 0.033092 
0.485840 0.033137 
0.486816 0.033182 
0.487793 0.033227 
0.488770 0.033273 
0.489746 0.033320 
0.490723 0.033367 
0.491699 0.033415 
0.492676 0.033464 
0.493652 0.033513 
0.494629 0.033563 
0.495605 0.033613 
0.496582 0.033665 
0.497559 0.033716 
0.498535 0.033769 
0.499512 0.033822 
