#cell coordinates and the corresponding deviation from the equilibrium 
-0.499512 0.033813 
-0.498535 0.033760 
-0.497559 0.033708 
-0.496582 0.033656 
-0.495605 0.033605 
-0.494629 0.033554 
-0.493652 0.033505 
-0.492676 0.033455 
-0.491699 0.033407 
-0.490723 0.033359 
-0.489746 0.033312 
-0.488770 0.033265 
-0.487793 0.033219 
-0.486816 0.033173 
-0.485840 0.033128 
-0.484863 0.033084 
-0.483887 0.033040 
-0.482910 0.032997 
-0.481934 0.032954 
-0.480957 0.032912 
-0.479980 0.032871 
-0.479004 0.032830 
-0.478027 0.032789 
-0.477051 0.032749 
-0.476074 0.032710 
-0.475098 0.032671 
-0.474121 0.032632 
-0.473145 0.032594 
-0.472168 0.032557 
-0.471191 0.032520 
-0.470215 0.032483 
-0.469238 0.032447 
-0.468262 0.032411 
-0.467285 0.032376 
-0.466309 0.032341 
-0.465332 0.032307 
-0.464355 0.032273 
-0.463379 0.032240 
-0.462402 0.032207 
-0.461426 0.032174 
-0.460449 0.032142 
-0.459473 0.032111 
-0.458496 0.032079 
-0.457520 0.032048 
-0.456543 0.032018 
-0.455566 0.031988 
-0.454590 0.031958 
-0.453613 0.031929 
-0.452637 0.031900 
-0.451660 0.031871 
-0.450684 0.031843 
-0.449707 0.031815 
-0.448730 0.031787 
-0.447754 0.031760 
-0.446777 0.031733 
-0.445801 0.031707 
-0.444824 0.031681 
-0.443848 0.031655 
-0.442871 0.031630 
-0.441895 0.031604 
-0.440918 0.031580 
-0.439941 0.031555 
-0.438965 0.031531 
-0.437988 0.031507 
-0.437012 0.031483 
-0.436035 0.031460 
-0.435059 0.031437 
-0.434082 0.031415 
-0.433105 0.031392 
-0.432129 0.031370 
-0.431152 0.031348 
-0.430176 0.031327 
-0.429199 0.031306 
-0.428223 0.031285 
-0.427246 0.031264 
-0.426270 0.031243 
-0.425293 0.031223 
-0.424316 0.031203 
-0.423340 0.031184 
-0.422363 0.031164 
-0.421387 0.031145 
-0.420410 0.031126 
-0.419434 0.031108 
-0.418457 0.031089 
-0.417480 0.031071 
-0.416504 0.031053 
-0.415527 0.031035 
-0.414551 0.031018 
-0.413574 0.031001 
-0.412598 0.030566 
-0.411621 0.030548 
-0.410645 0.030539 
-0.409668 0.030530 
-0.408691 0.030521 
-0.407715 0.030511 
-0.406738 0.030502 
-0.405762 0.030494 
-0.404785 0.030485 
-0.403809 0.030476 
-0.402832 0.030467 
-0.401855 0.030459 
-0.400879 0.030450 
-0.399902 0.030442 
-0.398926 0.030433 
-0.397949 0.030425 
-0.396973 0.030417 
-0.395996 0.030409 
-0.395020 0.030400 
-0.394043 0.030392 
-0.393066 0.030384 
-0.392090 0.030377 
-0.391113 0.030369 
-0.390137 0.030361 
-0.389160 0.030353 
-0.388184 0.030346 
-0.387207 0.030338 
-0.386230 0.030331 
-0.385254 0.030323 
-0.384277 0.030316 
-0.383301 0.030309 
-0.382324 0.030301 
-0.381348 0.030294 
-0.380371 0.030287 
-0.379395 0.030280 
-0.378418 0.030273 
-0.377441 0.030266 
-0.376465 0.030259 
-0.375488 0.030252 
-0.374512 0.030246 
-0.373535 0.030239 
-0.372559 0.030232 
-0.371582 0.030226 
-0.370605 0.030219 
-0.369629 0.030213 
-0.368652 0.030206 
-0.367676 0.030200 
-0.366699 0.030194 
-0.365723 0.030188 
-0.364746 0.030181 
-0.363770 0.030175 
-0.362793 0.030169 
-0.361816 0.030163 
-0.360840 0.030157 
-0.359863 0.030151 
-0.358887 0.030145 
-0.357910 0.030140 
-0.356934 0.030134 
-0.355957 0.030128 
-0.354980 0.030123 
-0.354004 0.030117 
-0.353027 0.030111 
-0.352051 0.030106 
-0.351074 0.030100 
-0.350098 0.030095 
-0.349121 0.030090 
-0.348145 0.030084 
-0.347168 0.030079 
-0.346191 0.030074 
-0.345215 0.030069 
-0.344238 0.030063 
-0.343262 0.030058 
-0.342285 0.030053 
-0.341309 0.030048 
-0.340332 0.030043 
-0.339355 0.030038 
-0.338379 0.030034 
-0.337402 0.030029 
-0.336426 0.030024 
-0.335449 0.030019 
-0.334473 0.030015 
-0.333496 0.030010 
-0.332520 0.030005 
-0.331543 0.030001 
-0.330566 0.029996 
-0.329590 0.029992 
-0.328613 0.029987 
-0.327637 0.029983 
-0.326660 0.029978 
-0.325684 0.029974 
-0.324707 0.029970 
-0.323730 0.029965 
-0.322754 0.029961 
-0.321777 0.029957 
-0.320801 0.029953 
-0.319824 0.029949 
-0.318848 0.029945 
-0.317871 0.029941 
-0.316895 0.029937 
-0.315918 0.029933 
-0.314941 0.029929 
-0.313965 0.029925 
-0.312988 0.029921 
-0.312012 0.029917 
-0.311035 0.029913 
-0.310059 0.029909 
-0.309082 0.029906 
-0.308105 0.029902 
-0.307129 0.029898 
-0.306152 0.029895 
-0.305176 0.029891 
-0.304199 0.029887 
-0.303223 0.029884 
-0.302246 0.029880 
-0.301270 0.029877 
-0.300293 0.029873 
-0.299316 0.029870 
-0.298340 0.029867 
-0.297363 0.029863 
-0.296387 0.029860 
-0.295410 0.029857 
-0.294434 0.029853 
-0.293457 0.029850 
-0.292480 0.029847 
-0.291504 0.029844 
-0.290527 0.029840 
-0.289551 0.029837 
-0.288574 0.029834 
-0.287598 0.029831 
-0.286621 0.029828 
-0.285645 0.029825 
-0.284668 0.029822 
-0.283691 0.029819 
-0.282715 0.029816 
-0.281738 0.029813 
-0.280762 0.029810 
-0.279785 0.029807 
-0.278809 0.029804 
-0.277832 0.029802 
-0.276855 0.029799 
-0.275879 0.029796 
-0.274902 0.029793 
-0.273926 0.029791 
-0.272949 0.029788 
-0.271973 0.029785 
-0.270996 0.029783 
-0.270020 0.029780 
-0.269043 0.029777 
-0.268066 0.029775 
-0.267090 0.029772 
-0.266113 0.029770 
-0.265137 0.029767 
-0.264160 0.029765 
-0.263184 0.029762 
-0.262207 0.029760 
-0.261230 0.029757 
-0.260254 0.029755 
-0.259277 0.029753 
-0.258301 0.029750 
-0.257324 0.029748 
-0.256348 0.029745 
-0.255371 0.029743 
-0.254395 0.029741 
-0.253418 0.029739 
-0.252441 0.029736 
-0.251465 0.029734 
-0.250488 0.029732 
-0.249512 0.029730 
-0.248535 0.029728 
-0.247559 0.029726 
-0.246582 0.029723 
-0.245605 0.029721 
-0.244629 0.029719 
-0.243652 0.029717 
-0.242676 0.029715 
-0.241699 0.029713 
-0.240723 0.029711 
-0.239746 0.029709 
-0.238770 0.029707 
-0.237793 0.029705 
-0.236816 0.029703 
-0.235840 0.029701 
-0.234863 0.029699 
-0.233887 0.029697 
-0.232910 0.029696 
-0.231934 0.029694 
-0.230957 0.029692 
-0.229980 0.029690 
-0.229004 0.029688 
-0.228027 0.029686 
-0.227051 0.029685 
-0.226074 0.029683 
-0.225098 0.029681 
-0.224121 0.029679 
-0.223145 0.029678 
-0.222168 0.029676 
-0.221191 0.029674 
-0.220215 0.029673 
-0.219238 0.029671 
-0.218262 0.029669 
-0.217285 0.029668 
-0.216309 0.029666 
-0.215332 0.029665 
-0.214355 0.029663 
-0.213379 0.029661 
-0.212402 0.029660 
-0.211426 0.029658 
-0.210449 0.029657 
-0.209473 0.029655 
-0.208496 0.029654 
-0.207520 0.029652 
-0.206543 0.029651 
-0.205566 0.029649 
-0.204590 0.029648 
-0.203613 0.029647 
-0.202637 0.029645 
-0.201660 0.029644 
-0.200684 0.029642 
-0.199707 0.029641 
-0.198730 0.029640 
-0.197754 0.029638 
-0.196777 0.029637 
-0.195801 0.029636 
-0.194824 0.029634 
-0.193848 0.029633 
-0.192871 0.029632 
-0.191895 0.029630 
-0.190918 0.029629 
-0.189941 0.029628 
-0.188965 0.029627 
-0.187988 0.029625 
-0.187012 0.029624 
-0.186035 0.029623 
-0.185059 0.029622 
-0.184082 0.029621 
-0.183105 0.029620 
-0.182129 0.029618 
-0.181152 0.029617 
-0.180176 0.029616 
-0.179199 0.029615 
-0.178223 0.029614 
-0.177246 0.029613 
-0.176270 0.029612 
-0.175293 0.029611 
-0.174316 0.029609 
-0.173340 0.029608 
-0.172363 0.029607 
-0.171387 0.029606 
-0.170410 0.029605 
-0.169434 0.029604 
-0.168457 0.029603 
-0.167480 0.029602 
-0.166504 0.029601 
-0.165527 0.029600 
-0.164551 0.029599 
-0.163574 0.029598 
-0.162598 0.029597 
-0.161621 0.029596 
-0.160645 0.029595 
-0.159668 0.029594 
-0.158691 0.029594 
-0.157715 0.029593 
-0.156738 0.029592 
-0.155762 0.029591 
-0.154785 0.029590 
-0.153809 0.029589 
-0.152832 0.029588 
-0.151855 0.029587 
-0.150879 0.029586 
-0.149902 0.029586 
-0.148926 0.029585 
-0.147949 0.029584 
-0.146973 0.029583 
-0.145996 0.029582 
-0.145020 0.029582 
-0.144043 0.029581 
-0.143066 0.029580 
-0.142090 0.029579 
-0.141113 0.029578 
-0.140137 0.029578 
-0.139160 0.029577 
-0.138184 0.029576 
-0.137207 0.029575 
-0.136230 0.029575 
-0.135254 0.029574 
-0.134277 0.029573 
-0.133301 0.029573 
-0.132324 0.029572 
-0.131348 0.029571 
-0.130371 0.029570 
-0.129395 0.029570 
-0.128418 0.029569 
-0.127441 0.029568 
-0.126465 0.029568 
-0.125488 0.029567 
-0.124512 0.029566 
-0.123535 0.029566 
-0.122559 0.029565 
-0.121582 0.029565 
-0.120605 0.029564 
-0.119629 0.029563 
-0.118652 0.029563 
-0.117676 0.029562 
-0.116699 0.029562 
-0.115723 0.029561 
-0.114746 0.029560 
-0.113770 0.029560 
-0.112793 0.029559 
-0.111816 0.029559 
-0.110840 0.029558 
-0.109863 0.029558 
-0.108887 0.029557 
-0.107910 0.029557 
-0.106934 0.029556 
-0.105957 0.029556 
-0.104980 0.029555 
-0.104004 0.029554 
-0.103027 0.029554 
-0.102051 0.029553 
-0.101074 0.029553 
-0.100098 0.029553 
-0.099121 0.029552 
-0.098145 0.029552 
-0.097168 0.029551 
-0.096191 0.029551 
-0.095215 0.029550 
-0.094238 0.029550 
-0.093262 0.029549 
-0.092285 0.029549 
-0.091309 0.029548 
-0.090332 0.029548 
-0.089355 0.029548 
-0.088379 0.029547 
-0.087402 0.029547 
-0.086426 0.029546 
-0.085449 0.029546 
-0.084473 0.029546 
-0.083496 0.029545 
-0.082520 0.029545 
-0.081543 0.029544 
-0.080566 0.029544 
-0.079590 0.029544 
-0.078613 0.029543 
-0.077637 0.029543 
-0.076660 0.029543 
-0.075684 0.029542 
-0.074707 0.029542 
-0.073730 0.029542 
-0.072754 0.029541 
-0.071777 0.029541 
-0.070801 0.029541 
-0.069824 0.029540 
-0.068848 0.029540 
-0.067871 0.029540 
-0.066895 0.029539 
-0.065918 0.029539 
-0.064941 0.029539 
-0.063965 0.029538 
-0.062988 0.029538 
-0.062012 0.029538 
-0.061035 0.029538 
-0.060059 0.029537 
-0.059082 0.029537 
-0.058105 0.029537 
-0.057129 0.029537 
-0.056152 0.029536 
-0.055176 0.029536 
-0.054199 0.029536 
-0.053223 0.029536 
-0.052246 0.029535 
-0.051270 0.029535 
-0.050293 0.029535 
-0.049316 0.029535 
-0.048340 0.029535 
-0.047363 0.029534 
-0.046387 0.029534 
-0.045410 0.029534 
-0.044434 0.029534 
-0.043457 0.029534 
-0.042480 0.029533 
-0.041504 0.029533 
-0.040527 0.029533 
-0.039551 0.029533 
-0.038574 0.029533 
-0.037598 0.029532 
-0.036621 0.029532 
-0.035645 0.029532 
-0.034668 0.029532 
-0.033691 0.029532 
-0.032715 0.029532 
-0.031738 0.029532 
-0.030762 0.029531 
-0.029785 0.029531 
-0.028809 0.029531 
-0.027832 0.029531 
-0.026855 0.029531 
-0.025879 0.029531 
-0.024902 0.029531 
-0.023926 0.029531 
-0.022949 0.029531 
-0.021973 0.029530 
-0.020996 0.029530 
-0.020020 0.029530 
-0.019043 0.029530 
-0.018066 0.029530 
-0.017090 0.029530 
-0.016113 0.029530 
-0.015137 0.029530 
-0.014160 0.029530 
-0.013184 0.029530 
-0.012207 0.029530 
-0.011230 0.029530 
-0.010254 0.029530 
-0.009277 0.029530 
-0.008301 0.029530 
-0.007324 0.029530 
-0.006348 0.029529 
-0.005371 0.029529 
-0.004395 0.029529 
-0.003418 0.029529 
-0.002441 0.029529 
-0.001465 0.029529 
-0.000488 0.029529 
0.000488 0.029529 
0.001465 0.029529 
0.002441 0.029529 
0.003418 0.029529 
0.004395 0.029529 
0.005371 0.029529 
0.006348 0.029529 
0.007324 0.029530 
0.008301 0.029530 
0.009277 0.029530 
0.010254 0.029530 
0.011230 0.029530 
0.012207 0.029530 
0.013184 0.029530 
0.014160 0.029530 
0.015137 0.029530 
0.016113 0.029530 
0.017090 0.029530 
0.018066 0.029530 
0.019043 0.029530 
0.020020 0.029530 
0.020996 0.029530 
0.021973 0.029530 
0.022949 0.029531 
0.023926 0.029531 
0.024902 0.029531 
0.025879 0.029531 
0.026855 0.029531 
0.027832 0.029531 
0.028809 0.029531 
0.029785 0.029531 
0.030762 0.029531 
0.031738 0.029532 
0.032715 0.029532 
0.033691 0.029532 
0.034668 0.029532 
0.035645 0.029532 
0.036621 0.029532 
0.037598 0.029532 
0.038574 0.029533 
0.039551 0.029533 
0.040527 0.029533 
0.041504 0.029533 
0.042480 0.029533 
0.043457 0.029534 
0.044434 0.029534 
0.045410 0.029534 
0.046387 0.029534 
0.047363 0.029534 
0.048340 0.029535 
0.049316 0.029535 
0.050293 0.029535 
0.051270 0.029535 
0.052246 0.029535 
0.053223 0.029536 
0.054199 0.029536 
0.055176 0.029536 
0.056152 0.029536 
0.057129 0.029537 
0.058105 0.029537 
0.059082 0.029537 
0.060059 0.029537 
0.061035 0.029538 
0.062012 0.029538 
0.062988 0.029538 
0.063965 0.029538 
0.064941 0.029539 
0.065918 0.029539 
0.066895 0.029539 
0.067871 0.029540 
0.068848 0.029540 
0.069824 0.029540 
0.070801 0.029541 
0.071777 0.029541 
0.072754 0.029541 
0.073730 0.029542 
0.074707 0.029542 
0.075684 0.029542 
0.076660 0.029543 
0.077637 0.029543 
0.078613 0.029543 
0.079590 0.029544 
0.080566 0.029544 
0.081543 0.029544 
0.082520 0.029545 
0.083496 0.029545 
0.084473 0.029546 
0.085449 0.029546 
0.086426 0.029546 
0.087402 0.029547 
0.088379 0.029547 
0.089355 0.029548 
0.090332 0.029548 
0.091309 0.029548 
0.092285 0.029549 
0.093262 0.029549 
0.094238 0.029550 
0.095215 0.029550 
0.096191 0.029551 
0.097168 0.029551 
0.098145 0.029552 
0.099121 0.029552 
0.100098 0.029553 
0.101074 0.029553 
0.102051 0.029553 
0.103027 0.029554 
0.104004 0.029554 
0.104980 0.029555 
0.105957 0.029556 
0.106934 0.029556 
0.107910 0.029557 
0.108887 0.029557 
0.109863 0.029558 
0.110840 0.029558 
0.111816 0.029559 
0.112793 0.029559 
0.113770 0.029560 
0.114746 0.029560 
0.115723 0.029561 
0.116699 0.029562 
0.117676 0.029562 
0.118652 0.029563 
0.119629 0.029563 
0.120605 0.029564 
0.121582 0.029565 
0.122559 0.029565 
0.123535 0.029566 
0.124512 0.029566 
0.125488 0.029567 
0.126465 0.029568 
0.127441 0.029568 
0.128418 0.029569 
0.129395 0.029570 
0.130371 0.029570 
0.131348 0.029571 
0.132324 0.029572 
0.133301 0.029573 
0.134277 0.029573 
0.135254 0.029574 
0.136230 0.029575 
0.137207 0.029575 
0.138184 0.029576 
0.139160 0.029577 
0.140137 0.029578 
0.141113 0.029578 
0.142090 0.029579 
0.143066 0.029580 
0.144043 0.029581 
0.145020 0.029582 
0.145996 0.029582 
0.146973 0.029583 
0.147949 0.029584 
0.148926 0.029585 
0.149902 0.029586 
0.150879 0.029586 
0.151855 0.029587 
0.152832 0.029588 
0.153809 0.029589 
0.154785 0.029590 
0.155762 0.029591 
0.156738 0.029592 
0.157715 0.029593 
0.158691 0.029594 
0.159668 0.029594 
0.160645 0.029595 
0.161621 0.029596 
0.162598 0.029597 
0.163574 0.029598 
0.164551 0.029599 
0.165527 0.029600 
0.166504 0.029601 
0.167480 0.029602 
0.168457 0.029603 
0.169434 0.029604 
0.170410 0.029605 
0.171387 0.029606 
0.172363 0.029607 
0.173340 0.029608 
0.174316 0.029609 
0.175293 0.029611 
0.176270 0.029612 
0.177246 0.029613 
0.178223 0.029614 
0.179199 0.029615 
0.180176 0.029616 
0.181152 0.029617 
0.182129 0.029618 
0.183105 0.029620 
0.184082 0.029621 
0.185059 0.029622 
0.186035 0.029623 
0.187012 0.029624 
0.187988 0.029625 
0.188965 0.029627 
0.189941 0.029628 
0.190918 0.029629 
0.191895 0.029630 
0.192871 0.029632 
0.193848 0.029633 
0.194824 0.029634 
0.195801 0.029636 
0.196777 0.029637 
0.197754 0.029638 
0.198730 0.029640 
0.199707 0.029641 
0.200684 0.029642 
0.201660 0.029644 
0.202637 0.029645 
0.203613 0.029647 
0.204590 0.029648 
0.205566 0.029649 
0.206543 0.029651 
0.207520 0.029652 
0.208496 0.029654 
0.209473 0.029655 
0.210449 0.029657 
0.211426 0.029658 
0.212402 0.029660 
0.213379 0.029661 
0.214355 0.029663 
0.215332 0.029665 
0.216309 0.029666 
0.217285 0.029668 
0.218262 0.029669 
0.219238 0.029671 
0.220215 0.029673 
0.221191 0.029674 
0.222168 0.029676 
0.223145 0.029678 
0.224121 0.029679 
0.225098 0.029681 
0.226074 0.029683 
0.227051 0.029685 
0.228027 0.029686 
0.229004 0.029688 
0.229980 0.029690 
0.230957 0.029692 
0.231934 0.029694 
0.232910 0.029696 
0.233887 0.029697 
0.234863 0.029699 
0.235840 0.029701 
0.236816 0.029703 
0.237793 0.029705 
0.238770 0.029707 
0.239746 0.029709 
0.240723 0.029711 
0.241699 0.029713 
0.242676 0.029715 
0.243652 0.029717 
0.244629 0.029719 
0.245605 0.029721 
0.246582 0.029723 
0.247559 0.029726 
0.248535 0.029728 
0.249512 0.029730 
0.250488 0.029732 
0.251465 0.029734 
0.252441 0.029736 
0.253418 0.029739 
0.254395 0.029741 
0.255371 0.029743 
0.256348 0.029745 
0.257324 0.029748 
0.258301 0.029750 
0.259277 0.029753 
0.260254 0.029755 
0.261230 0.029757 
0.262207 0.029760 
0.263184 0.029762 
0.264160 0.029765 
0.265137 0.029767 
0.266113 0.029770 
0.267090 0.029772 
0.268066 0.029775 
0.269043 0.029777 
0.270020 0.029780 
0.270996 0.029783 
0.271973 0.029785 
0.272949 0.029788 
0.273926 0.029791 
0.274902 0.029793 
0.275879 0.029796 
0.276855 0.029799 
0.277832 0.029802 
0.278809 0.029804 
0.279785 0.029807 
0.280762 0.029810 
0.281738 0.029813 
0.282715 0.029816 
0.283691 0.029819 
0.284668 0.029822 
0.285645 0.029825 
0.286621 0.029828 
0.287598 0.029831 
0.288574 0.029834 
0.289551 0.029837 
0.290527 0.029840 
0.291504 0.029844 
0.292480 0.029847 
0.293457 0.029850 
0.294434 0.029853 
0.295410 0.029857 
0.296387 0.029860 
0.297363 0.029863 
0.298340 0.029867 
0.299316 0.029870 
0.300293 0.029873 
0.301270 0.029877 
0.302246 0.029880 
0.303223 0.029884 
0.304199 0.029887 
0.305176 0.029891 
0.306152 0.029895 
0.307129 0.029898 
0.308105 0.029902 
0.309082 0.029906 
0.310059 0.029909 
0.311035 0.029913 
0.312012 0.029917 
0.312988 0.029921 
0.313965 0.029925 
0.314941 0.029929 
0.315918 0.029933 
0.316895 0.029937 
0.317871 0.029941 
0.318848 0.029945 
0.319824 0.029949 
0.320801 0.029953 
0.321777 0.029957 
0.322754 0.029961 
0.323730 0.029965 
0.324707 0.029970 
0.325684 0.029974 
0.326660 0.029978 
0.327637 0.029983 
0.328613 0.029987 
0.329590 0.029992 
0.330566 0.029996 
0.331543 0.030001 
0.332520 0.030005 
0.333496 0.030010 
0.334473 0.030015 
0.335449 0.030019 
0.336426 0.030024 
0.337402 0.030029 
0.338379 0.030034 
0.339355 0.030038 
0.340332 0.030043 
0.341309 0.030048 
0.342285 0.030053 
0.343262 0.030058 
0.344238 0.030063 
0.345215 0.030069 
0.346191 0.030074 
0.347168 0.030079 
0.348145 0.030084 
0.349121 0.030090 
0.350098 0.030095 
0.351074 0.030100 
0.352051 0.030106 
0.353027 0.030111 
0.354004 0.030117 
0.354980 0.030123 
0.355957 0.030128 
0.356934 0.030134 
0.357910 0.030140 
0.358887 0.030145 
0.359863 0.030151 
0.360840 0.030157 
0.361816 0.030163 
0.362793 0.030169 
0.363770 0.030175 
0.364746 0.030181 
0.365723 0.030188 
0.366699 0.030194 
0.367676 0.030200 
0.368652 0.030206 
0.369629 0.030213 
0.370605 0.030219 
0.371582 0.030226 
0.372559 0.030232 
0.373535 0.030239 
0.374512 0.030246 
0.375488 0.030252 
0.376465 0.030259 
0.377441 0.030266 
0.378418 0.030273 
0.379395 0.030280 
0.380371 0.030287 
0.381348 0.030294 
0.382324 0.030301 
0.383301 0.030309 
0.384277 0.030316 
0.385254 0.030323 
0.386230 0.030331 
0.387207 0.030338 
0.388184 0.030346 
0.389160 0.030353 
0.390137 0.030361 
0.391113 0.030369 
0.392090 0.030377 
0.393066 0.030384 
0.394043 0.030392 
0.395020 0.030400 
0.395996 0.030409 
0.396973 0.030417 
0.397949 0.030425 
0.398926 0.030433 
0.399902 0.030442 
0.400879 0.030450 
0.401855 0.030459 
0.402832 0.030467 
0.403809 0.030476 
0.404785 0.030485 
0.405762 0.030494 
0.406738 0.030502 
0.407715 0.030511 
0.408691 0.030521 
0.409668 0.030530 
0.410645 0.030539 
0.411621 0.030548 
0.412598 0.030566 
0.413574 0.031001 
0.414551 0.031018 
0.415527 0.031035 
0.416504 0.031053 
0.417480 0.031071 
0.418457 0.031089 
0.419434 0.031108 
0.420410 0.031126 
0.421387 0.031145 
0.422363 0.031164 
0.423340 0.031184 
0.424316 0.031203 
0.425293 0.031223 
0.426270 0.031243 
0.427246 0.031264 
0.428223 0.031285 
0.429199 0.031306 
0.430176 0.031327 
0.431152 0.031348 
0.432129 0.031370 
0.433105 0.031392 
0.434082 0.031415 
0.435059 0.031437 
0.436035 0.031460 
0.437012 0.031483 
0.437988 0.031507 
0.438965 0.031531 
0.439941 0.031555 
0.440918 0.031580 
0.441895 0.031604 
0.442871 0.031630 
0.443848 0.031655 
0.444824 0.031681 
0.445801 0.031707 
0.446777 0.031733 
0.447754 0.031760 
0.448730 0.031787 
0.449707 0.031815 
0.450684 0.031843 
0.451660 0.031871 
0.452637 0.031900 
0.453613 0.031929 
0.454590 0.031958 
0.455566 0.031988 
0.456543 0.032018 
0.457520 0.032048 
0.458496 0.032079 
0.459473 0.032111 
0.460449 0.032142 
0.461426 0.032174 
0.462402 0.032207 
0.463379 0.032240 
0.464355 0.032273 
0.465332 0.032307 
0.466309 0.032341 
0.467285 0.032376 
0.468262 0.032411 
0.469238 0.032447 
0.470215 0.032483 
0.471191 0.032520 
0.472168 0.032557 
0.473145 0.032594 
0.474121 0.032632 
0.475098 0.032671 
0.476074 0.032710 
0.477051 0.032749 
0.478027 0.032789 
0.479004 0.032830 
0.479980 0.032871 
0.480957 0.032912 
0.481934 0.032954 
0.482910 0.032997 
0.483887 0.033040 
0.484863 0.033084 
0.485840 0.033128 
0.486816 0.033173 
0.487793 0.033219 
0.488770 0.033265 
0.489746 0.033312 
0.490723 0.033359 
0.491699 0.033407 
0.492676 0.033455 
0.493652 0.033505 
0.494629 0.033554 
0.495605 0.033605 
0.496582 0.033656 
0.497559 0.033708 
0.498535 0.033760 
0.499512 0.033813 
