#x y at the midpoint of each cell and the error in every component
-0.499512 0.779074 0.000000 0.004524 0.171381 0.049048 0.036460 0.012839 0.022114 
-0.498535 0.777303 0.000000 0.004057 0.171381 0.048801 0.036247 0.012758 0.021869 
-0.497559 0.775535 0.000000 0.003601 0.171381 0.048555 0.036034 0.012678 0.021625 
-0.496582 0.773771 0.000000 0.003157 0.171381 0.048311 0.035822 0.012599 0.021383 
-0.495605 0.772009 0.000000 0.002723 0.171381 0.048069 0.035612 0.012520 0.021142 
-0.494629 0.770250 0.000000 0.002300 0.171381 0.047829 0.035403 0.012443 0.020902 
-0.493652 0.768495 0.000000 0.001887 0.171381 0.047591 0.035194 0.012366 0.020663 
-0.492676 0.766742 0.000000 0.001484 0.171381 0.047355 0.034987 0.012290 0.020426 
-0.491699 0.764993 0.000000 0.001091 0.171381 0.047120 0.034781 0.012215 0.020189 
-0.490723 0.763247 0.000000 0.000707 0.171381 0.046887 0.034575 0.012141 0.019954 
-0.489746 0.761503 0.000000 0.000333 0.171381 0.046657 0.034371 0.012068 0.019721 
-0.488770 0.759763 0.000000 0.000032 0.171381 0.046428 0.034168 0.011995 0.019488 
-0.487793 0.736713 0.000000 0.014682 0.171381 0.033145 0.033991 0.000000 0.000000 
-0.486816 0.735087 0.000000 0.014257 0.171381 0.032991 0.033850 0.000000 0.000000 
-0.485840 0.733480 0.000000 0.013830 0.171381 0.032843 0.033706 0.000000 0.000000 
-0.484863 0.731873 0.000000 0.013412 0.171381 0.032696 0.033563 0.000000 0.000000 
-0.483887 0.730268 0.000000 0.013004 0.171381 0.032550 0.033420 0.000000 0.000000 
-0.482910 0.728664 0.000000 0.012605 0.171381 0.032404 0.033278 0.000000 0.000000 
-0.481934 0.727060 0.000000 0.012215 0.171381 0.032259 0.033137 0.000000 0.000000 
-0.480957 0.725458 0.000000 0.011833 0.171381 0.032115 0.032997 0.000000 0.000000 
-0.479980 0.723856 0.000000 0.011461 0.171381 0.031971 0.032857 0.000000 0.000000 
-0.479004 0.722256 0.000000 0.011096 0.171381 0.031828 0.032717 0.000000 0.000000 
-0.478027 0.720657 0.000000 0.010740 0.171381 0.031685 0.032579 0.000000 0.000000 
-0.477051 0.719058 0.000000 0.010391 0.171381 0.031543 0.032441 0.000000 0.000000 
-0.476074 0.717461 0.000000 0.010051 0.171381 0.031402 0.032303 0.000000 0.000000 
-0.475098 0.715865 0.000000 0.009718 0.171381 0.031261 0.032166 0.000000 0.000000 
-0.474121 0.714269 0.000000 0.009393 0.171381 0.031121 0.032030 0.000000 0.000000 
-0.473145 0.712675 0.000000 0.009075 0.171381 0.030981 0.031895 0.000000 0.000000 
-0.472168 0.711081 0.000000 0.008764 0.171381 0.030842 0.031760 0.000000 0.000000 
-0.471191 0.709489 0.000000 0.008460 0.171381 0.030704 0.031625 0.000000 0.000000 
-0.470215 0.707897 0.000000 0.008163 0.171381 0.030566 0.031491 0.000000 0.000000 
-0.469238 0.706306 0.000000 0.007873 0.171381 0.030429 0.031358 0.000000 0.000000 
-0.468262 0.704717 0.000000 0.007589 0.171381 0.030292 0.031226 0.000000 0.000000 
-0.467285 0.703128 0.000000 0.007312 0.171381 0.030156 0.031094 0.000000 0.000000 
-0.466309 0.701540 0.000000 0.007041 0.171381 0.030021 0.030962 0.000000 0.000000 
-0.465332 0.699953 0.000000 0.006776 0.171381 0.029886 0.030831 0.000000 0.000000 
-0.464355 0.698367 0.000000 0.006517 0.171381 0.029751 0.030701 0.000000 0.000000 
-0.463379 0.696782 0.000000 0.006265 0.171381 0.029617 0.030571 0.000000 0.000000 
-0.462402 0.695198 0.000000 0.006017 0.171381 0.029484 0.030442 0.000000 0.000000 
-0.461426 0.693615 0.000000 0.005776 0.171381 0.029352 0.030314 0.000000 0.000000 
-0.460449 0.692033 0.000000 0.005540 0.171381 0.029219 0.030186 0.000000 0.000000 
-0.459473 0.690451 0.000000 0.005309 0.171381 0.029088 0.030059 0.000000 0.000000 
-0.458496 0.688871 0.000000 0.005084 0.171381 0.028957 0.029932 0.000000 0.000000 
-0.457520 0.687291 0.000000 0.004863 0.171381 0.028826 0.029806 0.000000 0.000000 
-0.456543 0.685713 0.000000 0.004648 0.171381 0.028697 0.029680 0.000000 0.000000 
-0.455566 0.684135 0.000000 0.004438 0.171381 0.028567 0.029555 0.000000 0.000000 
-0.454590 0.682558 0.000000 0.004232 0.171381 0.028438 0.029431 0.000000 0.000000 
-0.453613 0.680982 0.000000 0.004032 0.171381 0.028310 0.029307 0.000000 0.000000 
-0.452637 0.679407 0.000000 0.003835 0.171381 0.028182 0.029183 0.000000 0.000000 
-0.451660 0.677833 0.000000 0.003644 0.171381 0.028055 0.029061 0.000000 0.000000 
-0.450684 0.676259 0.000000 0.003457 0.171381 0.027929 0.028938 0.000000 0.000000 
-0.449707 0.674687 0.000000 0.003274 0.171381 0.027802 0.028817 0.000000 0.000000 
-0.448730 0.673115 0.000000 0.003095 0.171381 0.027677 0.028695 0.000000 0.000000 
-0.447754 0.671545 0.000000 0.002920 0.171381 0.027552 0.028575 0.000000 0.000000 
-0.446777 0.669975 0.000000 0.002750 0.171381 0.027427 0.028455 0.000000 0.000000 
-0.445801 0.668406 0.000000 0.002583 0.171381 0.027303 0.028335 0.000000 0.000000 
-0.444824 0.666837 0.000000 0.002421 0.171381 0.027180 0.028216 0.000000 0.000000 
-0.443848 0.665270 0.000000 0.002262 0.171381 0.027057 0.028098 0.000000 0.000000 
-0.442871 0.663704 0.000000 0.002107 0.171381 0.026934 0.027980 0.000000 0.000000 
-0.441895 0.662138 0.000000 0.001955 0.171381 0.026812 0.027863 0.000000 0.000000 
-0.440918 0.660573 0.000000 0.001807 0.171381 0.026691 0.027746 0.000000 0.000000 
-0.439941 0.659009 0.000000 0.001663 0.171381 0.026570 0.027629 0.000000 0.000000 
-0.438965 0.657446 0.000000 0.001522 0.171381 0.026450 0.027514 0.000000 0.000000 
-0.437988 0.655884 0.000000 0.001384 0.171381 0.026330 0.027398 0.000000 0.000000 
-0.437012 0.654322 0.000000 0.001249 0.171381 0.026210 0.027284 0.000000 0.000000 
-0.436035 0.652761 0.000000 0.001118 0.171381 0.026091 0.027170 0.000000 0.000000 
-0.435059 0.651202 0.000000 0.000990 0.171381 0.025973 0.027056 0.000000 0.000000 
-0.434082 0.649642 0.000000 0.000864 0.171381 0.025855 0.026943 0.000000 0.000000 
-0.433105 0.648084 0.000000 0.000742 0.171381 0.025738 0.026830 0.000000 0.000000 
-0.432129 0.646527 0.000000 0.000623 0.171381 0.025621 0.026718 0.000000 0.000000 
-0.431152 0.644970 0.000000 0.000506 0.171381 0.025504 0.026606 0.000000 0.000000 
-0.430176 0.643414 0.000000 0.000393 0.171381 0.025388 0.026495 0.000000 0.000000 
-0.429199 0.641859 0.000000 0.000282 0.171381 0.025273 0.026384 0.000000 0.000000 
-0.428223 0.640305 0.000000 0.000173 0.171381 0.025158 0.026274 0.000000 0.000000 
-0.427246 0.638751 0.000000 0.000068 0.171381 0.025043 0.026165 0.000000 0.000000 
-0.426270 0.637199 0.000000 0.000035 0.171381 0.024929 0.026056 0.000000 0.000000 
-0.425293 0.635647 0.000000 0.000136 0.171381 0.024816 0.025947 0.000000 0.000000 
-0.424316 0.634095 0.000000 0.000234 0.171381 0.024703 0.025839 0.000000 0.000000 
-0.423340 0.632545 0.000000 0.000330 0.171381 0.024590 0.025731 0.000000 0.000000 
-0.422363 0.630995 0.000000 0.000423 0.171381 0.024478 0.025624 0.000000 0.000000 
-0.421387 0.629446 0.000000 0.000515 0.171381 0.024366 0.025517 0.000000 0.000000 
-0.420410 0.627898 0.000000 0.000603 0.171381 0.024255 0.025411 0.000000 0.000000 
-0.419434 0.626351 0.000000 0.000690 0.171381 0.024144 0.025306 0.000000 0.000000 
-0.418457 0.624804 0.000000 0.000775 0.171381 0.024034 0.025200 0.000000 0.000000 
-0.417480 0.623258 0.000000 0.000857 0.171381 0.023924 0.025096 0.000000 0.000000 
-0.416504 0.621713 0.000000 0.000938 0.171381 0.023815 0.024991 0.000000 0.000000 
-0.415527 0.620169 0.000000 0.001016 0.171381 0.023706 0.024888 0.000000 0.000000 
-0.414551 0.618625 0.000000 0.001092 0.171381 0.023597 0.024784 0.000000 0.000000 
-0.413574 0.617082 0.000000 0.001167 0.171381 0.023489 0.024681 0.000000 0.000000 
-0.412598 0.615540 0.000000 0.001239 0.171381 0.023382 0.024579 0.000000 0.000000 
-0.411621 0.613999 0.000000 0.001310 0.171381 0.023275 0.024477 0.000000 0.000000 
-0.410645 0.612458 0.000000 0.001379 0.171381 0.023168 0.024376 0.000000 0.000000 
-0.409668 0.610918 0.000000 0.001446 0.171381 0.023062 0.024275 0.000000 0.000000 
-0.408691 0.609379 0.000000 0.001512 0.171381 0.022956 0.024174 0.000000 0.000000 
-0.407715 0.607840 0.000000 0.001576 0.171381 0.022851 0.024074 0.000000 0.000000 
-0.406738 0.606302 0.000000 0.001638 0.171381 0.022746 0.023975 0.000000 0.000000 
-0.405762 0.604765 0.000000 0.001698 0.171381 0.022641 0.023876 0.000000 0.000000 
-0.404785 0.603229 0.000000 0.001757 0.171381 0.022537 0.023777 0.000000 0.000000 
-0.403809 0.601693 0.000000 0.001815 0.171381 0.022434 0.023679 0.000000 0.000000 
-0.402832 0.600158 0.000000 0.001870 0.171381 0.022330 0.023581 0.000000 0.000000 
-0.401855 0.598623 0.000000 0.001925 0.171381 0.022228 0.023484 0.000000 0.000000 
-0.400879 0.597090 0.000000 0.001978 0.171381 0.022125 0.023387 0.000000 0.000000 
-0.399902 0.595557 0.000000 0.002029 0.171381 0.022023 0.023291 0.000000 0.000000 
-0.398926 0.594025 0.000000 0.002079 0.171381 0.021922 0.023195 0.000000 0.000000 
-0.397949 0.592493 0.000000 0.002128 0.171381 0.021821 0.023099 0.000000 0.000000 
-0.396973 0.590962 0.000000 0.002175 0.171381 0.021720 0.023004 0.000000 0.000000 
-0.395996 0.589432 0.000000 0.002221 0.171381 0.021620 0.022909 0.000000 0.000000 
-0.395020 0.587902 0.000000 0.002266 0.171381 0.021520 0.022815 0.000000 0.000000 
-0.394043 0.586373 0.000000 0.002310 0.171381 0.021421 0.022721 0.000000 0.000000 
-0.393066 0.584845 0.000000 0.002352 0.171381 0.021322 0.022628 0.000000 0.000000 
-0.392090 0.583317 0.000000 0.002393 0.171381 0.021223 0.022535 0.000000 0.000000 
-0.391113 0.581791 0.000000 0.002433 0.171381 0.021125 0.022443 0.000000 0.000000 
-0.390137 0.580264 0.000000 0.002472 0.171381 0.021027 0.022351 0.000000 0.000000 
-0.389160 0.578739 0.000000 0.002510 0.171381 0.020929 0.022259 0.000000 0.000000 
-0.388184 0.577214 0.000000 0.002546 0.171381 0.020832 0.022168 0.000000 0.000000 
-0.387207 0.575689 0.000000 0.002582 0.171381 0.020736 0.022077 0.000000 0.000000 
-0.386230 0.574166 0.000000 0.002617 0.171381 0.020640 0.021987 0.000000 0.000000 
-0.385254 0.572643 0.000000 0.002650 0.171381 0.020544 0.021897 0.000000 0.000000 
-0.384277 0.571120 0.000000 0.002682 0.171381 0.020448 0.021807 0.000000 0.000000 
-0.383301 0.569599 0.000000 0.002714 0.171381 0.020353 0.021718 0.000000 0.000000 
-0.382324 0.568078 0.000000 0.002744 0.171381 0.020259 0.021629 0.000000 0.000000 
-0.381348 0.566557 0.000000 0.002774 0.171381 0.020164 0.021541 0.000000 0.000000 
-0.380371 0.565037 0.000000 0.002803 0.171381 0.020070 0.021453 0.000000 0.000000 
-0.379395 0.563518 0.000000 0.002830 0.171381 0.019977 0.021366 0.000000 0.000000 
-0.378418 0.561999 0.000000 0.002857 0.171381 0.019884 0.021279 0.000000 0.000000 
-0.377441 0.560481 0.000000 0.002883 0.171381 0.019791 0.021192 0.000000 0.000000 
-0.376465 0.558964 0.000000 0.002908 0.171381 0.019699 0.021106 0.000000 0.000000 
-0.375488 0.557447 0.000000 0.002933 0.171381 0.019607 0.021020 0.000000 0.000000 
-0.374512 0.555931 0.000000 0.002956 0.171381 0.019515 0.020935 0.000000 0.000000 
-0.373535 0.554416 0.000000 0.002979 0.171381 0.019424 0.020850 0.000000 0.000000 
-0.372559 0.552901 0.000000 0.003001 0.171381 0.019333 0.020765 0.000000 0.000000 
-0.371582 0.551386 0.000000 0.003022 0.171381 0.019243 0.020681 0.000000 0.000000 
-0.370605 0.549873 0.000000 0.003043 0.171381 0.019152 0.020597 0.000000 0.000000 
-0.369629 0.548360 0.000000 0.003062 0.171381 0.019063 0.020513 0.000000 0.000000 
-0.368652 0.546847 0.000000 0.003081 0.171381 0.018973 0.020430 0.000000 0.000000 
-0.367676 0.545335 0.000000 0.003100 0.171381 0.018884 0.020348 0.000000 0.000000 
-0.366699 0.543824 0.000000 0.003117 0.171381 0.018795 0.020265 0.000000 0.000000 
-0.365723 0.542313 0.000000 0.003134 0.171381 0.018707 0.020184 0.000000 0.000000 
-0.364746 0.540803 0.000000 0.003151 0.171381 0.018619 0.020102 0.000000 0.000000 
-0.363770 0.539293 0.000000 0.003166 0.171381 0.018532 0.020021 0.000000 0.000000 
-0.362793 0.537784 0.000000 0.003181 0.171381 0.018444 0.019940 0.000000 0.000000 
-0.361816 0.536276 0.000000 0.003196 0.171381 0.018357 0.019860 0.000000 0.000000 
-0.360840 0.534768 0.000000 0.003209 0.171381 0.018271 0.019780 0.000000 0.000000 
-0.359863 0.533261 0.000000 0.003223 0.171381 0.018185 0.019700 0.000000 0.000000 
-0.358887 0.531754 0.000000 0.003235 0.171381 0.018099 0.019621 0.000000 0.000000 
-0.357910 0.530248 0.000000 0.003248 0.171381 0.018013 0.019542 0.000000 0.000000 
-0.356934 0.528742 0.000000 0.003259 0.171381 0.017928 0.019464 0.000000 0.000000 
-0.355957 0.527237 0.000000 0.003270 0.171381 0.017843 0.019386 0.000000 0.000000 
-0.354980 0.525732 0.000000 0.003281 0.171381 0.017759 0.019308 0.000000 0.000000 
-0.354004 0.524229 0.000000 0.003291 0.171381 0.017675 0.019230 0.000000 0.000000 
-0.353027 0.522725 0.000000 0.003300 0.171381 0.017591 0.019153 0.000000 0.000000 
-0.352051 0.521222 0.000000 0.003309 0.171381 0.017507 0.019077 0.000000 0.000000 
-0.351074 0.519720 0.000000 0.003318 0.171381 0.017424 0.019001 0.000000 0.000000 
-0.350098 0.518218 0.000000 0.003326 0.171381 0.017341 0.018925 0.000000 0.000000 
-0.349121 0.516717 0.000000 0.003333 0.171381 0.017259 0.018849 0.000000 0.000000 
-0.348145 0.515216 0.000000 0.003340 0.171381 0.017177 0.018774 0.000000 0.000000 
-0.347168 0.513716 0.000000 0.003347 0.171381 0.017095 0.018699 0.000000 0.000000 
-0.346191 0.512217 0.000000 0.003353 0.171381 0.017013 0.018625 0.000000 0.000000 
-0.345215 0.510717 0.000000 0.003359 0.171381 0.016932 0.018550 0.000000 0.000000 
-0.344238 0.509219 0.000000 0.003364 0.171381 0.016851 0.018477 0.000000 0.000000 
-0.343262 0.507721 0.000000 0.003369 0.171381 0.016771 0.018403 0.000000 0.000000 
-0.342285 0.506223 0.000000 0.003374 0.171381 0.016691 0.018330 0.000000 0.000000 
-0.341309 0.504726 0.000000 0.003378 0.171381 0.016611 0.018257 0.000000 0.000000 
-0.340332 0.503230 0.000000 0.003382 0.171381 0.016531 0.018185 0.000000 0.000000 
-0.339355 0.501734 0.000000 0.003386 0.171381 0.016452 0.018113 0.000000 0.000000 
-0.338379 0.500238 0.000000 0.003389 0.171381 0.016373 0.018041 0.000000 0.000000 
-0.337402 0.498744 0.000000 0.003391 0.171381 0.016294 0.017970 0.000000 0.000000 
-0.336426 0.497249 0.000000 0.003394 0.171381 0.016216 0.017899 0.000000 0.000000 
-0.335449 0.495755 0.000000 0.003396 0.171381 0.016138 0.017828 0.000000 0.000000 
-0.334473 0.494262 0.000000 0.003398 0.171381 0.016060 0.017758 0.000000 0.000000 
-0.333496 0.492769 0.000000 0.003399 0.171381 0.015983 0.017688 0.000000 0.000000 
-0.332520 0.491276 0.000000 0.003400 0.171381 0.015906 0.017619 0.000000 0.000000 
-0.331543 0.489784 0.000000 0.003401 0.171381 0.015829 0.017549 0.000000 0.000000 
-0.330566 0.488293 0.000000 0.003401 0.171381 0.015752 0.017480 0.000000 0.000000 
-0.329590 0.486802 0.000000 0.003401 0.171381 0.015676 0.017412 0.000000 0.000000 
-0.328613 0.485312 0.000000 0.003401 0.171381 0.015600 0.017343 0.000000 0.000000 
-0.327637 0.483822 0.000000 0.003401 0.171381 0.015525 0.017275 0.000000 0.000000 
-0.326660 0.482332 0.000000 0.003400 0.171381 0.015449 0.017208 0.000000 0.000000 
-0.325684 0.480843 0.000000 0.003399 0.171381 0.015374 0.017140 0.000000 0.000000 
-0.324707 0.479355 0.000000 0.003398 0.171381 0.015300 0.017073 0.000000 0.000000 
-0.323730 0.477867 0.000000 0.003397 0.171381 0.015225 0.017007 0.000000 0.000000 
-0.322754 0.476379 0.000000 0.003395 0.171381 0.015151 0.016940 0.000000 0.000000 
-0.321777 0.474892 0.000000 0.003393 0.171381 0.015077 0.016874 0.000000 0.000000 
-0.320801 0.473405 0.000000 0.003391 0.171381 0.015004 0.016809 0.000000 0.000000 
-0.319824 0.471919 0.000000 0.003388 0.171381 0.014931 0.016743 0.000000 0.000000 
-0.318848 0.470433 0.000000 0.003385 0.171381 0.014858 0.016678 0.000000 0.000000 
-0.317871 0.468948 0.000000 0.003382 0.171381 0.014785 0.016614 0.000000 0.000000 
-0.316895 0.467463 0.000000 0.003379 0.171381 0.014712 0.016549 0.000000 0.000000 
-0.315918 0.465979 0.000000 0.003376 0.171381 0.014640 0.016485 0.000000 0.000000 
-0.314941 0.464495 0.000000 0.003372 0.171381 0.014568 0.016421 0.000000 0.000000 
-0.313965 0.463012 0.000000 0.003368 0.171381 0.014497 0.016358 0.000000 0.000000 
-0.312988 0.461529 0.000000 0.003364 0.171381 0.014426 0.016295 0.000000 0.000000 
-0.312012 0.460046 0.000000 0.003360 0.171381 0.014355 0.016232 0.000000 0.000000 
-0.311035 0.458564 0.000000 0.003356 0.171381 0.014284 0.016169 0.000000 0.000000 
-0.310059 0.457083 0.000000 0.003351 0.171381 0.014213 0.016107 0.000000 0.000000 
-0.309082 0.455601 0.000000 0.003346 0.171381 0.014143 0.016045 0.000000 0.000000 
-0.308105 0.454121 0.000000 0.003341 0.171381 0.014073 0.015984 0.000000 0.000000 
-0.307129 0.452640 0.000000 0.003336 0.171381 0.014003 0.015922 0.000000 0.000000 
-0.306152 0.451160 0.000000 0.003331 0.171381 0.013934 0.015861 0.000000 0.000000 
-0.305176 0.449681 0.000000 0.003325 0.171381 0.013865 0.015801 0.000000 0.000000 
-0.304199 0.448202 0.000000 0.003320 0.171381 0.013796 0.015740 0.000000 0.000000 
-0.303223 0.446723 0.000000 0.003314 0.171381 0.013727 0.015680 0.000000 0.000000 
-0.302246 0.445245 0.000000 0.003308 0.171381 0.013659 0.015620 0.000000 0.000000 
-0.301270 0.443768 0.000000 0.003302 0.171381 0.013591 0.015561 0.000000 0.000000 
-0.300293 0.442290 0.000000 0.003296 0.171381 0.013523 0.015501 0.000000 0.000000 
-0.299316 0.440813 0.000000 0.003289 0.171381 0.013456 0.015443 0.000000 0.000000 
-0.298340 0.439337 0.000000 0.003283 0.171381 0.013388 0.015384 0.000000 0.000000 
-0.297363 0.437861 0.000000 0.003276 0.171381 0.013321 0.015326 0.000000 0.000000 
-0.296387 0.436385 0.000000 0.003269 0.171381 0.013254 0.015268 0.000000 0.000000 
-0.295410 0.434910 0.000000 0.003262 0.171381 0.013188 0.015210 0.000000 0.000000 
-0.294434 0.433435 0.000000 0.003255 0.171381 0.013122 0.015152 0.000000 0.000000 
-0.293457 0.431961 0.000000 0.003248 0.171381 0.013056 0.015095 0.000000 0.000000 
-0.292480 0.430487 0.000000 0.003240 0.171381 0.012990 0.015038 0.000000 0.000000 
-0.291504 0.429013 0.000000 0.003233 0.171381 0.012924 0.014982 0.000000 0.000000 
-0.290527 0.427540 0.000000 0.003225 0.171381 0.012859 0.014925 0.000000 0.000000 
-0.289551 0.426067 0.000000 0.003217 0.171381 0.012794 0.014869 0.000000 0.000000 
-0.288574 0.424595 0.000000 0.003209 0.171381 0.012729 0.014814 0.000000 0.000000 
-0.287598 0.423123 0.000000 0.003201 0.171381 0.012664 0.014758 0.000000 0.000000 
-0.286621 0.421652 0.000000 0.003193 0.171381 0.012600 0.014703 0.000000 0.000000 
-0.285645 0.420180 0.000000 0.003185 0.171381 0.012536 0.014648 0.000000 0.000000 
-0.284668 0.418710 0.000000 0.003177 0.171381 0.012472 0.014594 0.000000 0.000000 
-0.283691 0.417239 0.000000 0.003168 0.171381 0.012409 0.014539 0.000000 0.000000 
-0.282715 0.415769 0.000000 0.003160 0.171381 0.012345 0.014485 0.000000 0.000000 
-0.281738 0.414299 0.000000 0.003151 0.171381 0.012282 0.014431 0.000000 0.000000 
-0.280762 0.412830 0.000000 0.003143 0.171381 0.012219 0.014378 0.000000 0.000000 
-0.279785 0.411361 0.000000 0.003134 0.171381 0.012156 0.014325 0.000000 0.000000 
-0.278809 0.409893 0.000000 0.003125 0.171381 0.012094 0.014272 0.000000 0.000000 
-0.277832 0.408425 0.000000 0.003116 0.171381 0.012032 0.014219 0.000000 0.000000 
-0.276855 0.406957 0.000000 0.003107 0.171381 0.011970 0.014167 0.000000 0.000000 
-0.275879 0.405490 0.000000 0.003098 0.171381 0.011908 0.014115 0.000000 0.000000 
-0.274902 0.404023 0.000000 0.003089 0.171381 0.011846 0.014063 0.000000 0.000000 
-0.273926 0.402556 0.000000 0.003079 0.171381 0.011785 0.014011 0.000000 0.000000 
-0.272949 0.401090 0.000000 0.003070 0.171381 0.011724 0.013960 0.000000 0.000000 
-0.271973 0.399624 0.000000 0.003060 0.171381 0.011663 0.013909 0.000000 0.000000 
-0.270996 0.398158 0.000000 0.003051 0.171381 0.011603 0.013858 0.000000 0.000000 
-0.270020 0.396693 0.000000 0.003041 0.171381 0.011542 0.013807 0.000000 0.000000 
-0.269043 0.395228 0.000000 0.003032 0.171381 0.011482 0.013757 0.000000 0.000000 
-0.268066 0.393764 0.000000 0.003022 0.171381 0.011422 0.013707 0.000000 0.000000 
-0.267090 0.392300 0.000000 0.003012 0.171381 0.011362 0.013657 0.000000 0.000000 
-0.266113 0.390836 0.000000 0.003002 0.171381 0.011303 0.013608 0.000000 0.000000 
-0.265137 0.389373 0.000000 0.002992 0.171381 0.011243 0.013559 0.000000 0.000000 
-0.264160 0.387909 0.000000 0.002982 0.171381 0.011184 0.013510 0.000000 0.000000 
-0.263184 0.386447 0.000000 0.002972 0.171381 0.011125 0.013461 0.000000 0.000000 
-0.262207 0.384984 0.000000 0.002962 0.171381 0.011067 0.013412 0.000000 0.000000 
-0.261230 0.383522 0.000000 0.002952 0.171381 0.011008 0.013364 0.000000 0.000000 
-0.260254 0.382061 0.000000 0.002942 0.171381 0.010950 0.013316 0.000000 0.000000 
-0.259277 0.380599 0.000000 0.002931 0.171381 0.010892 0.013269 0.000000 0.000000 
-0.258301 0.379138 0.000000 0.002921 0.171381 0.010834 0.013221 0.000000 0.000000 
-0.257324 0.377678 0.000000 0.002911 0.171381 0.010776 0.013174 0.000000 0.000000 
-0.256348 0.376217 0.000000 0.002900 0.171381 0.010719 0.013127 0.000000 0.000000 
-0.255371 0.374757 0.000000 0.002890 0.171381 0.010662 0.013080 0.000000 0.000000 
-0.254395 0.373298 0.000000 0.002879 0.171381 0.010605 0.013034 0.000000 0.000000 
-0.253418 0.371839 0.000000 0.002869 0.171381 0.010548 0.012988 0.000000 0.000000 
-0.252441 0.370380 0.000000 0.002858 0.171381 0.010491 0.012942 0.000000 0.000000 
-0.251465 0.368921 0.000000 0.002848 0.171381 0.010435 0.012896 0.000000 0.000000 
-0.250488 0.367463 0.000000 0.002837 0.171381 0.010379 0.012851 0.000000 0.000000 
-0.249512 0.366005 0.000000 0.002826 0.171381 0.010323 0.012805 0.000000 0.000000 
-0.248535 0.364547 0.000000 0.002815 0.171381 0.010267 0.012760 0.000000 0.000000 
-0.247559 0.363089 0.000000 0.002805 0.171381 0.010211 0.012716 0.000000 0.000000 
-0.246582 0.361632 0.000000 0.002794 0.171381 0.010156 0.012671 0.000000 0.000000 
-0.245605 0.360176 0.000000 0.002783 0.171381 0.010101 0.012627 0.000000 0.000000 
-0.244629 0.358719 0.000000 0.002772 0.171381 0.010045 0.012583 0.000000 0.000000 
-0.243652 0.357263 0.000000 0.002761 0.171381 0.009991 0.012539 0.000000 0.000000 
-0.242676 0.355807 0.000000 0.002750 0.171381 0.009936 0.012496 0.000000 0.000000 
-0.241699 0.354352 0.000000 0.002739 0.171381 0.009881 0.012452 0.000000 0.000000 
-0.240723 0.352897 0.000000 0.002728 0.171381 0.009827 0.012409 0.000000 0.000000 
-0.239746 0.351442 0.000000 0.002717 0.171381 0.009773 0.012367 0.000000 0.000000 
-0.238770 0.349987 0.000000 0.002706 0.171381 0.009719 0.012324 0.000000 0.000000 
-0.237793 0.348533 0.000000 0.002695 0.171381 0.009665 0.012282 0.000000 0.000000 
-0.236816 0.347079 0.000000 0.002683 0.171381 0.009612 0.012240 0.000000 0.000000 
-0.235840 0.345625 0.000000 0.002672 0.171381 0.009559 0.012198 0.000000 0.000000 
-0.234863 0.344172 0.000000 0.002661 0.171381 0.009505 0.012156 0.000000 0.000000 
-0.233887 0.342719 0.000000 0.002650 0.171381 0.009452 0.012115 0.000000 0.000000 
-0.232910 0.341266 0.000000 0.002639 0.171381 0.009400 0.012074 0.000000 0.000000 
-0.231934 0.339814 0.000000 0.002627 0.171381 0.009347 0.012033 0.000000 0.000000 
-0.230957 0.338361 0.000000 0.002616 0.171381 0.009294 0.011992 0.000000 0.000000 
-0.229980 0.336909 0.000000 0.002605 0.171381 0.009242 0.011951 0.000000 0.000000 
-0.229004 0.335458 0.000000 0.002593 0.171381 0.009190 0.011911 0.000000 0.000000 
-0.228027 0.334007 0.000000 0.002582 0.171381 0.009138 0.011871 0.000000 0.000000 
-0.227051 0.332555 0.000000 0.002571 0.171381 0.009086 0.011831 0.000000 0.000000 
-0.226074 0.331105 0.000000 0.002559 0.171381 0.009035 0.011792 0.000000 0.000000 
-0.225098 0.329654 0.000000 0.002548 0.171381 0.008983 0.011752 0.000000 0.000000 
-0.224121 0.328204 0.000000 0.002536 0.171381 0.008932 0.011713 0.000000 0.000000 
-0.223145 0.326754 0.000000 0.002525 0.171381 0.008881 0.011674 0.000000 0.000000 
-0.222168 0.325304 0.000000 0.002513 0.171381 0.008830 0.011636 0.000000 0.000000 
-0.221191 0.323855 0.000000 0.002502 0.171381 0.008779 0.011597 0.000000 0.000000 
-0.220215 0.322406 0.000000 0.002490 0.171381 0.008729 0.011559 0.000000 0.000000 
-0.219238 0.320957 0.000000 0.002479 0.171381 0.008678 0.011521 0.000000 0.000000 
-0.218262 0.319509 0.000000 0.002467 0.171381 0.008628 0.011483 0.000000 0.000000 
-0.217285 0.318060 0.000000 0.002456 0.171381 0.008578 0.011446 0.000000 0.000000 
-0.216309 0.316612 0.000000 0.002444 0.171381 0.008528 0.011408 0.000000 0.000000 
-0.215332 0.315165 0.000000 0.002433 0.171381 0.008478 0.011371 0.000000 0.000000 
-0.214355 0.313717 0.000000 0.002421 0.171381 0.008429 0.011334 0.000000 0.000000 
-0.213379 0.312270 0.000000 0.002410 0.171381 0.008379 0.011298 0.000000 0.000000 
-0.212402 0.310823 0.000000 0.002398 0.171381 0.008330 0.011261 0.000000 0.000000 
-0.211426 0.309376 0.000000 0.002387 0.171381 0.008281 0.011225 0.000000 0.000000 
-0.210449 0.307930 0.000000 0.002375 0.171381 0.008232 0.011189 0.000000 0.000000 
-0.209473 0.306483 0.000000 0.002363 0.171381 0.008183 0.011153 0.000000 0.000000 
-0.208496 0.305038 0.000000 0.002352 0.171381 0.008135 0.011117 0.000000 0.000000 
-0.207520 0.303592 0.000000 0.002340 0.171381 0.008086 0.011082 0.000000 0.000000 
-0.206543 0.302146 0.000000 0.002329 0.171381 0.008038 0.011047 0.000000 0.000000 
-0.205566 0.300701 0.000000 0.002317 0.171381 0.007990 0.011012 0.000000 0.000000 
-0.204590 0.299256 0.000000 0.002305 0.171381 0.007942 0.010977 0.000000 0.000000 
-0.203613 0.297812 0.000000 0.002294 0.171381 0.007894 0.010942 0.000000 0.000000 
-0.202637 0.296367 0.000000 0.002282 0.171381 0.007846 0.010908 0.000000 0.000000 
-0.201660 0.294923 0.000000 0.002270 0.171381 0.007799 0.010874 0.000000 0.000000 
-0.200684 0.293479 0.000000 0.002259 0.171381 0.007751 0.010840 0.000000 0.000000 
-0.199707 0.292035 0.000000 0.002247 0.171381 0.007704 0.010806 0.000000 0.000000 
-0.198730 0.290592 0.000000 0.002235 0.171381 0.007657 0.010773 0.000000 0.000000 
-0.197754 0.289149 0.000000 0.002224 0.171381 0.007610 0.010739 0.000000 0.000000 
-0.196777 0.287706 0.000000 0.002212 0.171381 0.007563 0.010706 0.000000 0.000000 
-0.195801 0.286263 0.000000 0.002200 0.171381 0.007516 0.010673 0.000000 0.000000 
-0.194824 0.284820 0.000000 0.002189 0.171381 0.007470 0.010640 0.000000 0.000000 
-0.193848 0.283378 0.000000 0.002177 0.171381 0.007423 0.010608 0.000000 0.000000 
-0.192871 0.281936 0.000000 0.002166 0.171381 0.007377 0.010576 0.000000 0.000000 
-0.191895 0.280494 0.000000 0.002154 0.171381 0.007331 0.010543 0.000000 0.000000 
-0.190918 0.279052 0.000000 0.002142 0.171381 0.007285 0.010512 0.000000 0.000000 
-0.189941 0.277611 0.000000 0.002131 0.171381 0.007239 0.010480 0.000000 0.000000 
-0.188965 0.276170 0.000000 0.002119 0.171381 0.007194 0.010448 0.000000 0.000000 
-0.187988 0.274729 0.000000 0.002107 0.171381 0.007148 0.010417 0.000000 0.000000 
-0.187012 0.273288 0.000000 0.002096 0.171381 0.007103 0.010386 0.000000 0.000000 
-0.186035 0.271848 0.000000 0.002084 0.171381 0.007057 0.010355 0.000000 0.000000 
-0.185059 0.270408 0.000000 0.002072 0.171381 0.007012 0.010324 0.000000 0.000000 
-0.184082 0.268968 0.000000 0.002061 0.171381 0.006967 0.010294 0.000000 0.000000 
-0.183105 0.267528 0.000000 0.002049 0.171381 0.006922 0.010263 0.000000 0.000000 
-0.182129 0.266088 0.000000 0.002037 0.171381 0.006877 0.010233 0.000000 0.000000 
-0.181152 0.264649 0.000000 0.002026 0.171381 0.006833 0.010203 0.000000 0.000000 
-0.180176 0.263209 0.000000 0.002014 0.171381 0.006788 0.010174 0.000000 0.000000 
-0.179199 0.261771 0.000000 0.002003 0.171381 0.006744 0.010144 0.000000 0.000000 
-0.178223 0.260332 0.000000 0.001991 0.171381 0.006700 0.010115 0.000000 0.000000 
-0.177246 0.258893 0.000000 0.001979 0.171381 0.006656 0.010085 0.000000 0.000000 
-0.176270 0.257455 0.000000 0.001968 0.171381 0.006612 0.010056 0.000000 0.000000 
-0.175293 0.256017 0.000000 0.001956 0.171381 0.006568 0.010028 0.000000 0.000000 
-0.174316 0.254579 0.000000 0.001944 0.171381 0.006524 0.009999 0.000000 0.000000 
-0.173340 0.253141 0.000000 0.001933 0.171381 0.006480 0.009971 0.000000 0.000000 
-0.172363 0.251703 0.000000 0.001921 0.171381 0.006437 0.009943 0.000000 0.000000 
-0.171387 0.250266 0.000000 0.001910 0.171381 0.006394 0.009915 0.000000 0.000000 
-0.170410 0.248829 0.000000 0.001898 0.171381 0.006350 0.009887 0.000000 0.000000 
-0.169434 0.247392 0.000000 0.001887 0.171381 0.006307 0.009859 0.000000 0.000000 
-0.168457 0.245955 0.000000 0.001875 0.171381 0.006264 0.009832 0.000000 0.000000 
-0.167480 0.244519 0.000000 0.001863 0.171381 0.006221 0.009804 0.000000 0.000000 
-0.166504 0.243082 0.000000 0.001852 0.171381 0.006179 0.009777 0.000000 0.000000 
-0.165527 0.241646 0.000000 0.001840 0.171381 0.006136 0.009750 0.000000 0.000000 
-0.164551 0.240210 0.000000 0.001829 0.171381 0.006093 0.009724 0.000000 0.000000 
-0.163574 0.238775 0.000000 0.001817 0.171381 0.006051 0.009697 0.000000 0.000000 
-0.162598 0.237339 0.000000 0.001806 0.171381 0.006009 0.009671 0.000000 0.000000 
-0.161621 0.235904 0.000000 0.001794 0.171381 0.005967 0.009645 0.000000 0.000000 
-0.160645 0.234468 0.000000 0.001783 0.171381 0.005924 0.009619 0.000000 0.000000 
-0.159668 0.233033 0.000000 0.001771 0.171381 0.005883 0.009593 0.000000 0.000000 
-0.158691 0.231598 0.000000 0.001760 0.171381 0.005841 0.009567 0.000000 0.000000 
-0.157715 0.230164 0.000000 0.001748 0.171381 0.005799 0.009542 0.000000 0.000000 
-0.156738 0.228729 0.000000 0.001737 0.171381 0.005757 0.009517 0.000000 0.000000 
-0.155762 0.227295 0.000000 0.001725 0.171381 0.005716 0.009492 0.000000 0.000000 
-0.154785 0.225861 0.000000 0.001714 0.171381 0.005674 0.009467 0.000000 0.000000 
-0.153809 0.224427 0.000000 0.001702 0.171381 0.005633 0.009442 0.000000 0.000000 
-0.152832 0.222993 0.000000 0.001691 0.171381 0.005592 0.009418 0.000000 0.000000 
-0.151855 0.221559 0.000000 0.001679 0.171381 0.005551 0.009393 0.000000 0.000000 
-0.150879 0.220126 0.000000 0.001668 0.171381 0.005510 0.009369 0.000000 0.000000 
-0.149902 0.218693 0.000000 0.001656 0.171381 0.005469 0.009345 0.000000 0.000000 
-0.148926 0.217260 0.000000 0.001645 0.171381 0.005428 0.009321 0.000000 0.000000 
-0.147949 0.215827 0.000000 0.001634 0.171381 0.005388 0.009298 0.000000 0.000000 
-0.146973 0.214394 0.000000 0.001622 0.171381 0.005347 0.009274 0.000000 0.000000 
-0.145996 0.212961 0.000000 0.001611 0.171381 0.005307 0.009251 0.000000 0.000000 
-0.145020 0.211529 0.000000 0.001599 0.171381 0.005266 0.009228 0.000000 0.000000 
-0.144043 0.210097 0.000000 0.001588 0.171381 0.005226 0.009205 0.000000 0.000000 
-0.143066 0.208665 0.000000 0.001577 0.171381 0.005186 0.009182 0.000000 0.000000 
-0.142090 0.207233 0.000000 0.001565 0.171381 0.005146 0.009160 0.000000 0.000000 
-0.141113 0.205801 0.000000 0.001554 0.171381 0.005106 0.009137 0.000000 0.000000 
-0.140137 0.204369 0.000000 0.001543 0.171381 0.005066 0.009115 0.000000 0.000000 
-0.139160 0.202938 0.000000 0.001531 0.171381 0.005026 0.009093 0.000000 0.000000 
-0.138184 0.201507 0.000000 0.001520 0.171381 0.004987 0.009071 0.000000 0.000000 
-0.137207 0.200075 0.000000 0.001509 0.171381 0.004947 0.009049 0.000000 0.000000 
-0.136230 0.198644 0.000000 0.001497 0.171381 0.004908 0.009028 0.000000 0.000000 
-0.135254 0.197214 0.000000 0.001486 0.171381 0.004868 0.009007 0.000000 0.000000 
-0.134277 0.195783 0.000000 0.001475 0.171381 0.004829 0.008985 0.000000 0.000000 
-0.133301 0.194352 0.000000 0.001464 0.171381 0.004790 0.008964 0.000000 0.000000 
-0.132324 0.192922 0.000000 0.001452 0.171381 0.004751 0.008944 0.000000 0.000000 
-0.131348 0.191492 0.000000 0.001441 0.171381 0.004712 0.008923 0.000000 0.000000 
-0.130371 0.190062 0.000000 0.001430 0.171381 0.004673 0.008902 0.000000 0.000000 
-0.129395 0.188632 0.000000 0.001419 0.171381 0.004634 0.008882 0.000000 0.000000 
-0.128418 0.187202 0.000000 0.001407 0.171381 0.004595 0.008862 0.000000 0.000000 
-0.127441 0.185772 0.000000 0.001396 0.171381 0.004556 0.008842 0.000000 0.000000 
-0.126465 0.184343 0.000000 0.001385 0.171381 0.004518 0.008822 0.000000 0.000000 
-0.125488 0.182913 0.000000 0.001374 0.171381 0.004479 0.008803 0.000000 0.000000 
-0.124512 0.181484 0.000000 0.001363 0.171381 0.004441 0.008783 0.000000 0.000000 
-0.123535 0.180055 0.000000 0.001351 0.171381 0.004403 0.008764 0.000000 0.000000 
-0.122559 0.178626 0.000000 0.001340 0.171381 0.004364 0.008745 0.000000 0.000000 
-0.121582 0.177197 0.000000 0.001329 0.171381 0.004326 0.008726 0.000000 0.000000 
-0.120605 0.175769 0.000000 0.001318 0.171381 0.004288 0.008707 0.000000 0.000000 
-0.119629 0.174340 0.000000 0.001307 0.171381 0.004250 0.008688 0.000000 0.000000 
-0.118652 0.172912 0.000000 0.001296 0.171381 0.004212 0.008670 0.000000 0.000000 
-0.117676 0.171483 0.000000 0.001285 0.171381 0.004174 0.008651 0.000000 0.000000 
-0.116699 0.170055 0.000000 0.001273 0.171381 0.004137 0.008633 0.000000 0.000000 
-0.115723 0.168627 0.000000 0.001262 0.171381 0.004099 0.008615 0.000000 0.000000 
-0.114746 0.167199 0.000000 0.001251 0.171381 0.004061 0.008597 0.000000 0.000000 
-0.113770 0.165771 0.000000 0.001240 0.171381 0.004024 0.008580 0.000000 0.000000 
-0.112793 0.164344 0.000000 0.001229 0.171381 0.003987 0.008562 0.000000 0.000000 
-0.111816 0.162916 0.000000 0.001218 0.171381 0.003949 0.008545 0.000000 0.000000 
-0.110840 0.161489 0.000000 0.001207 0.171381 0.003912 0.008528 0.000000 0.000000 
-0.109863 0.160062 0.000000 0.001196 0.171381 0.003875 0.008511 0.000000 0.000000 
-0.108887 0.158634 0.000000 0.001185 0.171381 0.003838 0.008494 0.000000 0.000000 
-0.107910 0.157207 0.000000 0.001174 0.171381 0.003800 0.008477 0.000000 0.000000 
-0.106934 0.155780 0.000000 0.001163 0.171381 0.003763 0.008461 0.000000 0.000000 
-0.105957 0.154354 0.000000 0.001152 0.171381 0.003727 0.008444 0.000000 0.000000 
-0.104980 0.152927 0.000000 0.001141 0.171381 0.003690 0.008428 0.000000 0.000000 
-0.104004 0.151500 0.000000 0.001130 0.171381 0.003653 0.008412 0.000000 0.000000 
-0.103027 0.150074 0.000000 0.001119 0.171381 0.003616 0.008396 0.000000 0.000000 
-0.102051 0.148648 0.000000 0.001108 0.171381 0.003580 0.008381 0.000000 0.000000 
-0.101074 0.147221 0.000000 0.001097 0.171381 0.003543 0.008365 0.000000 0.000000 
-0.100098 0.145795 0.000000 0.001086 0.171381 0.003507 0.008350 0.000000 0.000000 
-0.099121 0.144369 0.000000 0.001075 0.171381 0.003470 0.008334 0.000000 0.000000 
-0.098145 0.142943 0.000000 0.001064 0.171381 0.003434 0.008319 0.000000 0.000000 
-0.097168 0.141517 0.000000 0.001053 0.171381 0.003397 0.008304 0.000000 0.000000 
-0.096191 0.140092 0.000000 0.001042 0.171381 0.003361 0.008290 0.000000 0.000000 
-0.095215 0.138666 0.000000 0.001031 0.171381 0.003325 0.008275 0.000000 0.000000 
-0.094238 0.137241 0.000000 0.001021 0.171381 0.003289 0.008261 0.000000 0.000000 
-0.093262 0.135815 0.000000 0.001010 0.171381 0.003253 0.008246 0.000000 0.000000 
-0.092285 0.134390 0.000000 0.000999 0.171381 0.003217 0.008232 0.000000 0.000000 
-0.091309 0.132965 0.000000 0.000988 0.171381 0.003181 0.008218 0.000000 0.000000 
-0.090332 0.131540 0.000000 0.000977 0.171381 0.003145 0.008204 0.000000 0.000000 
-0.089355 0.130115 0.000000 0.000966 0.171381 0.003109 0.008191 0.000000 0.000000 
-0.088379 0.128690 0.000000 0.000955 0.171381 0.003074 0.008177 0.000000 0.000000 
-0.087402 0.127265 0.000000 0.000945 0.171381 0.003038 0.008164 0.000000 0.000000 
-0.086426 0.125840 0.000000 0.000934 0.171381 0.003002 0.008151 0.000000 0.000000 
-0.085449 0.124416 0.000000 0.000923 0.171381 0.002967 0.008138 0.000000 0.000000 
-0.084473 0.122991 0.000000 0.000912 0.171381 0.002931 0.008125 0.000000 0.000000 
-0.083496 0.121567 0.000000 0.000901 0.171381 0.002896 0.008112 0.000000 0.000000 
-0.082520 0.120142 0.000000 0.000891 0.171381 0.002860 0.008099 0.000000 0.000000 
-0.081543 0.118718 0.000000 0.000880 0.171381 0.002825 0.008087 0.000000 0.000000 
-0.080566 0.117294 0.000000 0.000869 0.171381 0.002790 0.008075 0.000000 0.000000 
-0.079590 0.115870 0.000000 0.000858 0.171381 0.002754 0.008063 0.000000 0.000000 
-0.078613 0.114446 0.000000 0.000847 0.171381 0.002719 0.008051 0.000000 0.000000 
-0.077637 0.113022 0.000000 0.000837 0.171381 0.002684 0.008039 0.000000 0.000000 
-0.076660 0.111598 0.000000 0.000826 0.171381 0.002649 0.008027 0.000000 0.000000 
-0.075684 0.110175 0.000000 0.000815 0.171381 0.002614 0.008016 0.000000 0.000000 
-0.074707 0.108751 0.000000 0.000805 0.171381 0.002579 0.008004 0.000000 0.000000 
-0.073730 0.107327 0.000000 0.000794 0.171381 0.002544 0.007993 0.000000 0.000000 
-0.072754 0.105904 0.000000 0.000783 0.171381 0.002509 0.007982 0.000000 0.000000 
-0.071777 0.104480 0.000000 0.000772 0.171381 0.002474 0.007971 0.000000 0.000000 
-0.070801 0.103057 0.000000 0.000762 0.171381 0.002440 0.007961 0.000000 0.000000 
-0.069824 0.101634 0.000000 0.000751 0.171381 0.002405 0.007950 0.000000 0.000000 
-0.068848 0.100211 0.000000 0.000740 0.171381 0.002370 0.007940 0.000000 0.000000 
-0.067871 0.098787 0.000000 0.000730 0.171381 0.002335 0.007929 0.000000 0.000000 
-0.066895 0.097364 0.000000 0.000719 0.171381 0.002301 0.007919 0.000000 0.000000 
-0.065918 0.095941 0.000000 0.000708 0.171381 0.002266 0.007909 0.000000 0.000000 
-0.064941 0.094519 0.000000 0.000698 0.171381 0.002232 0.007899 0.000000 0.000000 
-0.063965 0.093096 0.000000 0.000687 0.171381 0.002197 0.007890 0.000000 0.000000 
-0.062988 0.091673 0.000000 0.000676 0.171381 0.002163 0.007880 0.000000 0.000000 
-0.062012 0.090250 0.000000 0.000666 0.171381 0.002128 0.007871 0.000000 0.000000 
-0.061035 0.088828 0.000000 0.000655 0.171381 0.002094 0.007862 0.000000 0.000000 
-0.060059 0.087405 0.000000 0.000645 0.171381 0.002060 0.007853 0.000000 0.000000 
-0.059082 0.085983 0.000000 0.000634 0.171381 0.002026 0.007844 0.000000 0.000000 
-0.058105 0.084560 0.000000 0.000623 0.171381 0.001991 0.007835 0.000000 0.000000 
-0.057129 0.083138 0.000000 0.000613 0.171381 0.001957 0.007826 0.000000 0.000000 
-0.056152 0.081715 0.000000 0.000602 0.171381 0.001923 0.007818 0.000000 0.000000 
-0.055176 0.080293 0.000000 0.000592 0.171381 0.001889 0.007809 0.000000 0.000000 
-0.054199 0.078871 0.000000 0.000581 0.171381 0.001855 0.007801 0.000000 0.000000 
-0.053223 0.077449 0.000000 0.000570 0.171381 0.001821 0.007793 0.000000 0.000000 
-0.052246 0.076027 0.000000 0.000560 0.171381 0.001787 0.007785 0.000000 0.000000 
-0.051270 0.074605 0.000000 0.000549 0.171381 0.001753 0.007778 0.000000 0.000000 
-0.050293 0.073183 0.000000 0.000539 0.171381 0.001719 0.007770 0.000000 0.000000 
-0.049316 0.071761 0.000000 0.000528 0.171381 0.001685 0.007763 0.000000 0.000000 
-0.048340 0.070339 0.000000 0.000518 0.171381 0.001651 0.007755 0.000000 0.000000 
-0.047363 0.068917 0.000000 0.000507 0.171381 0.001617 0.007748 0.000000 0.000000 
-0.046387 0.067495 0.000000 0.000496 0.171381 0.001583 0.007741 0.000000 0.000000 
-0.045410 0.066074 0.000000 0.000486 0.171381 0.001549 0.007734 0.000000 0.000000 
-0.044434 0.064652 0.000000 0.000475 0.171381 0.001516 0.007728 0.000000 0.000000 
-0.043457 0.063230 0.000000 0.000465 0.171381 0.001482 0.007721 0.000000 0.000000 
-0.042480 0.061809 0.000000 0.000454 0.171381 0.001448 0.007715 0.000000 0.000000 
-0.041504 0.060387 0.000000 0.000444 0.171381 0.001415 0.007708 0.000000 0.000000 
-0.040527 0.058966 0.000000 0.000433 0.171381 0.001381 0.007702 0.000000 0.000000 
-0.039551 0.057544 0.000000 0.000423 0.171381 0.001347 0.007696 0.000000 0.000000 
-0.038574 0.056123 0.000000 0.000412 0.171381 0.001314 0.007691 0.000000 0.000000 
-0.037598 0.054702 0.000000 0.000402 0.171381 0.001280 0.007685 0.000000 0.000000 
-0.036621 0.053280 0.000000 0.000391 0.171381 0.001247 0.007679 0.000000 0.000000 
-0.035645 0.051859 0.000000 0.000381 0.171381 0.001213 0.007674 0.000000 0.000000 
-0.034668 0.050438 0.000000 0.000370 0.171381 0.001180 0.007669 0.000000 0.000000 
-0.033691 0.049017 0.000000 0.000360 0.171381 0.001146 0.007664 0.000000 0.000000 
-0.032715 0.047596 0.000000 0.000349 0.171381 0.001113 0.007659 0.000000 0.000000 
-0.031738 0.046174 0.000000 0.000339 0.171381 0.001079 0.007654 0.000000 0.000000 
-0.030762 0.044753 0.000000 0.000329 0.171381 0.001046 0.007649 0.000000 0.000000 
-0.029785 0.043332 0.000000 0.000318 0.171381 0.001012 0.007645 0.000000 0.000000 
-0.028809 0.041911 0.000000 0.000308 0.171381 0.000979 0.007641 0.000000 0.000000 
-0.027832 0.040490 0.000000 0.000297 0.171381 0.000946 0.007636 0.000000 0.000000 
-0.026855 0.039069 0.000000 0.000287 0.171381 0.000912 0.007632 0.000000 0.000000 
-0.025879 0.037648 0.000000 0.000276 0.171381 0.000879 0.007628 0.000000 0.000000 
-0.024902 0.036227 0.000000 0.000266 0.171381 0.000846 0.007625 0.000000 0.000000 
-0.023926 0.034806 0.000000 0.000255 0.171381 0.000812 0.007621 0.000000 0.000000 
-0.022949 0.033386 0.000000 0.000245 0.171381 0.000779 0.007618 0.000000 0.000000 
-0.021973 0.031965 0.000000 0.000234 0.171381 0.000746 0.007614 0.000000 0.000000 
-0.020996 0.030544 0.000000 0.000224 0.171381 0.000713 0.007611 0.000000 0.000000 
-0.020020 0.029123 0.000000 0.000214 0.171381 0.000679 0.007608 0.000000 0.000000 
-0.019043 0.027702 0.000000 0.000203 0.171381 0.000646 0.007605 0.000000 0.000000 
-0.018066 0.026282 0.000000 0.000193 0.171381 0.000613 0.007602 0.000000 0.000000 
-0.017090 0.024861 0.000000 0.000182 0.171381 0.000580 0.007600 0.000000 0.000000 
-0.016113 0.023440 0.000000 0.000172 0.171381 0.000547 0.007597 0.000000 0.000000 
-0.015137 0.022019 0.000000 0.000161 0.171381 0.000513 0.007595 0.000000 0.000000 
-0.014160 0.020599 0.000000 0.000151 0.171381 0.000480 0.007593 0.000000 0.000000 
-0.013184 0.019178 0.000000 0.000141 0.171381 0.000447 0.007591 0.000000 0.000000 
-0.012207 0.017757 0.000000 0.000130 0.171381 0.000414 0.007589 0.000000 0.000000 
-0.011230 0.016337 0.000000 0.000120 0.171381 0.000381 0.007587 0.000000 0.000000 
-0.010254 0.014916 0.000000 0.000109 0.171381 0.000348 0.007586 0.000000 0.000000 
-0.009277 0.013496 0.000000 0.000099 0.171381 0.000314 0.007584 0.000000 0.000000 
-0.008301 0.012075 0.000000 0.000089 0.171381 0.000281 0.007583 0.000000 0.000000 
-0.007324 0.010654 0.000000 0.000078 0.171381 0.000248 0.007582 0.000000 0.000000 
-0.006348 0.009234 0.000000 0.000068 0.171381 0.000215 0.007581 0.000000 0.000000 
-0.005371 0.007813 0.000000 0.000057 0.171381 0.000182 0.007580 0.000000 0.000000 
-0.004395 0.006393 0.000000 0.000047 0.171381 0.000149 0.007579 0.000000 0.000000 
-0.003418 0.004972 0.000000 0.000036 0.171381 0.000116 0.007578 0.000000 0.000000 
-0.002441 0.003551 0.000000 0.000026 0.171381 0.000083 0.007578 0.000000 0.000000 
-0.001465 0.002131 0.000000 0.000016 0.171381 0.000050 0.007578 0.000000 0.000000 
-0.000488 0.000710 0.000000 0.000005 0.171381 0.000017 0.007578 0.000000 0.000000 
0.000488 0.000710 0.000000 0.000005 0.171381 0.000017 0.007578 0.000000 0.000000 
0.001465 0.002131 0.000000 0.000016 0.171381 0.000050 0.007578 0.000000 0.000000 
0.002441 0.003551 0.000000 0.000026 0.171381 0.000083 0.007578 0.000000 0.000000 
0.003418 0.004972 0.000000 0.000036 0.171381 0.000116 0.007578 0.000000 0.000000 
0.004395 0.006393 0.000000 0.000047 0.171381 0.000149 0.007579 0.000000 0.000000 
0.005371 0.007813 0.000000 0.000057 0.171381 0.000182 0.007580 0.000000 0.000000 
0.006348 0.009234 0.000000 0.000068 0.171381 0.000215 0.007581 0.000000 0.000000 
0.007324 0.010654 0.000000 0.000078 0.171381 0.000248 0.007582 0.000000 0.000000 
0.008301 0.012075 0.000000 0.000089 0.171381 0.000281 0.007583 0.000000 0.000000 
0.009277 0.013496 0.000000 0.000099 0.171381 0.000314 0.007584 0.000000 0.000000 
0.010254 0.014916 0.000000 0.000109 0.171381 0.000348 0.007586 0.000000 0.000000 
0.011230 0.016337 0.000000 0.000120 0.171381 0.000381 0.007587 0.000000 0.000000 
0.012207 0.017757 0.000000 0.000130 0.171381 0.000414 0.007589 0.000000 0.000000 
0.013184 0.019178 0.000000 0.000141 0.171381 0.000447 0.007591 0.000000 0.000000 
0.014160 0.020599 0.000000 0.000151 0.171381 0.000480 0.007593 0.000000 0.000000 
0.015137 0.022019 0.000000 0.000161 0.171381 0.000513 0.007595 0.000000 0.000000 
0.016113 0.023440 0.000000 0.000172 0.171381 0.000547 0.007597 0.000000 0.000000 
0.017090 0.024861 0.000000 0.000182 0.171381 0.000580 0.007600 0.000000 0.000000 
0.018066 0.026282 0.000000 0.000193 0.171381 0.000613 0.007602 0.000000 0.000000 
0.019043 0.027702 0.000000 0.000203 0.171381 0.000646 0.007605 0.000000 0.000000 
0.020020 0.029123 0.000000 0.000214 0.171381 0.000679 0.007608 0.000000 0.000000 
0.020996 0.030544 0.000000 0.000224 0.171381 0.000713 0.007611 0.000000 0.000000 
0.021973 0.031965 0.000000 0.000234 0.171381 0.000746 0.007614 0.000000 0.000000 
0.022949 0.033386 0.000000 0.000245 0.171381 0.000779 0.007618 0.000000 0.000000 
0.023926 0.034806 0.000000 0.000255 0.171381 0.000812 0.007621 0.000000 0.000000 
0.024902 0.036227 0.000000 0.000266 0.171381 0.000846 0.007625 0.000000 0.000000 
0.025879 0.037648 0.000000 0.000276 0.171381 0.000879 0.007628 0.000000 0.000000 
0.026855 0.039069 0.000000 0.000287 0.171381 0.000912 0.007632 0.000000 0.000000 
0.027832 0.040490 0.000000 0.000297 0.171381 0.000946 0.007636 0.000000 0.000000 
0.028809 0.041911 0.000000 0.000308 0.171381 0.000979 0.007641 0.000000 0.000000 
0.029785 0.043332 0.000000 0.000318 0.171381 0.001012 0.007645 0.000000 0.000000 
0.030762 0.044753 0.000000 0.000329 0.171381 0.001046 0.007649 0.000000 0.000000 
0.031738 0.046174 0.000000 0.000339 0.171381 0.001079 0.007654 0.000000 0.000000 
0.032715 0.047596 0.000000 0.000349 0.171381 0.001113 0.007659 0.000000 0.000000 
0.033691 0.049017 0.000000 0.000360 0.171381 0.001146 0.007664 0.000000 0.000000 
0.034668 0.050438 0.000000 0.000370 0.171381 0.001180 0.007669 0.000000 0.000000 
0.035645 0.051859 0.000000 0.000381 0.171381 0.001213 0.007674 0.000000 0.000000 
0.036621 0.053280 0.000000 0.000391 0.171381 0.001247 0.007679 0.000000 0.000000 
0.037598 0.054702 0.000000 0.000402 0.171381 0.001280 0.007685 0.000000 0.000000 
0.038574 0.056123 0.000000 0.000412 0.171381 0.001314 0.007691 0.000000 0.000000 
0.039551 0.057544 0.000000 0.000423 0.171381 0.001347 0.007696 0.000000 0.000000 
0.040527 0.058966 0.000000 0.000433 0.171381 0.001381 0.007702 0.000000 0.000000 
0.041504 0.060387 0.000000 0.000444 0.171381 0.001415 0.007708 0.000000 0.000000 
0.042480 0.061809 0.000000 0.000454 0.171381 0.001448 0.007715 0.000000 0.000000 
0.043457 0.063230 0.000000 0.000465 0.171381 0.001482 0.007721 0.000000 0.000000 
0.044434 0.064652 0.000000 0.000475 0.171381 0.001516 0.007728 0.000000 0.000000 
0.045410 0.066074 0.000000 0.000486 0.171381 0.001549 0.007734 0.000000 0.000000 
0.046387 0.067495 0.000000 0.000496 0.171381 0.001583 0.007741 0.000000 0.000000 
0.047363 0.068917 0.000000 0.000507 0.171381 0.001617 0.007748 0.000000 0.000000 
0.048340 0.070339 0.000000 0.000518 0.171381 0.001651 0.007755 0.000000 0.000000 
0.049316 0.071761 0.000000 0.000528 0.171381 0.001685 0.007763 0.000000 0.000000 
0.050293 0.073183 0.000000 0.000539 0.171381 0.001719 0.007770 0.000000 0.000000 
0.051270 0.074605 0.000000 0.000549 0.171381 0.001753 0.007778 0.000000 0.000000 
0.052246 0.076027 0.000000 0.000560 0.171381 0.001787 0.007785 0.000000 0.000000 
0.053223 0.077449 0.000000 0.000570 0.171381 0.001821 0.007793 0.000000 0.000000 
0.054199 0.078871 0.000000 0.000581 0.171381 0.001855 0.007801 0.000000 0.000000 
0.055176 0.080293 0.000000 0.000592 0.171381 0.001889 0.007809 0.000000 0.000000 
0.056152 0.081715 0.000000 0.000602 0.171381 0.001923 0.007818 0.000000 0.000000 
0.057129 0.083138 0.000000 0.000613 0.171381 0.001957 0.007826 0.000000 0.000000 
0.058105 0.084560 0.000000 0.000623 0.171381 0.001991 0.007835 0.000000 0.000000 
0.059082 0.085983 0.000000 0.000634 0.171381 0.002026 0.007844 0.000000 0.000000 
0.060059 0.087405 0.000000 0.000645 0.171381 0.002060 0.007853 0.000000 0.000000 
0.061035 0.088828 0.000000 0.000655 0.171381 0.002094 0.007862 0.000000 0.000000 
0.062012 0.090250 0.000000 0.000666 0.171381 0.002128 0.007871 0.000000 0.000000 
0.062988 0.091673 0.000000 0.000676 0.171381 0.002163 0.007880 0.000000 0.000000 
0.063965 0.093096 0.000000 0.000687 0.171381 0.002197 0.007890 0.000000 0.000000 
0.064941 0.094519 0.000000 0.000698 0.171381 0.002232 0.007899 0.000000 0.000000 
0.065918 0.095941 0.000000 0.000708 0.171381 0.002266 0.007909 0.000000 0.000000 
0.066895 0.097364 0.000000 0.000719 0.171381 0.002301 0.007919 0.000000 0.000000 
0.067871 0.098787 0.000000 0.000730 0.171381 0.002335 0.007929 0.000000 0.000000 
0.068848 0.100211 0.000000 0.000740 0.171381 0.002370 0.007940 0.000000 0.000000 
0.069824 0.101634 0.000000 0.000751 0.171381 0.002405 0.007950 0.000000 0.000000 
0.070801 0.103057 0.000000 0.000762 0.171381 0.002440 0.007961 0.000000 0.000000 
0.071777 0.104480 0.000000 0.000772 0.171381 0.002474 0.007971 0.000000 0.000000 
0.072754 0.105904 0.000000 0.000783 0.171381 0.002509 0.007982 0.000000 0.000000 
0.073730 0.107327 0.000000 0.000794 0.171381 0.002544 0.007993 0.000000 0.000000 
0.074707 0.108751 0.000000 0.000805 0.171381 0.002579 0.008004 0.000000 0.000000 
0.075684 0.110175 0.000000 0.000815 0.171381 0.002614 0.008016 0.000000 0.000000 
0.076660 0.111598 0.000000 0.000826 0.171381 0.002649 0.008027 0.000000 0.000000 
0.077637 0.113022 0.000000 0.000837 0.171381 0.002684 0.008039 0.000000 0.000000 
0.078613 0.114446 0.000000 0.000847 0.171381 0.002719 0.008051 0.000000 0.000000 
0.079590 0.115870 0.000000 0.000858 0.171381 0.002754 0.008063 0.000000 0.000000 
0.080566 0.117294 0.000000 0.000869 0.171381 0.002790 0.008075 0.000000 0.000000 
0.081543 0.118718 0.000000 0.000880 0.171381 0.002825 0.008087 0.000000 0.000000 
0.082520 0.120142 0.000000 0.000891 0.171381 0.002860 0.008099 0.000000 0.000000 
0.083496 0.121567 0.000000 0.000901 0.171381 0.002896 0.008112 0.000000 0.000000 
0.084473 0.122991 0.000000 0.000912 0.171381 0.002931 0.008125 0.000000 0.000000 
0.085449 0.124416 0.000000 0.000923 0.171381 0.002967 0.008138 0.000000 0.000000 
0.086426 0.125840 0.000000 0.000934 0.171381 0.003002 0.008151 0.000000 0.000000 
0.087402 0.127265 0.000000 0.000945 0.171381 0.003038 0.008164 0.000000 0.000000 
0.088379 0.128690 0.000000 0.000955 0.171381 0.003074 0.008177 0.000000 0.000000 
0.089355 0.130115 0.000000 0.000966 0.171381 0.003109 0.008191 0.000000 0.000000 
0.090332 0.131540 0.000000 0.000977 0.171381 0.003145 0.008204 0.000000 0.000000 
0.091309 0.132965 0.000000 0.000988 0.171381 0.003181 0.008218 0.000000 0.000000 
0.092285 0.134390 0.000000 0.000999 0.171381 0.003217 0.008232 0.000000 0.000000 
0.093262 0.135815 0.000000 0.001010 0.171381 0.003253 0.008246 0.000000 0.000000 
0.094238 0.137241 0.000000 0.001021 0.171381 0.003289 0.008261 0.000000 0.000000 
0.095215 0.138666 0.000000 0.001031 0.171381 0.003325 0.008275 0.000000 0.000000 
0.096191 0.140092 0.000000 0.001042 0.171381 0.003361 0.008290 0.000000 0.000000 
0.097168 0.141517 0.000000 0.001053 0.171381 0.003397 0.008304 0.000000 0.000000 
0.098145 0.142943 0.000000 0.001064 0.171381 0.003434 0.008319 0.000000 0.000000 
0.099121 0.144369 0.000000 0.001075 0.171381 0.003470 0.008334 0.000000 0.000000 
0.100098 0.145795 0.000000 0.001086 0.171381 0.003507 0.008350 0.000000 0.000000 
0.101074 0.147221 0.000000 0.001097 0.171381 0.003543 0.008365 0.000000 0.000000 
0.102051 0.148648 0.000000 0.001108 0.171381 0.003580 0.008381 0.000000 0.000000 
0.103027 0.150074 0.000000 0.001119 0.171381 0.003616 0.008396 0.000000 0.000000 
0.104004 0.151500 0.000000 0.001130 0.171381 0.003653 0.008412 0.000000 0.000000 
0.104980 0.152927 0.000000 0.001141 0.171381 0.003690 0.008428 0.000000 0.000000 
0.105957 0.154354 0.000000 0.001152 0.171381 0.003727 0.008444 0.000000 0.000000 
0.106934 0.155780 0.000000 0.001163 0.171381 0.003763 0.008461 0.000000 0.000000 
0.107910 0.157207 0.000000 0.001174 0.171381 0.003800 0.008477 0.000000 0.000000 
0.108887 0.158634 0.000000 0.001185 0.171381 0.003838 0.008494 0.000000 0.000000 
0.109863 0.160062 0.000000 0.001196 0.171381 0.003875 0.008511 0.000000 0.000000 
0.110840 0.161489 0.000000 0.001207 0.171381 0.003912 0.008528 0.000000 0.000000 
0.111816 0.162916 0.000000 0.001218 0.171381 0.003949 0.008545 0.000000 0.000000 
0.112793 0.164344 0.000000 0.001229 0.171381 0.003987 0.008562 0.000000 0.000000 
0.113770 0.165771 0.000000 0.001240 0.171381 0.004024 0.008580 0.000000 0.000000 
0.114746 0.167199 0.000000 0.001251 0.171381 0.004061 0.008597 0.000000 0.000000 
0.115723 0.168627 0.000000 0.001262 0.171381 0.004099 0.008615 0.000000 0.000000 
0.116699 0.170055 0.000000 0.001273 0.171381 0.004137 0.008633 0.000000 0.000000 
0.117676 0.171483 0.000000 0.001285 0.171381 0.004174 0.008651 0.000000 0.000000 
0.118652 0.172912 0.000000 0.001296 0.171381 0.004212 0.008670 0.000000 0.000000 
0.119629 0.174340 0.000000 0.001307 0.171381 0.004250 0.008688 0.000000 0.000000 
0.120605 0.175769 0.000000 0.001318 0.171381 0.004288 0.008707 0.000000 0.000000 
0.121582 0.177197 0.000000 0.001329 0.171381 0.004326 0.008726 0.000000 0.000000 
0.122559 0.178626 0.000000 0.001340 0.171381 0.004364 0.008745 0.000000 0.000000 
0.123535 0.180055 0.000000 0.001351 0.171381 0.004403 0.008764 0.000000 0.000000 
0.124512 0.181484 0.000000 0.001363 0.171381 0.004441 0.008783 0.000000 0.000000 
0.125488 0.182913 0.000000 0.001374 0.171381 0.004479 0.008803 0.000000 0.000000 
0.126465 0.184343 0.000000 0.001385 0.171381 0.004518 0.008822 0.000000 0.000000 
0.127441 0.185772 0.000000 0.001396 0.171381 0.004556 0.008842 0.000000 0.000000 
0.128418 0.187202 0.000000 0.001407 0.171381 0.004595 0.008862 0.000000 0.000000 
0.129395 0.188632 0.000000 0.001419 0.171381 0.004634 0.008882 0.000000 0.000000 
0.130371 0.190062 0.000000 0.001430 0.171381 0.004673 0.008902 0.000000 0.000000 
0.131348 0.191492 0.000000 0.001441 0.171381 0.004712 0.008923 0.000000 0.000000 
0.132324 0.192922 0.000000 0.001452 0.171381 0.004751 0.008944 0.000000 0.000000 
0.133301 0.194352 0.000000 0.001464 0.171381 0.004790 0.008964 0.000000 0.000000 
0.134277 0.195783 0.000000 0.001475 0.171381 0.004829 0.008985 0.000000 0.000000 
0.135254 0.197214 0.000000 0.001486 0.171381 0.004868 0.009007 0.000000 0.000000 
0.136230 0.198644 0.000000 0.001497 0.171381 0.004908 0.009028 0.000000 0.000000 
0.137207 0.200075 0.000000 0.001509 0.171381 0.004947 0.009049 0.000000 0.000000 
0.138184 0.201507 0.000000 0.001520 0.171381 0.004987 0.009071 0.000000 0.000000 
0.139160 0.202938 0.000000 0.001531 0.171381 0.005026 0.009093 0.000000 0.000000 
0.140137 0.204369 0.000000 0.001543 0.171381 0.005066 0.009115 0.000000 0.000000 
0.141113 0.205801 0.000000 0.001554 0.171381 0.005106 0.009137 0.000000 0.000000 
0.142090 0.207233 0.000000 0.001565 0.171381 0.005146 0.009160 0.000000 0.000000 
0.143066 0.208665 0.000000 0.001577 0.171381 0.005186 0.009182 0.000000 0.000000 
0.144043 0.210097 0.000000 0.001588 0.171381 0.005226 0.009205 0.000000 0.000000 
0.145020 0.211529 0.000000 0.001599 0.171381 0.005266 0.009228 0.000000 0.000000 
0.145996 0.212961 0.000000 0.001611 0.171381 0.005307 0.009251 0.000000 0.000000 
0.146973 0.214394 0.000000 0.001622 0.171381 0.005347 0.009274 0.000000 0.000000 
0.147949 0.215827 0.000000 0.001634 0.171381 0.005388 0.009298 0.000000 0.000000 
0.148926 0.217260 0.000000 0.001645 0.171381 0.005428 0.009321 0.000000 0.000000 
0.149902 0.218693 0.000000 0.001656 0.171381 0.005469 0.009345 0.000000 0.000000 
0.150879 0.220126 0.000000 0.001668 0.171381 0.005510 0.009369 0.000000 0.000000 
0.151855 0.221559 0.000000 0.001679 0.171381 0.005551 0.009393 0.000000 0.000000 
0.152832 0.222993 0.000000 0.001691 0.171381 0.005592 0.009418 0.000000 0.000000 
0.153809 0.224427 0.000000 0.001702 0.171381 0.005633 0.009442 0.000000 0.000000 
0.154785 0.225861 0.000000 0.001714 0.171381 0.005674 0.009467 0.000000 0.000000 
0.155762 0.227295 0.000000 0.001725 0.171381 0.005716 0.009492 0.000000 0.000000 
0.156738 0.228729 0.000000 0.001737 0.171381 0.005757 0.009517 0.000000 0.000000 
0.157715 0.230164 0.000000 0.001748 0.171381 0.005799 0.009542 0.000000 0.000000 
0.158691 0.231598 0.000000 0.001760 0.171381 0.005841 0.009567 0.000000 0.000000 
0.159668 0.233033 0.000000 0.001771 0.171381 0.005883 0.009593 0.000000 0.000000 
0.160645 0.234468 0.000000 0.001783 0.171381 0.005924 0.009619 0.000000 0.000000 
0.161621 0.235904 0.000000 0.001794 0.171381 0.005967 0.009645 0.000000 0.000000 
0.162598 0.237339 0.000000 0.001806 0.171381 0.006009 0.009671 0.000000 0.000000 
0.163574 0.238775 0.000000 0.001817 0.171381 0.006051 0.009697 0.000000 0.000000 
0.164551 0.240210 0.000000 0.001829 0.171381 0.006093 0.009724 0.000000 0.000000 
0.165527 0.241646 0.000000 0.001840 0.171381 0.006136 0.009750 0.000000 0.000000 
0.166504 0.243082 0.000000 0.001852 0.171381 0.006179 0.009777 0.000000 0.000000 
0.167480 0.244519 0.000000 0.001863 0.171381 0.006221 0.009804 0.000000 0.000000 
0.168457 0.245955 0.000000 0.001875 0.171381 0.006264 0.009832 0.000000 0.000000 
0.169434 0.247392 0.000000 0.001887 0.171381 0.006307 0.009859 0.000000 0.000000 
0.170410 0.248829 0.000000 0.001898 0.171381 0.006350 0.009887 0.000000 0.000000 
0.171387 0.250266 0.000000 0.001910 0.171381 0.006394 0.009915 0.000000 0.000000 
0.172363 0.251703 0.000000 0.001921 0.171381 0.006437 0.009943 0.000000 0.000000 
0.173340 0.253141 0.000000 0.001933 0.171381 0.006480 0.009971 0.000000 0.000000 
0.174316 0.254579 0.000000 0.001944 0.171381 0.006524 0.009999 0.000000 0.000000 
0.175293 0.256017 0.000000 0.001956 0.171381 0.006568 0.010028 0.000000 0.000000 
0.176270 0.257455 0.000000 0.001968 0.171381 0.006612 0.010056 0.000000 0.000000 
0.177246 0.258893 0.000000 0.001979 0.171381 0.006656 0.010085 0.000000 0.000000 
0.178223 0.260332 0.000000 0.001991 0.171381 0.006700 0.010115 0.000000 0.000000 
0.179199 0.261771 0.000000 0.002003 0.171381 0.006744 0.010144 0.000000 0.000000 
0.180176 0.263209 0.000000 0.002014 0.171381 0.006788 0.010174 0.000000 0.000000 
0.181152 0.264649 0.000000 0.002026 0.171381 0.006833 0.010203 0.000000 0.000000 
0.182129 0.266088 0.000000 0.002037 0.171381 0.006877 0.010233 0.000000 0.000000 
0.183105 0.267528 0.000000 0.002049 0.171381 0.006922 0.010263 0.000000 0.000000 
0.184082 0.268968 0.000000 0.002061 0.171381 0.006967 0.010294 0.000000 0.000000 
0.185059 0.270408 0.000000 0.002072 0.171381 0.007012 0.010324 0.000000 0.000000 
0.186035 0.271848 0.000000 0.002084 0.171381 0.007057 0.010355 0.000000 0.000000 
0.187012 0.273288 0.000000 0.002096 0.171381 0.007103 0.010386 0.000000 0.000000 
0.187988 0.274729 0.000000 0.002107 0.171381 0.007148 0.010417 0.000000 0.000000 
0.188965 0.276170 0.000000 0.002119 0.171381 0.007194 0.010448 0.000000 0.000000 
0.189941 0.277611 0.000000 0.002131 0.171381 0.007239 0.010480 0.000000 0.000000 
0.190918 0.279052 0.000000 0.002142 0.171381 0.007285 0.010512 0.000000 0.000000 
0.191895 0.280494 0.000000 0.002154 0.171381 0.007331 0.010543 0.000000 0.000000 
0.192871 0.281936 0.000000 0.002166 0.171381 0.007377 0.010576 0.000000 0.000000 
0.193848 0.283378 0.000000 0.002177 0.171381 0.007423 0.010608 0.000000 0.000000 
0.194824 0.284820 0.000000 0.002189 0.171381 0.007470 0.010640 0.000000 0.000000 
0.195801 0.286263 0.000000 0.002200 0.171381 0.007516 0.010673 0.000000 0.000000 
0.196777 0.287706 0.000000 0.002212 0.171381 0.007563 0.010706 0.000000 0.000000 
0.197754 0.289149 0.000000 0.002224 0.171381 0.007610 0.010739 0.000000 0.000000 
0.198730 0.290592 0.000000 0.002235 0.171381 0.007657 0.010773 0.000000 0.000000 
0.199707 0.292035 0.000000 0.002247 0.171381 0.007704 0.010806 0.000000 0.000000 
0.200684 0.293479 0.000000 0.002259 0.171381 0.007751 0.010840 0.000000 0.000000 
0.201660 0.294923 0.000000 0.002270 0.171381 0.007799 0.010874 0.000000 0.000000 
0.202637 0.296367 0.000000 0.002282 0.171381 0.007846 0.010908 0.000000 0.000000 
0.203613 0.297812 0.000000 0.002294 0.171381 0.007894 0.010942 0.000000 0.000000 
0.204590 0.299256 0.000000 0.002305 0.171381 0.007942 0.010977 0.000000 0.000000 
0.205566 0.300701 0.000000 0.002317 0.171381 0.007990 0.011012 0.000000 0.000000 
0.206543 0.302146 0.000000 0.002329 0.171381 0.008038 0.011047 0.000000 0.000000 
0.207520 0.303592 0.000000 0.002340 0.171381 0.008086 0.011082 0.000000 0.000000 
0.208496 0.305038 0.000000 0.002352 0.171381 0.008135 0.011117 0.000000 0.000000 
0.209473 0.306483 0.000000 0.002363 0.171381 0.008183 0.011153 0.000000 0.000000 
0.210449 0.307930 0.000000 0.002375 0.171381 0.008232 0.011189 0.000000 0.000000 
0.211426 0.309376 0.000000 0.002387 0.171381 0.008281 0.011225 0.000000 0.000000 
0.212402 0.310823 0.000000 0.002398 0.171381 0.008330 0.011261 0.000000 0.000000 
0.213379 0.312270 0.000000 0.002410 0.171381 0.008379 0.011298 0.000000 0.000000 
0.214355 0.313717 0.000000 0.002421 0.171381 0.008429 0.011334 0.000000 0.000000 
0.215332 0.315165 0.000000 0.002433 0.171381 0.008478 0.011371 0.000000 0.000000 
0.216309 0.316612 0.000000 0.002444 0.171381 0.008528 0.011408 0.000000 0.000000 
0.217285 0.318060 0.000000 0.002456 0.171381 0.008578 0.011446 0.000000 0.000000 
0.218262 0.319509 0.000000 0.002467 0.171381 0.008628 0.011483 0.000000 0.000000 
0.219238 0.320957 0.000000 0.002479 0.171381 0.008678 0.011521 0.000000 0.000000 
0.220215 0.322406 0.000000 0.002490 0.171381 0.008729 0.011559 0.000000 0.000000 
0.221191 0.323855 0.000000 0.002502 0.171381 0.008779 0.011597 0.000000 0.000000 
0.222168 0.325304 0.000000 0.002513 0.171381 0.008830 0.011636 0.000000 0.000000 
0.223145 0.326754 0.000000 0.002525 0.171381 0.008881 0.011674 0.000000 0.000000 
0.224121 0.328204 0.000000 0.002536 0.171381 0.008932 0.011713 0.000000 0.000000 
0.225098 0.329654 0.000000 0.002548 0.171381 0.008983 0.011752 0.000000 0.000000 
0.226074 0.331105 0.000000 0.002559 0.171381 0.009035 0.011792 0.000000 0.000000 
0.227051 0.332555 0.000000 0.002571 0.171381 0.009086 0.011831 0.000000 0.000000 
0.228027 0.334007 0.000000 0.002582 0.171381 0.009138 0.011871 0.000000 0.000000 
0.229004 0.335458 0.000000 0.002593 0.171381 0.009190 0.011911 0.000000 0.000000 
0.229980 0.336909 0.000000 0.002605 0.171381 0.009242 0.011951 0.000000 0.000000 
0.230957 0.338361 0.000000 0.002616 0.171381 0.009294 0.011992 0.000000 0.000000 
0.231934 0.339814 0.000000 0.002627 0.171381 0.009347 0.012033 0.000000 0.000000 
0.232910 0.341266 0.000000 0.002639 0.171381 0.009400 0.012074 0.000000 0.000000 
0.233887 0.342719 0.000000 0.002650 0.171381 0.009452 0.012115 0.000000 0.000000 
0.234863 0.344172 0.000000 0.002661 0.171381 0.009505 0.012156 0.000000 0.000000 
0.235840 0.345625 0.000000 0.002672 0.171381 0.009559 0.012198 0.000000 0.000000 
0.236816 0.347079 0.000000 0.002683 0.171381 0.009612 0.012240 0.000000 0.000000 
0.237793 0.348533 0.000000 0.002695 0.171381 0.009665 0.012282 0.000000 0.000000 
0.238770 0.349987 0.000000 0.002706 0.171381 0.009719 0.012324 0.000000 0.000000 
0.239746 0.351442 0.000000 0.002717 0.171381 0.009773 0.012367 0.000000 0.000000 
0.240723 0.352897 0.000000 0.002728 0.171381 0.009827 0.012409 0.000000 0.000000 
0.241699 0.354352 0.000000 0.002739 0.171381 0.009881 0.012452 0.000000 0.000000 
0.242676 0.355807 0.000000 0.002750 0.171381 0.009936 0.012496 0.000000 0.000000 
0.243652 0.357263 0.000000 0.002761 0.171381 0.009991 0.012539 0.000000 0.000000 
0.244629 0.358719 0.000000 0.002772 0.171381 0.010045 0.012583 0.000000 0.000000 
0.245605 0.360176 0.000000 0.002783 0.171381 0.010101 0.012627 0.000000 0.000000 
0.246582 0.361632 0.000000 0.002794 0.171381 0.010156 0.012671 0.000000 0.000000 
0.247559 0.363089 0.000000 0.002805 0.171381 0.010211 0.012716 0.000000 0.000000 
0.248535 0.364547 0.000000 0.002815 0.171381 0.010267 0.012760 0.000000 0.000000 
0.249512 0.366005 0.000000 0.002826 0.171381 0.010323 0.012805 0.000000 0.000000 
0.250488 0.367463 0.000000 0.002837 0.171381 0.010379 0.012851 0.000000 0.000000 
0.251465 0.368921 0.000000 0.002848 0.171381 0.010435 0.012896 0.000000 0.000000 
0.252441 0.370380 0.000000 0.002858 0.171381 0.010491 0.012942 0.000000 0.000000 
0.253418 0.371839 0.000000 0.002869 0.171381 0.010548 0.012988 0.000000 0.000000 
0.254395 0.373298 0.000000 0.002879 0.171381 0.010605 0.013034 0.000000 0.000000 
0.255371 0.374757 0.000000 0.002890 0.171381 0.010662 0.013080 0.000000 0.000000 
0.256348 0.376217 0.000000 0.002900 0.171381 0.010719 0.013127 0.000000 0.000000 
0.257324 0.377678 0.000000 0.002911 0.171381 0.010776 0.013174 0.000000 0.000000 
0.258301 0.379138 0.000000 0.002921 0.171381 0.010834 0.013221 0.000000 0.000000 
0.259277 0.380599 0.000000 0.002931 0.171381 0.010892 0.013269 0.000000 0.000000 
0.260254 0.382061 0.000000 0.002942 0.171381 0.010950 0.013316 0.000000 0.000000 
0.261230 0.383522 0.000000 0.002952 0.171381 0.011008 0.013364 0.000000 0.000000 
0.262207 0.384984 0.000000 0.002962 0.171381 0.011067 0.013412 0.000000 0.000000 
0.263184 0.386447 0.000000 0.002972 0.171381 0.011125 0.013461 0.000000 0.000000 
0.264160 0.387909 0.000000 0.002982 0.171381 0.011184 0.013510 0.000000 0.000000 
0.265137 0.389373 0.000000 0.002992 0.171381 0.011243 0.013559 0.000000 0.000000 
0.266113 0.390836 0.000000 0.003002 0.171381 0.011303 0.013608 0.000000 0.000000 
0.267090 0.392300 0.000000 0.003012 0.171381 0.011362 0.013657 0.000000 0.000000 
0.268066 0.393764 0.000000 0.003022 0.171381 0.011422 0.013707 0.000000 0.000000 
0.269043 0.395228 0.000000 0.003032 0.171381 0.011482 0.013757 0.000000 0.000000 
0.270020 0.396693 0.000000 0.003041 0.171381 0.011542 0.013807 0.000000 0.000000 
0.270996 0.398158 0.000000 0.003051 0.171381 0.011603 0.013858 0.000000 0.000000 
0.271973 0.399624 0.000000 0.003060 0.171381 0.011663 0.013909 0.000000 0.000000 
0.272949 0.401090 0.000000 0.003070 0.171381 0.011724 0.013960 0.000000 0.000000 
0.273926 0.402556 0.000000 0.003079 0.171381 0.011785 0.014011 0.000000 0.000000 
0.274902 0.404023 0.000000 0.003089 0.171381 0.011846 0.014063 0.000000 0.000000 
0.275879 0.405490 0.000000 0.003098 0.171381 0.011908 0.014115 0.000000 0.000000 
0.276855 0.406957 0.000000 0.003107 0.171381 0.011970 0.014167 0.000000 0.000000 
0.277832 0.408425 0.000000 0.003116 0.171381 0.012032 0.014219 0.000000 0.000000 
0.278809 0.409893 0.000000 0.003125 0.171381 0.012094 0.014272 0.000000 0.000000 
0.279785 0.411361 0.000000 0.003134 0.171381 0.012156 0.014325 0.000000 0.000000 
0.280762 0.412830 0.000000 0.003143 0.171381 0.012219 0.014378 0.000000 0.000000 
0.281738 0.414299 0.000000 0.003151 0.171381 0.012282 0.014431 0.000000 0.000000 
0.282715 0.415769 0.000000 0.003160 0.171381 0.012345 0.014485 0.000000 0.000000 
0.283691 0.417239 0.000000 0.003168 0.171381 0.012409 0.014539 0.000000 0.000000 
0.284668 0.418710 0.000000 0.003177 0.171381 0.012472 0.014594 0.000000 0.000000 
0.285645 0.420180 0.000000 0.003185 0.171381 0.012536 0.014648 0.000000 0.000000 
0.286621 0.421652 0.000000 0.003193 0.171381 0.012600 0.014703 0.000000 0.000000 
0.287598 0.423123 0.000000 0.003201 0.171381 0.012664 0.014758 0.000000 0.000000 
0.288574 0.424595 0.000000 0.003209 0.171381 0.012729 0.014814 0.000000 0.000000 
0.289551 0.426067 0.000000 0.003217 0.171381 0.012794 0.014869 0.000000 0.000000 
0.290527 0.427540 0.000000 0.003225 0.171381 0.012859 0.014925 0.000000 0.000000 
0.291504 0.429013 0.000000 0.003233 0.171381 0.012924 0.014982 0.000000 0.000000 
0.292480 0.430487 0.000000 0.003240 0.171381 0.012990 0.015038 0.000000 0.000000 
0.293457 0.431961 0.000000 0.003248 0.171381 0.013056 0.015095 0.000000 0.000000 
0.294434 0.433435 0.000000 0.003255 0.171381 0.013122 0.015152 0.000000 0.000000 
0.295410 0.434910 0.000000 0.003262 0.171381 0.013188 0.015210 0.000000 0.000000 
0.296387 0.436385 0.000000 0.003269 0.171381 0.013254 0.015268 0.000000 0.000000 
0.297363 0.437861 0.000000 0.003276 0.171381 0.013321 0.015326 0.000000 0.000000 
0.298340 0.439337 0.000000 0.003283 0.171381 0.013388 0.015384 0.000000 0.000000 
0.299316 0.440813 0.000000 0.003289 0.171381 0.013456 0.015443 0.000000 0.000000 
0.300293 0.442290 0.000000 0.003296 0.171381 0.013523 0.015501 0.000000 0.000000 
0.301270 0.443768 0.000000 0.003302 0.171381 0.013591 0.015561 0.000000 0.000000 
0.302246 0.445245 0.000000 0.003308 0.171381 0.013659 0.015620 0.000000 0.000000 
0.303223 0.446723 0.000000 0.003314 0.171381 0.013727 0.015680 0.000000 0.000000 
0.304199 0.448202 0.000000 0.003320 0.171381 0.013796 0.015740 0.000000 0.000000 
0.305176 0.449681 0.000000 0.003325 0.171381 0.013865 0.015801 0.000000 0.000000 
0.306152 0.451160 0.000000 0.003331 0.171381 0.013934 0.015861 0.000000 0.000000 
0.307129 0.452640 0.000000 0.003336 0.171381 0.014003 0.015922 0.000000 0.000000 
0.308105 0.454121 0.000000 0.003341 0.171381 0.014073 0.015984 0.000000 0.000000 
0.309082 0.455601 0.000000 0.003346 0.171381 0.014143 0.016045 0.000000 0.000000 
0.310059 0.457083 0.000000 0.003351 0.171381 0.014213 0.016107 0.000000 0.000000 
0.311035 0.458564 0.000000 0.003356 0.171381 0.014284 0.016169 0.000000 0.000000 
0.312012 0.460046 0.000000 0.003360 0.171381 0.014355 0.016232 0.000000 0.000000 
0.312988 0.461529 0.000000 0.003364 0.171381 0.014426 0.016295 0.000000 0.000000 
0.313965 0.463012 0.000000 0.003368 0.171381 0.014497 0.016358 0.000000 0.000000 
0.314941 0.464495 0.000000 0.003372 0.171381 0.014568 0.016421 0.000000 0.000000 
0.315918 0.465979 0.000000 0.003376 0.171381 0.014640 0.016485 0.000000 0.000000 
0.316895 0.467463 0.000000 0.003379 0.171381 0.014712 0.016549 0.000000 0.000000 
0.317871 0.468948 0.000000 0.003382 0.171381 0.014785 0.016614 0.000000 0.000000 
0.318848 0.470433 0.000000 0.003385 0.171381 0.014858 0.016678 0.000000 0.000000 
0.319824 0.471919 0.000000 0.003388 0.171381 0.014931 0.016743 0.000000 0.000000 
0.320801 0.473405 0.000000 0.003391 0.171381 0.015004 0.016809 0.000000 0.000000 
0.321777 0.474892 0.000000 0.003393 0.171381 0.015077 0.016874 0.000000 0.000000 
0.322754 0.476379 0.000000 0.003395 0.171381 0.015151 0.016940 0.000000 0.000000 
0.323730 0.477867 0.000000 0.003397 0.171381 0.015225 0.017007 0.000000 0.000000 
0.324707 0.479355 0.000000 0.003398 0.171381 0.015300 0.017073 0.000000 0.000000 
0.325684 0.480843 0.000000 0.003399 0.171381 0.015374 0.017140 0.000000 0.000000 
0.326660 0.482332 0.000000 0.003400 0.171381 0.015449 0.017208 0.000000 0.000000 
0.327637 0.483822 0.000000 0.003401 0.171381 0.015525 0.017275 0.000000 0.000000 
0.328613 0.485312 0.000000 0.003401 0.171381 0.015600 0.017343 0.000000 0.000000 
0.329590 0.486802 0.000000 0.003401 0.171381 0.015676 0.017412 0.000000 0.000000 
0.330566 0.488293 0.000000 0.003401 0.171381 0.015752 0.017480 0.000000 0.000000 
0.331543 0.489784 0.000000 0.003401 0.171381 0.015829 0.017549 0.000000 0.000000 
0.332520 0.491276 0.000000 0.003400 0.171381 0.015906 0.017619 0.000000 0.000000 
0.333496 0.492769 0.000000 0.003399 0.171381 0.015983 0.017688 0.000000 0.000000 
0.334473 0.494262 0.000000 0.003398 0.171381 0.016060 0.017758 0.000000 0.000000 
0.335449 0.495755 0.000000 0.003396 0.171381 0.016138 0.017828 0.000000 0.000000 
0.336426 0.497249 0.000000 0.003394 0.171381 0.016216 0.017899 0.000000 0.000000 
0.337402 0.498744 0.000000 0.003391 0.171381 0.016294 0.017970 0.000000 0.000000 
0.338379 0.500238 0.000000 0.003389 0.171381 0.016373 0.018041 0.000000 0.000000 
0.339355 0.501734 0.000000 0.003386 0.171381 0.016452 0.018113 0.000000 0.000000 
0.340332 0.503230 0.000000 0.003382 0.171381 0.016531 0.018185 0.000000 0.000000 
0.341309 0.504726 0.000000 0.003378 0.171381 0.016611 0.018257 0.000000 0.000000 
0.342285 0.506223 0.000000 0.003374 0.171381 0.016691 0.018330 0.000000 0.000000 
0.343262 0.507721 0.000000 0.003369 0.171381 0.016771 0.018403 0.000000 0.000000 
0.344238 0.509219 0.000000 0.003364 0.171381 0.016851 0.018477 0.000000 0.000000 
0.345215 0.510717 0.000000 0.003359 0.171381 0.016932 0.018550 0.000000 0.000000 
0.346191 0.512217 0.000000 0.003353 0.171381 0.017013 0.018625 0.000000 0.000000 
0.347168 0.513716 0.000000 0.003347 0.171381 0.017095 0.018699 0.000000 0.000000 
0.348145 0.515216 0.000000 0.003340 0.171381 0.017177 0.018774 0.000000 0.000000 
0.349121 0.516717 0.000000 0.003333 0.171381 0.017259 0.018849 0.000000 0.000000 
0.350098 0.518218 0.000000 0.003326 0.171381 0.017341 0.018925 0.000000 0.000000 
0.351074 0.519720 0.000000 0.003318 0.171381 0.017424 0.019001 0.000000 0.000000 
0.352051 0.521222 0.000000 0.003309 0.171381 0.017507 0.019077 0.000000 0.000000 
0.353027 0.522725 0.000000 0.003300 0.171381 0.017591 0.019153 0.000000 0.000000 
0.354004 0.524229 0.000000 0.003291 0.171381 0.017675 0.019230 0.000000 0.000000 
0.354980 0.525732 0.000000 0.003281 0.171381 0.017759 0.019308 0.000000 0.000000 
0.355957 0.527237 0.000000 0.003270 0.171381 0.017843 0.019386 0.000000 0.000000 
0.356934 0.528742 0.000000 0.003259 0.171381 0.017928 0.019464 0.000000 0.000000 
0.357910 0.530248 0.000000 0.003248 0.171381 0.018013 0.019542 0.000000 0.000000 
0.358887 0.531754 0.000000 0.003235 0.171381 0.018099 0.019621 0.000000 0.000000 
0.359863 0.533261 0.000000 0.003223 0.171381 0.018185 0.019700 0.000000 0.000000 
0.360840 0.534768 0.000000 0.003209 0.171381 0.018271 0.019780 0.000000 0.000000 
0.361816 0.536276 0.000000 0.003196 0.171381 0.018357 0.019860 0.000000 0.000000 
0.362793 0.537784 0.000000 0.003181 0.171381 0.018444 0.019940 0.000000 0.000000 
0.363770 0.539293 0.000000 0.003166 0.171381 0.018532 0.020021 0.000000 0.000000 
0.364746 0.540803 0.000000 0.003151 0.171381 0.018619 0.020102 0.000000 0.000000 
0.365723 0.542313 0.000000 0.003134 0.171381 0.018707 0.020184 0.000000 0.000000 
0.366699 0.543824 0.000000 0.003117 0.171381 0.018795 0.020265 0.000000 0.000000 
0.367676 0.545335 0.000000 0.003100 0.171381 0.018884 0.020348 0.000000 0.000000 
0.368652 0.546847 0.000000 0.003081 0.171381 0.018973 0.020430 0.000000 0.000000 
0.369629 0.548360 0.000000 0.003062 0.171381 0.019063 0.020513 0.000000 0.000000 
0.370605 0.549873 0.000000 0.003043 0.171381 0.019152 0.020597 0.000000 0.000000 
0.371582 0.551386 0.000000 0.003022 0.171381 0.019243 0.020681 0.000000 0.000000 
0.372559 0.552901 0.000000 0.003001 0.171381 0.019333 0.020765 0.000000 0.000000 
0.373535 0.554416 0.000000 0.002979 0.171381 0.019424 0.020850 0.000000 0.000000 
0.374512 0.555931 0.000000 0.002956 0.171381 0.019515 0.020935 0.000000 0.000000 
0.375488 0.557447 0.000000 0.002933 0.171381 0.019607 0.021020 0.000000 0.000000 
0.376465 0.558964 0.000000 0.002908 0.171381 0.019699 0.021106 0.000000 0.000000 
0.377441 0.560481 0.000000 0.002883 0.171381 0.019791 0.021192 0.000000 0.000000 
0.378418 0.561999 0.000000 0.002857 0.171381 0.019884 0.021279 0.000000 0.000000 
0.379395 0.563518 0.000000 0.002830 0.171381 0.019977 0.021366 0.000000 0.000000 
0.380371 0.565037 0.000000 0.002803 0.171381 0.020070 0.021453 0.000000 0.000000 
0.381348 0.566557 0.000000 0.002774 0.171381 0.020164 0.021541 0.000000 0.000000 
0.382324 0.568078 0.000000 0.002744 0.171381 0.020259 0.021629 0.000000 0.000000 
0.383301 0.569599 0.000000 0.002714 0.171381 0.020353 0.021718 0.000000 0.000000 
0.384277 0.571120 0.000000 0.002682 0.171381 0.020448 0.021807 0.000000 0.000000 
0.385254 0.572643 0.000000 0.002650 0.171381 0.020544 0.021897 0.000000 0.000000 
0.386230 0.574166 0.000000 0.002617 0.171381 0.020640 0.021987 0.000000 0.000000 
0.387207 0.575689 0.000000 0.002582 0.171381 0.020736 0.022077 0.000000 0.000000 
0.388184 0.577214 0.000000 0.002546 0.171381 0.020832 0.022168 0.000000 0.000000 
0.389160 0.578739 0.000000 0.002510 0.171381 0.020929 0.022259 0.000000 0.000000 
0.390137 0.580264 0.000000 0.002472 0.171381 0.021027 0.022351 0.000000 0.000000 
0.391113 0.581791 0.000000 0.002433 0.171381 0.021125 0.022443 0.000000 0.000000 
0.392090 0.583317 0.000000 0.002393 0.171381 0.021223 0.022535 0.000000 0.000000 
0.393066 0.584845 0.000000 0.002352 0.171381 0.021322 0.022628 0.000000 0.000000 
0.394043 0.586373 0.000000 0.002310 0.171381 0.021421 0.022721 0.000000 0.000000 
0.395020 0.587902 0.000000 0.002266 0.171381 0.021520 0.022815 0.000000 0.000000 
0.395996 0.589432 0.000000 0.002221 0.171381 0.021620 0.022909 0.000000 0.000000 
0.396973 0.590962 0.000000 0.002175 0.171381 0.021720 0.023004 0.000000 0.000000 
0.397949 0.592493 0.000000 0.002128 0.171381 0.021821 0.023099 0.000000 0.000000 
0.398926 0.594025 0.000000 0.002079 0.171381 0.021922 0.023195 0.000000 0.000000 
0.399902 0.595557 0.000000 0.002029 0.171381 0.022023 0.023291 0.000000 0.000000 
0.400879 0.597090 0.000000 0.001978 0.171381 0.022125 0.023387 0.000000 0.000000 
0.401855 0.598623 0.000000 0.001925 0.171381 0.022228 0.023484 0.000000 0.000000 
0.402832 0.600158 0.000000 0.001870 0.171381 0.022330 0.023581 0.000000 0.000000 
0.403809 0.601693 0.000000 0.001815 0.171381 0.022434 0.023679 0.000000 0.000000 
0.404785 0.603229 0.000000 0.001757 0.171381 0.022537 0.023777 0.000000 0.000000 
0.405762 0.604765 0.000000 0.001698 0.171381 0.022641 0.023876 0.000000 0.000000 
0.406738 0.606302 0.000000 0.001638 0.171381 0.022746 0.023975 0.000000 0.000000 
0.407715 0.607840 0.000000 0.001576 0.171381 0.022851 0.024074 0.000000 0.000000 
0.408691 0.609379 0.000000 0.001512 0.171381 0.022956 0.024174 0.000000 0.000000 
0.409668 0.610918 0.000000 0.001446 0.171381 0.023062 0.024275 0.000000 0.000000 
0.410645 0.612458 0.000000 0.001379 0.171381 0.023168 0.024376 0.000000 0.000000 
0.411621 0.613999 0.000000 0.001310 0.171381 0.023275 0.024477 0.000000 0.000000 
0.412598 0.615540 0.000000 0.001239 0.171381 0.023382 0.024579 0.000000 0.000000 
0.413574 0.617082 0.000000 0.001167 0.171381 0.023489 0.024681 0.000000 0.000000 
0.414551 0.618625 0.000000 0.001092 0.171381 0.023597 0.024784 0.000000 0.000000 
0.415527 0.620169 0.000000 0.001016 0.171381 0.023706 0.024888 0.000000 0.000000 
0.416504 0.621713 0.000000 0.000938 0.171381 0.023815 0.024991 0.000000 0.000000 
0.417480 0.623258 0.000000 0.000857 0.171381 0.023924 0.025096 0.000000 0.000000 
0.418457 0.624804 0.000000 0.000775 0.171381 0.024034 0.025200 0.000000 0.000000 
0.419434 0.626351 0.000000 0.000690 0.171381 0.024144 0.025306 0.000000 0.000000 
0.420410 0.627898 0.000000 0.000603 0.171381 0.024255 0.025411 0.000000 0.000000 
0.421387 0.629446 0.000000 0.000515 0.171381 0.024366 0.025517 0.000000 0.000000 
0.422363 0.630995 0.000000 0.000423 0.171381 0.024478 0.025624 0.000000 0.000000 
0.423340 0.632545 0.000000 0.000330 0.171381 0.024590 0.025731 0.000000 0.000000 
0.424316 0.634095 0.000000 0.000234 0.171381 0.024703 0.025839 0.000000 0.000000 
0.425293 0.635647 0.000000 0.000136 0.171381 0.024816 0.025947 0.000000 0.000000 
0.426270 0.637199 0.000000 0.000035 0.171381 0.024929 0.026056 0.000000 0.000000 
0.427246 0.638751 0.000000 0.000068 0.171381 0.025043 0.026165 0.000000 0.000000 
0.428223 0.640305 0.000000 0.000173 0.171381 0.025158 0.026274 0.000000 0.000000 
0.429199 0.641859 0.000000 0.000282 0.171381 0.025273 0.026384 0.000000 0.000000 
0.430176 0.643414 0.000000 0.000393 0.171381 0.025388 0.026495 0.000000 0.000000 
0.431152 0.644970 0.000000 0.000506 0.171381 0.025504 0.026606 0.000000 0.000000 
0.432129 0.646527 0.000000 0.000623 0.171381 0.025621 0.026718 0.000000 0.000000 
0.433105 0.648084 0.000000 0.000742 0.171381 0.025738 0.026830 0.000000 0.000000 
0.434082 0.649642 0.000000 0.000864 0.171381 0.025855 0.026943 0.000000 0.000000 
0.435059 0.651202 0.000000 0.000990 0.171381 0.025973 0.027056 0.000000 0.000000 
0.436035 0.652761 0.000000 0.001118 0.171381 0.026091 0.027170 0.000000 0.000000 
0.437012 0.654322 0.000000 0.001249 0.171381 0.026210 0.027284 0.000000 0.000000 
0.437988 0.655884 0.000000 0.001384 0.171381 0.026330 0.027398 0.000000 0.000000 
0.438965 0.657446 0.000000 0.001522 0.171381 0.026450 0.027514 0.000000 0.000000 
0.439941 0.659009 0.000000 0.001663 0.171381 0.026570 0.027629 0.000000 0.000000 
0.440918 0.660573 0.000000 0.001807 0.171381 0.026691 0.027746 0.000000 0.000000 
0.441895 0.662138 0.000000 0.001955 0.171381 0.026812 0.027863 0.000000 0.000000 
0.442871 0.663704 0.000000 0.002107 0.171381 0.026934 0.027980 0.000000 0.000000 
0.443848 0.665270 0.000000 0.002262 0.171381 0.027057 0.028098 0.000000 0.000000 
0.444824 0.666837 0.000000 0.002421 0.171381 0.027180 0.028216 0.000000 0.000000 
0.445801 0.668406 0.000000 0.002583 0.171381 0.027303 0.028335 0.000000 0.000000 
0.446777 0.669975 0.000000 0.002750 0.171381 0.027427 0.028455 0.000000 0.000000 
0.447754 0.671545 0.000000 0.002920 0.171381 0.027552 0.028575 0.000000 0.000000 
0.448730 0.673115 0.000000 0.003095 0.171381 0.027677 0.028695 0.000000 0.000000 
0.449707 0.674687 0.000000 0.003274 0.171381 0.027802 0.028817 0.000000 0.000000 
0.450684 0.676259 0.000000 0.003457 0.171381 0.027929 0.028938 0.000000 0.000000 
0.451660 0.677833 0.000000 0.003644 0.171381 0.028055 0.029061 0.000000 0.000000 
0.452637 0.679407 0.000000 0.003835 0.171381 0.028182 0.029183 0.000000 0.000000 
0.453613 0.680982 0.000000 0.004032 0.171381 0.028310 0.029307 0.000000 0.000000 
0.454590 0.682558 0.000000 0.004232 0.171381 0.028438 0.029431 0.000000 0.000000 
0.455566 0.684135 0.000000 0.004438 0.171381 0.028567 0.029555 0.000000 0.000000 
0.456543 0.685713 0.000000 0.004648 0.171381 0.028697 0.029680 0.000000 0.000000 
0.457520 0.687291 0.000000 0.004863 0.171381 0.028826 0.029806 0.000000 0.000000 
0.458496 0.688871 0.000000 0.005084 0.171381 0.028957 0.029932 0.000000 0.000000 
0.459473 0.690451 0.000000 0.005309 0.171381 0.029088 0.030059 0.000000 0.000000 
0.460449 0.692033 0.000000 0.005540 0.171381 0.029219 0.030186 0.000000 0.000000 
0.461426 0.693615 0.000000 0.005776 0.171381 0.029352 0.030314 0.000000 0.000000 
0.462402 0.695198 0.000000 0.006017 0.171381 0.029484 0.030442 0.000000 0.000000 
0.463379 0.696782 0.000000 0.006265 0.171381 0.029617 0.030571 0.000000 0.000000 
0.464355 0.698367 0.000000 0.006517 0.171381 0.029751 0.030701 0.000000 0.000000 
0.465332 0.699953 0.000000 0.006776 0.171381 0.029886 0.030831 0.000000 0.000000 
0.466309 0.701540 0.000000 0.007041 0.171381 0.030021 0.030962 0.000000 0.000000 
0.467285 0.703128 0.000000 0.007312 0.171381 0.030156 0.031094 0.000000 0.000000 
0.468262 0.704717 0.000000 0.007589 0.171381 0.030292 0.031226 0.000000 0.000000 
0.469238 0.706306 0.000000 0.007873 0.171381 0.030429 0.031358 0.000000 0.000000 
0.470215 0.707897 0.000000 0.008163 0.171381 0.030566 0.031491 0.000000 0.000000 
0.471191 0.709489 0.000000 0.008460 0.171381 0.030704 0.031625 0.000000 0.000000 
0.472168 0.711081 0.000000 0.008764 0.171381 0.030842 0.031760 0.000000 0.000000 
0.473145 0.712675 0.000000 0.009075 0.171381 0.030981 0.031895 0.000000 0.000000 
0.474121 0.714269 0.000000 0.009393 0.171381 0.031121 0.032030 0.000000 0.000000 
0.475098 0.715865 0.000000 0.009718 0.171381 0.031261 0.032166 0.000000 0.000000 
0.476074 0.717461 0.000000 0.010051 0.171381 0.031402 0.032303 0.000000 0.000000 
0.477051 0.719058 0.000000 0.010391 0.171381 0.031543 0.032441 0.000000 0.000000 
0.478027 0.720657 0.000000 0.010740 0.171381 0.031685 0.032579 0.000000 0.000000 
0.479004 0.722256 0.000000 0.011096 0.171381 0.031828 0.032717 0.000000 0.000000 
0.479980 0.723856 0.000000 0.011461 0.171381 0.031971 0.032857 0.000000 0.000000 
0.480957 0.725458 0.000000 0.011833 0.171381 0.032115 0.032997 0.000000 0.000000 
0.481934 0.727060 0.000000 0.012215 0.171381 0.032259 0.033137 0.000000 0.000000 
0.482910 0.728664 0.000000 0.012605 0.171381 0.032404 0.033278 0.000000 0.000000 
0.483887 0.730268 0.000000 0.013004 0.171381 0.032550 0.033420 0.000000 0.000000 
0.484863 0.731873 0.000000 0.013412 0.171381 0.032696 0.033563 0.000000 0.000000 
0.485840 0.733480 0.000000 0.013830 0.171381 0.032843 0.033706 0.000000 0.000000 
0.486816 0.735087 0.000000 0.014257 0.171381 0.032991 0.033850 0.000000 0.000000 
0.487793 0.736713 0.000000 0.014682 0.171381 0.033145 0.033991 0.000000 0.000000 
0.488770 0.759763 0.000000 0.000032 0.171381 0.046428 0.034168 0.011995 0.019488 
0.489746 0.761503 0.000000 0.000333 0.171381 0.046657 0.034371 0.012068 0.019721 
0.490723 0.763247 0.000000 0.000707 0.171381 0.046887 0.034575 0.012141 0.019954 
0.491699 0.764993 0.000000 0.001091 0.171381 0.047120 0.034781 0.012215 0.020189 
0.492676 0.766742 0.000000 0.001484 0.171381 0.047355 0.034987 0.012290 0.020426 
0.493652 0.768495 0.000000 0.001887 0.171381 0.047591 0.035194 0.012366 0.020663 
0.494629 0.770250 0.000000 0.002300 0.171381 0.047829 0.035403 0.012443 0.020902 
0.495605 0.772009 0.000000 0.002723 0.171381 0.048069 0.035612 0.012520 0.021142 
0.496582 0.773771 0.000000 0.003157 0.171381 0.048311 0.035822 0.012599 0.021383 
0.497559 0.775535 0.000000 0.003601 0.171381 0.048555 0.036034 0.012678 0.021625 
0.498535 0.777303 0.000000 0.004057 0.171381 0.048801 0.036247 0.012758 0.021869 
0.499512 0.779074 0.000000 0.004524 0.171381 0.049048 0.036460 0.012839 0.022114 
