#x y at the midpoint of each cell and the error in every component
-0.499512 0.775505 0.000000 0.007048 0.171731 0.045991 0.038294 0.010477 0.025281 
-0.498535 0.773697 0.000000 0.006607 0.171731 0.045722 0.038094 0.010384 0.025057 
-0.497559 0.771892 0.000000 0.006178 0.171731 0.045455 0.037895 0.010292 0.024835 
-0.496582 0.770090 0.000000 0.005760 0.171731 0.045190 0.037697 0.010200 0.024614 
-0.495605 0.768291 0.000000 0.005353 0.171731 0.044927 0.037500 0.010110 0.024394 
-0.494629 0.766494 0.000000 0.004956 0.171731 0.044665 0.037304 0.010020 0.024176 
-0.493652 0.764701 0.000000 0.004570 0.171731 0.044406 0.037110 0.009931 0.023959 
-0.492676 0.762910 0.000000 0.004194 0.171731 0.044148 0.036917 0.009843 0.023744 
-0.491699 0.761122 0.000000 0.003828 0.171731 0.043891 0.036724 0.009756 0.023529 
-0.490723 0.759337 0.000000 0.003472 0.171731 0.043637 0.036533 0.009670 0.023317 
-0.489746 0.757554 0.000000 0.003126 0.171731 0.043384 0.036343 0.009584 0.023105 
-0.488770 0.755775 0.000000 0.002788 0.171731 0.043132 0.036154 0.009499 0.022895 
-0.487793 0.753998 0.000000 0.002460 0.171731 0.042883 0.035966 0.009415 0.022686 
-0.486816 0.752223 0.000000 0.002140 0.171731 0.042635 0.035780 0.009332 0.022479 
-0.485840 0.750452 0.000000 0.001829 0.171731 0.042388 0.035594 0.009249 0.022273 
-0.484863 0.748683 0.000000 0.001526 0.171731 0.042144 0.035409 0.009167 0.022068 
-0.483887 0.746917 0.000000 0.001232 0.171731 0.041901 0.035226 0.009086 0.021864 
-0.482910 0.745153 0.000000 0.000945 0.171731 0.041659 0.035043 0.009006 0.021662 
-0.481934 0.743392 0.000000 0.000666 0.171731 0.041419 0.034862 0.008926 0.021461 
-0.480957 0.741634 0.000000 0.000395 0.171731 0.041181 0.034682 0.008847 0.021261 
-0.479980 0.739878 0.000000 0.000132 0.171731 0.040944 0.034502 0.008769 0.021062 
-0.479004 0.738125 0.000000 0.000125 0.171731 0.040709 0.034324 0.008692 0.020865 
-0.478027 0.736374 0.000000 0.000374 0.171731 0.040476 0.034147 0.008615 0.020669 
-0.477051 0.734626 0.000000 0.000617 0.171731 0.040244 0.033970 0.008539 0.020474 
-0.476074 0.732881 0.000000 0.000852 0.171731 0.040014 0.033795 0.008464 0.020281 
-0.475098 0.731138 0.000000 0.001082 0.171731 0.039785 0.033621 0.008390 0.020088 
-0.474121 0.729397 0.000000 0.001304 0.171731 0.039557 0.033448 0.008316 0.019897 
-0.473145 0.727659 0.000000 0.001521 0.171731 0.039332 0.033275 0.008243 0.019707 
-0.472168 0.725924 0.000000 0.001731 0.171731 0.039107 0.033104 0.008170 0.019518 
-0.471191 0.724191 0.000000 0.001936 0.171731 0.038885 0.032934 0.008099 0.019330 
-0.470215 0.722460 0.000000 0.002134 0.171731 0.038663 0.032765 0.008028 0.019144 
-0.469238 0.720732 0.000000 0.002327 0.171731 0.038444 0.032596 0.007957 0.018958 
-0.468262 0.719006 0.000000 0.002515 0.171731 0.038225 0.032429 0.007888 0.018774 
-0.467285 0.717283 0.000000 0.002697 0.171731 0.038009 0.032262 0.007819 0.018591 
-0.466309 0.715562 0.000000 0.002874 0.171731 0.037793 0.032097 0.007750 0.018409 
-0.465332 0.713843 0.000000 0.003046 0.171731 0.037579 0.031932 0.007683 0.018228 
-0.464355 0.712127 0.000000 0.003212 0.171731 0.037367 0.031768 0.007616 0.018048 
-0.463379 0.710413 0.000000 0.003374 0.171731 0.037156 0.031606 0.007550 0.017870 
-0.462402 0.708702 0.000000 0.003531 0.171731 0.036946 0.031444 0.007484 0.017692 
-0.461426 0.706993 0.000000 0.003684 0.171731 0.036738 0.031283 0.007419 0.017516 
-0.460449 0.705286 0.000000 0.003832 0.171731 0.036531 0.031123 0.007355 0.017340 
-0.459473 0.703581 0.000000 0.003975 0.171731 0.036326 0.030964 0.007291 0.017166 
-0.458496 0.701879 0.000000 0.004114 0.171731 0.036122 0.030806 0.007228 0.016993 
-0.457520 0.700179 0.000000 0.004249 0.171731 0.035920 0.030648 0.007165 0.016821 
-0.456543 0.698481 0.000000 0.004380 0.171731 0.035718 0.030492 0.007104 0.016649 
-0.455566 0.696785 0.000000 0.004507 0.171731 0.035519 0.030336 0.007043 0.016479 
-0.454590 0.695092 0.000000 0.004630 0.171731 0.035320 0.030182 0.006982 0.016310 
-0.453613 0.693401 0.000000 0.004750 0.171731 0.035123 0.030028 0.006922 0.016142 
-0.452637 0.691712 0.000000 0.004865 0.171731 0.034927 0.029875 0.006863 0.015975 
-0.451660 0.690025 0.000000 0.004977 0.171731 0.034733 0.029723 0.006804 0.015809 
-0.450684 0.688340 0.000000 0.005086 0.171731 0.034540 0.029572 0.006746 0.015644 
-0.449707 0.686658 0.000000 0.005191 0.171731 0.034348 0.029421 0.006689 0.015480 
-0.448730 0.684978 0.000000 0.005293 0.171731 0.034158 0.029272 0.006632 0.015317 
-0.447754 0.683300 0.000000 0.005392 0.171731 0.033969 0.029123 0.006576 0.015155 
-0.446777 0.681624 0.000000 0.005487 0.171731 0.033781 0.028975 0.006520 0.014994 
-0.445801 0.679950 0.000000 0.005579 0.171731 0.033594 0.028828 0.006465 0.014833 
-0.444824 0.678278 0.000000 0.005669 0.171731 0.033409 0.028681 0.006411 0.014674 
-0.443848 0.676608 0.000000 0.005755 0.171731 0.033225 0.028536 0.006357 0.014516 
-0.442871 0.674940 0.000000 0.005839 0.171731 0.033042 0.028391 0.006303 0.014359 
-0.441895 0.673275 0.000000 0.005920 0.171731 0.032861 0.028247 0.006251 0.014202 
-0.440918 0.671611 0.000000 0.005998 0.171731 0.032681 0.028104 0.006199 0.014047 
-0.439941 0.669950 0.000000 0.006074 0.171731 0.032502 0.027962 0.006147 0.013892 
-0.438965 0.668290 0.000000 0.006147 0.171731 0.032324 0.027820 0.006096 0.013738 
-0.437988 0.666633 0.000000 0.006217 0.171731 0.032148 0.027680 0.006046 0.013586 
-0.437012 0.664978 0.000000 0.006285 0.171731 0.031973 0.027539 0.005996 0.013434 
-0.436035 0.663324 0.000000 0.006351 0.171731 0.031799 0.027400 0.005946 0.013283 
-0.435059 0.661673 0.000000 0.006415 0.171731 0.031626 0.027262 0.005898 0.013133 
-0.434082 0.660023 0.000000 0.006476 0.171731 0.031454 0.027124 0.005849 0.012984 
-0.433105 0.658376 0.000000 0.006535 0.171731 0.031284 0.026987 0.005802 0.012835 
-0.432129 0.656730 0.000000 0.006592 0.171731 0.031115 0.026851 0.005755 0.012688 
-0.431152 0.655087 0.000000 0.006647 0.171731 0.030947 0.026715 0.005708 0.012541 
-0.430176 0.653445 0.000000 0.006700 0.171731 0.030780 0.026580 0.005662 0.012395 
-0.429199 0.651805 0.000000 0.006751 0.171731 0.030614 0.026446 0.005617 0.012250 
-0.428223 0.650167 0.000000 0.006801 0.171731 0.030450 0.026313 0.005572 0.012106 
-0.427246 0.648531 0.000000 0.006848 0.171731 0.030287 0.026180 0.005527 0.011963 
-0.426270 0.646897 0.000000 0.006894 0.171731 0.030125 0.026048 0.005483 0.011821 
-0.425293 0.645265 0.000000 0.006937 0.171731 0.029964 0.025917 0.005440 0.011679 
-0.424316 0.643635 0.000000 0.006980 0.171731 0.029804 0.025787 0.005397 0.011538 
-0.423340 0.642006 0.000000 0.007020 0.171731 0.029645 0.025657 0.005355 0.011398 
-0.422363 0.640380 0.000000 0.007059 0.171731 0.029487 0.025528 0.005313 0.011259 
-0.421387 0.638755 0.000000 0.007097 0.171731 0.029331 0.025399 0.005272 0.011120 
-0.420410 0.637132 0.000000 0.007133 0.171731 0.029176 0.025272 0.005231 0.010983 
-0.419434 0.635511 0.000000 0.007167 0.171731 0.029021 0.025145 0.005191 0.010846 
-0.418457 0.633891 0.000000 0.007200 0.171731 0.028868 0.025018 0.005151 0.010710 
-0.417480 0.632274 0.000000 0.007232 0.171731 0.028716 0.024892 0.005112 0.010574 
-0.416504 0.630658 0.000000 0.007263 0.171731 0.028565 0.024767 0.005073 0.010440 
-0.415527 0.629044 0.000000 0.007292 0.171731 0.028416 0.024643 0.005034 0.010306 
-0.414551 0.627432 0.000000 0.007320 0.171731 0.028267 0.024519 0.004997 0.010173 
-0.413574 0.625821 0.000000 0.007346 0.171731 0.028119 0.024396 0.004959 0.010040 
-0.412598 0.624213 0.000000 0.007372 0.171731 0.027973 0.024273 0.004923 0.009909 
-0.411621 0.622606 0.000000 0.007396 0.171731 0.027827 0.024152 0.004886 0.009778 
-0.410645 0.621000 0.000000 0.007420 0.171731 0.027683 0.024030 0.004850 0.009648 
-0.409668 0.619397 0.000000 0.007442 0.171731 0.027539 0.023910 0.004815 0.009518 
-0.408691 0.617795 0.000000 0.007463 0.171731 0.027397 0.023790 0.004780 0.009389 
-0.407715 0.616195 0.000000 0.007483 0.171731 0.027255 0.023671 0.004746 0.009261 
-0.406738 0.614597 0.000000 0.007503 0.171731 0.027115 0.023552 0.004712 0.009134 
-0.405762 0.613000 0.000000 0.007521 0.171731 0.026976 0.023434 0.004678 0.009007 
-0.404785 0.611405 0.000000 0.007539 0.171731 0.026838 0.023316 0.004645 0.008881 
-0.403809 0.609811 0.000000 0.007555 0.171731 0.026700 0.023199 0.004613 0.008756 
-0.402832 0.608220 0.000000 0.007571 0.171731 0.026564 0.023083 0.004581 0.008631 
-0.401855 0.606629 0.000000 0.007586 0.171731 0.026429 0.022967 0.004549 0.008507 
-0.400879 0.605041 0.000000 0.007600 0.171731 0.026295 0.022852 0.004518 0.008384 
-0.399902 0.603454 0.000000 0.007613 0.171731 0.026161 0.022738 0.004487 0.008261 
-0.398926 0.601869 0.000000 0.007626 0.171731 0.026029 0.022624 0.004457 0.008139 
-0.397949 0.600285 0.000000 0.007638 0.171731 0.025898 0.022510 0.004427 0.008018 
-0.396973 0.598703 0.000000 0.007649 0.171731 0.025768 0.022397 0.004398 0.007897 
-0.395996 0.597123 0.000000 0.007660 0.171731 0.025639 0.022285 0.004369 0.007777 
-0.395020 0.595544 0.000000 0.007670 0.171731 0.025510 0.022173 0.004340 0.007658 
-0.394043 0.593967 0.000000 0.007679 0.171731 0.025383 0.022062 0.004312 0.007539 
-0.393066 0.592391 0.000000 0.007688 0.171731 0.025257 0.021952 0.004285 0.007421 
-0.392090 0.590817 0.000000 0.007696 0.171731 0.025131 0.021842 0.004257 0.007303 
-0.391113 0.589245 0.000000 0.007704 0.171731 0.025007 0.021732 0.004231 0.007186 
-0.390137 0.587674 0.000000 0.007711 0.171731 0.024883 0.021623 0.004204 0.007069 
-0.389160 0.586104 0.000000 0.007718 0.171731 0.024761 0.021515 0.004178 0.006954 
-0.388184 0.584536 0.000000 0.007724 0.171731 0.024639 0.021407 0.004153 0.006838 
-0.387207 0.582970 0.000000 0.007730 0.171731 0.024518 0.021300 0.004128 0.006724 
-0.386230 0.574071 0.000000 0.002549 0.171731 0.019906 0.021202 0.000000 0.000000 
-0.385254 0.572545 0.000000 0.002581 0.171731 0.019811 0.021116 0.000000 0.000000 
-0.384277 0.571025 0.000000 0.002615 0.171731 0.019719 0.021030 0.000000 0.000000 
-0.383301 0.569506 0.000000 0.002648 0.171731 0.019628 0.020944 0.000000 0.000000 
-0.382324 0.567988 0.000000 0.002681 0.171731 0.019536 0.020858 0.000000 0.000000 
-0.381348 0.566470 0.000000 0.002712 0.171731 0.019445 0.020773 0.000000 0.000000 
-0.380371 0.564953 0.000000 0.002743 0.171731 0.019355 0.020688 0.000000 0.000000 
-0.379395 0.563436 0.000000 0.002773 0.171731 0.019265 0.020604 0.000000 0.000000 
-0.378418 0.561920 0.000000 0.002801 0.171731 0.019175 0.020520 0.000000 0.000000 
-0.377441 0.560405 0.000000 0.002829 0.171731 0.019085 0.020436 0.000000 0.000000 
-0.376465 0.558890 0.000000 0.002856 0.171731 0.018996 0.020353 0.000000 0.000000 
-0.375488 0.557376 0.000000 0.002882 0.171731 0.018908 0.020271 0.000000 0.000000 
-0.374512 0.555862 0.000000 0.002908 0.171731 0.018819 0.020188 0.000000 0.000000 
-0.373535 0.554349 0.000000 0.002932 0.171731 0.018731 0.020106 0.000000 0.000000 
-0.372559 0.552837 0.000000 0.002956 0.171731 0.018644 0.020025 0.000000 0.000000 
-0.371582 0.551325 0.000000 0.002979 0.171731 0.018556 0.019943 0.000000 0.000000 
-0.370605 0.549814 0.000000 0.003001 0.171731 0.018469 0.019862 0.000000 0.000000 
-0.369629 0.548303 0.000000 0.003022 0.171731 0.018383 0.019782 0.000000 0.000000 
-0.368652 0.546793 0.000000 0.003043 0.171731 0.018297 0.019702 0.000000 0.000000 
-0.367676 0.545284 0.000000 0.003063 0.171731 0.018211 0.019622 0.000000 0.000000 
-0.366699 0.543775 0.000000 0.003082 0.171731 0.018125 0.019543 0.000000 0.000000 
-0.365723 0.542266 0.000000 0.003101 0.171731 0.018040 0.019464 0.000000 0.000000 
-0.364746 0.540758 0.000000 0.003119 0.171731 0.017955 0.019385 0.000000 0.000000 
-0.363770 0.539251 0.000000 0.003136 0.171731 0.017871 0.019307 0.000000 0.000000 
-0.362793 0.537744 0.000000 0.003153 0.171731 0.017787 0.019229 0.000000 0.000000 
-0.361816 0.536238 0.000000 0.003169 0.171731 0.017703 0.019152 0.000000 0.000000 
-0.360840 0.534733 0.000000 0.003184 0.171731 0.017619 0.019075 0.000000 0.000000 
-0.359863 0.533227 0.000000 0.003199 0.171731 0.017536 0.018998 0.000000 0.000000 
-0.358887 0.531723 0.000000 0.003214 0.171731 0.017453 0.018921 0.000000 0.000000 
-0.357910 0.530219 0.000000 0.003227 0.171731 0.017371 0.018845 0.000000 0.000000 
-0.356934 0.528715 0.000000 0.003240 0.171731 0.017289 0.018770 0.000000 0.000000 
-0.355957 0.527213 0.000000 0.003253 0.171731 0.017207 0.018694 0.000000 0.000000 
-0.354980 0.525710 0.000000 0.003265 0.171731 0.017125 0.018619 0.000000 0.000000 
-0.354004 0.524208 0.000000 0.003276 0.171731 0.017044 0.018545 0.000000 0.000000 
-0.353027 0.522707 0.000000 0.003287 0.171731 0.016964 0.018470 0.000000 0.000000 
-0.352051 0.521206 0.000000 0.003298 0.171731 0.016883 0.018397 0.000000 0.000000 
-0.351074 0.519706 0.000000 0.003308 0.171731 0.016803 0.018323 0.000000 0.000000 
-0.350098 0.518206 0.000000 0.003317 0.171731 0.016723 0.018250 0.000000 0.000000 
-0.349121 0.516707 0.000000 0.003326 0.171731 0.016643 0.018177 0.000000 0.000000 
-0.348145 0.515208 0.000000 0.003335 0.171731 0.016564 0.018104 0.000000 0.000000 
-0.347168 0.513710 0.000000 0.003343 0.171731 0.016485 0.018032 0.000000 0.000000 
-0.346191 0.512213 0.000000 0.003350 0.171731 0.016407 0.017960 0.000000 0.000000 
-0.345215 0.510715 0.000000 0.003358 0.171731 0.016328 0.017889 0.000000 0.000000 
-0.344238 0.509219 0.000000 0.003364 0.171731 0.016250 0.017818 0.000000 0.000000 
-0.343262 0.507723 0.000000 0.003371 0.171731 0.016173 0.017747 0.000000 0.000000 
-0.342285 0.506227 0.000000 0.003377 0.171731 0.016095 0.017677 0.000000 0.000000 
-0.341309 0.504732 0.000000 0.003382 0.171731 0.016018 0.017606 0.000000 0.000000 
-0.340332 0.503237 0.000000 0.003387 0.171731 0.015942 0.017537 0.000000 0.000000 
-0.339355 0.501743 0.000000 0.003392 0.171731 0.015865 0.017467 0.000000 0.000000 
-0.338379 0.500250 0.000000 0.003396 0.171731 0.015789 0.017398 0.000000 0.000000 
-0.337402 0.498756 0.000000 0.003401 0.171731 0.015713 0.017329 0.000000 0.000000 
-0.336426 0.497264 0.000000 0.003404 0.171731 0.015638 0.017261 0.000000 0.000000 
-0.335449 0.495772 0.000000 0.003407 0.171731 0.015562 0.017193 0.000000 0.000000 
-0.334473 0.494280 0.000000 0.003410 0.171731 0.015488 0.017125 0.000000 0.000000 
-0.333496 0.492789 0.000000 0.003413 0.171731 0.015413 0.017057 0.000000 0.000000 
-0.332520 0.491298 0.000000 0.003415 0.171731 0.015339 0.016990 0.000000 0.000000 
-0.331543 0.489808 0.000000 0.003417 0.171731 0.015264 0.016923 0.000000 0.000000 
-0.330566 0.488318 0.000000 0.003419 0.171731 0.015191 0.016857 0.000000 0.000000 
-0.329590 0.486829 0.000000 0.003420 0.171731 0.015117 0.016791 0.000000 0.000000 
-0.328613 0.485340 0.000000 0.003421 0.171731 0.015044 0.016725 0.000000 0.000000 
-0.327637 0.483851 0.000000 0.003422 0.171731 0.014971 0.016659 0.000000 0.000000 
-0.326660 0.482364 0.000000 0.003422 0.171731 0.014899 0.016594 0.000000 0.000000 
-0.325684 0.480876 0.000000 0.003423 0.171731 0.014826 0.016529 0.000000 0.000000 
-0.324707 0.479389 0.000000 0.003423 0.171731 0.014754 0.016465 0.000000 0.000000 
-0.323730 0.477903 0.000000 0.003422 0.171731 0.014682 0.016400 0.000000 0.000000 
-0.322754 0.476417 0.000000 0.003421 0.171731 0.014611 0.016336 0.000000 0.000000 
-0.321777 0.474931 0.000000 0.003421 0.171731 0.014540 0.016273 0.000000 0.000000 
-0.320801 0.473446 0.000000 0.003419 0.171731 0.014469 0.016209 0.000000 0.000000 
-0.319824 0.471961 0.000000 0.003418 0.171731 0.014398 0.016146 0.000000 0.000000 
-0.318848 0.470477 0.000000 0.003416 0.171731 0.014328 0.016084 0.000000 0.000000 
-0.317871 0.468993 0.000000 0.003414 0.171731 0.014258 0.016021 0.000000 0.000000 
-0.316895 0.467510 0.000000 0.003412 0.171731 0.014188 0.015959 0.000000 0.000000 
-0.315918 0.466027 0.000000 0.003410 0.171731 0.014118 0.015897 0.000000 0.000000 
-0.314941 0.464544 0.000000 0.003407 0.171731 0.014049 0.015836 0.000000 0.000000 
-0.313965 0.463062 0.000000 0.003404 0.171731 0.013980 0.015775 0.000000 0.000000 
-0.312988 0.461581 0.000000 0.003401 0.171731 0.013911 0.015714 0.000000 0.000000 
-0.312012 0.460100 0.000000 0.003398 0.171731 0.013843 0.015653 0.000000 0.000000 
-0.311035 0.458619 0.000000 0.003395 0.171731 0.013774 0.015593 0.000000 0.000000 
-0.310059 0.457139 0.000000 0.003391 0.171731 0.013706 0.015533 0.000000 0.000000 
-0.309082 0.455659 0.000000 0.003387 0.171731 0.013639 0.015473 0.000000 0.000000 
-0.308105 0.454179 0.000000 0.003383 0.171731 0.013571 0.015414 0.000000 0.000000 
-0.307129 0.452700 0.000000 0.003379 0.171731 0.013504 0.015354 0.000000 0.000000 
-0.306152 0.451222 0.000000 0.003374 0.171731 0.013437 0.015296 0.000000 0.000000 
-0.305176 0.449744 0.000000 0.003370 0.171731 0.013371 0.015237 0.000000 0.000000 
-0.304199 0.448266 0.000000 0.003365 0.171731 0.013304 0.015179 0.000000 0.000000 
-0.303223 0.446788 0.000000 0.003360 0.171731 0.013238 0.015121 0.000000 0.000000 
-0.302246 0.445311 0.000000 0.003355 0.171731 0.013172 0.015063 0.000000 0.000000 
-0.301270 0.443835 0.000000 0.003349 0.171731 0.013106 0.015006 0.000000 0.000000 
-0.300293 0.442359 0.000000 0.003344 0.171731 0.013041 0.014949 0.000000 0.000000 
-0.299316 0.440883 0.000000 0.003338 0.171731 0.012976 0.014892 0.000000 0.000000 
-0.298340 0.439408 0.000000 0.003333 0.171731 0.012911 0.014835 0.000000 0.000000 
-0.297363 0.437933 0.000000 0.003327 0.171731 0.012846 0.014779 0.000000 0.000000 
-0.296387 0.436458 0.000000 0.003321 0.171731 0.012782 0.014723 0.000000 0.000000 
-0.295410 0.434984 0.000000 0.003314 0.171731 0.012718 0.014668 0.000000 0.000000 
-0.294434 0.433511 0.000000 0.003308 0.171731 0.012654 0.014612 0.000000 0.000000 
-0.293457 0.432037 0.000000 0.003301 0.171731 0.012590 0.014557 0.000000 0.000000 
-0.292480 0.430564 0.000000 0.003295 0.171731 0.012527 0.014502 0.000000 0.000000 
-0.291504 0.429092 0.000000 0.003288 0.171731 0.012463 0.014448 0.000000 0.000000 
-0.290527 0.427620 0.000000 0.003281 0.171731 0.012400 0.014393 0.000000 0.000000 
-0.289551 0.426148 0.000000 0.003274 0.171731 0.012338 0.014339 0.000000 0.000000 
-0.288574 0.424676 0.000000 0.003267 0.171731 0.012275 0.014286 0.000000 0.000000 
-0.287598 0.423205 0.000000 0.003260 0.171731 0.012213 0.014232 0.000000 0.000000 
-0.286621 0.421735 0.000000 0.003252 0.171731 0.012151 0.014179 0.000000 0.000000 
-0.285645 0.420265 0.000000 0.003245 0.171731 0.012089 0.014126 0.000000 0.000000 
-0.284668 0.418795 0.000000 0.003237 0.171731 0.012027 0.014073 0.000000 0.000000 
-0.283691 0.417325 0.000000 0.003229 0.171731 0.011966 0.014021 0.000000 0.000000 
-0.282715 0.415856 0.000000 0.003221 0.171731 0.011905 0.013969 0.000000 0.000000 
-0.281738 0.414387 0.000000 0.003213 0.171731 0.011844 0.013917 0.000000 0.000000 
-0.280762 0.412919 0.000000 0.003205 0.171731 0.011783 0.013865 0.000000 0.000000 
-0.279785 0.411451 0.000000 0.003197 0.171731 0.011723 0.013814 0.000000 0.000000 
-0.278809 0.409983 0.000000 0.003189 0.171731 0.011663 0.013763 0.000000 0.000000 
-0.277832 0.408516 0.000000 0.003181 0.171731 0.011603 0.013712 0.000000 0.000000 
-0.276855 0.407049 0.000000 0.003172 0.171731 0.011543 0.013662 0.000000 0.000000 
-0.275879 0.405583 0.000000 0.003163 0.171731 0.011483 0.013611 0.000000 0.000000 
-0.274902 0.404116 0.000000 0.003155 0.171731 0.011424 0.013561 0.000000 0.000000 
-0.273926 0.402650 0.000000 0.003146 0.171731 0.011365 0.013511 0.000000 0.000000 
-0.272949 0.401185 0.000000 0.003137 0.171731 0.011306 0.013462 0.000000 0.000000 
-0.271973 0.399720 0.000000 0.003128 0.171731 0.011247 0.013413 0.000000 0.000000 
-0.270996 0.398255 0.000000 0.003119 0.171731 0.011189 0.013364 0.000000 0.000000 
-0.270020 0.396791 0.000000 0.003110 0.171731 0.011131 0.013315 0.000000 0.000000 
-0.269043 0.395326 0.000000 0.003101 0.171731 0.011073 0.013266 0.000000 0.000000 
-0.268066 0.393863 0.000000 0.003092 0.171731 0.011015 0.013218 0.000000 0.000000 
-0.267090 0.392399 0.000000 0.003083 0.171731 0.010957 0.013170 0.000000 0.000000 
-0.266113 0.390936 0.000000 0.003073 0.171731 0.010900 0.013123 0.000000 0.000000 
-0.265137 0.389474 0.000000 0.003064 0.171731 0.010842 0.013075 0.000000 0.000000 
-0.264160 0.388011 0.000000 0.003054 0.171731 0.010785 0.013028 0.000000 0.000000 
-0.263184 0.386549 0.000000 0.003045 0.171731 0.010729 0.012981 0.000000 0.000000 
-0.262207 0.385087 0.000000 0.003035 0.171731 0.010672 0.012934 0.000000 0.000000 
-0.261230 0.383626 0.000000 0.003025 0.171731 0.010616 0.012888 0.000000 0.000000 
-0.260254 0.382165 0.000000 0.003015 0.171731 0.010560 0.012841 0.000000 0.000000 
-0.259277 0.380704 0.000000 0.003006 0.171731 0.010504 0.012795 0.000000 0.000000 
-0.258301 0.379244 0.000000 0.002996 0.171731 0.010448 0.012750 0.000000 0.000000 
-0.257324 0.377784 0.000000 0.002986 0.171731 0.010392 0.012704 0.000000 0.000000 
-0.256348 0.376324 0.000000 0.002976 0.171731 0.010337 0.012659 0.000000 0.000000 
-0.255371 0.374865 0.000000 0.002966 0.171731 0.010282 0.012614 0.000000 0.000000 
-0.254395 0.373405 0.000000 0.002955 0.171731 0.010227 0.012569 0.000000 0.000000 
-0.253418 0.371947 0.000000 0.002945 0.171731 0.010172 0.012525 0.000000 0.000000 
-0.252441 0.370488 0.000000 0.002935 0.171731 0.010117 0.012480 0.000000 0.000000 
-0.251465 0.369030 0.000000 0.002925 0.171731 0.010063 0.012436 0.000000 0.000000 
-0.250488 0.367572 0.000000 0.002914 0.171731 0.010009 0.012392 0.000000 0.000000 
-0.249512 0.366115 0.000000 0.002904 0.171731 0.009955 0.012349 0.000000 0.000000 
-0.248535 0.364657 0.000000 0.002894 0.171731 0.009901 0.012305 0.000000 0.000000 
-0.247559 0.363200 0.000000 0.002883 0.171731 0.009847 0.012262 0.000000 0.000000 
-0.246582 0.361744 0.000000 0.002873 0.171731 0.009794 0.012219 0.000000 0.000000 
-0.245605 0.360288 0.000000 0.002862 0.171731 0.009740 0.012177 0.000000 0.000000 
-0.244629 0.358832 0.000000 0.002851 0.171731 0.009687 0.012134 0.000000 0.000000 
-0.243652 0.357376 0.000000 0.002841 0.171731 0.009634 0.012092 0.000000 0.000000 
-0.242676 0.355920 0.000000 0.002830 0.171731 0.009582 0.012050 0.000000 0.000000 
-0.241699 0.354465 0.000000 0.002819 0.171731 0.009529 0.012008 0.000000 0.000000 
-0.240723 0.353011 0.000000 0.002808 0.171731 0.009477 0.011967 0.000000 0.000000 
-0.239746 0.351556 0.000000 0.002798 0.171731 0.009425 0.011926 0.000000 0.000000 
-0.238770 0.350102 0.000000 0.002787 0.171731 0.009373 0.011885 0.000000 0.000000 
-0.237793 0.348648 0.000000 0.002776 0.171731 0.009321 0.011844 0.000000 0.000000 
-0.236816 0.347194 0.000000 0.002765 0.171731 0.009269 0.011803 0.000000 0.000000 
-0.235840 0.345741 0.000000 0.002754 0.171731 0.009218 0.011763 0.000000 0.000000 
-0.234863 0.344288 0.000000 0.002743 0.171731 0.009166 0.011723 0.000000 0.000000 
-0.233887 0.342835 0.000000 0.002732 0.171731 0.009115 0.011683 0.000000 0.000000 
-0.232910 0.341383 0.000000 0.002721 0.171731 0.009064 0.011643 0.000000 0.000000 
-0.231934 0.339930 0.000000 0.002710 0.171731 0.009014 0.011604 0.000000 0.000000 
-0.230957 0.338478 0.000000 0.002699 0.171731 0.008963 0.011564 0.000000 0.000000 
-0.229980 0.337027 0.000000 0.002688 0.171731 0.008913 0.011525 0.000000 0.000000 
-0.229004 0.335575 0.000000 0.002676 0.171731 0.008862 0.011486 0.000000 0.000000 
-0.228027 0.334124 0.000000 0.002665 0.171731 0.008812 0.011448 0.000000 0.000000 
-0.227051 0.332674 0.000000 0.002654 0.171731 0.008762 0.011409 0.000000 0.000000 
-0.226074 0.331223 0.000000 0.002643 0.171731 0.008713 0.011371 0.000000 0.000000 
-0.225098 0.329773 0.000000 0.002632 0.171731 0.008663 0.011333 0.000000 0.000000 
-0.224121 0.328323 0.000000 0.002620 0.171731 0.008614 0.011296 0.000000 0.000000 
-0.223145 0.326873 0.000000 0.002609 0.171731 0.008564 0.011258 0.000000 0.000000 
-0.222168 0.325424 0.000000 0.002598 0.171731 0.008515 0.011221 0.000000 0.000000 
-0.221191 0.323974 0.000000 0.002586 0.171731 0.008466 0.011184 0.000000 0.000000 
-0.220215 0.322525 0.000000 0.002575 0.171731 0.008418 0.011147 0.000000 0.000000 
-0.219238 0.321077 0.000000 0.002563 0.171731 0.008369 0.011110 0.000000 0.000000 
-0.218262 0.319628 0.000000 0.002552 0.171731 0.008321 0.011074 0.000000 0.000000 
-0.217285 0.318180 0.000000 0.002541 0.171731 0.008272 0.011038 0.000000 0.000000 
-0.216309 0.316732 0.000000 0.002529 0.171731 0.008224 0.011002 0.000000 0.000000 
-0.215332 0.315285 0.000000 0.002518 0.171731 0.008176 0.010966 0.000000 0.000000 
-0.214355 0.313837 0.000000 0.002506 0.171731 0.008128 0.010930 0.000000 0.000000 
-0.213379 0.312390 0.000000 0.002495 0.171731 0.008081 0.010895 0.000000 0.000000 
-0.212402 0.310943 0.000000 0.002483 0.171731 0.008033 0.010860 0.000000 0.000000 
-0.211426 0.309497 0.000000 0.002472 0.171731 0.007986 0.010825 0.000000 0.000000 
-0.210449 0.308050 0.000000 0.002460 0.171731 0.007939 0.010790 0.000000 0.000000 
-0.209473 0.306604 0.000000 0.002449 0.171731 0.007892 0.010755 0.000000 0.000000 
-0.208496 0.305158 0.000000 0.002437 0.171731 0.007845 0.010721 0.000000 0.000000 
-0.207520 0.303712 0.000000 0.002425 0.171731 0.007798 0.010687 0.000000 0.000000 
-0.206543 0.302267 0.000000 0.002414 0.171731 0.007751 0.010653 0.000000 0.000000 
-0.205566 0.300822 0.000000 0.002402 0.171731 0.007705 0.010619 0.000000 0.000000 
-0.204590 0.299377 0.000000 0.002391 0.171731 0.007659 0.010585 0.000000 0.000000 
-0.203613 0.297932 0.000000 0.002379 0.171731 0.007612 0.010552 0.000000 0.000000 
-0.202637 0.296488 0.000000 0.002367 0.171731 0.007566 0.010519 0.000000 0.000000 
-0.201660 0.295044 0.000000 0.002356 0.171731 0.007521 0.010486 0.000000 0.000000 
-0.200684 0.293600 0.000000 0.002344 0.171731 0.007475 0.010453 0.000000 0.000000 
-0.199707 0.292156 0.000000 0.002332 0.171731 0.007429 0.010421 0.000000 0.000000 
-0.198730 0.290712 0.000000 0.002321 0.171731 0.007384 0.010388 0.000000 0.000000 
-0.197754 0.289269 0.000000 0.002309 0.171731 0.007339 0.010356 0.000000 0.000000 
-0.196777 0.287826 0.000000 0.002297 0.171731 0.007293 0.010324 0.000000 0.000000 
-0.195801 0.286383 0.000000 0.002286 0.171731 0.007248 0.010293 0.000000 0.000000 
-0.194824 0.284941 0.000000 0.002274 0.171731 0.007203 0.010261 0.000000 0.000000 
-0.193848 0.283498 0.000000 0.002262 0.171731 0.007159 0.010230 0.000000 0.000000 
-0.192871 0.282056 0.000000 0.002250 0.171731 0.007114 0.010198 0.000000 0.000000 
-0.191895 0.280614 0.000000 0.002239 0.171731 0.007070 0.010167 0.000000 0.000000 
-0.190918 0.279172 0.000000 0.002227 0.171731 0.007025 0.010137 0.000000 0.000000 
-0.189941 0.277731 0.000000 0.002215 0.171731 0.006981 0.010106 0.000000 0.000000 
-0.188965 0.276290 0.000000 0.002204 0.171731 0.006937 0.010076 0.000000 0.000000 
-0.187988 0.274849 0.000000 0.002192 0.171731 0.006893 0.010046 0.000000 0.000000 
-0.187012 0.273408 0.000000 0.002180 0.171731 0.006849 0.010016 0.000000 0.000000 
-0.186035 0.271967 0.000000 0.002168 0.171731 0.006806 0.009986 0.000000 0.000000 
-0.185059 0.270527 0.000000 0.002157 0.171731 0.006762 0.009956 0.000000 0.000000 
-0.184082 0.269087 0.000000 0.002145 0.171731 0.006719 0.009927 0.000000 0.000000 
-0.183105 0.267647 0.000000 0.002133 0.171731 0.006675 0.009897 0.000000 0.000000 
-0.182129 0.266207 0.000000 0.002121 0.171731 0.006632 0.009868 0.000000 0.000000 
-0.181152 0.264767 0.000000 0.002110 0.171731 0.006589 0.009839 0.000000 0.000000 
-0.180176 0.263328 0.000000 0.002098 0.171731 0.006546 0.009811 0.000000 0.000000 
-0.179199 0.261889 0.000000 0.002086 0.171731 0.006503 0.009782 0.000000 0.000000 
-0.178223 0.260450 0.000000 0.002074 0.171731 0.006461 0.009754 0.000000 0.000000 
-0.177246 0.259011 0.000000 0.002062 0.171731 0.006418 0.009726 0.000000 0.000000 
-0.176270 0.257572 0.000000 0.002051 0.171731 0.006376 0.009698 0.000000 0.000000 
-0.175293 0.256134 0.000000 0.002039 0.171731 0.006334 0.009670 0.000000 0.000000 
-0.174316 0.254696 0.000000 0.002027 0.171731 0.006291 0.009643 0.000000 0.000000 
-0.173340 0.253258 0.000000 0.002015 0.171731 0.006249 0.009615 0.000000 0.000000 
-0.172363 0.251820 0.000000 0.002004 0.171731 0.006207 0.009588 0.000000 0.000000 
-0.171387 0.250382 0.000000 0.001992 0.171731 0.006166 0.009561 0.000000 0.000000 
-0.170410 0.248945 0.000000 0.001980 0.171731 0.006124 0.009534 0.000000 0.000000 
-0.169434 0.247508 0.000000 0.001968 0.171731 0.006082 0.009507 0.000000 0.000000 
-0.168457 0.246071 0.000000 0.001957 0.171731 0.006041 0.009481 0.000000 0.000000 
-0.167480 0.244634 0.000000 0.001945 0.171731 0.005999 0.009455 0.000000 0.000000 
-0.166504 0.243197 0.000000 0.001933 0.171731 0.005958 0.009429 0.000000 0.000000 
-0.165527 0.241761 0.000000 0.001921 0.171731 0.005917 0.009403 0.000000 0.000000 
-0.164551 0.240324 0.000000 0.001909 0.171731 0.005876 0.009377 0.000000 0.000000 
-0.163574 0.238888 0.000000 0.001898 0.171731 0.005835 0.009351 0.000000 0.000000 
-0.162598 0.237452 0.000000 0.001886 0.171731 0.005794 0.009326 0.000000 0.000000 
-0.161621 0.236017 0.000000 0.001874 0.171731 0.005754 0.009301 0.000000 0.000000 
-0.160645 0.234581 0.000000 0.001862 0.171731 0.005713 0.009276 0.000000 0.000000 
-0.159668 0.233146 0.000000 0.001851 0.171731 0.005673 0.009251 0.000000 0.000000 
-0.158691 0.231711 0.000000 0.001839 0.171731 0.005632 0.009226 0.000000 0.000000 
-0.157715 0.230276 0.000000 0.001827 0.171731 0.005592 0.009202 0.000000 0.000000 
-0.156738 0.228841 0.000000 0.001815 0.171731 0.005552 0.009177 0.000000 0.000000 
-0.155762 0.227406 0.000000 0.001804 0.171731 0.005512 0.009153 0.000000 0.000000 
-0.154785 0.225972 0.000000 0.001792 0.171731 0.005472 0.009129 0.000000 0.000000 
-0.153809 0.224537 0.000000 0.001780 0.171731 0.005432 0.009105 0.000000 0.000000 
-0.152832 0.223103 0.000000 0.001769 0.171731 0.005393 0.009082 0.000000 0.000000 
-0.151855 0.221669 0.000000 0.001757 0.171731 0.005353 0.009058 0.000000 0.000000 
-0.150879 0.220235 0.000000 0.001745 0.171731 0.005313 0.009035 0.000000 0.000000 
-0.149902 0.218802 0.000000 0.001733 0.171731 0.005274 0.009012 0.000000 0.000000 
-0.148926 0.217368 0.000000 0.001722 0.171731 0.005235 0.008989 0.000000 0.000000 
-0.147949 0.215935 0.000000 0.001710 0.171731 0.005195 0.008966 0.000000 0.000000 
-0.146973 0.214502 0.000000 0.001698 0.171731 0.005156 0.008944 0.000000 0.000000 
-0.145996 0.213069 0.000000 0.001687 0.171731 0.005117 0.008921 0.000000 0.000000 
-0.145020 0.211636 0.000000 0.001675 0.171731 0.005078 0.008899 0.000000 0.000000 
-0.144043 0.210203 0.000000 0.001663 0.171731 0.005040 0.008877 0.000000 0.000000 
-0.143066 0.208770 0.000000 0.001652 0.171731 0.005001 0.008855 0.000000 0.000000 
-0.142090 0.207338 0.000000 0.001640 0.171731 0.004962 0.008833 0.000000 0.000000 
-0.141113 0.205906 0.000000 0.001628 0.171731 0.004924 0.008811 0.000000 0.000000 
-0.140137 0.204474 0.000000 0.001617 0.171731 0.004885 0.008790 0.000000 0.000000 
-0.139160 0.203042 0.000000 0.001605 0.171731 0.004847 0.008769 0.000000 0.000000 
-0.138184 0.201610 0.000000 0.001593 0.171731 0.004809 0.008748 0.000000 0.000000 
-0.137207 0.200178 0.000000 0.001582 0.171731 0.004771 0.008727 0.000000 0.000000 
-0.136230 0.198747 0.000000 0.001570 0.171731 0.004733 0.008706 0.000000 0.000000 
-0.135254 0.197316 0.000000 0.001558 0.171731 0.004695 0.008685 0.000000 0.000000 
-0.134277 0.195884 0.000000 0.001547 0.171731 0.004657 0.008665 0.000000 0.000000 
-0.133301 0.194453 0.000000 0.001535 0.171731 0.004619 0.008645 0.000000 0.000000 
-0.132324 0.193023 0.000000 0.001523 0.171731 0.004581 0.008625 0.000000 0.000000 
-0.131348 0.191592 0.000000 0.001512 0.171731 0.004544 0.008605 0.000000 0.000000 
-0.130371 0.190161 0.000000 0.001500 0.171731 0.004506 0.008585 0.000000 0.000000 
-0.129395 0.188731 0.000000 0.001489 0.171731 0.004469 0.008565 0.000000 0.000000 
-0.128418 0.187300 0.000000 0.001477 0.171731 0.004431 0.008546 0.000000 0.000000 
-0.127441 0.185870 0.000000 0.001465 0.171731 0.004394 0.008527 0.000000 0.000000 
-0.126465 0.184440 0.000000 0.001454 0.171731 0.004357 0.008508 0.000000 0.000000 
-0.125488 0.183010 0.000000 0.001442 0.171731 0.004320 0.008489 0.000000 0.000000 
-0.124512 0.181580 0.000000 0.001431 0.171731 0.004283 0.008470 0.000000 0.000000 
-0.123535 0.180151 0.000000 0.001419 0.171731 0.004246 0.008451 0.000000 0.000000 
-0.122559 0.178721 0.000000 0.001408 0.171731 0.004209 0.008433 0.000000 0.000000 
-0.121582 0.177292 0.000000 0.001396 0.171731 0.004172 0.008414 0.000000 0.000000 
-0.120605 0.175863 0.000000 0.001384 0.171731 0.004135 0.008396 0.000000 0.000000 
-0.119629 0.174434 0.000000 0.001373 0.171731 0.004099 0.008378 0.000000 0.000000 
-0.118652 0.173005 0.000000 0.001361 0.171731 0.004062 0.008361 0.000000 0.000000 
-0.117676 0.171576 0.000000 0.001350 0.171731 0.004026 0.008343 0.000000 0.000000 
-0.116699 0.170147 0.000000 0.001338 0.171731 0.003989 0.008325 0.000000 0.000000 
-0.115723 0.168718 0.000000 0.001327 0.171731 0.003953 0.008308 0.000000 0.000000 
-0.114746 0.167290 0.000000 0.001315 0.171731 0.003917 0.008291 0.000000 0.000000 
-0.113770 0.165861 0.000000 0.001304 0.171731 0.003880 0.008274 0.000000 0.000000 
-0.112793 0.164433 0.000000 0.001292 0.171731 0.003844 0.008257 0.000000 0.000000 
-0.111816 0.163005 0.000000 0.001281 0.171731 0.003808 0.008240 0.000000 0.000000 
-0.110840 0.161577 0.000000 0.001269 0.171731 0.003772 0.008224 0.000000 0.000000 
-0.109863 0.160149 0.000000 0.001258 0.171731 0.003736 0.008207 0.000000 0.000000 
-0.108887 0.158721 0.000000 0.001246 0.171731 0.003701 0.008191 0.000000 0.000000 
-0.107910 0.157294 0.000000 0.001235 0.171731 0.003665 0.008175 0.000000 0.000000 
-0.106934 0.155866 0.000000 0.001223 0.171731 0.003629 0.008159 0.000000 0.000000 
-0.105957 0.154439 0.000000 0.001212 0.171731 0.003594 0.008143 0.000000 0.000000 
-0.104980 0.153011 0.000000 0.001201 0.171731 0.003558 0.008128 0.000000 0.000000 
-0.104004 0.151584 0.000000 0.001189 0.171731 0.003523 0.008112 0.000000 0.000000 
-0.103027 0.150157 0.000000 0.001178 0.171731 0.003487 0.008097 0.000000 0.000000 
-0.102051 0.148730 0.000000 0.001166 0.171731 0.003452 0.008082 0.000000 0.000000 
-0.101074 0.147303 0.000000 0.001155 0.171731 0.003417 0.008067 0.000000 0.000000 
-0.100098 0.145876 0.000000 0.001143 0.171731 0.003382 0.008052 0.000000 0.000000 
-0.099121 0.144450 0.000000 0.001132 0.171731 0.003346 0.008037 0.000000 0.000000 
-0.098145 0.143023 0.000000 0.001121 0.171731 0.003311 0.008023 0.000000 0.000000 
-0.097168 0.141597 0.000000 0.001109 0.171731 0.003276 0.008008 0.000000 0.000000 
-0.096191 0.140170 0.000000 0.001098 0.171731 0.003241 0.007994 0.000000 0.000000 
-0.095215 0.138744 0.000000 0.001086 0.171731 0.003206 0.007980 0.000000 0.000000 
-0.094238 0.137318 0.000000 0.001075 0.171731 0.003172 0.007966 0.000000 0.000000 
-0.093262 0.135892 0.000000 0.001064 0.171731 0.003137 0.007952 0.000000 0.000000 
-0.092285 0.134466 0.000000 0.001052 0.171731 0.003102 0.007939 0.000000 0.000000 
-0.091309 0.133040 0.000000 0.001041 0.171731 0.003068 0.007925 0.000000 0.000000 
-0.090332 0.131614 0.000000 0.001030 0.171731 0.003033 0.007912 0.000000 0.000000 
-0.089355 0.130188 0.000000 0.001018 0.171731 0.002998 0.007899 0.000000 0.000000 
-0.088379 0.128763 0.000000 0.001007 0.171731 0.002964 0.007886 0.000000 0.000000 
-0.087402 0.127337 0.000000 0.000996 0.171731 0.002930 0.007873 0.000000 0.000000 
-0.086426 0.125912 0.000000 0.000984 0.171731 0.002895 0.007860 0.000000 0.000000 
-0.085449 0.124487 0.000000 0.000973 0.171731 0.002861 0.007847 0.000000 0.000000 
-0.084473 0.123061 0.000000 0.000962 0.171731 0.002827 0.007835 0.000000 0.000000 
-0.083496 0.121636 0.000000 0.000950 0.171731 0.002792 0.007823 0.000000 0.000000 
-0.082520 0.120211 0.000000 0.000939 0.171731 0.002758 0.007811 0.000000 0.000000 
-0.081543 0.118786 0.000000 0.000928 0.171731 0.002724 0.007799 0.000000 0.000000 
-0.080566 0.117361 0.000000 0.000916 0.171731 0.002690 0.007787 0.000000 0.000000 
-0.079590 0.115936 0.000000 0.000905 0.171731 0.002656 0.007775 0.000000 0.000000 
-0.078613 0.114512 0.000000 0.000894 0.171731 0.002622 0.007764 0.000000 0.000000 
-0.077637 0.113087 0.000000 0.000883 0.171731 0.002588 0.007752 0.000000 0.000000 
-0.076660 0.111663 0.000000 0.000871 0.171731 0.002555 0.007741 0.000000 0.000000 
-0.075684 0.110238 0.000000 0.000860 0.171731 0.002521 0.007730 0.000000 0.000000 
-0.074707 0.108814 0.000000 0.000849 0.171731 0.002487 0.007719 0.000000 0.000000 
-0.073730 0.107389 0.000000 0.000838 0.171731 0.002453 0.007708 0.000000 0.000000 
-0.072754 0.105965 0.000000 0.000826 0.171731 0.002420 0.007698 0.000000 0.000000 
-0.071777 0.104541 0.000000 0.000815 0.171731 0.002386 0.007687 0.000000 0.000000 
-0.070801 0.103117 0.000000 0.000804 0.171731 0.002353 0.007677 0.000000 0.000000 
-0.069824 0.101693 0.000000 0.000793 0.171731 0.002319 0.007667 0.000000 0.000000 
-0.068848 0.100269 0.000000 0.000781 0.171731 0.002286 0.007656 0.000000 0.000000 
-0.067871 0.098845 0.000000 0.000770 0.171731 0.002252 0.007647 0.000000 0.000000 
-0.066895 0.097421 0.000000 0.000759 0.171731 0.002219 0.007637 0.000000 0.000000 
-0.065918 0.095997 0.000000 0.000748 0.171731 0.002186 0.007627 0.000000 0.000000 
-0.064941 0.094574 0.000000 0.000737 0.171731 0.002152 0.007618 0.000000 0.000000 
-0.063965 0.093150 0.000000 0.000725 0.171731 0.002119 0.007608 0.000000 0.000000 
-0.062988 0.091727 0.000000 0.000714 0.171731 0.002086 0.007599 0.000000 0.000000 
-0.062012 0.090303 0.000000 0.000703 0.171731 0.002053 0.007590 0.000000 0.000000 
-0.061035 0.088880 0.000000 0.000692 0.171731 0.002019 0.007581 0.000000 0.000000 
-0.060059 0.087456 0.000000 0.000681 0.171731 0.001986 0.007573 0.000000 0.000000 
-0.059082 0.086033 0.000000 0.000670 0.171731 0.001953 0.007564 0.000000 0.000000 
-0.058105 0.084610 0.000000 0.000658 0.171731 0.001920 0.007555 0.000000 0.000000 
-0.057129 0.083187 0.000000 0.000647 0.171731 0.001887 0.007547 0.000000 0.000000 
-0.056152 0.081764 0.000000 0.000636 0.171731 0.001854 0.007539 0.000000 0.000000 
-0.055176 0.080341 0.000000 0.000625 0.171731 0.001821 0.007531 0.000000 0.000000 
-0.054199 0.078918 0.000000 0.000614 0.171731 0.001789 0.007523 0.000000 0.000000 
-0.053223 0.077495 0.000000 0.000603 0.171731 0.001756 0.007515 0.000000 0.000000 
-0.052246 0.076072 0.000000 0.000592 0.171731 0.001723 0.007508 0.000000 0.000000 
-0.051270 0.074649 0.000000 0.000580 0.171731 0.001690 0.007500 0.000000 0.000000 
-0.050293 0.073226 0.000000 0.000569 0.171731 0.001657 0.007493 0.000000 0.000000 
-0.049316 0.071803 0.000000 0.000558 0.171731 0.001625 0.007486 0.000000 0.000000 
-0.048340 0.070381 0.000000 0.000547 0.171731 0.001592 0.007479 0.000000 0.000000 
-0.047363 0.068958 0.000000 0.000536 0.171731 0.001559 0.007472 0.000000 0.000000 
-0.046387 0.067536 0.000000 0.000525 0.171731 0.001527 0.007465 0.000000 0.000000 
-0.045410 0.066113 0.000000 0.000514 0.171731 0.001494 0.007459 0.000000 0.000000 
-0.044434 0.064690 0.000000 0.000503 0.171731 0.001462 0.007452 0.000000 0.000000 
-0.043457 0.063268 0.000000 0.000491 0.171731 0.001429 0.007446 0.000000 0.000000 
-0.042480 0.061846 0.000000 0.000480 0.171731 0.001397 0.007440 0.000000 0.000000 
-0.041504 0.060423 0.000000 0.000469 0.171731 0.001364 0.007434 0.000000 0.000000 
-0.040527 0.059001 0.000000 0.000458 0.171731 0.001332 0.007428 0.000000 0.000000 
-0.039551 0.057579 0.000000 0.000447 0.171731 0.001299 0.007422 0.000000 0.000000 
-0.038574 0.056157 0.000000 0.000436 0.171731 0.001267 0.007416 0.000000 0.000000 
-0.037598 0.054734 0.000000 0.000425 0.171731 0.001234 0.007411 0.000000 0.000000 
-0.036621 0.053312 0.000000 0.000414 0.171731 0.001202 0.007406 0.000000 0.000000 
-0.035645 0.051890 0.000000 0.000403 0.171731 0.001170 0.007400 0.000000 0.000000 
-0.034668 0.050468 0.000000 0.000392 0.171731 0.001137 0.007395 0.000000 0.000000 
-0.033691 0.049046 0.000000 0.000381 0.171731 0.001105 0.007390 0.000000 0.000000 
-0.032715 0.047624 0.000000 0.000370 0.171731 0.001073 0.007386 0.000000 0.000000 
-0.031738 0.046202 0.000000 0.000359 0.171731 0.001041 0.007381 0.000000 0.000000 
-0.030762 0.044780 0.000000 0.000347 0.171731 0.001008 0.007377 0.000000 0.000000 
-0.029785 0.043358 0.000000 0.000336 0.171731 0.000976 0.007372 0.000000 0.000000 
-0.028809 0.041936 0.000000 0.000325 0.171731 0.000944 0.007368 0.000000 0.000000 
-0.027832 0.040514 0.000000 0.000314 0.171731 0.000912 0.007364 0.000000 0.000000 
-0.026855 0.039093 0.000000 0.000303 0.171731 0.000880 0.007360 0.000000 0.000000 
-0.025879 0.037671 0.000000 0.000292 0.171731 0.000848 0.007356 0.000000 0.000000 
-0.024902 0.036249 0.000000 0.000281 0.171731 0.000815 0.007353 0.000000 0.000000 
-0.023926 0.034827 0.000000 0.000270 0.171731 0.000783 0.007349 0.000000 0.000000 
-0.022949 0.033406 0.000000 0.000259 0.171731 0.000751 0.007346 0.000000 0.000000 
-0.021973 0.031984 0.000000 0.000248 0.171731 0.000719 0.007343 0.000000 0.000000 
-0.020996 0.030562 0.000000 0.000237 0.171731 0.000687 0.007340 0.000000 0.000000 
-0.020020 0.029141 0.000000 0.000226 0.171731 0.000655 0.007337 0.000000 0.000000 
-0.019043 0.027719 0.000000 0.000215 0.171731 0.000623 0.007334 0.000000 0.000000 
-0.018066 0.026297 0.000000 0.000204 0.171731 0.000591 0.007331 0.000000 0.000000 
-0.017090 0.024876 0.000000 0.000193 0.171731 0.000559 0.007329 0.000000 0.000000 
-0.016113 0.023454 0.000000 0.000182 0.171731 0.000527 0.007326 0.000000 0.000000 
-0.015137 0.022033 0.000000 0.000171 0.171731 0.000495 0.007324 0.000000 0.000000 
-0.014160 0.020611 0.000000 0.000160 0.171731 0.000463 0.007322 0.000000 0.000000 
-0.013184 0.019190 0.000000 0.000149 0.171731 0.000431 0.007320 0.000000 0.000000 
-0.012207 0.017768 0.000000 0.000138 0.171731 0.000399 0.007318 0.000000 0.000000 
-0.011230 0.016347 0.000000 0.000127 0.171731 0.000367 0.007317 0.000000 0.000000 
-0.010254 0.014925 0.000000 0.000116 0.171731 0.000335 0.007315 0.000000 0.000000 
-0.009277 0.013504 0.000000 0.000105 0.171731 0.000303 0.007314 0.000000 0.000000 
-0.008301 0.012082 0.000000 0.000094 0.171731 0.000271 0.007312 0.000000 0.000000 
-0.007324 0.010661 0.000000 0.000083 0.171731 0.000239 0.007311 0.000000 0.000000 
-0.006348 0.009239 0.000000 0.000072 0.171731 0.000207 0.007310 0.000000 0.000000 
-0.005371 0.007818 0.000000 0.000061 0.171731 0.000176 0.007309 0.000000 0.000000 
-0.004395 0.006396 0.000000 0.000050 0.171731 0.000144 0.007309 0.000000 0.000000 
-0.003418 0.004975 0.000000 0.000039 0.171731 0.000112 0.007308 0.000000 0.000000 
-0.002441 0.003554 0.000000 0.000028 0.171731 0.000080 0.007308 0.000000 0.000000 
-0.001465 0.002132 0.000000 0.000017 0.171731 0.000048 0.007308 0.000000 0.000000 
-0.000488 0.000711 0.000000 0.000006 0.171731 0.000016 0.007307 0.000000 0.000000 
0.000488 0.000711 0.000000 0.000006 0.171731 0.000016 0.007307 0.000000 0.000000 
0.001465 0.002132 0.000000 0.000017 0.171731 0.000048 0.007308 0.000000 0.000000 
0.002441 0.003554 0.000000 0.000028 0.171731 0.000080 0.007308 0.000000 0.000000 
0.003418 0.004975 0.000000 0.000039 0.171731 0.000112 0.007308 0.000000 0.000000 
0.004395 0.006396 0.000000 0.000050 0.171731 0.000144 0.007309 0.000000 0.000000 
0.005371 0.007818 0.000000 0.000061 0.171731 0.000176 0.007309 0.000000 0.000000 
0.006348 0.009239 0.000000 0.000072 0.171731 0.000207 0.007310 0.000000 0.000000 
0.007324 0.010661 0.000000 0.000083 0.171731 0.000239 0.007311 0.000000 0.000000 
0.008301 0.012082 0.000000 0.000094 0.171731 0.000271 0.007312 0.000000 0.000000 
0.009277 0.013504 0.000000 0.000105 0.171731 0.000303 0.007314 0.000000 0.000000 
0.010254 0.014925 0.000000 0.000116 0.171731 0.000335 0.007315 0.000000 0.000000 
0.011230 0.016347 0.000000 0.000127 0.171731 0.000367 0.007317 0.000000 0.000000 
0.012207 0.017768 0.000000 0.000138 0.171731 0.000399 0.007318 0.000000 0.000000 
0.013184 0.019190 0.000000 0.000149 0.171731 0.000431 0.007320 0.000000 0.000000 
0.014160 0.020611 0.000000 0.000160 0.171731 0.000463 0.007322 0.000000 0.000000 
0.015137 0.022033 0.000000 0.000171 0.171731 0.000495 0.007324 0.000000 0.000000 
0.016113 0.023454 0.000000 0.000182 0.171731 0.000527 0.007326 0.000000 0.000000 
0.017090 0.024876 0.000000 0.000193 0.171731 0.000559 0.007329 0.000000 0.000000 
0.018066 0.026297 0.000000 0.000204 0.171731 0.000591 0.007331 0.000000 0.000000 
0.019043 0.027719 0.000000 0.000215 0.171731 0.000623 0.007334 0.000000 0.000000 
0.020020 0.029141 0.000000 0.000226 0.171731 0.000655 0.007337 0.000000 0.000000 
0.020996 0.030562 0.000000 0.000237 0.171731 0.000687 0.007340 0.000000 0.000000 
0.021973 0.031984 0.000000 0.000248 0.171731 0.000719 0.007343 0.000000 0.000000 
0.022949 0.033406 0.000000 0.000259 0.171731 0.000751 0.007346 0.000000 0.000000 
0.023926 0.034827 0.000000 0.000270 0.171731 0.000783 0.007349 0.000000 0.000000 
0.024902 0.036249 0.000000 0.000281 0.171731 0.000815 0.007353 0.000000 0.000000 
0.025879 0.037671 0.000000 0.000292 0.171731 0.000848 0.007356 0.000000 0.000000 
0.026855 0.039093 0.000000 0.000303 0.171731 0.000880 0.007360 0.000000 0.000000 
0.027832 0.040514 0.000000 0.000314 0.171731 0.000912 0.007364 0.000000 0.000000 
0.028809 0.041936 0.000000 0.000325 0.171731 0.000944 0.007368 0.000000 0.000000 
0.029785 0.043358 0.000000 0.000336 0.171731 0.000976 0.007372 0.000000 0.000000 
0.030762 0.044780 0.000000 0.000347 0.171731 0.001008 0.007377 0.000000 0.000000 
0.031738 0.046202 0.000000 0.000359 0.171731 0.001041 0.007381 0.000000 0.000000 
0.032715 0.047624 0.000000 0.000370 0.171731 0.001073 0.007386 0.000000 0.000000 
0.033691 0.049046 0.000000 0.000381 0.171731 0.001105 0.007390 0.000000 0.000000 
0.034668 0.050468 0.000000 0.000392 0.171731 0.001137 0.007395 0.000000 0.000000 
0.035645 0.051890 0.000000 0.000403 0.171731 0.001170 0.007400 0.000000 0.000000 
0.036621 0.053312 0.000000 0.000414 0.171731 0.001202 0.007406 0.000000 0.000000 
0.037598 0.054734 0.000000 0.000425 0.171731 0.001234 0.007411 0.000000 0.000000 
0.038574 0.056157 0.000000 0.000436 0.171731 0.001267 0.007416 0.000000 0.000000 
0.039551 0.057579 0.000000 0.000447 0.171731 0.001299 0.007422 0.000000 0.000000 
0.040527 0.059001 0.000000 0.000458 0.171731 0.001332 0.007428 0.000000 0.000000 
0.041504 0.060423 0.000000 0.000469 0.171731 0.001364 0.007434 0.000000 0.000000 
0.042480 0.061846 0.000000 0.000480 0.171731 0.001397 0.007440 0.000000 0.000000 
0.043457 0.063268 0.000000 0.000491 0.171731 0.001429 0.007446 0.000000 0.000000 
0.044434 0.064690 0.000000 0.000503 0.171731 0.001462 0.007452 0.000000 0.000000 
0.045410 0.066113 0.000000 0.000514 0.171731 0.001494 0.007459 0.000000 0.000000 
0.046387 0.067536 0.000000 0.000525 0.171731 0.001527 0.007465 0.000000 0.000000 
0.047363 0.068958 0.000000 0.000536 0.171731 0.001559 0.007472 0.000000 0.000000 
0.048340 0.070381 0.000000 0.000547 0.171731 0.001592 0.007479 0.000000 0.000000 
0.049316 0.071803 0.000000 0.000558 0.171731 0.001625 0.007486 0.000000 0.000000 
0.050293 0.073226 0.000000 0.000569 0.171731 0.001657 0.007493 0.000000 0.000000 
0.051270 0.074649 0.000000 0.000580 0.171731 0.001690 0.007500 0.000000 0.000000 
0.052246 0.076072 0.000000 0.000592 0.171731 0.001723 0.007508 0.000000 0.000000 
0.053223 0.077495 0.000000 0.000603 0.171731 0.001756 0.007515 0.000000 0.000000 
0.054199 0.078918 0.000000 0.000614 0.171731 0.001789 0.007523 0.000000 0.000000 
0.055176 0.080341 0.000000 0.000625 0.171731 0.001821 0.007531 0.000000 0.000000 
0.056152 0.081764 0.000000 0.000636 0.171731 0.001854 0.007539 0.000000 0.000000 
0.057129 0.083187 0.000000 0.000647 0.171731 0.001887 0.007547 0.000000 0.000000 
0.058105 0.084610 0.000000 0.000658 0.171731 0.001920 0.007555 0.000000 0.000000 
0.059082 0.086033 0.000000 0.000670 0.171731 0.001953 0.007564 0.000000 0.000000 
0.060059 0.087456 0.000000 0.000681 0.171731 0.001986 0.007573 0.000000 0.000000 
0.061035 0.088880 0.000000 0.000692 0.171731 0.002019 0.007581 0.000000 0.000000 
0.062012 0.090303 0.000000 0.000703 0.171731 0.002053 0.007590 0.000000 0.000000 
0.062988 0.091727 0.000000 0.000714 0.171731 0.002086 0.007599 0.000000 0.000000 
0.063965 0.093150 0.000000 0.000725 0.171731 0.002119 0.007608 0.000000 0.000000 
0.064941 0.094574 0.000000 0.000737 0.171731 0.002152 0.007618 0.000000 0.000000 
0.065918 0.095997 0.000000 0.000748 0.171731 0.002186 0.007627 0.000000 0.000000 
0.066895 0.097421 0.000000 0.000759 0.171731 0.002219 0.007637 0.000000 0.000000 
0.067871 0.098845 0.000000 0.000770 0.171731 0.002252 0.007647 0.000000 0.000000 
0.068848 0.100269 0.000000 0.000781 0.171731 0.002286 0.007656 0.000000 0.000000 
0.069824 0.101693 0.000000 0.000793 0.171731 0.002319 0.007667 0.000000 0.000000 
0.070801 0.103117 0.000000 0.000804 0.171731 0.002353 0.007677 0.000000 0.000000 
0.071777 0.104541 0.000000 0.000815 0.171731 0.002386 0.007687 0.000000 0.000000 
0.072754 0.105965 0.000000 0.000826 0.171731 0.002420 0.007698 0.000000 0.000000 
0.073730 0.107389 0.000000 0.000838 0.171731 0.002453 0.007708 0.000000 0.000000 
0.074707 0.108814 0.000000 0.000849 0.171731 0.002487 0.007719 0.000000 0.000000 
0.075684 0.110238 0.000000 0.000860 0.171731 0.002521 0.007730 0.000000 0.000000 
0.076660 0.111663 0.000000 0.000871 0.171731 0.002555 0.007741 0.000000 0.000000 
0.077637 0.113087 0.000000 0.000883 0.171731 0.002588 0.007752 0.000000 0.000000 
0.078613 0.114512 0.000000 0.000894 0.171731 0.002622 0.007764 0.000000 0.000000 
0.079590 0.115936 0.000000 0.000905 0.171731 0.002656 0.007775 0.000000 0.000000 
0.080566 0.117361 0.000000 0.000916 0.171731 0.002690 0.007787 0.000000 0.000000 
0.081543 0.118786 0.000000 0.000928 0.171731 0.002724 0.007799 0.000000 0.000000 
0.082520 0.120211 0.000000 0.000939 0.171731 0.002758 0.007811 0.000000 0.000000 
0.083496 0.121636 0.000000 0.000950 0.171731 0.002792 0.007823 0.000000 0.000000 
0.084473 0.123061 0.000000 0.000962 0.171731 0.002827 0.007835 0.000000 0.000000 
0.085449 0.124487 0.000000 0.000973 0.171731 0.002861 0.007847 0.000000 0.000000 
0.086426 0.125912 0.000000 0.000984 0.171731 0.002895 0.007860 0.000000 0.000000 
0.087402 0.127337 0.000000 0.000996 0.171731 0.002930 0.007873 0.000000 0.000000 
0.088379 0.128763 0.000000 0.001007 0.171731 0.002964 0.007886 0.000000 0.000000 
0.089355 0.130188 0.000000 0.001018 0.171731 0.002998 0.007899 0.000000 0.000000 
0.090332 0.131614 0.000000 0.001030 0.171731 0.003033 0.007912 0.000000 0.000000 
0.091309 0.133040 0.000000 0.001041 0.171731 0.003068 0.007925 0.000000 0.000000 
0.092285 0.134466 0.000000 0.001052 0.171731 0.003102 0.007939 0.000000 0.000000 
0.093262 0.135892 0.000000 0.001064 0.171731 0.003137 0.007952 0.000000 0.000000 
0.094238 0.137318 0.000000 0.001075 0.171731 0.003172 0.007966 0.000000 0.000000 
0.095215 0.138744 0.000000 0.001086 0.171731 0.003206 0.007980 0.000000 0.000000 
0.096191 0.140170 0.000000 0.001098 0.171731 0.003241 0.007994 0.000000 0.000000 
0.097168 0.141597 0.000000 0.001109 0.171731 0.003276 0.008008 0.000000 0.000000 
0.098145 0.143023 0.000000 0.001121 0.171731 0.003311 0.008023 0.000000 0.000000 
0.099121 0.144450 0.000000 0.001132 0.171731 0.003346 0.008037 0.000000 0.000000 
0.100098 0.145876 0.000000 0.001143 0.171731 0.003382 0.008052 0.000000 0.000000 
0.101074 0.147303 0.000000 0.001155 0.171731 0.003417 0.008067 0.000000 0.000000 
0.102051 0.148730 0.000000 0.001166 0.171731 0.003452 0.008082 0.000000 0.000000 
0.103027 0.150157 0.000000 0.001178 0.171731 0.003487 0.008097 0.000000 0.000000 
0.104004 0.151584 0.000000 0.001189 0.171731 0.003523 0.008112 0.000000 0.000000 
0.104980 0.153011 0.000000 0.001201 0.171731 0.003558 0.008128 0.000000 0.000000 
0.105957 0.154439 0.000000 0.001212 0.171731 0.003594 0.008143 0.000000 0.000000 
0.106934 0.155866 0.000000 0.001223 0.171731 0.003629 0.008159 0.000000 0.000000 
0.107910 0.157294 0.000000 0.001235 0.171731 0.003665 0.008175 0.000000 0.000000 
0.108887 0.158721 0.000000 0.001246 0.171731 0.003701 0.008191 0.000000 0.000000 
0.109863 0.160149 0.000000 0.001258 0.171731 0.003736 0.008207 0.000000 0.000000 
0.110840 0.161577 0.000000 0.001269 0.171731 0.003772 0.008224 0.000000 0.000000 
0.111816 0.163005 0.000000 0.001281 0.171731 0.003808 0.008240 0.000000 0.000000 
0.112793 0.164433 0.000000 0.001292 0.171731 0.003844 0.008257 0.000000 0.000000 
0.113770 0.165861 0.000000 0.001304 0.171731 0.003880 0.008274 0.000000 0.000000 
0.114746 0.167290 0.000000 0.001315 0.171731 0.003917 0.008291 0.000000 0.000000 
0.115723 0.168718 0.000000 0.001327 0.171731 0.003953 0.008308 0.000000 0.000000 
0.116699 0.170147 0.000000 0.001338 0.171731 0.003989 0.008325 0.000000 0.000000 
0.117676 0.171576 0.000000 0.001350 0.171731 0.004026 0.008343 0.000000 0.000000 
0.118652 0.173005 0.000000 0.001361 0.171731 0.004062 0.008361 0.000000 0.000000 
0.119629 0.174434 0.000000 0.001373 0.171731 0.004099 0.008378 0.000000 0.000000 
0.120605 0.175863 0.000000 0.001384 0.171731 0.004135 0.008396 0.000000 0.000000 
0.121582 0.177292 0.000000 0.001396 0.171731 0.004172 0.008414 0.000000 0.000000 
0.122559 0.178721 0.000000 0.001408 0.171731 0.004209 0.008433 0.000000 0.000000 
0.123535 0.180151 0.000000 0.001419 0.171731 0.004246 0.008451 0.000000 0.000000 
0.124512 0.181580 0.000000 0.001431 0.171731 0.004283 0.008470 0.000000 0.000000 
0.125488 0.183010 0.000000 0.001442 0.171731 0.004320 0.008489 0.000000 0.000000 
0.126465 0.184440 0.000000 0.001454 0.171731 0.004357 0.008508 0.000000 0.000000 
0.127441 0.185870 0.000000 0.001465 0.171731 0.004394 0.008527 0.000000 0.000000 
0.128418 0.187300 0.000000 0.001477 0.171731 0.004431 0.008546 0.000000 0.000000 
0.129395 0.188731 0.000000 0.001489 0.171731 0.004469 0.008565 0.000000 0.000000 
0.130371 0.190161 0.000000 0.001500 0.171731 0.004506 0.008585 0.000000 0.000000 
0.131348 0.191592 0.000000 0.001512 0.171731 0.004544 0.008605 0.000000 0.000000 
0.132324 0.193023 0.000000 0.001523 0.171731 0.004581 0.008625 0.000000 0.000000 
0.133301 0.194453 0.000000 0.001535 0.171731 0.004619 0.008645 0.000000 0.000000 
0.134277 0.195884 0.000000 0.001547 0.171731 0.004657 0.008665 0.000000 0.000000 
0.135254 0.197316 0.000000 0.001558 0.171731 0.004695 0.008685 0.000000 0.000000 
0.136230 0.198747 0.000000 0.001570 0.171731 0.004733 0.008706 0.000000 0.000000 
0.137207 0.200178 0.000000 0.001582 0.171731 0.004771 0.008727 0.000000 0.000000 
0.138184 0.201610 0.000000 0.001593 0.171731 0.004809 0.008748 0.000000 0.000000 
0.139160 0.203042 0.000000 0.001605 0.171731 0.004847 0.008769 0.000000 0.000000 
0.140137 0.204474 0.000000 0.001617 0.171731 0.004885 0.008790 0.000000 0.000000 
0.141113 0.205906 0.000000 0.001628 0.171731 0.004924 0.008811 0.000000 0.000000 
0.142090 0.207338 0.000000 0.001640 0.171731 0.004962 0.008833 0.000000 0.000000 
0.143066 0.208770 0.000000 0.001652 0.171731 0.005001 0.008855 0.000000 0.000000 
0.144043 0.210203 0.000000 0.001663 0.171731 0.005040 0.008877 0.000000 0.000000 
0.145020 0.211636 0.000000 0.001675 0.171731 0.005078 0.008899 0.000000 0.000000 
0.145996 0.213069 0.000000 0.001687 0.171731 0.005117 0.008921 0.000000 0.000000 
0.146973 0.214502 0.000000 0.001698 0.171731 0.005156 0.008944 0.000000 0.000000 
0.147949 0.215935 0.000000 0.001710 0.171731 0.005195 0.008966 0.000000 0.000000 
0.148926 0.217368 0.000000 0.001722 0.171731 0.005235 0.008989 0.000000 0.000000 
0.149902 0.218802 0.000000 0.001733 0.171731 0.005274 0.009012 0.000000 0.000000 
0.150879 0.220235 0.000000 0.001745 0.171731 0.005313 0.009035 0.000000 0.000000 
0.151855 0.221669 0.000000 0.001757 0.171731 0.005353 0.009058 0.000000 0.000000 
0.152832 0.223103 0.000000 0.001769 0.171731 0.005393 0.009082 0.000000 0.000000 
0.153809 0.224537 0.000000 0.001780 0.171731 0.005432 0.009105 0.000000 0.000000 
0.154785 0.225972 0.000000 0.001792 0.171731 0.005472 0.009129 0.000000 0.000000 
0.155762 0.227406 0.000000 0.001804 0.171731 0.005512 0.009153 0.000000 0.000000 
0.156738 0.228841 0.000000 0.001815 0.171731 0.005552 0.009177 0.000000 0.000000 
0.157715 0.230276 0.000000 0.001827 0.171731 0.005592 0.009202 0.000000 0.000000 
0.158691 0.231711 0.000000 0.001839 0.171731 0.005632 0.009226 0.000000 0.000000 
0.159668 0.233146 0.000000 0.001851 0.171731 0.005673 0.009251 0.000000 0.000000 
0.160645 0.234581 0.000000 0.001862 0.171731 0.005713 0.009276 0.000000 0.000000 
0.161621 0.236017 0.000000 0.001874 0.171731 0.005754 0.009301 0.000000 0.000000 
0.162598 0.237452 0.000000 0.001886 0.171731 0.005794 0.009326 0.000000 0.000000 
0.163574 0.238888 0.000000 0.001898 0.171731 0.005835 0.009351 0.000000 0.000000 
0.164551 0.240324 0.000000 0.001909 0.171731 0.005876 0.009377 0.000000 0.000000 
0.165527 0.241761 0.000000 0.001921 0.171731 0.005917 0.009403 0.000000 0.000000 
0.166504 0.243197 0.000000 0.001933 0.171731 0.005958 0.009429 0.000000 0.000000 
0.167480 0.244634 0.000000 0.001945 0.171731 0.005999 0.009455 0.000000 0.000000 
0.168457 0.246071 0.000000 0.001957 0.171731 0.006041 0.009481 0.000000 0.000000 
0.169434 0.247508 0.000000 0.001968 0.171731 0.006082 0.009507 0.000000 0.000000 
0.170410 0.248945 0.000000 0.001980 0.171731 0.006124 0.009534 0.000000 0.000000 
0.171387 0.250382 0.000000 0.001992 0.171731 0.006166 0.009561 0.000000 0.000000 
0.172363 0.251820 0.000000 0.002004 0.171731 0.006207 0.009588 0.000000 0.000000 
0.173340 0.253258 0.000000 0.002015 0.171731 0.006249 0.009615 0.000000 0.000000 
0.174316 0.254696 0.000000 0.002027 0.171731 0.006291 0.009643 0.000000 0.000000 
0.175293 0.256134 0.000000 0.002039 0.171731 0.006334 0.009670 0.000000 0.000000 
0.176270 0.257572 0.000000 0.002051 0.171731 0.006376 0.009698 0.000000 0.000000 
0.177246 0.259011 0.000000 0.002062 0.171731 0.006418 0.009726 0.000000 0.000000 
0.178223 0.260450 0.000000 0.002074 0.171731 0.006461 0.009754 0.000000 0.000000 
0.179199 0.261889 0.000000 0.002086 0.171731 0.006503 0.009782 0.000000 0.000000 
0.180176 0.263328 0.000000 0.002098 0.171731 0.006546 0.009811 0.000000 0.000000 
0.181152 0.264767 0.000000 0.002110 0.171731 0.006589 0.009839 0.000000 0.000000 
0.182129 0.266207 0.000000 0.002121 0.171731 0.006632 0.009868 0.000000 0.000000 
0.183105 0.267647 0.000000 0.002133 0.171731 0.006675 0.009897 0.000000 0.000000 
0.184082 0.269087 0.000000 0.002145 0.171731 0.006719 0.009927 0.000000 0.000000 
0.185059 0.270527 0.000000 0.002157 0.171731 0.006762 0.009956 0.000000 0.000000 
0.186035 0.271967 0.000000 0.002168 0.171731 0.006806 0.009986 0.000000 0.000000 
0.187012 0.273408 0.000000 0.002180 0.171731 0.006849 0.010016 0.000000 0.000000 
0.187988 0.274849 0.000000 0.002192 0.171731 0.006893 0.010046 0.000000 0.000000 
0.188965 0.276290 0.000000 0.002204 0.171731 0.006937 0.010076 0.000000 0.000000 
0.189941 0.277731 0.000000 0.002215 0.171731 0.006981 0.010106 0.000000 0.000000 
0.190918 0.279172 0.000000 0.002227 0.171731 0.007025 0.010137 0.000000 0.000000 
0.191895 0.280614 0.000000 0.002239 0.171731 0.007070 0.010167 0.000000 0.000000 
0.192871 0.282056 0.000000 0.002250 0.171731 0.007114 0.010198 0.000000 0.000000 
0.193848 0.283498 0.000000 0.002262 0.171731 0.007159 0.010230 0.000000 0.000000 
0.194824 0.284941 0.000000 0.002274 0.171731 0.007203 0.010261 0.000000 0.000000 
0.195801 0.286383 0.000000 0.002286 0.171731 0.007248 0.010293 0.000000 0.000000 
0.196777 0.287826 0.000000 0.002297 0.171731 0.007293 0.010324 0.000000 0.000000 
0.197754 0.289269 0.000000 0.002309 0.171731 0.007339 0.010356 0.000000 0.000000 
0.198730 0.290712 0.000000 0.002321 0.171731 0.007384 0.010388 0.000000 0.000000 
0.199707 0.292156 0.000000 0.002332 0.171731 0.007429 0.010421 0.000000 0.000000 
0.200684 0.293600 0.000000 0.002344 0.171731 0.007475 0.010453 0.000000 0.000000 
0.201660 0.295044 0.000000 0.002356 0.171731 0.007521 0.010486 0.000000 0.000000 
0.202637 0.296488 0.000000 0.002367 0.171731 0.007566 0.010519 0.000000 0.000000 
0.203613 0.297932 0.000000 0.002379 0.171731 0.007612 0.010552 0.000000 0.000000 
0.204590 0.299377 0.000000 0.002391 0.171731 0.007659 0.010585 0.000000 0.000000 
0.205566 0.300822 0.000000 0.002402 0.171731 0.007705 0.010619 0.000000 0.000000 
0.206543 0.302267 0.000000 0.002414 0.171731 0.007751 0.010653 0.000000 0.000000 
0.207520 0.303712 0.000000 0.002425 0.171731 0.007798 0.010687 0.000000 0.000000 
0.208496 0.305158 0.000000 0.002437 0.171731 0.007845 0.010721 0.000000 0.000000 
0.209473 0.306604 0.000000 0.002449 0.171731 0.007892 0.010755 0.000000 0.000000 
0.210449 0.308050 0.000000 0.002460 0.171731 0.007939 0.010790 0.000000 0.000000 
0.211426 0.309497 0.000000 0.002472 0.171731 0.007986 0.010825 0.000000 0.000000 
0.212402 0.310943 0.000000 0.002483 0.171731 0.008033 0.010860 0.000000 0.000000 
0.213379 0.312390 0.000000 0.002495 0.171731 0.008081 0.010895 0.000000 0.000000 
0.214355 0.313837 0.000000 0.002506 0.171731 0.008128 0.010930 0.000000 0.000000 
0.215332 0.315285 0.000000 0.002518 0.171731 0.008176 0.010966 0.000000 0.000000 
0.216309 0.316732 0.000000 0.002529 0.171731 0.008224 0.011002 0.000000 0.000000 
0.217285 0.318180 0.000000 0.002541 0.171731 0.008272 0.011038 0.000000 0.000000 
0.218262 0.319628 0.000000 0.002552 0.171731 0.008321 0.011074 0.000000 0.000000 
0.219238 0.321077 0.000000 0.002563 0.171731 0.008369 0.011110 0.000000 0.000000 
0.220215 0.322525 0.000000 0.002575 0.171731 0.008418 0.011147 0.000000 0.000000 
0.221191 0.323974 0.000000 0.002586 0.171731 0.008466 0.011184 0.000000 0.000000 
0.222168 0.325424 0.000000 0.002598 0.171731 0.008515 0.011221 0.000000 0.000000 
0.223145 0.326873 0.000000 0.002609 0.171731 0.008564 0.011258 0.000000 0.000000 
0.224121 0.328323 0.000000 0.002620 0.171731 0.008614 0.011296 0.000000 0.000000 
0.225098 0.329773 0.000000 0.002632 0.171731 0.008663 0.011333 0.000000 0.000000 
0.226074 0.331223 0.000000 0.002643 0.171731 0.008713 0.011371 0.000000 0.000000 
0.227051 0.332674 0.000000 0.002654 0.171731 0.008762 0.011409 0.000000 0.000000 
0.228027 0.334124 0.000000 0.002665 0.171731 0.008812 0.011448 0.000000 0.000000 
0.229004 0.335575 0.000000 0.002676 0.171731 0.008862 0.011486 0.000000 0.000000 
0.229980 0.337027 0.000000 0.002688 0.171731 0.008913 0.011525 0.000000 0.000000 
0.230957 0.338478 0.000000 0.002699 0.171731 0.008963 0.011564 0.000000 0.000000 
0.231934 0.339930 0.000000 0.002710 0.171731 0.009014 0.011604 0.000000 0.000000 
0.232910 0.341383 0.000000 0.002721 0.171731 0.009064 0.011643 0.000000 0.000000 
0.233887 0.342835 0.000000 0.002732 0.171731 0.009115 0.011683 0.000000 0.000000 
0.234863 0.344288 0.000000 0.002743 0.171731 0.009166 0.011723 0.000000 0.000000 
0.235840 0.345741 0.000000 0.002754 0.171731 0.009218 0.011763 0.000000 0.000000 
0.236816 0.347194 0.000000 0.002765 0.171731 0.009269 0.011803 0.000000 0.000000 
0.237793 0.348648 0.000000 0.002776 0.171731 0.009321 0.011844 0.000000 0.000000 
0.238770 0.350102 0.000000 0.002787 0.171731 0.009373 0.011885 0.000000 0.000000 
0.239746 0.351556 0.000000 0.002798 0.171731 0.009425 0.011926 0.000000 0.000000 
0.240723 0.353011 0.000000 0.002808 0.171731 0.009477 0.011967 0.000000 0.000000 
0.241699 0.354465 0.000000 0.002819 0.171731 0.009529 0.012008 0.000000 0.000000 
0.242676 0.355920 0.000000 0.002830 0.171731 0.009582 0.012050 0.000000 0.000000 
0.243652 0.357376 0.000000 0.002841 0.171731 0.009634 0.012092 0.000000 0.000000 
0.244629 0.358832 0.000000 0.002851 0.171731 0.009687 0.012134 0.000000 0.000000 
0.245605 0.360288 0.000000 0.002862 0.171731 0.009740 0.012177 0.000000 0.000000 
0.246582 0.361744 0.000000 0.002873 0.171731 0.009794 0.012219 0.000000 0.000000 
0.247559 0.363200 0.000000 0.002883 0.171731 0.009847 0.012262 0.000000 0.000000 
0.248535 0.364657 0.000000 0.002894 0.171731 0.009901 0.012305 0.000000 0.000000 
0.249512 0.366115 0.000000 0.002904 0.171731 0.009955 0.012349 0.000000 0.000000 
0.250488 0.367572 0.000000 0.002914 0.171731 0.010009 0.012392 0.000000 0.000000 
0.251465 0.369030 0.000000 0.002925 0.171731 0.010063 0.012436 0.000000 0.000000 
0.252441 0.370488 0.000000 0.002935 0.171731 0.010117 0.012480 0.000000 0.000000 
0.253418 0.371947 0.000000 0.002945 0.171731 0.010172 0.012525 0.000000 0.000000 
0.254395 0.373405 0.000000 0.002955 0.171731 0.010227 0.012569 0.000000 0.000000 
0.255371 0.374865 0.000000 0.002966 0.171731 0.010282 0.012614 0.000000 0.000000 
0.256348 0.376324 0.000000 0.002976 0.171731 0.010337 0.012659 0.000000 0.000000 
0.257324 0.377784 0.000000 0.002986 0.171731 0.010392 0.012704 0.000000 0.000000 
0.258301 0.379244 0.000000 0.002996 0.171731 0.010448 0.012750 0.000000 0.000000 
0.259277 0.380704 0.000000 0.003006 0.171731 0.010504 0.012795 0.000000 0.000000 
0.260254 0.382165 0.000000 0.003015 0.171731 0.010560 0.012841 0.000000 0.000000 
0.261230 0.383626 0.000000 0.003025 0.171731 0.010616 0.012888 0.000000 0.000000 
0.262207 0.385087 0.000000 0.003035 0.171731 0.010672 0.012934 0.000000 0.000000 
0.263184 0.386549 0.000000 0.003045 0.171731 0.010729 0.012981 0.000000 0.000000 
0.264160 0.388011 0.000000 0.003054 0.171731 0.010785 0.013028 0.000000 0.000000 
0.265137 0.389474 0.000000 0.003064 0.171731 0.010842 0.013075 0.000000 0.000000 
0.266113 0.390936 0.000000 0.003073 0.171731 0.010900 0.013123 0.000000 0.000000 
0.267090 0.392399 0.000000 0.003083 0.171731 0.010957 0.013170 0.000000 0.000000 
0.268066 0.393863 0.000000 0.003092 0.171731 0.011015 0.013218 0.000000 0.000000 
0.269043 0.395326 0.000000 0.003101 0.171731 0.011073 0.013266 0.000000 0.000000 
0.270020 0.396791 0.000000 0.003110 0.171731 0.011131 0.013315 0.000000 0.000000 
0.270996 0.398255 0.000000 0.003119 0.171731 0.011189 0.013364 0.000000 0.000000 
0.271973 0.399720 0.000000 0.003128 0.171731 0.011247 0.013413 0.000000 0.000000 
0.272949 0.401185 0.000000 0.003137 0.171731 0.011306 0.013462 0.000000 0.000000 
0.273926 0.402650 0.000000 0.003146 0.171731 0.011365 0.013511 0.000000 0.000000 
0.274902 0.404116 0.000000 0.003155 0.171731 0.011424 0.013561 0.000000 0.000000 
0.275879 0.405583 0.000000 0.003163 0.171731 0.011483 0.013611 0.000000 0.000000 
0.276855 0.407049 0.000000 0.003172 0.171731 0.011543 0.013662 0.000000 0.000000 
0.277832 0.408516 0.000000 0.003181 0.171731 0.011603 0.013712 0.000000 0.000000 
0.278809 0.409983 0.000000 0.003189 0.171731 0.011663 0.013763 0.000000 0.000000 
0.279785 0.411451 0.000000 0.003197 0.171731 0.011723 0.013814 0.000000 0.000000 
0.280762 0.412919 0.000000 0.003205 0.171731 0.011783 0.013865 0.000000 0.000000 
0.281738 0.414387 0.000000 0.003213 0.171731 0.011844 0.013917 0.000000 0.000000 
0.282715 0.415856 0.000000 0.003221 0.171731 0.011905 0.013969 0.000000 0.000000 
0.283691 0.417325 0.000000 0.003229 0.171731 0.011966 0.014021 0.000000 0.000000 
0.284668 0.418795 0.000000 0.003237 0.171731 0.012027 0.014073 0.000000 0.000000 
0.285645 0.420265 0.000000 0.003245 0.171731 0.012089 0.014126 0.000000 0.000000 
0.286621 0.421735 0.000000 0.003252 0.171731 0.012151 0.014179 0.000000 0.000000 
0.287598 0.423205 0.000000 0.003260 0.171731 0.012213 0.014232 0.000000 0.000000 
0.288574 0.424676 0.000000 0.003267 0.171731 0.012275 0.014286 0.000000 0.000000 
0.289551 0.426148 0.000000 0.003274 0.171731 0.012338 0.014339 0.000000 0.000000 
0.290527 0.427620 0.000000 0.003281 0.171731 0.012400 0.014393 0.000000 0.000000 
0.291504 0.429092 0.000000 0.003288 0.171731 0.012463 0.014448 0.000000 0.000000 
0.292480 0.430564 0.000000 0.003295 0.171731 0.012527 0.014502 0.000000 0.000000 
0.293457 0.432037 0.000000 0.003301 0.171731 0.012590 0.014557 0.000000 0.000000 
0.294434 0.433511 0.000000 0.003308 0.171731 0.012654 0.014612 0.000000 0.000000 
0.295410 0.434984 0.000000 0.003314 0.171731 0.012718 0.014668 0.000000 0.000000 
0.296387 0.436458 0.000000 0.003321 0.171731 0.012782 0.014723 0.000000 0.000000 
0.297363 0.437933 0.000000 0.003327 0.171731 0.012846 0.014779 0.000000 0.000000 
0.298340 0.439408 0.000000 0.003333 0.171731 0.012911 0.014835 0.000000 0.000000 
0.299316 0.440883 0.000000 0.003338 0.171731 0.012976 0.014892 0.000000 0.000000 
0.300293 0.442359 0.000000 0.003344 0.171731 0.013041 0.014949 0.000000 0.000000 
0.301270 0.443835 0.000000 0.003349 0.171731 0.013106 0.015006 0.000000 0.000000 
0.302246 0.445311 0.000000 0.003355 0.171731 0.013172 0.015063 0.000000 0.000000 
0.303223 0.446788 0.000000 0.003360 0.171731 0.013238 0.015121 0.000000 0.000000 
0.304199 0.448266 0.000000 0.003365 0.171731 0.013304 0.015179 0.000000 0.000000 
0.305176 0.449744 0.000000 0.003370 0.171731 0.013371 0.015237 0.000000 0.000000 
0.306152 0.451222 0.000000 0.003374 0.171731 0.013437 0.015296 0.000000 0.000000 
0.307129 0.452700 0.000000 0.003379 0.171731 0.013504 0.015354 0.000000 0.000000 
0.308105 0.454179 0.000000 0.003383 0.171731 0.013571 0.015414 0.000000 0.000000 
0.309082 0.455659 0.000000 0.003387 0.171731 0.013639 0.015473 0.000000 0.000000 
0.310059 0.457139 0.000000 0.003391 0.171731 0.013706 0.015533 0.000000 0.000000 
0.311035 0.458619 0.000000 0.003395 0.171731 0.013774 0.015593 0.000000 0.000000 
0.312012 0.460100 0.000000 0.003398 0.171731 0.013843 0.015653 0.000000 0.000000 
0.312988 0.461581 0.000000 0.003401 0.171731 0.013911 0.015714 0.000000 0.000000 
0.313965 0.463062 0.000000 0.003404 0.171731 0.013980 0.015775 0.000000 0.000000 
0.314941 0.464544 0.000000 0.003407 0.171731 0.014049 0.015836 0.000000 0.000000 
0.315918 0.466027 0.000000 0.003410 0.171731 0.014118 0.015897 0.000000 0.000000 
0.316895 0.467510 0.000000 0.003412 0.171731 0.014188 0.015959 0.000000 0.000000 
0.317871 0.468993 0.000000 0.003414 0.171731 0.014258 0.016021 0.000000 0.000000 
0.318848 0.470477 0.000000 0.003416 0.171731 0.014328 0.016084 0.000000 0.000000 
0.319824 0.471961 0.000000 0.003418 0.171731 0.014398 0.016146 0.000000 0.000000 
0.320801 0.473446 0.000000 0.003419 0.171731 0.014469 0.016209 0.000000 0.000000 
0.321777 0.474931 0.000000 0.003421 0.171731 0.014540 0.016273 0.000000 0.000000 
0.322754 0.476417 0.000000 0.003421 0.171731 0.014611 0.016336 0.000000 0.000000 
0.323730 0.477903 0.000000 0.003422 0.171731 0.014682 0.016400 0.000000 0.000000 
0.324707 0.479389 0.000000 0.003423 0.171731 0.014754 0.016465 0.000000 0.000000 
0.325684 0.480876 0.000000 0.003423 0.171731 0.014826 0.016529 0.000000 0.000000 
0.326660 0.482364 0.000000 0.003422 0.171731 0.014899 0.016594 0.000000 0.000000 
0.327637 0.483851 0.000000 0.003422 0.171731 0.014971 0.016659 0.000000 0.000000 
0.328613 0.485340 0.000000 0.003421 0.171731 0.015044 0.016725 0.000000 0.000000 
0.329590 0.486829 0.000000 0.003420 0.171731 0.015117 0.016791 0.000000 0.000000 
0.330566 0.488318 0.000000 0.003419 0.171731 0.015191 0.016857 0.000000 0.000000 
0.331543 0.489808 0.000000 0.003417 0.171731 0.015264 0.016923 0.000000 0.000000 
0.332520 0.491298 0.000000 0.003415 0.171731 0.015339 0.016990 0.000000 0.000000 
0.333496 0.492789 0.000000 0.003413 0.171731 0.015413 0.017057 0.000000 0.000000 
0.334473 0.494280 0.000000 0.003410 0.171731 0.015488 0.017125 0.000000 0.000000 
0.335449 0.495772 0.000000 0.003407 0.171731 0.015562 0.017193 0.000000 0.000000 
0.336426 0.497264 0.000000 0.003404 0.171731 0.015638 0.017261 0.000000 0.000000 
0.337402 0.498756 0.000000 0.003401 0.171731 0.015713 0.017329 0.000000 0.000000 
0.338379 0.500250 0.000000 0.003396 0.171731 0.015789 0.017398 0.000000 0.000000 
0.339355 0.501743 0.000000 0.003392 0.171731 0.015865 0.017467 0.000000 0.000000 
0.340332 0.503237 0.000000 0.003387 0.171731 0.015942 0.017537 0.000000 0.000000 
0.341309 0.504732 0.000000 0.003382 0.171731 0.016018 0.017606 0.000000 0.000000 
0.342285 0.506227 0.000000 0.003377 0.171731 0.016095 0.017677 0.000000 0.000000 
0.343262 0.507723 0.000000 0.003371 0.171731 0.016173 0.017747 0.000000 0.000000 
0.344238 0.509219 0.000000 0.003364 0.171731 0.016250 0.017818 0.000000 0.000000 
0.345215 0.510715 0.000000 0.003358 0.171731 0.016328 0.017889 0.000000 0.000000 
0.346191 0.512213 0.000000 0.003350 0.171731 0.016407 0.017960 0.000000 0.000000 
0.347168 0.513710 0.000000 0.003343 0.171731 0.016485 0.018032 0.000000 0.000000 
0.348145 0.515208 0.000000 0.003335 0.171731 0.016564 0.018104 0.000000 0.000000 
0.349121 0.516707 0.000000 0.003326 0.171731 0.016643 0.018177 0.000000 0.000000 
0.350098 0.518206 0.000000 0.003317 0.171731 0.016723 0.018250 0.000000 0.000000 
0.351074 0.519706 0.000000 0.003308 0.171731 0.016803 0.018323 0.000000 0.000000 
0.352051 0.521206 0.000000 0.003298 0.171731 0.016883 0.018397 0.000000 0.000000 
0.353027 0.522707 0.000000 0.003287 0.171731 0.016964 0.018470 0.000000 0.000000 
0.354004 0.524208 0.000000 0.003276 0.171731 0.017044 0.018545 0.000000 0.000000 
0.354980 0.525710 0.000000 0.003265 0.171731 0.017125 0.018619 0.000000 0.000000 
0.355957 0.527213 0.000000 0.003253 0.171731 0.017207 0.018694 0.000000 0.000000 
0.356934 0.528715 0.000000 0.003240 0.171731 0.017289 0.018770 0.000000 0.000000 
0.357910 0.530219 0.000000 0.003227 0.171731 0.017371 0.018845 0.000000 0.000000 
0.358887 0.531723 0.000000 0.003214 0.171731 0.017453 0.018921 0.000000 0.000000 
0.359863 0.533227 0.000000 0.003199 0.171731 0.017536 0.018998 0.000000 0.000000 
0.360840 0.534733 0.000000 0.003184 0.171731 0.017619 0.019075 0.000000 0.000000 
0.361816 0.536238 0.000000 0.003169 0.171731 0.017703 0.019152 0.000000 0.000000 
0.362793 0.537744 0.000000 0.003153 0.171731 0.017787 0.019229 0.000000 0.000000 
0.363770 0.539251 0.000000 0.003136 0.171731 0.017871 0.019307 0.000000 0.000000 
0.364746 0.540758 0.000000 0.003119 0.171731 0.017955 0.019385 0.000000 0.000000 
0.365723 0.542266 0.000000 0.003101 0.171731 0.018040 0.019464 0.000000 0.000000 
0.366699 0.543775 0.000000 0.003082 0.171731 0.018125 0.019543 0.000000 0.000000 
0.367676 0.545284 0.000000 0.003063 0.171731 0.018211 0.019622 0.000000 0.000000 
0.368652 0.546793 0.000000 0.003043 0.171731 0.018297 0.019702 0.000000 0.000000 
0.369629 0.548303 0.000000 0.003022 0.171731 0.018383 0.019782 0.000000 0.000000 
0.370605 0.549814 0.000000 0.003001 0.171731 0.018469 0.019862 0.000000 0.000000 
0.371582 0.551325 0.000000 0.002979 0.171731 0.018556 0.019943 0.000000 0.000000 
0.372559 0.552837 0.000000 0.002956 0.171731 0.018644 0.020025 0.000000 0.000000 
0.373535 0.554349 0.000000 0.002932 0.171731 0.018731 0.020106 0.000000 0.000000 
0.374512 0.555862 0.000000 0.002908 0.171731 0.018819 0.020188 0.000000 0.000000 
0.375488 0.557376 0.000000 0.002882 0.171731 0.018908 0.020271 0.000000 0.000000 
0.376465 0.558890 0.000000 0.002856 0.171731 0.018996 0.020353 0.000000 0.000000 
0.377441 0.560405 0.000000 0.002829 0.171731 0.019085 0.020436 0.000000 0.000000 
0.378418 0.561920 0.000000 0.002801 0.171731 0.019175 0.020520 0.000000 0.000000 
0.379395 0.563436 0.000000 0.002773 0.171731 0.019265 0.020604 0.000000 0.000000 
0.380371 0.564953 0.000000 0.002743 0.171731 0.019355 0.020688 0.000000 0.000000 
0.381348 0.566470 0.000000 0.002712 0.171731 0.019445 0.020773 0.000000 0.000000 
0.382324 0.567988 0.000000 0.002681 0.171731 0.019536 0.020858 0.000000 0.000000 
0.383301 0.569506 0.000000 0.002648 0.171731 0.019628 0.020944 0.000000 0.000000 
0.384277 0.571025 0.000000 0.002615 0.171731 0.019719 0.021030 0.000000 0.000000 
0.385254 0.572545 0.000000 0.002581 0.171731 0.019811 0.021116 0.000000 0.000000 
0.386230 0.574071 0.000000 0.002549 0.171731 0.019906 0.021202 0.000000 0.000000 
0.387207 0.582970 0.000000 0.007730 0.171731 0.024518 0.021300 0.004128 0.006724 
0.388184 0.584536 0.000000 0.007724 0.171731 0.024639 0.021407 0.004153 0.006838 
0.389160 0.586104 0.000000 0.007718 0.171731 0.024761 0.021515 0.004178 0.006954 
0.390137 0.587674 0.000000 0.007711 0.171731 0.024883 0.021623 0.004204 0.007069 
0.391113 0.589245 0.000000 0.007704 0.171731 0.025007 0.021732 0.004231 0.007186 
0.392090 0.590817 0.000000 0.007696 0.171731 0.025131 0.021842 0.004257 0.007303 
0.393066 0.592391 0.000000 0.007688 0.171731 0.025257 0.021952 0.004285 0.007421 
0.394043 0.593967 0.000000 0.007679 0.171731 0.025383 0.022062 0.004312 0.007539 
0.395020 0.595544 0.000000 0.007670 0.171731 0.025510 0.022173 0.004340 0.007658 
0.395996 0.597123 0.000000 0.007660 0.171731 0.025639 0.022285 0.004369 0.007777 
0.396973 0.598703 0.000000 0.007649 0.171731 0.025768 0.022397 0.004398 0.007897 
0.397949 0.600285 0.000000 0.007638 0.171731 0.025898 0.022510 0.004427 0.008018 
0.398926 0.601869 0.000000 0.007626 0.171731 0.026029 0.022624 0.004457 0.008139 
0.399902 0.603454 0.000000 0.007613 0.171731 0.026161 0.022738 0.004487 0.008261 
0.400879 0.605041 0.000000 0.007600 0.171731 0.026295 0.022852 0.004518 0.008384 
0.401855 0.606629 0.000000 0.007586 0.171731 0.026429 0.022967 0.004549 0.008507 
0.402832 0.608220 0.000000 0.007571 0.171731 0.026564 0.023083 0.004581 0.008631 
0.403809 0.609811 0.000000 0.007555 0.171731 0.026700 0.023199 0.004613 0.008756 
0.404785 0.611405 0.000000 0.007539 0.171731 0.026838 0.023316 0.004645 0.008881 
0.405762 0.613000 0.000000 0.007521 0.171731 0.026976 0.023434 0.004678 0.009007 
0.406738 0.614597 0.000000 0.007503 0.171731 0.027115 0.023552 0.004712 0.009134 
0.407715 0.616195 0.000000 0.007483 0.171731 0.027255 0.023671 0.004746 0.009261 
0.408691 0.617795 0.000000 0.007463 0.171731 0.027397 0.023790 0.004780 0.009389 
0.409668 0.619397 0.000000 0.007442 0.171731 0.027539 0.023910 0.004815 0.009518 
0.410645 0.621000 0.000000 0.007420 0.171731 0.027683 0.024030 0.004850 0.009648 
0.411621 0.622606 0.000000 0.007396 0.171731 0.027827 0.024152 0.004886 0.009778 
0.412598 0.624213 0.000000 0.007372 0.171731 0.027973 0.024273 0.004923 0.009909 
0.413574 0.625821 0.000000 0.007346 0.171731 0.028119 0.024396 0.004959 0.010040 
0.414551 0.627432 0.000000 0.007320 0.171731 0.028267 0.024519 0.004997 0.010173 
0.415527 0.629044 0.000000 0.007292 0.171731 0.028416 0.024643 0.005034 0.010306 
0.416504 0.630658 0.000000 0.007263 0.171731 0.028565 0.024767 0.005073 0.010440 
0.417480 0.632274 0.000000 0.007232 0.171731 0.028716 0.024892 0.005112 0.010574 
0.418457 0.633891 0.000000 0.007200 0.171731 0.028868 0.025018 0.005151 0.010710 
0.419434 0.635511 0.000000 0.007167 0.171731 0.029021 0.025145 0.005191 0.010846 
0.420410 0.637132 0.000000 0.007133 0.171731 0.029176 0.025272 0.005231 0.010983 
0.421387 0.638755 0.000000 0.007097 0.171731 0.029331 0.025399 0.005272 0.011120 
0.422363 0.640380 0.000000 0.007059 0.171731 0.029487 0.025528 0.005313 0.011259 
0.423340 0.642006 0.000000 0.007020 0.171731 0.029645 0.025657 0.005355 0.011398 
0.424316 0.643635 0.000000 0.006980 0.171731 0.029804 0.025787 0.005397 0.011538 
0.425293 0.645265 0.000000 0.006937 0.171731 0.029964 0.025917 0.005440 0.011679 
0.426270 0.646897 0.000000 0.006894 0.171731 0.030125 0.026048 0.005483 0.011821 
0.427246 0.648531 0.000000 0.006848 0.171731 0.030287 0.026180 0.005527 0.011963 
0.428223 0.650167 0.000000 0.006801 0.171731 0.030450 0.026313 0.005572 0.012106 
0.429199 0.651805 0.000000 0.006751 0.171731 0.030614 0.026446 0.005617 0.012250 
0.430176 0.653445 0.000000 0.006700 0.171731 0.030780 0.026580 0.005662 0.012395 
0.431152 0.655087 0.000000 0.006647 0.171731 0.030947 0.026715 0.005708 0.012541 
0.432129 0.656730 0.000000 0.006592 0.171731 0.031115 0.026851 0.005755 0.012688 
0.433105 0.658376 0.000000 0.006535 0.171731 0.031284 0.026987 0.005802 0.012835 
0.434082 0.660023 0.000000 0.006476 0.171731 0.031454 0.027124 0.005849 0.012984 
0.435059 0.661673 0.000000 0.006415 0.171731 0.031626 0.027262 0.005898 0.013133 
0.436035 0.663324 0.000000 0.006351 0.171731 0.031799 0.027400 0.005946 0.013283 
0.437012 0.664978 0.000000 0.006285 0.171731 0.031973 0.027539 0.005996 0.013434 
0.437988 0.666633 0.000000 0.006217 0.171731 0.032148 0.027680 0.006046 0.013586 
0.438965 0.668290 0.000000 0.006147 0.171731 0.032324 0.027820 0.006096 0.013738 
0.439941 0.669950 0.000000 0.006074 0.171731 0.032502 0.027962 0.006147 0.013892 
0.440918 0.671611 0.000000 0.005998 0.171731 0.032681 0.028104 0.006199 0.014047 
0.441895 0.673275 0.000000 0.005920 0.171731 0.032861 0.028247 0.006251 0.014202 
0.442871 0.674940 0.000000 0.005839 0.171731 0.033042 0.028391 0.006303 0.014359 
0.443848 0.676608 0.000000 0.005755 0.171731 0.033225 0.028536 0.006357 0.014516 
0.444824 0.678278 0.000000 0.005669 0.171731 0.033409 0.028681 0.006411 0.014674 
0.445801 0.679950 0.000000 0.005579 0.171731 0.033594 0.028828 0.006465 0.014833 
0.446777 0.681624 0.000000 0.005487 0.171731 0.033781 0.028975 0.006520 0.014994 
0.447754 0.683300 0.000000 0.005392 0.171731 0.033969 0.029123 0.006576 0.015155 
0.448730 0.684978 0.000000 0.005293 0.171731 0.034158 0.029272 0.006632 0.015317 
0.449707 0.686658 0.000000 0.005191 0.171731 0.034348 0.029421 0.006689 0.015480 
0.450684 0.688340 0.000000 0.005086 0.171731 0.034540 0.029572 0.006746 0.015644 
0.451660 0.690025 0.000000 0.004977 0.171731 0.034733 0.029723 0.006804 0.015809 
0.452637 0.691712 0.000000 0.004865 0.171731 0.034927 0.029875 0.006863 0.015975 
0.453613 0.693401 0.000000 0.004750 0.171731 0.035123 0.030028 0.006922 0.016142 
0.454590 0.695092 0.000000 0.004630 0.171731 0.035320 0.030182 0.006982 0.016310 
0.455566 0.696785 0.000000 0.004507 0.171731 0.035519 0.030336 0.007043 0.016479 
0.456543 0.698481 0.000000 0.004380 0.171731 0.035718 0.030492 0.007104 0.016649 
0.457520 0.700179 0.000000 0.004249 0.171731 0.035920 0.030648 0.007165 0.016821 
0.458496 0.701879 0.000000 0.004114 0.171731 0.036122 0.030806 0.007228 0.016993 
0.459473 0.703581 0.000000 0.003975 0.171731 0.036326 0.030964 0.007291 0.017166 
0.460449 0.705286 0.000000 0.003832 0.171731 0.036531 0.031123 0.007355 0.017340 
0.461426 0.706993 0.000000 0.003684 0.171731 0.036738 0.031283 0.007419 0.017516 
0.462402 0.708702 0.000000 0.003531 0.171731 0.036946 0.031444 0.007484 0.017692 
0.463379 0.710413 0.000000 0.003374 0.171731 0.037156 0.031606 0.007550 0.017870 
0.464355 0.712127 0.000000 0.003212 0.171731 0.037367 0.031768 0.007616 0.018048 
0.465332 0.713843 0.000000 0.003046 0.171731 0.037579 0.031932 0.007683 0.018228 
0.466309 0.715562 0.000000 0.002874 0.171731 0.037793 0.032097 0.007750 0.018409 
0.467285 0.717283 0.000000 0.002697 0.171731 0.038009 0.032262 0.007819 0.018591 
0.468262 0.719006 0.000000 0.002515 0.171731 0.038225 0.032429 0.007888 0.018774 
0.469238 0.720732 0.000000 0.002327 0.171731 0.038444 0.032596 0.007957 0.018958 
0.470215 0.722460 0.000000 0.002134 0.171731 0.038663 0.032765 0.008028 0.019144 
0.471191 0.724191 0.000000 0.001936 0.171731 0.038885 0.032934 0.008099 0.019330 
0.472168 0.725924 0.000000 0.001731 0.171731 0.039107 0.033104 0.008170 0.019518 
0.473145 0.727659 0.000000 0.001521 0.171731 0.039332 0.033275 0.008243 0.019707 
0.474121 0.729397 0.000000 0.001304 0.171731 0.039557 0.033448 0.008316 0.019897 
0.475098 0.731138 0.000000 0.001082 0.171731 0.039785 0.033621 0.008390 0.020088 
0.476074 0.732881 0.000000 0.000852 0.171731 0.040014 0.033795 0.008464 0.020281 
0.477051 0.734626 0.000000 0.000617 0.171731 0.040244 0.033970 0.008539 0.020474 
0.478027 0.736374 0.000000 0.000374 0.171731 0.040476 0.034147 0.008615 0.020669 
0.479004 0.738125 0.000000 0.000125 0.171731 0.040709 0.034324 0.008692 0.020865 
0.479980 0.739878 0.000000 0.000132 0.171731 0.040944 0.034502 0.008769 0.021062 
0.480957 0.741634 0.000000 0.000395 0.171731 0.041181 0.034682 0.008847 0.021261 
0.481934 0.743392 0.000000 0.000666 0.171731 0.041419 0.034862 0.008926 0.021461 
0.482910 0.745153 0.000000 0.000945 0.171731 0.041659 0.035043 0.009006 0.021662 
0.483887 0.746917 0.000000 0.001232 0.171731 0.041901 0.035226 0.009086 0.021864 
0.484863 0.748683 0.000000 0.001526 0.171731 0.042144 0.035409 0.009167 0.022068 
0.485840 0.750452 0.000000 0.001829 0.171731 0.042388 0.035594 0.009249 0.022273 
0.486816 0.752223 0.000000 0.002140 0.171731 0.042635 0.035780 0.009332 0.022479 
0.487793 0.753998 0.000000 0.002460 0.171731 0.042883 0.035966 0.009415 0.022686 
0.488770 0.755775 0.000000 0.002788 0.171731 0.043132 0.036154 0.009499 0.022895 
0.489746 0.757554 0.000000 0.003126 0.171731 0.043384 0.036343 0.009584 0.023105 
0.490723 0.759337 0.000000 0.003472 0.171731 0.043637 0.036533 0.009670 0.023317 
0.491699 0.761122 0.000000 0.003828 0.171731 0.043891 0.036724 0.009756 0.023529 
0.492676 0.762910 0.000000 0.004194 0.171731 0.044148 0.036917 0.009843 0.023744 
0.493652 0.764701 0.000000 0.004570 0.171731 0.044406 0.037110 0.009931 0.023959 
0.494629 0.766494 0.000000 0.004956 0.171731 0.044665 0.037304 0.010020 0.024176 
0.495605 0.768291 0.000000 0.005353 0.171731 0.044927 0.037500 0.010110 0.024394 
0.496582 0.770090 0.000000 0.005760 0.171731 0.045190 0.037697 0.010200 0.024614 
0.497559 0.771892 0.000000 0.006178 0.171731 0.045455 0.037895 0.010292 0.024835 
0.498535 0.773697 0.000000 0.006607 0.171731 0.045722 0.038094 0.010384 0.025057 
0.499512 0.775505 0.000000 0.007048 0.171731 0.045991 0.038294 0.010477 0.025281 
