#cell coordinates and the corresponding deviation from the equilibrium 
-0.499512 0.033767 
-0.498535 0.033714 
-0.497559 0.033662 
-0.496582 0.033611 
-0.495605 0.033560 
-0.494629 0.033510 
-0.493652 0.033461 
-0.492676 0.033412 
-0.491699 0.033364 
-0.490723 0.033316 
-0.489746 0.033270 
-0.488770 0.033223 
-0.487793 0.033178 
-0.486816 0.033133 
-0.485840 0.033088 
-0.484863 0.033044 
-0.483887 0.033001 
-0.482910 0.032958 
-0.481934 0.032916 
-0.480957 0.031524 
-0.479980 0.031473 
-0.479004 0.031455 
-0.478027 0.031437 
-0.477051 0.031419 
-0.476074 0.031401 
-0.475098 0.031384 
-0.474121 0.031366 
-0.473145 0.031349 
-0.472168 0.031332 
-0.471191 0.031315 
-0.470215 0.031298 
-0.469238 0.031282 
-0.468262 0.031265 
-0.467285 0.031249 
-0.466309 0.031233 
-0.465332 0.031217 
-0.464355 0.031201 
-0.463379 0.031185 
-0.462402 0.031169 
-0.461426 0.031154 
-0.460449 0.031138 
-0.459473 0.031123 
-0.458496 0.031108 
-0.457520 0.031093 
-0.456543 0.031078 
-0.455566 0.031064 
-0.454590 0.031049 
-0.453613 0.031035 
-0.452637 0.031020 
-0.451660 0.031006 
-0.450684 0.030992 
-0.449707 0.030978 
-0.448730 0.030964 
-0.447754 0.030951 
-0.446777 0.030937 
-0.445801 0.030923 
-0.444824 0.030910 
-0.443848 0.030897 
-0.442871 0.030884 
-0.441895 0.030871 
-0.440918 0.030858 
-0.439941 0.030845 
-0.438965 0.030832 
-0.437988 0.030820 
-0.437012 0.030807 
-0.436035 0.030795 
-0.435059 0.030783 
-0.434082 0.030771 
-0.433105 0.030759 
-0.432129 0.030747 
-0.431152 0.030735 
-0.430176 0.030723 
-0.429199 0.030711 
-0.428223 0.030700 
-0.427246 0.030689 
-0.426270 0.030677 
-0.425293 0.030666 
-0.424316 0.030655 
-0.423340 0.030644 
-0.422363 0.030633 
-0.421387 0.030622 
-0.420410 0.030611 
-0.419434 0.030601 
-0.418457 0.030590 
-0.417480 0.030580 
-0.416504 0.030569 
-0.415527 0.030559 
-0.414551 0.030549 
-0.413574 0.030539 
-0.412598 0.030529 
-0.411621 0.030519 
-0.410645 0.030509 
-0.409668 0.030499 
-0.408691 0.030490 
-0.407715 0.030480 
-0.406738 0.030471 
-0.405762 0.030461 
-0.404785 0.030452 
-0.403809 0.030443 
-0.402832 0.030433 
-0.401855 0.030424 
-0.400879 0.030415 
-0.399902 0.030406 
-0.398926 0.030397 
-0.397949 0.030389 
-0.396973 0.030380 
-0.395996 0.030371 
-0.395020 0.030363 
-0.394043 0.030354 
-0.393066 0.030346 
-0.392090 0.030338 
-0.391113 0.030329 
-0.390137 0.030321 
-0.389160 0.030313 
-0.388184 0.030305 
-0.387207 0.030297 
-0.386230 0.030289 
-0.385254 0.030281 
-0.384277 0.030274 
-0.383301 0.030266 
-0.382324 0.030258 
-0.381348 0.030251 
-0.380371 0.030243 
-0.379395 0.030236 
-0.378418 0.030228 
-0.377441 0.030221 
-0.376465 0.030214 
-0.375488 0.030207 
-0.374512 0.030199 
-0.373535 0.030192 
-0.372559 0.030185 
-0.371582 0.030179 
-0.370605 0.030172 
-0.369629 0.030165 
-0.368652 0.030158 
-0.367676 0.030151 
-0.366699 0.030145 
-0.365723 0.030138 
-0.364746 0.030132 
-0.363770 0.030125 
-0.362793 0.030119 
-0.361816 0.030112 
-0.360840 0.030106 
-0.359863 0.030100 
-0.358887 0.030094 
-0.357910 0.030088 
-0.356934 0.030082 
-0.355957 0.030075 
-0.354980 0.030070 
-0.354004 0.030064 
-0.353027 0.030058 
-0.352051 0.030052 
-0.351074 0.030046 
-0.350098 0.030040 
-0.349121 0.030035 
-0.348145 0.030029 
-0.347168 0.030024 
-0.346191 0.030018 
-0.345215 0.030013 
-0.344238 0.030007 
-0.343262 0.030002 
-0.342285 0.029996 
-0.341309 0.029991 
-0.340332 0.029986 
-0.339355 0.029981 
-0.338379 0.029976 
-0.337402 0.029971 
-0.336426 0.029965 
-0.335449 0.029960 
-0.334473 0.029955 
-0.333496 0.029951 
-0.332520 0.029946 
-0.331543 0.029941 
-0.330566 0.029936 
-0.329590 0.029931 
-0.328613 0.029927 
-0.327637 0.029922 
-0.326660 0.029917 
-0.325684 0.029913 
-0.324707 0.029908 
-0.323730 0.029904 
-0.322754 0.029899 
-0.321777 0.029895 
-0.320801 0.029890 
-0.319824 0.029886 
-0.318848 0.029882 
-0.317871 0.029877 
-0.316895 0.029873 
-0.315918 0.029869 
-0.314941 0.029865 
-0.313965 0.029861 
-0.312988 0.029857 
-0.312012 0.029852 
-0.311035 0.029848 
-0.310059 0.029844 
-0.309082 0.029841 
-0.308105 0.029837 
-0.307129 0.029833 
-0.306152 0.029829 
-0.305176 0.029825 
-0.304199 0.029821 
-0.303223 0.029818 
-0.302246 0.029814 
-0.301270 0.029810 
-0.300293 0.029806 
-0.299316 0.029803 
-0.298340 0.029799 
-0.297363 0.029796 
-0.296387 0.029792 
-0.295410 0.029789 
-0.294434 0.029785 
-0.293457 0.029782 
-0.292480 0.029778 
-0.291504 0.029775 
-0.290527 0.029772 
-0.289551 0.029768 
-0.288574 0.029765 
-0.287598 0.029762 
-0.286621 0.029759 
-0.285645 0.029755 
-0.284668 0.029752 
-0.283691 0.029749 
-0.282715 0.029746 
-0.281738 0.029743 
-0.280762 0.029740 
-0.279785 0.029737 
-0.278809 0.029734 
-0.277832 0.029731 
-0.276855 0.029728 
-0.275879 0.029725 
-0.274902 0.029722 
-0.273926 0.029719 
-0.272949 0.029716 
-0.271973 0.029713 
-0.270996 0.029711 
-0.270020 0.029708 
-0.269043 0.029705 
-0.268066 0.029702 
-0.267090 0.029700 
-0.266113 0.029697 
-0.265137 0.029694 
-0.264160 0.029692 
-0.263184 0.029689 
-0.262207 0.029687 
-0.261230 0.029684 
-0.260254 0.029681 
-0.259277 0.029679 
-0.258301 0.029676 
-0.257324 0.029674 
-0.256348 0.029671 
-0.255371 0.029669 
-0.254395 0.029667 
-0.253418 0.029664 
-0.252441 0.029662 
-0.251465 0.029660 
-0.250488 0.029657 
-0.249512 0.029655 
-0.248535 0.029653 
-0.247559 0.029650 
-0.246582 0.029648 
-0.245605 0.029646 
-0.244629 0.029644 
-0.243652 0.029642 
-0.242676 0.029639 
-0.241699 0.029637 
-0.240723 0.029635 
-0.239746 0.029633 
-0.238770 0.029631 
-0.237793 0.029629 
-0.236816 0.029627 
-0.235840 0.029625 
-0.234863 0.029623 
-0.233887 0.029621 
-0.232910 0.029619 
-0.231934 0.029617 
-0.230957 0.029615 
-0.229980 0.029613 
-0.229004 0.029611 
-0.228027 0.029609 
-0.227051 0.029607 
-0.226074 0.029605 
-0.225098 0.029604 
-0.224121 0.029602 
-0.223145 0.029600 
-0.222168 0.029598 
-0.221191 0.029596 
-0.220215 0.029595 
-0.219238 0.029593 
-0.218262 0.029591 
-0.217285 0.029589 
-0.216309 0.029588 
-0.215332 0.029586 
-0.214355 0.029584 
-0.213379 0.029583 
-0.212402 0.029581 
-0.211426 0.029580 
-0.210449 0.029578 
-0.209473 0.029576 
-0.208496 0.029575 
-0.207520 0.029573 
-0.206543 0.029572 
-0.205566 0.029570 
-0.204590 0.029569 
-0.203613 0.029567 
-0.202637 0.029566 
-0.201660 0.029564 
-0.200684 0.029563 
-0.199707 0.029561 
-0.198730 0.029560 
-0.197754 0.029558 
-0.196777 0.029557 
-0.195801 0.029556 
-0.194824 0.029554 
-0.193848 0.029553 
-0.192871 0.029551 
-0.191895 0.029550 
-0.190918 0.029549 
-0.189941 0.029547 
-0.188965 0.029546 
-0.187988 0.029545 
-0.187012 0.029544 
-0.186035 0.029542 
-0.185059 0.029541 
-0.184082 0.029540 
-0.183105 0.029539 
-0.182129 0.029537 
-0.181152 0.029536 
-0.180176 0.029535 
-0.179199 0.029534 
-0.178223 0.029532 
-0.177246 0.029531 
-0.176270 0.029530 
-0.175293 0.029529 
-0.174316 0.029528 
-0.173340 0.029527 
-0.172363 0.029526 
-0.171387 0.029525 
-0.170410 0.029523 
-0.169434 0.029522 
-0.168457 0.029521 
-0.167480 0.029520 
-0.166504 0.029519 
-0.165527 0.029518 
-0.164551 0.029517 
-0.163574 0.029516 
-0.162598 0.029515 
-0.161621 0.029514 
-0.160645 0.029513 
-0.159668 0.029512 
-0.158691 0.029511 
-0.157715 0.029510 
-0.156738 0.029509 
-0.155762 0.029508 
-0.154785 0.029507 
-0.153809 0.029506 
-0.152832 0.029505 
-0.151855 0.029505 
-0.150879 0.029504 
-0.149902 0.029503 
-0.148926 0.029502 
-0.147949 0.029501 
-0.146973 0.029500 
-0.145996 0.029499 
-0.145020 0.029498 
-0.144043 0.029498 
-0.143066 0.029497 
-0.142090 0.029496 
-0.141113 0.029495 
-0.140137 0.029494 
-0.139160 0.029494 
-0.138184 0.029493 
-0.137207 0.029492 
-0.136230 0.029491 
-0.135254 0.029490 
-0.134277 0.029490 
-0.133301 0.029489 
-0.132324 0.029488 
-0.131348 0.029487 
-0.130371 0.029487 
-0.129395 0.029486 
-0.128418 0.029485 
-0.127441 0.029485 
-0.126465 0.029484 
-0.125488 0.029483 
-0.124512 0.029483 
-0.123535 0.029482 
-0.122559 0.029481 
-0.121582 0.029481 
-0.120605 0.029480 
-0.119629 0.029479 
-0.118652 0.029479 
-0.117676 0.029478 
-0.116699 0.029477 
-0.115723 0.029477 
-0.114746 0.029476 
-0.113770 0.029476 
-0.112793 0.029475 
-0.111816 0.029474 
-0.110840 0.029474 
-0.109863 0.029473 
-0.108887 0.029473 
-0.107910 0.029472 
-0.106934 0.029471 
-0.105957 0.029471 
-0.104980 0.029470 
-0.104004 0.029470 
-0.103027 0.029469 
-0.102051 0.029469 
-0.101074 0.029468 
-0.100098 0.029468 
-0.099121 0.029467 
-0.098145 0.029467 
-0.097168 0.029466 
-0.096191 0.029466 
-0.095215 0.029465 
-0.094238 0.029465 
-0.093262 0.029464 
-0.092285 0.029464 
-0.091309 0.029463 
-0.090332 0.029463 
-0.089355 0.029463 
-0.088379 0.029462 
-0.087402 0.029462 
-0.086426 0.029461 
-0.085449 0.029461 
-0.084473 0.029460 
-0.083496 0.029460 
-0.082520 0.029460 
-0.081543 0.029459 
-0.080566 0.029459 
-0.079590 0.029458 
-0.078613 0.029458 
-0.077637 0.029458 
-0.076660 0.029457 
-0.075684 0.029457 
-0.074707 0.029457 
-0.073730 0.029456 
-0.072754 0.029456 
-0.071777 0.029456 
-0.070801 0.029455 
-0.069824 0.029455 
-0.068848 0.029455 
-0.067871 0.029454 
-0.066895 0.029454 
-0.065918 0.029454 
-0.064941 0.029453 
-0.063965 0.029453 
-0.062988 0.029453 
-0.062012 0.029452 
-0.061035 0.029452 
-0.060059 0.029452 
-0.059082 0.029452 
-0.058105 0.029451 
-0.057129 0.029451 
-0.056152 0.029451 
-0.055176 0.029450 
-0.054199 0.029450 
-0.053223 0.029450 
-0.052246 0.029450 
-0.051270 0.029449 
-0.050293 0.029449 
-0.049316 0.029449 
-0.048340 0.029449 
-0.047363 0.029449 
-0.046387 0.029448 
-0.045410 0.029448 
-0.044434 0.029448 
-0.043457 0.029448 
-0.042480 0.029448 
-0.041504 0.029447 
-0.040527 0.029447 
-0.039551 0.029447 
-0.038574 0.029447 
-0.037598 0.029447 
-0.036621 0.029446 
-0.035645 0.029446 
-0.034668 0.029446 
-0.033691 0.029446 
-0.032715 0.029446 
-0.031738 0.029446 
-0.030762 0.029446 
-0.029785 0.029445 
-0.028809 0.029445 
-0.027832 0.029445 
-0.026855 0.029445 
-0.025879 0.029445 
-0.024902 0.029445 
-0.023926 0.029445 
-0.022949 0.029445 
-0.021973 0.029444 
-0.020996 0.029444 
-0.020020 0.029444 
-0.019043 0.029444 
-0.018066 0.029444 
-0.017090 0.029444 
-0.016113 0.029444 
-0.015137 0.029444 
-0.014160 0.029444 
-0.013184 0.029444 
-0.012207 0.029444 
-0.011230 0.029444 
-0.010254 0.029444 
-0.009277 0.029444 
-0.008301 0.029444 
-0.007324 0.029443 
-0.006348 0.029443 
-0.005371 0.029443 
-0.004395 0.029443 
-0.003418 0.029443 
-0.002441 0.029443 
-0.001465 0.029443 
-0.000488 0.029443 
0.000488 0.029443 
0.001465 0.029443 
0.002441 0.029443 
0.003418 0.029443 
0.004395 0.029443 
0.005371 0.029443 
0.006348 0.029443 
0.007324 0.029443 
0.008301 0.029444 
0.009277 0.029444 
0.010254 0.029444 
0.011230 0.029444 
0.012207 0.029444 
0.013184 0.029444 
0.014160 0.029444 
0.015137 0.029444 
0.016113 0.029444 
0.017090 0.029444 
0.018066 0.029444 
0.019043 0.029444 
0.020020 0.029444 
0.020996 0.029444 
0.021973 0.029444 
0.022949 0.029445 
0.023926 0.029445 
0.024902 0.029445 
0.025879 0.029445 
0.026855 0.029445 
0.027832 0.029445 
0.028809 0.029445 
0.029785 0.029445 
0.030762 0.029446 
0.031738 0.029446 
0.032715 0.029446 
0.033691 0.029446 
0.034668 0.029446 
0.035645 0.029446 
0.036621 0.029446 
0.037598 0.029447 
0.038574 0.029447 
0.039551 0.029447 
0.040527 0.029447 
0.041504 0.029447 
0.042480 0.029448 
0.043457 0.029448 
0.044434 0.029448 
0.045410 0.029448 
0.046387 0.029448 
0.047363 0.029449 
0.048340 0.029449 
0.049316 0.029449 
0.050293 0.029449 
0.051270 0.029449 
0.052246 0.029450 
0.053223 0.029450 
0.054199 0.029450 
0.055176 0.029450 
0.056152 0.029451 
0.057129 0.029451 
0.058105 0.029451 
0.059082 0.029452 
0.060059 0.029452 
0.061035 0.029452 
0.062012 0.029452 
0.062988 0.029453 
0.063965 0.029453 
0.064941 0.029453 
0.065918 0.029454 
0.066895 0.029454 
0.067871 0.029454 
0.068848 0.029455 
0.069824 0.029455 
0.070801 0.029455 
0.071777 0.029456 
0.072754 0.029456 
0.073730 0.029456 
0.074707 0.029457 
0.075684 0.029457 
0.076660 0.029457 
0.077637 0.029458 
0.078613 0.029458 
0.079590 0.029458 
0.080566 0.029459 
0.081543 0.029459 
0.082520 0.029460 
0.083496 0.029460 
0.084473 0.029460 
0.085449 0.029461 
0.086426 0.029461 
0.087402 0.029462 
0.088379 0.029462 
0.089355 0.029463 
0.090332 0.029463 
0.091309 0.029463 
0.092285 0.029464 
0.093262 0.029464 
0.094238 0.029465 
0.095215 0.029465 
0.096191 0.029466 
0.097168 0.029466 
0.098145 0.029467 
0.099121 0.029467 
0.100098 0.029468 
0.101074 0.029468 
0.102051 0.029469 
0.103027 0.029469 
0.104004 0.029470 
0.104980 0.029470 
0.105957 0.029471 
0.106934 0.029471 
0.107910 0.029472 
0.108887 0.029473 
0.109863 0.029473 
0.110840 0.029474 
0.111816 0.029474 
0.112793 0.029475 
0.113770 0.029476 
0.114746 0.029476 
0.115723 0.029477 
0.116699 0.029477 
0.117676 0.029478 
0.118652 0.029479 
0.119629 0.029479 
0.120605 0.029480 
0.121582 0.029481 
0.122559 0.029481 
0.123535 0.029482 
0.124512 0.029483 
0.125488 0.029483 
0.126465 0.029484 
0.127441 0.029485 
0.128418 0.029485 
0.129395 0.029486 
0.130371 0.029487 
0.131348 0.029487 
0.132324 0.029488 
0.133301 0.029489 
0.134277 0.029490 
0.135254 0.029490 
0.136230 0.029491 
0.137207 0.029492 
0.138184 0.029493 
0.139160 0.029494 
0.140137 0.029494 
0.141113 0.029495 
0.142090 0.029496 
0.143066 0.029497 
0.144043 0.029498 
0.145020 0.029498 
0.145996 0.029499 
0.146973 0.029500 
0.147949 0.029501 
0.148926 0.029502 
0.149902 0.029503 
0.150879 0.029504 
0.151855 0.029505 
0.152832 0.029505 
0.153809 0.029506 
0.154785 0.029507 
0.155762 0.029508 
0.156738 0.029509 
0.157715 0.029510 
0.158691 0.029511 
0.159668 0.029512 
0.160645 0.029513 
0.161621 0.029514 
0.162598 0.029515 
0.163574 0.029516 
0.164551 0.029517 
0.165527 0.029518 
0.166504 0.029519 
0.167480 0.029520 
0.168457 0.029521 
0.169434 0.029522 
0.170410 0.029523 
0.171387 0.029525 
0.172363 0.029526 
0.173340 0.029527 
0.174316 0.029528 
0.175293 0.029529 
0.176270 0.029530 
0.177246 0.029531 
0.178223 0.029532 
0.179199 0.029534 
0.180176 0.029535 
0.181152 0.029536 
0.182129 0.029537 
0.183105 0.029539 
0.184082 0.029540 
0.185059 0.029541 
0.186035 0.029542 
0.187012 0.029544 
0.187988 0.029545 
0.188965 0.029546 
0.189941 0.029547 
0.190918 0.029549 
0.191895 0.029550 
0.192871 0.029551 
0.193848 0.029553 
0.194824 0.029554 
0.195801 0.029556 
0.196777 0.029557 
0.197754 0.029558 
0.198730 0.029560 
0.199707 0.029561 
0.200684 0.029563 
0.201660 0.029564 
0.202637 0.029566 
0.203613 0.029567 
0.204590 0.029569 
0.205566 0.029570 
0.206543 0.029572 
0.207520 0.029573 
0.208496 0.029575 
0.209473 0.029576 
0.210449 0.029578 
0.211426 0.029580 
0.212402 0.029581 
0.213379 0.029583 
0.214355 0.029584 
0.215332 0.029586 
0.216309 0.029588 
0.217285 0.029589 
0.218262 0.029591 
0.219238 0.029593 
0.220215 0.029595 
0.221191 0.029596 
0.222168 0.029598 
0.223145 0.029600 
0.224121 0.029602 
0.225098 0.029604 
0.226074 0.029605 
0.227051 0.029607 
0.228027 0.029609 
0.229004 0.029611 
0.229980 0.029613 
0.230957 0.029615 
0.231934 0.029617 
0.232910 0.029619 
0.233887 0.029621 
0.234863 0.029623 
0.235840 0.029625 
0.236816 0.029627 
0.237793 0.029629 
0.238770 0.029631 
0.239746 0.029633 
0.240723 0.029635 
0.241699 0.029637 
0.242676 0.029639 
0.243652 0.029642 
0.244629 0.029644 
0.245605 0.029646 
0.246582 0.029648 
0.247559 0.029650 
0.248535 0.029653 
0.249512 0.029655 
0.250488 0.029657 
0.251465 0.029660 
0.252441 0.029662 
0.253418 0.029664 
0.254395 0.029667 
0.255371 0.029669 
0.256348 0.029671 
0.257324 0.029674 
0.258301 0.029676 
0.259277 0.029679 
0.260254 0.029681 
0.261230 0.029684 
0.262207 0.029687 
0.263184 0.029689 
0.264160 0.029692 
0.265137 0.029694 
0.266113 0.029697 
0.267090 0.029700 
0.268066 0.029702 
0.269043 0.029705 
0.270020 0.029708 
0.270996 0.029711 
0.271973 0.029713 
0.272949 0.029716 
0.273926 0.029719 
0.274902 0.029722 
0.275879 0.029725 
0.276855 0.029728 
0.277832 0.029731 
0.278809 0.029734 
0.279785 0.029737 
0.280762 0.029740 
0.281738 0.029743 
0.282715 0.029746 
0.283691 0.029749 
0.284668 0.029752 
0.285645 0.029755 
0.286621 0.029759 
0.287598 0.029762 
0.288574 0.029765 
0.289551 0.029768 
0.290527 0.029772 
0.291504 0.029775 
0.292480 0.029778 
0.293457 0.029782 
0.294434 0.029785 
0.295410 0.029789 
0.296387 0.029792 
0.297363 0.029796 
0.298340 0.029799 
0.299316 0.029803 
0.300293 0.029806 
0.301270 0.029810 
0.302246 0.029814 
0.303223 0.029818 
0.304199 0.029821 
0.305176 0.029825 
0.306152 0.029829 
0.307129 0.029833 
0.308105 0.029837 
0.309082 0.029841 
0.310059 0.029844 
0.311035 0.029848 
0.312012 0.029852 
0.312988 0.029857 
0.313965 0.029861 
0.314941 0.029865 
0.315918 0.029869 
0.316895 0.029873 
0.317871 0.029877 
0.318848 0.029882 
0.319824 0.029886 
0.320801 0.029890 
0.321777 0.029895 
0.322754 0.029899 
0.323730 0.029904 
0.324707 0.029908 
0.325684 0.029913 
0.326660 0.029917 
0.327637 0.029922 
0.328613 0.029927 
0.329590 0.029931 
0.330566 0.029936 
0.331543 0.029941 
0.332520 0.029946 
0.333496 0.029951 
0.334473 0.029955 
0.335449 0.029960 
0.336426 0.029965 
0.337402 0.029971 
0.338379 0.029976 
0.339355 0.029981 
0.340332 0.029986 
0.341309 0.029991 
0.342285 0.029996 
0.343262 0.030002 
0.344238 0.030007 
0.345215 0.030013 
0.346191 0.030018 
0.347168 0.030024 
0.348145 0.030029 
0.349121 0.030035 
0.350098 0.030040 
0.351074 0.030046 
0.352051 0.030052 
0.353027 0.030058 
0.354004 0.030064 
0.354980 0.030070 
0.355957 0.030075 
0.356934 0.030082 
0.357910 0.030088 
0.358887 0.030094 
0.359863 0.030100 
0.360840 0.030106 
0.361816 0.030112 
0.362793 0.030119 
0.363770 0.030125 
0.364746 0.030132 
0.365723 0.030138 
0.366699 0.030145 
0.367676 0.030151 
0.368652 0.030158 
0.369629 0.030165 
0.370605 0.030172 
0.371582 0.030179 
0.372559 0.030185 
0.373535 0.030192 
0.374512 0.030199 
0.375488 0.030207 
0.376465 0.030214 
0.377441 0.030221 
0.378418 0.030228 
0.379395 0.030236 
0.380371 0.030243 
0.381348 0.030251 
0.382324 0.030258 
0.383301 0.030266 
0.384277 0.030274 
0.385254 0.030281 
0.386230 0.030289 
0.387207 0.030297 
0.388184 0.030305 
0.389160 0.030313 
0.390137 0.030321 
0.391113 0.030329 
0.392090 0.030338 
0.393066 0.030346 
0.394043 0.030354 
0.395020 0.030363 
0.395996 0.030371 
0.396973 0.030380 
0.397949 0.030389 
0.398926 0.030397 
0.399902 0.030406 
0.400879 0.030415 
0.401855 0.030424 
0.402832 0.030433 
0.403809 0.030443 
0.404785 0.030452 
0.405762 0.030461 
0.406738 0.030471 
0.407715 0.030480 
0.408691 0.030490 
0.409668 0.030499 
0.410645 0.030509 
0.411621 0.030519 
0.412598 0.030529 
0.413574 0.030539 
0.414551 0.030549 
0.415527 0.030559 
0.416504 0.030569 
0.417480 0.030580 
0.418457 0.030590 
0.419434 0.030601 
0.420410 0.030611 
0.421387 0.030622 
0.422363 0.030633 
0.423340 0.030644 
0.424316 0.030655 
0.425293 0.030666 
0.426270 0.030677 
0.427246 0.030689 
0.428223 0.030700 
0.429199 0.030711 
0.430176 0.030723 
0.431152 0.030735 
0.432129 0.030747 
0.433105 0.030759 
0.434082 0.030771 
0.435059 0.030783 
0.436035 0.030795 
0.437012 0.030807 
0.437988 0.030820 
0.438965 0.030832 
0.439941 0.030845 
0.440918 0.030858 
0.441895 0.030871 
0.442871 0.030884 
0.443848 0.030897 
0.444824 0.030910 
0.445801 0.030923 
0.446777 0.030937 
0.447754 0.030951 
0.448730 0.030964 
0.449707 0.030978 
0.450684 0.030992 
0.451660 0.031006 
0.452637 0.031020 
0.453613 0.031035 
0.454590 0.031049 
0.455566 0.031064 
0.456543 0.031078 
0.457520 0.031093 
0.458496 0.031108 
0.459473 0.031123 
0.460449 0.031138 
0.461426 0.031154 
0.462402 0.031169 
0.463379 0.031185 
0.464355 0.031201 
0.465332 0.031217 
0.466309 0.031233 
0.467285 0.031249 
0.468262 0.031265 
0.469238 0.031282 
0.470215 0.031298 
0.471191 0.031315 
0.472168 0.031332 
0.473145 0.031349 
0.474121 0.031366 
0.475098 0.031384 
0.476074 0.031401 
0.477051 0.031419 
0.478027 0.031437 
0.479004 0.031455 
0.479980 0.031473 
0.480957 0.031524 
0.481934 0.032916 
0.482910 0.032958 
0.483887 0.033001 
0.484863 0.033044 
0.485840 0.033088 
0.486816 0.033133 
0.487793 0.033178 
0.488770 0.033223 
0.489746 0.033270 
0.490723 0.033316 
0.491699 0.033364 
0.492676 0.033412 
0.493652 0.033461 
0.494629 0.033510 
0.495605 0.033560 
0.496582 0.033611 
0.497559 0.033662 
0.498535 0.033714 
0.499512 0.033767 
