#x y at the midpoint of each cell and the error in every component
-0.499512 0.776032 0.000000 0.006675 0.171684 0.046430 0.038079 0.010905 0.024763 
-0.498535 0.774229 0.000000 0.006231 0.171684 0.046164 0.037877 0.010814 0.024536 
-0.497559 0.772430 0.000000 0.005798 0.171684 0.045900 0.037676 0.010724 0.024310 
-0.496582 0.770633 0.000000 0.005376 0.171684 0.045638 0.037476 0.010635 0.024086 
-0.495605 0.768839 0.000000 0.004965 0.171684 0.045378 0.037277 0.010546 0.023863 
-0.494629 0.767048 0.000000 0.004565 0.171684 0.045120 0.037080 0.010458 0.023641 
-0.493652 0.765260 0.000000 0.004175 0.171684 0.044863 0.036883 0.010371 0.023420 
-0.492676 0.763475 0.000000 0.003795 0.171684 0.044608 0.036688 0.010285 0.023201 
-0.491699 0.761693 0.000000 0.003425 0.171684 0.044355 0.036493 0.010200 0.022984 
-0.490723 0.759913 0.000000 0.003065 0.171684 0.044104 0.036300 0.010116 0.022767 
-0.489746 0.758136 0.000000 0.002714 0.171684 0.043854 0.036108 0.010032 0.022552 
-0.488770 0.756362 0.000000 0.002373 0.171684 0.043606 0.035917 0.009949 0.022339 
-0.487793 0.754591 0.000000 0.002040 0.171684 0.043360 0.035727 0.009867 0.022126 
-0.486816 0.752823 0.000000 0.001716 0.171684 0.043115 0.035538 0.009786 0.021915 
-0.485840 0.751057 0.000000 0.001401 0.171684 0.042872 0.035351 0.009705 0.021705 
-0.484863 0.749294 0.000000 0.001094 0.171684 0.042631 0.035164 0.009626 0.021497 
-0.483887 0.747533 0.000000 0.000795 0.171684 0.042391 0.034978 0.009547 0.021290 
-0.482910 0.745776 0.000000 0.000505 0.171684 0.042153 0.034794 0.009469 0.021084 
-0.481934 0.744021 0.000000 0.000222 0.171684 0.041916 0.034610 0.009391 0.020879 
-0.480957 0.742269 0.000000 0.000054 0.171684 0.041682 0.034428 0.009314 0.020675 
-0.479980 0.740519 0.000000 0.000322 0.171684 0.041449 0.034246 0.009238 0.020473 
-0.479004 0.738772 0.000000 0.000582 0.171684 0.041217 0.034066 0.009163 0.020272 
-0.478027 0.737027 0.000000 0.000836 0.171684 0.040987 0.033886 0.009089 0.020072 
-0.477051 0.735286 0.000000 0.001083 0.171684 0.040759 0.033708 0.009015 0.019873 
-0.476074 0.733546 0.000000 0.001323 0.171684 0.040532 0.033530 0.008942 0.019676 
-0.475098 0.731810 0.000000 0.001557 0.171684 0.040307 0.033353 0.008870 0.019480 
-0.474121 0.730075 0.000000 0.001784 0.171684 0.040083 0.033178 0.008798 0.019284 
-0.473145 0.728344 0.000000 0.002005 0.171684 0.039861 0.033003 0.008727 0.019091 
-0.472168 0.726615 0.000000 0.002220 0.171684 0.039640 0.032830 0.008657 0.018898 
-0.471191 0.724888 0.000000 0.002429 0.171684 0.039421 0.032657 0.008588 0.018706 
-0.470215 0.723164 0.000000 0.002632 0.171684 0.039204 0.032485 0.008519 0.018516 
-0.469238 0.721442 0.000000 0.002830 0.171684 0.038988 0.032315 0.008451 0.018326 
-0.468262 0.719723 0.000000 0.003022 0.171684 0.038773 0.032145 0.008384 0.018138 
-0.467285 0.718006 0.000000 0.003209 0.171684 0.038560 0.031976 0.008317 0.017951 
-0.466309 0.716292 0.000000 0.003390 0.171684 0.038349 0.031808 0.008251 0.017765 
-0.465332 0.714580 0.000000 0.003567 0.171684 0.038139 0.031641 0.008186 0.017580 
-0.464355 0.712871 0.000000 0.003738 0.171684 0.037930 0.031475 0.008122 0.017396 
-0.463379 0.711164 0.000000 0.003905 0.171684 0.037723 0.031310 0.008058 0.017213 
-0.462402 0.709459 0.000000 0.004067 0.171684 0.037518 0.031145 0.007995 0.017031 
-0.461426 0.707757 0.000000 0.004224 0.171684 0.037314 0.030982 0.007932 0.016851 
-0.460449 0.706057 0.000000 0.004377 0.171684 0.037111 0.030820 0.007870 0.016671 
-0.459473 0.704359 0.000000 0.004525 0.171684 0.036910 0.030658 0.007809 0.016492 
-0.458496 0.702664 0.000000 0.004669 0.171684 0.036710 0.030497 0.007749 0.016315 
-0.457520 0.700971 0.000000 0.004810 0.171684 0.036511 0.030337 0.007689 0.016138 
-0.456543 0.699280 0.000000 0.004946 0.171684 0.036314 0.030178 0.007629 0.015963 
-0.455566 0.697592 0.000000 0.005078 0.171684 0.036119 0.030020 0.007571 0.015788 
-0.454590 0.695905 0.000000 0.005206 0.171684 0.035924 0.029863 0.007513 0.015615 
-0.453613 0.694222 0.000000 0.005330 0.171684 0.035731 0.029706 0.007456 0.015442 
-0.452637 0.692540 0.000000 0.005451 0.171684 0.035540 0.029551 0.007399 0.015271 
-0.451660 0.690861 0.000000 0.005568 0.171684 0.035350 0.029396 0.007343 0.015100 
-0.450684 0.689183 0.000000 0.005682 0.171684 0.035161 0.029242 0.007287 0.014931 
-0.449707 0.687508 0.000000 0.005793 0.171684 0.034974 0.029089 0.007233 0.014762 
-0.448730 0.685836 0.000000 0.005900 0.171684 0.034788 0.028936 0.007178 0.014595 
-0.447754 0.684165 0.000000 0.006004 0.171684 0.034603 0.028785 0.007125 0.014428 
-0.446777 0.682497 0.000000 0.006104 0.171684 0.034420 0.028634 0.007072 0.014262 
-0.445801 0.680830 0.000000 0.006202 0.171684 0.034237 0.028484 0.007020 0.014097 
-0.444824 0.679166 0.000000 0.006297 0.171684 0.034057 0.028335 0.006968 0.013933 
-0.443848 0.677504 0.000000 0.006389 0.171684 0.033877 0.028187 0.006917 0.013770 
-0.442871 0.675845 0.000000 0.006478 0.171684 0.033699 0.028039 0.006866 0.013608 
-0.441895 0.674187 0.000000 0.006565 0.171684 0.033522 0.027892 0.006816 0.013447 
-0.440918 0.672531 0.000000 0.006648 0.171684 0.033347 0.027746 0.006767 0.013287 
-0.439941 0.670878 0.000000 0.006730 0.171684 0.033173 0.027601 0.006718 0.013128 
-0.438965 0.669226 0.000000 0.006808 0.171684 0.033000 0.027457 0.006670 0.012969 
-0.437988 0.667577 0.000000 0.006885 0.171684 0.032828 0.027313 0.006622 0.012812 
-0.437012 0.665930 0.000000 0.006959 0.171684 0.032657 0.027170 0.006575 0.012655 
-0.436035 0.664284 0.000000 0.007030 0.171684 0.032488 0.027028 0.006529 0.012499 
-0.435059 0.662641 0.000000 0.007100 0.171684 0.032320 0.026886 0.006483 0.012344 
-0.434082 0.661000 0.000000 0.007167 0.171684 0.032154 0.026745 0.006438 0.012190 
-0.433105 0.659361 0.000000 0.007232 0.171684 0.031988 0.026605 0.006393 0.012036 
-0.432129 0.657724 0.000000 0.007295 0.171684 0.031824 0.026466 0.006349 0.011884 
-0.431152 0.656089 0.000000 0.007356 0.171684 0.031661 0.026327 0.006305 0.011732 
-0.430176 0.654455 0.000000 0.007415 0.171684 0.031499 0.026189 0.006262 0.011581 
-0.429199 0.652824 0.000000 0.007472 0.171684 0.031338 0.026052 0.006220 0.011431 
-0.428223 0.651195 0.000000 0.007527 0.171684 0.031179 0.025916 0.006178 0.011282 
-0.427246 0.649568 0.000000 0.007581 0.171684 0.031021 0.025780 0.006137 0.011133 
-0.426270 0.647942 0.000000 0.007632 0.171684 0.030864 0.025645 0.006096 0.010986 
-0.425293 0.646319 0.000000 0.007683 0.171684 0.030708 0.025510 0.006056 0.010839 
-0.424316 0.644697 0.000000 0.007731 0.171684 0.030553 0.025376 0.006016 0.010693 
-0.423340 0.643078 0.000000 0.007778 0.171684 0.030400 0.025243 0.005977 0.010547 
-0.422363 0.641460 0.000000 0.007823 0.171684 0.030248 0.025111 0.005938 0.010403 
-0.421387 0.639844 0.000000 0.007867 0.171684 0.030096 0.024979 0.005900 0.010259 
-0.420410 0.638231 0.000000 0.007910 0.171684 0.029946 0.024848 0.005862 0.010116 
-0.419434 0.636619 0.000000 0.007951 0.171684 0.029798 0.024718 0.005825 0.009973 
-0.418457 0.635008 0.000000 0.007990 0.171684 0.029650 0.024588 0.005789 0.009832 
-0.417480 0.633400 0.000000 0.008028 0.171684 0.029503 0.024459 0.005753 0.009691 
-0.416504 0.631794 0.000000 0.008066 0.171684 0.029358 0.024330 0.005717 0.009551 
-0.415527 0.630189 0.000000 0.008101 0.171684 0.029213 0.024202 0.005682 0.009411 
-0.414551 0.628586 0.000000 0.008136 0.171684 0.029070 0.024075 0.005648 0.009273 
-0.413574 0.626985 0.000000 0.008169 0.171684 0.028928 0.023948 0.005614 0.009135 
-0.412598 0.615412 0.000000 0.001149 0.171684 0.022677 0.023834 0.000000 0.000000 
-0.411621 0.613866 0.000000 0.001216 0.171684 0.022571 0.023737 0.000000 0.000000 
-0.410645 0.612328 0.000000 0.001287 0.171684 0.022467 0.023638 0.000000 0.000000 
-0.409668 0.610791 0.000000 0.001356 0.171684 0.022364 0.023540 0.000000 0.000000 
-0.408691 0.609254 0.000000 0.001424 0.171684 0.022262 0.023443 0.000000 0.000000 
-0.407715 0.607718 0.000000 0.001490 0.171684 0.022159 0.023346 0.000000 0.000000 
-0.406738 0.606183 0.000000 0.001554 0.171684 0.022058 0.023249 0.000000 0.000000 
-0.405762 0.604649 0.000000 0.001616 0.171684 0.021956 0.023153 0.000000 0.000000 
-0.404785 0.603115 0.000000 0.001677 0.171684 0.021855 0.023058 0.000000 0.000000 
-0.403809 0.601582 0.000000 0.001736 0.171684 0.021755 0.022962 0.000000 0.000000 
-0.402832 0.600050 0.000000 0.001794 0.171684 0.021655 0.022868 0.000000 0.000000 
-0.401855 0.598518 0.000000 0.001850 0.171684 0.021555 0.022773 0.000000 0.000000 
-0.400879 0.596987 0.000000 0.001905 0.171684 0.021456 0.022679 0.000000 0.000000 
-0.399902 0.595457 0.000000 0.001958 0.171684 0.021357 0.022586 0.000000 0.000000 
-0.398926 0.593927 0.000000 0.002010 0.171684 0.021259 0.022493 0.000000 0.000000 
-0.397949 0.592398 0.000000 0.002061 0.171684 0.021161 0.022400 0.000000 0.000000 
-0.396973 0.590870 0.000000 0.002110 0.171684 0.021063 0.022308 0.000000 0.000000 
-0.395996 0.589342 0.000000 0.002158 0.171684 0.020966 0.022216 0.000000 0.000000 
-0.395020 0.587815 0.000000 0.002204 0.171684 0.020869 0.022125 0.000000 0.000000 
-0.394043 0.586288 0.000000 0.002250 0.171684 0.020773 0.022034 0.000000 0.000000 
-0.393066 0.584763 0.000000 0.002294 0.171684 0.020676 0.021943 0.000000 0.000000 
-0.392090 0.583238 0.000000 0.002337 0.171684 0.020581 0.021853 0.000000 0.000000 
-0.391113 0.581713 0.000000 0.002379 0.171684 0.020486 0.021764 0.000000 0.000000 
-0.390137 0.580189 0.000000 0.002419 0.171684 0.020391 0.021674 0.000000 0.000000 
-0.389160 0.578666 0.000000 0.002458 0.171684 0.020296 0.021586 0.000000 0.000000 
-0.388184 0.577143 0.000000 0.002497 0.171684 0.020202 0.021497 0.000000 0.000000 
-0.387207 0.575622 0.000000 0.002534 0.171684 0.020109 0.021409 0.000000 0.000000 
-0.386230 0.574100 0.000000 0.002570 0.171684 0.020015 0.021322 0.000000 0.000000 
-0.385254 0.572580 0.000000 0.002605 0.171684 0.019922 0.021234 0.000000 0.000000 
-0.384277 0.571059 0.000000 0.002639 0.171684 0.019830 0.021147 0.000000 0.000000 
-0.383301 0.569540 0.000000 0.002672 0.171684 0.019738 0.021061 0.000000 0.000000 
-0.382324 0.568021 0.000000 0.002705 0.171684 0.019646 0.020975 0.000000 0.000000 
-0.381348 0.566503 0.000000 0.002736 0.171684 0.019554 0.020889 0.000000 0.000000 
-0.380371 0.564985 0.000000 0.002766 0.171684 0.019463 0.020804 0.000000 0.000000 
-0.379395 0.563468 0.000000 0.002795 0.171684 0.019373 0.020719 0.000000 0.000000 
-0.378418 0.561952 0.000000 0.002824 0.171684 0.019282 0.020635 0.000000 0.000000 
-0.377441 0.560436 0.000000 0.002851 0.171684 0.019192 0.020551 0.000000 0.000000 
-0.376465 0.558921 0.000000 0.002878 0.171684 0.019103 0.020467 0.000000 0.000000 
-0.375488 0.557406 0.000000 0.002904 0.171684 0.019014 0.020384 0.000000 0.000000 
-0.374512 0.555892 0.000000 0.002929 0.171684 0.018925 0.020301 0.000000 0.000000 
-0.373535 0.554379 0.000000 0.002953 0.171684 0.018836 0.020219 0.000000 0.000000 
-0.372559 0.552866 0.000000 0.002976 0.171684 0.018748 0.020137 0.000000 0.000000 
-0.371582 0.551354 0.000000 0.002999 0.171684 0.018660 0.020055 0.000000 0.000000 
-0.370605 0.549842 0.000000 0.003021 0.171684 0.018573 0.019974 0.000000 0.000000 
-0.369629 0.548331 0.000000 0.003042 0.171684 0.018486 0.019893 0.000000 0.000000 
-0.368652 0.546820 0.000000 0.003062 0.171684 0.018399 0.019812 0.000000 0.000000 
-0.367676 0.545310 0.000000 0.003082 0.171684 0.018313 0.019732 0.000000 0.000000 
-0.366699 0.543801 0.000000 0.003101 0.171684 0.018227 0.019652 0.000000 0.000000 
-0.365723 0.542292 0.000000 0.003120 0.171684 0.018141 0.019573 0.000000 0.000000 
-0.364746 0.540784 0.000000 0.003137 0.171684 0.018056 0.019494 0.000000 0.000000 
-0.363770 0.539276 0.000000 0.003154 0.171684 0.017971 0.019415 0.000000 0.000000 
-0.362793 0.537769 0.000000 0.003171 0.171684 0.017886 0.019337 0.000000 0.000000 
-0.361816 0.536263 0.000000 0.003186 0.171684 0.017802 0.019259 0.000000 0.000000 
-0.360840 0.534757 0.000000 0.003202 0.171684 0.017718 0.019181 0.000000 0.000000 
-0.359863 0.533251 0.000000 0.003216 0.171684 0.017635 0.019104 0.000000 0.000000 
-0.358887 0.531746 0.000000 0.003230 0.171684 0.017551 0.019027 0.000000 0.000000 
-0.357910 0.530242 0.000000 0.003243 0.171684 0.017468 0.018951 0.000000 0.000000 
-0.356934 0.528738 0.000000 0.003256 0.171684 0.017386 0.018875 0.000000 0.000000 
-0.355957 0.527235 0.000000 0.003269 0.171684 0.017303 0.018799 0.000000 0.000000 
-0.354980 0.525732 0.000000 0.003280 0.171684 0.017222 0.018724 0.000000 0.000000 
-0.354004 0.524230 0.000000 0.003291 0.171684 0.017140 0.018649 0.000000 0.000000 
-0.353027 0.522728 0.000000 0.003302 0.171684 0.017059 0.018574 0.000000 0.000000 
-0.352051 0.521227 0.000000 0.003312 0.171684 0.016978 0.018500 0.000000 0.000000 
-0.351074 0.519726 0.000000 0.003322 0.171684 0.016897 0.018426 0.000000 0.000000 
-0.350098 0.518226 0.000000 0.003331 0.171684 0.016817 0.018352 0.000000 0.000000 
-0.349121 0.516727 0.000000 0.003340 0.171684 0.016737 0.018279 0.000000 0.000000 
-0.348145 0.515228 0.000000 0.003348 0.171684 0.016657 0.018206 0.000000 0.000000 
-0.347168 0.513729 0.000000 0.003356 0.171684 0.016578 0.018133 0.000000 0.000000 
-0.346191 0.512231 0.000000 0.003364 0.171684 0.016499 0.018061 0.000000 0.000000 
-0.345215 0.510734 0.000000 0.003371 0.171684 0.016420 0.017989 0.000000 0.000000 
-0.344238 0.509237 0.000000 0.003377 0.171684 0.016342 0.017918 0.000000 0.000000 
-0.343262 0.507740 0.000000 0.003383 0.171684 0.016263 0.017847 0.000000 0.000000 
-0.342285 0.506244 0.000000 0.003389 0.171684 0.016186 0.017776 0.000000 0.000000 
-0.341309 0.504749 0.000000 0.003394 0.171684 0.016108 0.017705 0.000000 0.000000 
-0.340332 0.503254 0.000000 0.003399 0.171684 0.016031 0.017635 0.000000 0.000000 
-0.339355 0.501759 0.000000 0.003404 0.171684 0.015954 0.017565 0.000000 0.000000 
-0.338379 0.500265 0.000000 0.003408 0.171684 0.015878 0.017496 0.000000 0.000000 
-0.337402 0.498772 0.000000 0.003412 0.171684 0.015801 0.017426 0.000000 0.000000 
-0.336426 0.497279 0.000000 0.003415 0.171684 0.015725 0.017358 0.000000 0.000000 
-0.335449 0.495787 0.000000 0.003418 0.171684 0.015650 0.017289 0.000000 0.000000 
-0.334473 0.494295 0.000000 0.003421 0.171684 0.015574 0.017221 0.000000 0.000000 
-0.333496 0.492803 0.000000 0.003423 0.171684 0.015499 0.017153 0.000000 0.000000 
-0.332520 0.491312 0.000000 0.003425 0.171684 0.015425 0.017085 0.000000 0.000000 
-0.331543 0.489821 0.000000 0.003427 0.171684 0.015350 0.017018 0.000000 0.000000 
-0.330566 0.488331 0.000000 0.003428 0.171684 0.015276 0.016951 0.000000 0.000000 
-0.329590 0.486842 0.000000 0.003430 0.171684 0.015202 0.016885 0.000000 0.000000 
-0.328613 0.485353 0.000000 0.003430 0.171684 0.015128 0.016819 0.000000 0.000000 
-0.327637 0.483864 0.000000 0.003431 0.171684 0.015055 0.016753 0.000000 0.000000 
-0.326660 0.482376 0.000000 0.003431 0.171684 0.014982 0.016687 0.000000 0.000000 
-0.325684 0.480888 0.000000 0.003431 0.171684 0.014909 0.016622 0.000000 0.000000 
-0.324707 0.479401 0.000000 0.003431 0.171684 0.014837 0.016557 0.000000 0.000000 
-0.323730 0.477914 0.000000 0.003430 0.171684 0.014765 0.016492 0.000000 0.000000 
-0.322754 0.476428 0.000000 0.003429 0.171684 0.014693 0.016428 0.000000 0.000000 
-0.321777 0.474942 0.000000 0.003428 0.171684 0.014621 0.016364 0.000000 0.000000 
-0.320801 0.473456 0.000000 0.003427 0.171684 0.014550 0.016300 0.000000 0.000000 
-0.319824 0.471971 0.000000 0.003425 0.171684 0.014479 0.016237 0.000000 0.000000 
-0.318848 0.470487 0.000000 0.003423 0.171684 0.014408 0.016174 0.000000 0.000000 
-0.317871 0.469003 0.000000 0.003421 0.171684 0.014338 0.016111 0.000000 0.000000 
-0.316895 0.467519 0.000000 0.003419 0.171684 0.014267 0.016049 0.000000 0.000000 
-0.315918 0.466036 0.000000 0.003416 0.171684 0.014197 0.015986 0.000000 0.000000 
-0.314941 0.464553 0.000000 0.003413 0.171684 0.014128 0.015925 0.000000 0.000000 
-0.313965 0.463071 0.000000 0.003410 0.171684 0.014058 0.015863 0.000000 0.000000 
-0.312988 0.461589 0.000000 0.003407 0.171684 0.013989 0.015802 0.000000 0.000000 
-0.312012 0.460108 0.000000 0.003404 0.171684 0.013920 0.015741 0.000000 0.000000 
-0.311035 0.458627 0.000000 0.003400 0.171684 0.013852 0.015680 0.000000 0.000000 
-0.310059 0.457146 0.000000 0.003396 0.171684 0.013783 0.015620 0.000000 0.000000 
-0.309082 0.455666 0.000000 0.003392 0.171684 0.013715 0.015560 0.000000 0.000000 
-0.308105 0.454186 0.000000 0.003388 0.171684 0.013647 0.015500 0.000000 0.000000 
-0.307129 0.452707 0.000000 0.003384 0.171684 0.013580 0.015441 0.000000 0.000000 
-0.306152 0.451228 0.000000 0.003379 0.171684 0.013513 0.015381 0.000000 0.000000 
-0.305176 0.449750 0.000000 0.003374 0.171684 0.013445 0.015323 0.000000 0.000000 
-0.304199 0.448272 0.000000 0.003369 0.171684 0.013379 0.015264 0.000000 0.000000 
-0.303223 0.446794 0.000000 0.003364 0.171684 0.013312 0.015206 0.000000 0.000000 
-0.302246 0.445317 0.000000 0.003359 0.171684 0.013246 0.015148 0.000000 0.000000 
-0.301270 0.443840 0.000000 0.003353 0.171684 0.013180 0.015090 0.000000 0.000000 
-0.300293 0.442364 0.000000 0.003348 0.171684 0.013114 0.015033 0.000000 0.000000 
-0.299316 0.440888 0.000000 0.003342 0.171684 0.013049 0.014975 0.000000 0.000000 
-0.298340 0.439413 0.000000 0.003336 0.171684 0.012983 0.014919 0.000000 0.000000 
-0.297363 0.437937 0.000000 0.003330 0.171684 0.012918 0.014862 0.000000 0.000000 
-0.296387 0.436463 0.000000 0.003324 0.171684 0.012853 0.014806 0.000000 0.000000 
-0.295410 0.434988 0.000000 0.003317 0.171684 0.012789 0.014750 0.000000 0.000000 
-0.294434 0.433514 0.000000 0.003311 0.171684 0.012725 0.014694 0.000000 0.000000 
-0.293457 0.432041 0.000000 0.003304 0.171684 0.012661 0.014639 0.000000 0.000000 
-0.292480 0.430568 0.000000 0.003297 0.171684 0.012597 0.014583 0.000000 0.000000 
-0.291504 0.429095 0.000000 0.003290 0.171684 0.012533 0.014529 0.000000 0.000000 
-0.290527 0.427623 0.000000 0.003283 0.171684 0.012470 0.014474 0.000000 0.000000 
-0.289551 0.426151 0.000000 0.003276 0.171684 0.012407 0.014420 0.000000 0.000000 
-0.288574 0.424679 0.000000 0.003269 0.171684 0.012344 0.014366 0.000000 0.000000 
-0.287598 0.423208 0.000000 0.003261 0.171684 0.012281 0.014312 0.000000 0.000000 
-0.286621 0.421737 0.000000 0.003254 0.171684 0.012219 0.014258 0.000000 0.000000 
-0.285645 0.420267 0.000000 0.003246 0.171684 0.012157 0.014205 0.000000 0.000000 
-0.284668 0.418797 0.000000 0.003238 0.171684 0.012095 0.014152 0.000000 0.000000 
-0.283691 0.417327 0.000000 0.003230 0.171684 0.012033 0.014099 0.000000 0.000000 
-0.282715 0.415858 0.000000 0.003222 0.171684 0.011972 0.014047 0.000000 0.000000 
-0.281738 0.414389 0.000000 0.003214 0.171684 0.011910 0.013995 0.000000 0.000000 
-0.280762 0.412920 0.000000 0.003206 0.171684 0.011849 0.013943 0.000000 0.000000 
-0.279785 0.411452 0.000000 0.003198 0.171684 0.011789 0.013891 0.000000 0.000000 
-0.278809 0.409984 0.000000 0.003189 0.171684 0.011728 0.013840 0.000000 0.000000 
-0.277832 0.408517 0.000000 0.003181 0.171684 0.011668 0.013789 0.000000 0.000000 
-0.276855 0.407050 0.000000 0.003172 0.171684 0.011608 0.013738 0.000000 0.000000 
-0.275879 0.405583 0.000000 0.003164 0.171684 0.011548 0.013688 0.000000 0.000000 
-0.274902 0.404116 0.000000 0.003155 0.171684 0.011488 0.013637 0.000000 0.000000 
-0.273926 0.402650 0.000000 0.003146 0.171684 0.011429 0.013587 0.000000 0.000000 
-0.272949 0.401185 0.000000 0.003137 0.171684 0.011369 0.013537 0.000000 0.000000 
-0.271973 0.399719 0.000000 0.003128 0.171684 0.011310 0.013488 0.000000 0.000000 
-0.270996 0.398254 0.000000 0.003119 0.171684 0.011252 0.013439 0.000000 0.000000 
-0.270020 0.396790 0.000000 0.003110 0.171684 0.011193 0.013390 0.000000 0.000000 
-0.269043 0.395326 0.000000 0.003100 0.171684 0.011135 0.013341 0.000000 0.000000 
-0.268066 0.393862 0.000000 0.003091 0.171684 0.011076 0.013292 0.000000 0.000000 
-0.267090 0.392398 0.000000 0.003082 0.171684 0.011019 0.013244 0.000000 0.000000 
-0.266113 0.390935 0.000000 0.003072 0.171684 0.010961 0.013196 0.000000 0.000000 
-0.265137 0.389472 0.000000 0.003063 0.171684 0.010903 0.013148 0.000000 0.000000 
-0.264160 0.388009 0.000000 0.003053 0.171684 0.010846 0.013101 0.000000 0.000000 
-0.263184 0.386547 0.000000 0.003043 0.171684 0.010789 0.013054 0.000000 0.000000 
-0.262207 0.385085 0.000000 0.003034 0.171684 0.010732 0.013007 0.000000 0.000000 
-0.261230 0.383624 0.000000 0.003024 0.171684 0.010675 0.012960 0.000000 0.000000 
-0.260254 0.382163 0.000000 0.003014 0.171684 0.010619 0.012913 0.000000 0.000000 
-0.259277 0.380702 0.000000 0.003004 0.171684 0.010562 0.012867 0.000000 0.000000 
-0.258301 0.379241 0.000000 0.002994 0.171684 0.010506 0.012821 0.000000 0.000000 
-0.257324 0.377781 0.000000 0.002984 0.171684 0.010450 0.012775 0.000000 0.000000 
-0.256348 0.376321 0.000000 0.002974 0.171684 0.010395 0.012730 0.000000 0.000000 
-0.255371 0.374862 0.000000 0.002964 0.171684 0.010339 0.012685 0.000000 0.000000 
-0.254395 0.373402 0.000000 0.002953 0.171684 0.010284 0.012640 0.000000 0.000000 
-0.253418 0.371943 0.000000 0.002943 0.171684 0.010229 0.012595 0.000000 0.000000 
-0.252441 0.370485 0.000000 0.002933 0.171684 0.010174 0.012550 0.000000 0.000000 
-0.251465 0.369027 0.000000 0.002922 0.171684 0.010119 0.012506 0.000000 0.000000 
-0.250488 0.367569 0.000000 0.002912 0.171684 0.010065 0.012462 0.000000 0.000000 
-0.249512 0.366111 0.000000 0.002901 0.171684 0.010010 0.012418 0.000000 0.000000 
-0.248535 0.364654 0.000000 0.002891 0.171684 0.009956 0.012374 0.000000 0.000000 
-0.247559 0.363197 0.000000 0.002880 0.171684 0.009902 0.012331 0.000000 0.000000 
-0.246582 0.361740 0.000000 0.002870 0.171684 0.009849 0.012288 0.000000 0.000000 
-0.245605 0.360283 0.000000 0.002859 0.171684 0.009795 0.012245 0.000000 0.000000 
-0.244629 0.358827 0.000000 0.002848 0.171684 0.009742 0.012202 0.000000 0.000000 
-0.243652 0.357371 0.000000 0.002838 0.171684 0.009688 0.012160 0.000000 0.000000 
-0.242676 0.355916 0.000000 0.002827 0.171684 0.009635 0.012118 0.000000 0.000000 
-0.241699 0.354461 0.000000 0.002816 0.171684 0.009583 0.012076 0.000000 0.000000 
-0.240723 0.353006 0.000000 0.002805 0.171684 0.009530 0.012034 0.000000 0.000000 
-0.239746 0.351551 0.000000 0.002794 0.171684 0.009477 0.011992 0.000000 0.000000 
-0.238770 0.350097 0.000000 0.002783 0.171684 0.009425 0.011951 0.000000 0.000000 
-0.237793 0.348643 0.000000 0.002772 0.171684 0.009373 0.011910 0.000000 0.000000 
-0.236816 0.347189 0.000000 0.002761 0.171684 0.009321 0.011869 0.000000 0.000000 
-0.235840 0.345736 0.000000 0.002750 0.171684 0.009269 0.011829 0.000000 0.000000 
-0.234863 0.344283 0.000000 0.002739 0.171684 0.009218 0.011788 0.000000 0.000000 
-0.233887 0.342830 0.000000 0.002728 0.171684 0.009166 0.011748 0.000000 0.000000 
-0.232910 0.341377 0.000000 0.002717 0.171684 0.009115 0.011708 0.000000 0.000000 
-0.231934 0.339925 0.000000 0.002706 0.171684 0.009064 0.011669 0.000000 0.000000 
-0.230957 0.338473 0.000000 0.002695 0.171684 0.009013 0.011629 0.000000 0.000000 
-0.229980 0.337021 0.000000 0.002683 0.171684 0.008963 0.011590 0.000000 0.000000 
-0.229004 0.335570 0.000000 0.002672 0.171684 0.008912 0.011551 0.000000 0.000000 
-0.228027 0.334118 0.000000 0.002661 0.171684 0.008862 0.011512 0.000000 0.000000 
-0.227051 0.332667 0.000000 0.002650 0.171684 0.008811 0.011473 0.000000 0.000000 
-0.226074 0.331217 0.000000 0.002638 0.171684 0.008761 0.011435 0.000000 0.000000 
-0.225098 0.329766 0.000000 0.002627 0.171684 0.008712 0.011397 0.000000 0.000000 
-0.224121 0.328316 0.000000 0.002616 0.171684 0.008662 0.011359 0.000000 0.000000 
-0.223145 0.326867 0.000000 0.002604 0.171684 0.008612 0.011321 0.000000 0.000000 
-0.222168 0.325417 0.000000 0.002593 0.171684 0.008563 0.011284 0.000000 0.000000 
-0.221191 0.323968 0.000000 0.002582 0.171684 0.008514 0.011246 0.000000 0.000000 
-0.220215 0.322519 0.000000 0.002570 0.171684 0.008465 0.011209 0.000000 0.000000 
-0.219238 0.321070 0.000000 0.002559 0.171684 0.008416 0.011173 0.000000 0.000000 
-0.218262 0.319621 0.000000 0.002547 0.171684 0.008367 0.011136 0.000000 0.000000 
-0.217285 0.318173 0.000000 0.002536 0.171684 0.008319 0.011099 0.000000 0.000000 
-0.216309 0.316725 0.000000 0.002524 0.171684 0.008270 0.011063 0.000000 0.000000 
-0.215332 0.315278 0.000000 0.002513 0.171684 0.008222 0.011027 0.000000 0.000000 
-0.214355 0.313830 0.000000 0.002501 0.171684 0.008174 0.010991 0.000000 0.000000 
-0.213379 0.312383 0.000000 0.002490 0.171684 0.008126 0.010956 0.000000 0.000000 
-0.212402 0.310936 0.000000 0.002478 0.171684 0.008078 0.010920 0.000000 0.000000 
-0.211426 0.309489 0.000000 0.002467 0.171684 0.008031 0.010885 0.000000 0.000000 
-0.210449 0.308043 0.000000 0.002455 0.171684 0.007983 0.010850 0.000000 0.000000 
-0.209473 0.306597 0.000000 0.002443 0.171684 0.007936 0.010816 0.000000 0.000000 
-0.208496 0.305151 0.000000 0.002432 0.171684 0.007889 0.010781 0.000000 0.000000 
-0.207520 0.303705 0.000000 0.002420 0.171684 0.007842 0.010747 0.000000 0.000000 
-0.206543 0.302260 0.000000 0.002409 0.171684 0.007795 0.010712 0.000000 0.000000 
-0.205566 0.300814 0.000000 0.002397 0.171684 0.007748 0.010679 0.000000 0.000000 
-0.204590 0.299369 0.000000 0.002385 0.171684 0.007702 0.010645 0.000000 0.000000 
-0.203613 0.297925 0.000000 0.002374 0.171684 0.007655 0.010611 0.000000 0.000000 
-0.202637 0.296480 0.000000 0.002362 0.171684 0.007609 0.010578 0.000000 0.000000 
-0.201660 0.295036 0.000000 0.002350 0.171684 0.007563 0.010545 0.000000 0.000000 
-0.200684 0.293592 0.000000 0.002338 0.171684 0.007517 0.010512 0.000000 0.000000 
-0.199707 0.292148 0.000000 0.002327 0.171684 0.007471 0.010479 0.000000 0.000000 
-0.198730 0.290704 0.000000 0.002315 0.171684 0.007425 0.010447 0.000000 0.000000 
-0.197754 0.289261 0.000000 0.002303 0.171684 0.007380 0.010414 0.000000 0.000000 
-0.196777 0.287818 0.000000 0.002292 0.171684 0.007334 0.010382 0.000000 0.000000 
-0.195801 0.286375 0.000000 0.002280 0.171684 0.007289 0.010350 0.000000 0.000000 
-0.194824 0.284933 0.000000 0.002268 0.171684 0.007244 0.010318 0.000000 0.000000 
-0.193848 0.283490 0.000000 0.002256 0.171684 0.007199 0.010287 0.000000 0.000000 
-0.192871 0.282048 0.000000 0.002245 0.171684 0.007154 0.010256 0.000000 0.000000 
-0.191895 0.280606 0.000000 0.002233 0.171684 0.007109 0.010224 0.000000 0.000000 
-0.190918 0.279164 0.000000 0.002221 0.171684 0.007065 0.010194 0.000000 0.000000 
-0.189941 0.277723 0.000000 0.002209 0.171684 0.007020 0.010163 0.000000 0.000000 
-0.188965 0.276281 0.000000 0.002198 0.171684 0.006976 0.010132 0.000000 0.000000 
-0.187988 0.274840 0.000000 0.002186 0.171684 0.006932 0.010102 0.000000 0.000000 
-0.187012 0.273399 0.000000 0.002174 0.171684 0.006888 0.010072 0.000000 0.000000 
-0.186035 0.271959 0.000000 0.002162 0.171684 0.006844 0.010042 0.000000 0.000000 
-0.185059 0.270518 0.000000 0.002151 0.171684 0.006800 0.010012 0.000000 0.000000 
-0.184082 0.269078 0.000000 0.002139 0.171684 0.006756 0.009982 0.000000 0.000000 
-0.183105 0.267638 0.000000 0.002127 0.171684 0.006713 0.009953 0.000000 0.000000 
-0.182129 0.266198 0.000000 0.002115 0.171684 0.006669 0.009924 0.000000 0.000000 
-0.181152 0.264759 0.000000 0.002103 0.171684 0.006626 0.009895 0.000000 0.000000 
-0.180176 0.263319 0.000000 0.002092 0.171684 0.006583 0.009866 0.000000 0.000000 
-0.179199 0.261880 0.000000 0.002080 0.171684 0.006540 0.009837 0.000000 0.000000 
-0.178223 0.260441 0.000000 0.002068 0.171684 0.006497 0.009809 0.000000 0.000000 
-0.177246 0.259002 0.000000 0.002056 0.171684 0.006454 0.009780 0.000000 0.000000 
-0.176270 0.257564 0.000000 0.002045 0.171684 0.006412 0.009752 0.000000 0.000000 
-0.175293 0.256125 0.000000 0.002033 0.171684 0.006369 0.009724 0.000000 0.000000 
-0.174316 0.254687 0.000000 0.002021 0.171684 0.006327 0.009697 0.000000 0.000000 
-0.173340 0.253249 0.000000 0.002009 0.171684 0.006284 0.009669 0.000000 0.000000 
-0.172363 0.251811 0.000000 0.001997 0.171684 0.006242 0.009642 0.000000 0.000000 
-0.171387 0.250374 0.000000 0.001986 0.171684 0.006200 0.009615 0.000000 0.000000 
-0.170410 0.248936 0.000000 0.001974 0.171684 0.006158 0.009588 0.000000 0.000000 
-0.169434 0.247499 0.000000 0.001962 0.171684 0.006116 0.009561 0.000000 0.000000 
-0.168457 0.246062 0.000000 0.001950 0.171684 0.006075 0.009534 0.000000 0.000000 
-0.167480 0.244625 0.000000 0.001939 0.171684 0.006033 0.009508 0.000000 0.000000 
-0.166504 0.243188 0.000000 0.001927 0.171684 0.005992 0.009481 0.000000 0.000000 
-0.165527 0.241752 0.000000 0.001915 0.171684 0.005950 0.009455 0.000000 0.000000 
-0.164551 0.240316 0.000000 0.001903 0.171684 0.005909 0.009429 0.000000 0.000000 
-0.163574 0.238880 0.000000 0.001892 0.171684 0.005868 0.009404 0.000000 0.000000 
-0.162598 0.237444 0.000000 0.001880 0.171684 0.005827 0.009378 0.000000 0.000000 
-0.161621 0.236008 0.000000 0.001868 0.171684 0.005786 0.009353 0.000000 0.000000 
-0.160645 0.234572 0.000000 0.001856 0.171684 0.005745 0.009328 0.000000 0.000000 
-0.159668 0.233137 0.000000 0.001845 0.171684 0.005705 0.009303 0.000000 0.000000 
-0.158691 0.231702 0.000000 0.001833 0.171684 0.005664 0.009278 0.000000 0.000000 
-0.157715 0.230267 0.000000 0.001821 0.171684 0.005624 0.009253 0.000000 0.000000 
-0.156738 0.228832 0.000000 0.001809 0.171684 0.005583 0.009229 0.000000 0.000000 
-0.155762 0.227397 0.000000 0.001798 0.171684 0.005543 0.009204 0.000000 0.000000 
-0.154785 0.225963 0.000000 0.001786 0.171684 0.005503 0.009180 0.000000 0.000000 
-0.153809 0.224529 0.000000 0.001774 0.171684 0.005463 0.009156 0.000000 0.000000 
-0.152832 0.223094 0.000000 0.001762 0.171684 0.005423 0.009133 0.000000 0.000000 
-0.151855 0.221660 0.000000 0.001751 0.171684 0.005383 0.009109 0.000000 0.000000 
-0.150879 0.220227 0.000000 0.001739 0.171684 0.005343 0.009086 0.000000 0.000000 
-0.149902 0.218793 0.000000 0.001727 0.171684 0.005304 0.009062 0.000000 0.000000 
-0.148926 0.217359 0.000000 0.001716 0.171684 0.005264 0.009039 0.000000 0.000000 
-0.147949 0.215926 0.000000 0.001704 0.171684 0.005225 0.009016 0.000000 0.000000 
-0.146973 0.214493 0.000000 0.001692 0.171684 0.005185 0.008994 0.000000 0.000000 
-0.145996 0.213060 0.000000 0.001680 0.171684 0.005146 0.008971 0.000000 0.000000 
-0.145020 0.211627 0.000000 0.001669 0.171684 0.005107 0.008949 0.000000 0.000000 
-0.144043 0.210194 0.000000 0.001657 0.171684 0.005068 0.008926 0.000000 0.000000 
-0.143066 0.208762 0.000000 0.001645 0.171684 0.005029 0.008904 0.000000 0.000000 
-0.142090 0.207330 0.000000 0.001634 0.171684 0.004990 0.008883 0.000000 0.000000 
-0.141113 0.205897 0.000000 0.001622 0.171684 0.004951 0.008861 0.000000 0.000000 
-0.140137 0.204465 0.000000 0.001610 0.171684 0.004913 0.008839 0.000000 0.000000 
-0.139160 0.203033 0.000000 0.001599 0.171684 0.004874 0.008818 0.000000 0.000000 
-0.138184 0.201602 0.000000 0.001587 0.171684 0.004836 0.008797 0.000000 0.000000 
-0.137207 0.200170 0.000000 0.001576 0.171684 0.004797 0.008776 0.000000 0.000000 
-0.136230 0.198739 0.000000 0.001564 0.171684 0.004759 0.008755 0.000000 0.000000 
-0.135254 0.197307 0.000000 0.001552 0.171684 0.004721 0.008734 0.000000 0.000000 
-0.134277 0.195876 0.000000 0.001541 0.171684 0.004683 0.008714 0.000000 0.000000 
-0.133301 0.194445 0.000000 0.001529 0.171684 0.004645 0.008693 0.000000 0.000000 
-0.132324 0.193014 0.000000 0.001517 0.171684 0.004607 0.008673 0.000000 0.000000 
-0.131348 0.191583 0.000000 0.001506 0.171684 0.004569 0.008653 0.000000 0.000000 
-0.130371 0.190153 0.000000 0.001494 0.171684 0.004531 0.008633 0.000000 0.000000 
-0.129395 0.188722 0.000000 0.001483 0.171684 0.004494 0.008613 0.000000 0.000000 
-0.128418 0.187292 0.000000 0.001471 0.171684 0.004456 0.008594 0.000000 0.000000 
-0.127441 0.185862 0.000000 0.001460 0.171684 0.004419 0.008574 0.000000 0.000000 
-0.126465 0.184432 0.000000 0.001448 0.171684 0.004381 0.008555 0.000000 0.000000 
-0.125488 0.183002 0.000000 0.001436 0.171684 0.004344 0.008536 0.000000 0.000000 
-0.124512 0.181572 0.000000 0.001425 0.171684 0.004307 0.008517 0.000000 0.000000 
-0.123535 0.180143 0.000000 0.001413 0.171684 0.004269 0.008499 0.000000 0.000000 
-0.122559 0.178713 0.000000 0.001402 0.171684 0.004232 0.008480 0.000000 0.000000 
-0.121582 0.177284 0.000000 0.001390 0.171684 0.004195 0.008462 0.000000 0.000000 
-0.120605 0.175855 0.000000 0.001379 0.171684 0.004158 0.008443 0.000000 0.000000 
-0.119629 0.174426 0.000000 0.001367 0.171684 0.004122 0.008425 0.000000 0.000000 
-0.118652 0.172997 0.000000 0.001356 0.171684 0.004085 0.008407 0.000000 0.000000 
-0.117676 0.171568 0.000000 0.001344 0.171684 0.004048 0.008390 0.000000 0.000000 
-0.116699 0.170139 0.000000 0.001333 0.171684 0.004012 0.008372 0.000000 0.000000 
-0.115723 0.168710 0.000000 0.001321 0.171684 0.003975 0.008355 0.000000 0.000000 
-0.114746 0.167282 0.000000 0.001310 0.171684 0.003939 0.008337 0.000000 0.000000 
-0.113770 0.165854 0.000000 0.001298 0.171684 0.003902 0.008320 0.000000 0.000000 
-0.112793 0.164425 0.000000 0.001287 0.171684 0.003866 0.008303 0.000000 0.000000 
-0.111816 0.162997 0.000000 0.001275 0.171684 0.003830 0.008286 0.000000 0.000000 
-0.110840 0.161569 0.000000 0.001264 0.171684 0.003794 0.008270 0.000000 0.000000 
-0.109863 0.160142 0.000000 0.001252 0.171684 0.003757 0.008253 0.000000 0.000000 
-0.108887 0.158714 0.000000 0.001241 0.171684 0.003721 0.008237 0.000000 0.000000 
-0.107910 0.157286 0.000000 0.001230 0.171684 0.003685 0.008221 0.000000 0.000000 
-0.106934 0.155859 0.000000 0.001218 0.171684 0.003650 0.008205 0.000000 0.000000 
-0.105957 0.154431 0.000000 0.001207 0.171684 0.003614 0.008189 0.000000 0.000000 
-0.104980 0.153004 0.000000 0.001195 0.171684 0.003578 0.008173 0.000000 0.000000 
-0.104004 0.151577 0.000000 0.001184 0.171684 0.003542 0.008158 0.000000 0.000000 
-0.103027 0.150150 0.000000 0.001173 0.171684 0.003507 0.008142 0.000000 0.000000 
-0.102051 0.148723 0.000000 0.001161 0.171684 0.003471 0.008127 0.000000 0.000000 
-0.101074 0.147296 0.000000 0.001150 0.171684 0.003436 0.008112 0.000000 0.000000 
-0.100098 0.145869 0.000000 0.001138 0.171684 0.003400 0.008097 0.000000 0.000000 
-0.099121 0.144443 0.000000 0.001127 0.171684 0.003365 0.008082 0.000000 0.000000 
-0.098145 0.143016 0.000000 0.001116 0.171684 0.003330 0.008068 0.000000 0.000000 
-0.097168 0.141590 0.000000 0.001104 0.171684 0.003295 0.008053 0.000000 0.000000 
-0.096191 0.140163 0.000000 0.001093 0.171684 0.003260 0.008039 0.000000 0.000000 
-0.095215 0.138737 0.000000 0.001082 0.171684 0.003224 0.008025 0.000000 0.000000 
-0.094238 0.137311 0.000000 0.001070 0.171684 0.003189 0.008011 0.000000 0.000000 
-0.093262 0.135885 0.000000 0.001059 0.171684 0.003154 0.007997 0.000000 0.000000 
-0.092285 0.134459 0.000000 0.001048 0.171684 0.003120 0.007983 0.000000 0.000000 
-0.091309 0.133033 0.000000 0.001036 0.171684 0.003085 0.007970 0.000000 0.000000 
-0.090332 0.131607 0.000000 0.001025 0.171684 0.003050 0.007956 0.000000 0.000000 
-0.089355 0.130182 0.000000 0.001014 0.171684 0.003015 0.007943 0.000000 0.000000 
-0.088379 0.128756 0.000000 0.001002 0.171684 0.002981 0.007930 0.000000 0.000000 
-0.087402 0.127331 0.000000 0.000991 0.171684 0.002946 0.007917 0.000000 0.000000 
-0.086426 0.125905 0.000000 0.000980 0.171684 0.002911 0.007904 0.000000 0.000000 
-0.085449 0.124480 0.000000 0.000969 0.171684 0.002877 0.007891 0.000000 0.000000 
-0.084473 0.123055 0.000000 0.000957 0.171684 0.002843 0.007879 0.000000 0.000000 
-0.083496 0.121630 0.000000 0.000946 0.171684 0.002808 0.007867 0.000000 0.000000 
-0.082520 0.120205 0.000000 0.000935 0.171684 0.002774 0.007854 0.000000 0.000000 
-0.081543 0.118780 0.000000 0.000923 0.171684 0.002740 0.007842 0.000000 0.000000 
-0.080566 0.117355 0.000000 0.000912 0.171684 0.002705 0.007831 0.000000 0.000000 
-0.079590 0.115930 0.000000 0.000901 0.171684 0.002671 0.007819 0.000000 0.000000 
-0.078613 0.114506 0.000000 0.000890 0.171684 0.002637 0.007807 0.000000 0.000000 
-0.077637 0.113081 0.000000 0.000879 0.171684 0.002603 0.007796 0.000000 0.000000 
-0.076660 0.111657 0.000000 0.000867 0.171684 0.002569 0.007784 0.000000 0.000000 
-0.075684 0.110232 0.000000 0.000856 0.171684 0.002535 0.007773 0.000000 0.000000 
-0.074707 0.108808 0.000000 0.000845 0.171684 0.002501 0.007762 0.000000 0.000000 
-0.073730 0.107384 0.000000 0.000834 0.171684 0.002467 0.007751 0.000000 0.000000 
-0.072754 0.105960 0.000000 0.000823 0.171684 0.002433 0.007741 0.000000 0.000000 
-0.071777 0.104535 0.000000 0.000811 0.171684 0.002400 0.007730 0.000000 0.000000 
-0.070801 0.103111 0.000000 0.000800 0.171684 0.002366 0.007720 0.000000 0.000000 
-0.069824 0.101687 0.000000 0.000789 0.171684 0.002332 0.007710 0.000000 0.000000 
-0.068848 0.100264 0.000000 0.000778 0.171684 0.002298 0.007699 0.000000 0.000000 
-0.067871 0.098840 0.000000 0.000767 0.171684 0.002265 0.007689 0.000000 0.000000 
-0.066895 0.097416 0.000000 0.000755 0.171684 0.002231 0.007680 0.000000 0.000000 
-0.065918 0.095992 0.000000 0.000744 0.171684 0.002198 0.007670 0.000000 0.000000 
-0.064941 0.094569 0.000000 0.000733 0.171684 0.002164 0.007660 0.000000 0.000000 
-0.063965 0.093145 0.000000 0.000722 0.171684 0.002131 0.007651 0.000000 0.000000 
-0.062988 0.091722 0.000000 0.000711 0.171684 0.002097 0.007642 0.000000 0.000000 
-0.062012 0.090298 0.000000 0.000700 0.171684 0.002064 0.007633 0.000000 0.000000 
-0.061035 0.088875 0.000000 0.000689 0.171684 0.002031 0.007624 0.000000 0.000000 
-0.060059 0.087452 0.000000 0.000677 0.171684 0.001998 0.007615 0.000000 0.000000 
-0.059082 0.086028 0.000000 0.000666 0.171684 0.001964 0.007606 0.000000 0.000000 
-0.058105 0.084605 0.000000 0.000655 0.171684 0.001931 0.007598 0.000000 0.000000 
-0.057129 0.083182 0.000000 0.000644 0.171684 0.001898 0.007589 0.000000 0.000000 
-0.056152 0.081759 0.000000 0.000633 0.171684 0.001865 0.007581 0.000000 0.000000 
-0.055176 0.080336 0.000000 0.000622 0.171684 0.001832 0.007573 0.000000 0.000000 
-0.054199 0.078913 0.000000 0.000611 0.171684 0.001799 0.007565 0.000000 0.000000 
-0.053223 0.077490 0.000000 0.000600 0.171684 0.001766 0.007557 0.000000 0.000000 
-0.052246 0.076068 0.000000 0.000589 0.171684 0.001733 0.007550 0.000000 0.000000 
-0.051270 0.074645 0.000000 0.000578 0.171684 0.001700 0.007542 0.000000 0.000000 
-0.050293 0.073222 0.000000 0.000566 0.171684 0.001667 0.007535 0.000000 0.000000 
-0.049316 0.071799 0.000000 0.000555 0.171684 0.001634 0.007528 0.000000 0.000000 
-0.048340 0.070377 0.000000 0.000544 0.171684 0.001601 0.007521 0.000000 0.000000 
-0.047363 0.068954 0.000000 0.000533 0.171684 0.001568 0.007514 0.000000 0.000000 
-0.046387 0.067532 0.000000 0.000522 0.171684 0.001535 0.007507 0.000000 0.000000 
-0.045410 0.066109 0.000000 0.000511 0.171684 0.001503 0.007500 0.000000 0.000000 
-0.044434 0.064687 0.000000 0.000500 0.171684 0.001470 0.007494 0.000000 0.000000 
-0.043457 0.063265 0.000000 0.000489 0.171684 0.001437 0.007488 0.000000 0.000000 
-0.042480 0.061842 0.000000 0.000478 0.171684 0.001404 0.007481 0.000000 0.000000 
-0.041504 0.060420 0.000000 0.000467 0.171684 0.001372 0.007475 0.000000 0.000000 
-0.040527 0.058998 0.000000 0.000456 0.171684 0.001339 0.007469 0.000000 0.000000 
-0.039551 0.057576 0.000000 0.000445 0.171684 0.001307 0.007464 0.000000 0.000000 
-0.038574 0.056153 0.000000 0.000434 0.171684 0.001274 0.007458 0.000000 0.000000 
-0.037598 0.054731 0.000000 0.000423 0.171684 0.001241 0.007452 0.000000 0.000000 
-0.036621 0.053309 0.000000 0.000412 0.171684 0.001209 0.007447 0.000000 0.000000 
-0.035645 0.051887 0.000000 0.000401 0.171684 0.001176 0.007442 0.000000 0.000000 
-0.034668 0.050465 0.000000 0.000390 0.171684 0.001144 0.007437 0.000000 0.000000 
-0.033691 0.049043 0.000000 0.000379 0.171684 0.001111 0.007432 0.000000 0.000000 
-0.032715 0.047621 0.000000 0.000368 0.171684 0.001079 0.007427 0.000000 0.000000 
-0.031738 0.046199 0.000000 0.000357 0.171684 0.001047 0.007422 0.000000 0.000000 
-0.030762 0.044778 0.000000 0.000346 0.171684 0.001014 0.007418 0.000000 0.000000 
-0.029785 0.043356 0.000000 0.000335 0.171684 0.000982 0.007414 0.000000 0.000000 
-0.028809 0.041934 0.000000 0.000324 0.171684 0.000949 0.007409 0.000000 0.000000 
-0.027832 0.040512 0.000000 0.000313 0.171684 0.000917 0.007405 0.000000 0.000000 
-0.026855 0.039090 0.000000 0.000302 0.171684 0.000885 0.007401 0.000000 0.000000 
-0.025879 0.037669 0.000000 0.000291 0.171684 0.000852 0.007398 0.000000 0.000000 
-0.024902 0.036247 0.000000 0.000280 0.171684 0.000820 0.007394 0.000000 0.000000 
-0.023926 0.034825 0.000000 0.000269 0.171684 0.000788 0.007390 0.000000 0.000000 
-0.022949 0.033404 0.000000 0.000258 0.171684 0.000756 0.007387 0.000000 0.000000 
-0.021973 0.031982 0.000000 0.000247 0.171684 0.000723 0.007384 0.000000 0.000000 
-0.020996 0.030561 0.000000 0.000236 0.171684 0.000691 0.007381 0.000000 0.000000 
-0.020020 0.029139 0.000000 0.000225 0.171684 0.000659 0.007378 0.000000 0.000000 
-0.019043 0.027717 0.000000 0.000214 0.171684 0.000627 0.007375 0.000000 0.000000 
-0.018066 0.026296 0.000000 0.000203 0.171684 0.000594 0.007372 0.000000 0.000000 
-0.017090 0.024874 0.000000 0.000192 0.171684 0.000562 0.007370 0.000000 0.000000 
-0.016113 0.023453 0.000000 0.000181 0.171684 0.000530 0.007367 0.000000 0.000000 
-0.015137 0.022031 0.000000 0.000170 0.171684 0.000498 0.007365 0.000000 0.000000 
-0.014160 0.020610 0.000000 0.000159 0.171684 0.000466 0.007363 0.000000 0.000000 
-0.013184 0.019189 0.000000 0.000148 0.171684 0.000434 0.007361 0.000000 0.000000 
-0.012207 0.017767 0.000000 0.000137 0.171684 0.000401 0.007359 0.000000 0.000000 
-0.011230 0.016346 0.000000 0.000126 0.171684 0.000369 0.007358 0.000000 0.000000 
-0.010254 0.014924 0.000000 0.000115 0.171684 0.000337 0.007356 0.000000 0.000000 
-0.009277 0.013503 0.000000 0.000104 0.171684 0.000305 0.007355 0.000000 0.000000 
-0.008301 0.012082 0.000000 0.000093 0.171684 0.000273 0.007353 0.000000 0.000000 
-0.007324 0.010660 0.000000 0.000082 0.171684 0.000241 0.007352 0.000000 0.000000 
-0.006348 0.009239 0.000000 0.000071 0.171684 0.000209 0.007351 0.000000 0.000000 
-0.005371 0.007817 0.000000 0.000060 0.171684 0.000177 0.007350 0.000000 0.000000 
-0.004395 0.006396 0.000000 0.000049 0.171684 0.000144 0.007350 0.000000 0.000000 
-0.003418 0.004975 0.000000 0.000038 0.171684 0.000112 0.007349 0.000000 0.000000 
-0.002441 0.003553 0.000000 0.000027 0.171684 0.000080 0.007349 0.000000 0.000000 
-0.001465 0.002132 0.000000 0.000016 0.171684 0.000048 0.007349 0.000000 0.000000 
-0.000488 0.000711 0.000000 0.000005 0.171684 0.000016 0.007348 0.000000 0.000000 
0.000488 0.000711 0.000000 0.000005 0.171684 0.000016 0.007348 0.000000 0.000000 
0.001465 0.002132 0.000000 0.000016 0.171684 0.000048 0.007349 0.000000 0.000000 
0.002441 0.003553 0.000000 0.000027 0.171684 0.000080 0.007349 0.000000 0.000000 
0.003418 0.004975 0.000000 0.000038 0.171684 0.000112 0.007349 0.000000 0.000000 
0.004395 0.006396 0.000000 0.000049 0.171684 0.000144 0.007350 0.000000 0.000000 
0.005371 0.007817 0.000000 0.000060 0.171684 0.000177 0.007350 0.000000 0.000000 
0.006348 0.009239 0.000000 0.000071 0.171684 0.000209 0.007351 0.000000 0.000000 
0.007324 0.010660 0.000000 0.000082 0.171684 0.000241 0.007352 0.000000 0.000000 
0.008301 0.012082 0.000000 0.000093 0.171684 0.000273 0.007353 0.000000 0.000000 
0.009277 0.013503 0.000000 0.000104 0.171684 0.000305 0.007355 0.000000 0.000000 
0.010254 0.014924 0.000000 0.000115 0.171684 0.000337 0.007356 0.000000 0.000000 
0.011230 0.016346 0.000000 0.000126 0.171684 0.000369 0.007358 0.000000 0.000000 
0.012207 0.017767 0.000000 0.000137 0.171684 0.000401 0.007359 0.000000 0.000000 
0.013184 0.019189 0.000000 0.000148 0.171684 0.000434 0.007361 0.000000 0.000000 
0.014160 0.020610 0.000000 0.000159 0.171684 0.000466 0.007363 0.000000 0.000000 
0.015137 0.022031 0.000000 0.000170 0.171684 0.000498 0.007365 0.000000 0.000000 
0.016113 0.023453 0.000000 0.000181 0.171684 0.000530 0.007367 0.000000 0.000000 
0.017090 0.024874 0.000000 0.000192 0.171684 0.000562 0.007370 0.000000 0.000000 
0.018066 0.026296 0.000000 0.000203 0.171684 0.000594 0.007372 0.000000 0.000000 
0.019043 0.027717 0.000000 0.000214 0.171684 0.000627 0.007375 0.000000 0.000000 
0.020020 0.029139 0.000000 0.000225 0.171684 0.000659 0.007378 0.000000 0.000000 
0.020996 0.030561 0.000000 0.000236 0.171684 0.000691 0.007381 0.000000 0.000000 
0.021973 0.031982 0.000000 0.000247 0.171684 0.000723 0.007384 0.000000 0.000000 
0.022949 0.033404 0.000000 0.000258 0.171684 0.000756 0.007387 0.000000 0.000000 
0.023926 0.034825 0.000000 0.000269 0.171684 0.000788 0.007390 0.000000 0.000000 
0.024902 0.036247 0.000000 0.000280 0.171684 0.000820 0.007394 0.000000 0.000000 
0.025879 0.037669 0.000000 0.000291 0.171684 0.000852 0.007398 0.000000 0.000000 
0.026855 0.039090 0.000000 0.000302 0.171684 0.000885 0.007401 0.000000 0.000000 
0.027832 0.040512 0.000000 0.000313 0.171684 0.000917 0.007405 0.000000 0.000000 
0.028809 0.041934 0.000000 0.000324 0.171684 0.000949 0.007409 0.000000 0.000000 
0.029785 0.043356 0.000000 0.000335 0.171684 0.000982 0.007414 0.000000 0.000000 
0.030762 0.044778 0.000000 0.000346 0.171684 0.001014 0.007418 0.000000 0.000000 
0.031738 0.046199 0.000000 0.000357 0.171684 0.001047 0.007422 0.000000 0.000000 
0.032715 0.047621 0.000000 0.000368 0.171684 0.001079 0.007427 0.000000 0.000000 
0.033691 0.049043 0.000000 0.000379 0.171684 0.001111 0.007432 0.000000 0.000000 
0.034668 0.050465 0.000000 0.000390 0.171684 0.001144 0.007437 0.000000 0.000000 
0.035645 0.051887 0.000000 0.000401 0.171684 0.001176 0.007442 0.000000 0.000000 
0.036621 0.053309 0.000000 0.000412 0.171684 0.001209 0.007447 0.000000 0.000000 
0.037598 0.054731 0.000000 0.000423 0.171684 0.001241 0.007452 0.000000 0.000000 
0.038574 0.056153 0.000000 0.000434 0.171684 0.001274 0.007458 0.000000 0.000000 
0.039551 0.057576 0.000000 0.000445 0.171684 0.001307 0.007464 0.000000 0.000000 
0.040527 0.058998 0.000000 0.000456 0.171684 0.001339 0.007469 0.000000 0.000000 
0.041504 0.060420 0.000000 0.000467 0.171684 0.001372 0.007475 0.000000 0.000000 
0.042480 0.061842 0.000000 0.000478 0.171684 0.001404 0.007481 0.000000 0.000000 
0.043457 0.063265 0.000000 0.000489 0.171684 0.001437 0.007488 0.000000 0.000000 
0.044434 0.064687 0.000000 0.000500 0.171684 0.001470 0.007494 0.000000 0.000000 
0.045410 0.066109 0.000000 0.000511 0.171684 0.001503 0.007500 0.000000 0.000000 
0.046387 0.067532 0.000000 0.000522 0.171684 0.001535 0.007507 0.000000 0.000000 
0.047363 0.068954 0.000000 0.000533 0.171684 0.001568 0.007514 0.000000 0.000000 
0.048340 0.070377 0.000000 0.000544 0.171684 0.001601 0.007521 0.000000 0.000000 
0.049316 0.071799 0.000000 0.000555 0.171684 0.001634 0.007528 0.000000 0.000000 
0.050293 0.073222 0.000000 0.000566 0.171684 0.001667 0.007535 0.000000 0.000000 
0.051270 0.074645 0.000000 0.000578 0.171684 0.001700 0.007542 0.000000 0.000000 
0.052246 0.076068 0.000000 0.000589 0.171684 0.001733 0.007550 0.000000 0.000000 
0.053223 0.077490 0.000000 0.000600 0.171684 0.001766 0.007557 0.000000 0.000000 
0.054199 0.078913 0.000000 0.000611 0.171684 0.001799 0.007565 0.000000 0.000000 
0.055176 0.080336 0.000000 0.000622 0.171684 0.001832 0.007573 0.000000 0.000000 
0.056152 0.081759 0.000000 0.000633 0.171684 0.001865 0.007581 0.000000 0.000000 
0.057129 0.083182 0.000000 0.000644 0.171684 0.001898 0.007589 0.000000 0.000000 
0.058105 0.084605 0.000000 0.000655 0.171684 0.001931 0.007598 0.000000 0.000000 
0.059082 0.086028 0.000000 0.000666 0.171684 0.001964 0.007606 0.000000 0.000000 
0.060059 0.087452 0.000000 0.000677 0.171684 0.001998 0.007615 0.000000 0.000000 
0.061035 0.088875 0.000000 0.000689 0.171684 0.002031 0.007624 0.000000 0.000000 
0.062012 0.090298 0.000000 0.000700 0.171684 0.002064 0.007633 0.000000 0.000000 
0.062988 0.091722 0.000000 0.000711 0.171684 0.002097 0.007642 0.000000 0.000000 
0.063965 0.093145 0.000000 0.000722 0.171684 0.002131 0.007651 0.000000 0.000000 
0.064941 0.094569 0.000000 0.000733 0.171684 0.002164 0.007660 0.000000 0.000000 
0.065918 0.095992 0.000000 0.000744 0.171684 0.002198 0.007670 0.000000 0.000000 
0.066895 0.097416 0.000000 0.000755 0.171684 0.002231 0.007680 0.000000 0.000000 
0.067871 0.098840 0.000000 0.000767 0.171684 0.002265 0.007689 0.000000 0.000000 
0.068848 0.100264 0.000000 0.000778 0.171684 0.002298 0.007699 0.000000 0.000000 
0.069824 0.101687 0.000000 0.000789 0.171684 0.002332 0.007710 0.000000 0.000000 
0.070801 0.103111 0.000000 0.000800 0.171684 0.002366 0.007720 0.000000 0.000000 
0.071777 0.104535 0.000000 0.000811 0.171684 0.002400 0.007730 0.000000 0.000000 
0.072754 0.105960 0.000000 0.000823 0.171684 0.002433 0.007741 0.000000 0.000000 
0.073730 0.107384 0.000000 0.000834 0.171684 0.002467 0.007751 0.000000 0.000000 
0.074707 0.108808 0.000000 0.000845 0.171684 0.002501 0.007762 0.000000 0.000000 
0.075684 0.110232 0.000000 0.000856 0.171684 0.002535 0.007773 0.000000 0.000000 
0.076660 0.111657 0.000000 0.000867 0.171684 0.002569 0.007784 0.000000 0.000000 
0.077637 0.113081 0.000000 0.000879 0.171684 0.002603 0.007796 0.000000 0.000000 
0.078613 0.114506 0.000000 0.000890 0.171684 0.002637 0.007807 0.000000 0.000000 
0.079590 0.115930 0.000000 0.000901 0.171684 0.002671 0.007819 0.000000 0.000000 
0.080566 0.117355 0.000000 0.000912 0.171684 0.002705 0.007831 0.000000 0.000000 
0.081543 0.118780 0.000000 0.000923 0.171684 0.002740 0.007842 0.000000 0.000000 
0.082520 0.120205 0.000000 0.000935 0.171684 0.002774 0.007854 0.000000 0.000000 
0.083496 0.121630 0.000000 0.000946 0.171684 0.002808 0.007867 0.000000 0.000000 
0.084473 0.123055 0.000000 0.000957 0.171684 0.002843 0.007879 0.000000 0.000000 
0.085449 0.124480 0.000000 0.000969 0.171684 0.002877 0.007891 0.000000 0.000000 
0.086426 0.125905 0.000000 0.000980 0.171684 0.002911 0.007904 0.000000 0.000000 
0.087402 0.127331 0.000000 0.000991 0.171684 0.002946 0.007917 0.000000 0.000000 
0.088379 0.128756 0.000000 0.001002 0.171684 0.002981 0.007930 0.000000 0.000000 
0.089355 0.130182 0.000000 0.001014 0.171684 0.003015 0.007943 0.000000 0.000000 
0.090332 0.131607 0.000000 0.001025 0.171684 0.003050 0.007956 0.000000 0.000000 
0.091309 0.133033 0.000000 0.001036 0.171684 0.003085 0.007970 0.000000 0.000000 
0.092285 0.134459 0.000000 0.001048 0.171684 0.003120 0.007983 0.000000 0.000000 
0.093262 0.135885 0.000000 0.001059 0.171684 0.003154 0.007997 0.000000 0.000000 
0.094238 0.137311 0.000000 0.001070 0.171684 0.003189 0.008011 0.000000 0.000000 
0.095215 0.138737 0.000000 0.001082 0.171684 0.003224 0.008025 0.000000 0.000000 
0.096191 0.140163 0.000000 0.001093 0.171684 0.003260 0.008039 0.000000 0.000000 
0.097168 0.141590 0.000000 0.001104 0.171684 0.003295 0.008053 0.000000 0.000000 
0.098145 0.143016 0.000000 0.001116 0.171684 0.003330 0.008068 0.000000 0.000000 
0.099121 0.144443 0.000000 0.001127 0.171684 0.003365 0.008082 0.000000 0.000000 
0.100098 0.145869 0.000000 0.001138 0.171684 0.003400 0.008097 0.000000 0.000000 
0.101074 0.147296 0.000000 0.001150 0.171684 0.003436 0.008112 0.000000 0.000000 
0.102051 0.148723 0.000000 0.001161 0.171684 0.003471 0.008127 0.000000 0.000000 
0.103027 0.150150 0.000000 0.001173 0.171684 0.003507 0.008142 0.000000 0.000000 
0.104004 0.151577 0.000000 0.001184 0.171684 0.003542 0.008158 0.000000 0.000000 
0.104980 0.153004 0.000000 0.001195 0.171684 0.003578 0.008173 0.000000 0.000000 
0.105957 0.154431 0.000000 0.001207 0.171684 0.003614 0.008189 0.000000 0.000000 
0.106934 0.155859 0.000000 0.001218 0.171684 0.003650 0.008205 0.000000 0.000000 
0.107910 0.157286 0.000000 0.001230 0.171684 0.003685 0.008221 0.000000 0.000000 
0.108887 0.158714 0.000000 0.001241 0.171684 0.003721 0.008237 0.000000 0.000000 
0.109863 0.160142 0.000000 0.001252 0.171684 0.003757 0.008253 0.000000 0.000000 
0.110840 0.161569 0.000000 0.001264 0.171684 0.003794 0.008270 0.000000 0.000000 
0.111816 0.162997 0.000000 0.001275 0.171684 0.003830 0.008286 0.000000 0.000000 
0.112793 0.164425 0.000000 0.001287 0.171684 0.003866 0.008303 0.000000 0.000000 
0.113770 0.165854 0.000000 0.001298 0.171684 0.003902 0.008320 0.000000 0.000000 
0.114746 0.167282 0.000000 0.001310 0.171684 0.003939 0.008337 0.000000 0.000000 
0.115723 0.168710 0.000000 0.001321 0.171684 0.003975 0.008355 0.000000 0.000000 
0.116699 0.170139 0.000000 0.001333 0.171684 0.004012 0.008372 0.000000 0.000000 
0.117676 0.171568 0.000000 0.001344 0.171684 0.004048 0.008390 0.000000 0.000000 
0.118652 0.172997 0.000000 0.001356 0.171684 0.004085 0.008407 0.000000 0.000000 
0.119629 0.174426 0.000000 0.001367 0.171684 0.004122 0.008425 0.000000 0.000000 
0.120605 0.175855 0.000000 0.001379 0.171684 0.004158 0.008443 0.000000 0.000000 
0.121582 0.177284 0.000000 0.001390 0.171684 0.004195 0.008462 0.000000 0.000000 
0.122559 0.178713 0.000000 0.001402 0.171684 0.004232 0.008480 0.000000 0.000000 
0.123535 0.180143 0.000000 0.001413 0.171684 0.004269 0.008499 0.000000 0.000000 
0.124512 0.181572 0.000000 0.001425 0.171684 0.004307 0.008517 0.000000 0.000000 
0.125488 0.183002 0.000000 0.001436 0.171684 0.004344 0.008536 0.000000 0.000000 
0.126465 0.184432 0.000000 0.001448 0.171684 0.004381 0.008555 0.000000 0.000000 
0.127441 0.185862 0.000000 0.001460 0.171684 0.004419 0.008574 0.000000 0.000000 
0.128418 0.187292 0.000000 0.001471 0.171684 0.004456 0.008594 0.000000 0.000000 
0.129395 0.188722 0.000000 0.001483 0.171684 0.004494 0.008613 0.000000 0.000000 
0.130371 0.190153 0.000000 0.001494 0.171684 0.004531 0.008633 0.000000 0.000000 
0.131348 0.191583 0.000000 0.001506 0.171684 0.004569 0.008653 0.000000 0.000000 
0.132324 0.193014 0.000000 0.001517 0.171684 0.004607 0.008673 0.000000 0.000000 
0.133301 0.194445 0.000000 0.001529 0.171684 0.004645 0.008693 0.000000 0.000000 
0.134277 0.195876 0.000000 0.001541 0.171684 0.004683 0.008714 0.000000 0.000000 
0.135254 0.197307 0.000000 0.001552 0.171684 0.004721 0.008734 0.000000 0.000000 
0.136230 0.198739 0.000000 0.001564 0.171684 0.004759 0.008755 0.000000 0.000000 
0.137207 0.200170 0.000000 0.001576 0.171684 0.004797 0.008776 0.000000 0.000000 
0.138184 0.201602 0.000000 0.001587 0.171684 0.004836 0.008797 0.000000 0.000000 
0.139160 0.203033 0.000000 0.001599 0.171684 0.004874 0.008818 0.000000 0.000000 
0.140137 0.204465 0.000000 0.001610 0.171684 0.004913 0.008839 0.000000 0.000000 
0.141113 0.205897 0.000000 0.001622 0.171684 0.004951 0.008861 0.000000 0.000000 
0.142090 0.207330 0.000000 0.001634 0.171684 0.004990 0.008883 0.000000 0.000000 
0.143066 0.208762 0.000000 0.001645 0.171684 0.005029 0.008904 0.000000 0.000000 
0.144043 0.210194 0.000000 0.001657 0.171684 0.005068 0.008926 0.000000 0.000000 
0.145020 0.211627 0.000000 0.001669 0.171684 0.005107 0.008949 0.000000 0.000000 
0.145996 0.213060 0.000000 0.001680 0.171684 0.005146 0.008971 0.000000 0.000000 
0.146973 0.214493 0.000000 0.001692 0.171684 0.005185 0.008994 0.000000 0.000000 
0.147949 0.215926 0.000000 0.001704 0.171684 0.005225 0.009016 0.000000 0.000000 
0.148926 0.217359 0.000000 0.001716 0.171684 0.005264 0.009039 0.000000 0.000000 
0.149902 0.218793 0.000000 0.001727 0.171684 0.005304 0.009062 0.000000 0.000000 
0.150879 0.220227 0.000000 0.001739 0.171684 0.005343 0.009086 0.000000 0.000000 
0.151855 0.221660 0.000000 0.001751 0.171684 0.005383 0.009109 0.000000 0.000000 
0.152832 0.223094 0.000000 0.001762 0.171684 0.005423 0.009133 0.000000 0.000000 
0.153809 0.224529 0.000000 0.001774 0.171684 0.005463 0.009156 0.000000 0.000000 
0.154785 0.225963 0.000000 0.001786 0.171684 0.005503 0.009180 0.000000 0.000000 
0.155762 0.227397 0.000000 0.001798 0.171684 0.005543 0.009204 0.000000 0.000000 
0.156738 0.228832 0.000000 0.001809 0.171684 0.005583 0.009229 0.000000 0.000000 
0.157715 0.230267 0.000000 0.001821 0.171684 0.005624 0.009253 0.000000 0.000000 
0.158691 0.231702 0.000000 0.001833 0.171684 0.005664 0.009278 0.000000 0.000000 
0.159668 0.233137 0.000000 0.001845 0.171684 0.005705 0.009303 0.000000 0.000000 
0.160645 0.234572 0.000000 0.001856 0.171684 0.005745 0.009328 0.000000 0.000000 
0.161621 0.236008 0.000000 0.001868 0.171684 0.005786 0.009353 0.000000 0.000000 
0.162598 0.237444 0.000000 0.001880 0.171684 0.005827 0.009378 0.000000 0.000000 
0.163574 0.238880 0.000000 0.001892 0.171684 0.005868 0.009404 0.000000 0.000000 
0.164551 0.240316 0.000000 0.001903 0.171684 0.005909 0.009429 0.000000 0.000000 
0.165527 0.241752 0.000000 0.001915 0.171684 0.005950 0.009455 0.000000 0.000000 
0.166504 0.243188 0.000000 0.001927 0.171684 0.005992 0.009481 0.000000 0.000000 
0.167480 0.244625 0.000000 0.001939 0.171684 0.006033 0.009508 0.000000 0.000000 
0.168457 0.246062 0.000000 0.001950 0.171684 0.006075 0.009534 0.000000 0.000000 
0.169434 0.247499 0.000000 0.001962 0.171684 0.006116 0.009561 0.000000 0.000000 
0.170410 0.248936 0.000000 0.001974 0.171684 0.006158 0.009588 0.000000 0.000000 
0.171387 0.250374 0.000000 0.001986 0.171684 0.006200 0.009615 0.000000 0.000000 
0.172363 0.251811 0.000000 0.001997 0.171684 0.006242 0.009642 0.000000 0.000000 
0.173340 0.253249 0.000000 0.002009 0.171684 0.006284 0.009669 0.000000 0.000000 
0.174316 0.254687 0.000000 0.002021 0.171684 0.006327 0.009697 0.000000 0.000000 
0.175293 0.256125 0.000000 0.002033 0.171684 0.006369 0.009724 0.000000 0.000000 
0.176270 0.257564 0.000000 0.002045 0.171684 0.006412 0.009752 0.000000 0.000000 
0.177246 0.259002 0.000000 0.002056 0.171684 0.006454 0.009780 0.000000 0.000000 
0.178223 0.260441 0.000000 0.002068 0.171684 0.006497 0.009809 0.000000 0.000000 
0.179199 0.261880 0.000000 0.002080 0.171684 0.006540 0.009837 0.000000 0.000000 
0.180176 0.263319 0.000000 0.002092 0.171684 0.006583 0.009866 0.000000 0.000000 
0.181152 0.264759 0.000000 0.002103 0.171684 0.006626 0.009895 0.000000 0.000000 
0.182129 0.266198 0.000000 0.002115 0.171684 0.006669 0.009924 0.000000 0.000000 
0.183105 0.267638 0.000000 0.002127 0.171684 0.006713 0.009953 0.000000 0.000000 
0.184082 0.269078 0.000000 0.002139 0.171684 0.006756 0.009982 0.000000 0.000000 
0.185059 0.270518 0.000000 0.002151 0.171684 0.006800 0.010012 0.000000 0.000000 
0.186035 0.271959 0.000000 0.002162 0.171684 0.006844 0.010042 0.000000 0.000000 
0.187012 0.273399 0.000000 0.002174 0.171684 0.006888 0.010072 0.000000 0.000000 
0.187988 0.274840 0.000000 0.002186 0.171684 0.006932 0.010102 0.000000 0.000000 
0.188965 0.276281 0.000000 0.002198 0.171684 0.006976 0.010132 0.000000 0.000000 
0.189941 0.277723 0.000000 0.002209 0.171684 0.007020 0.010163 0.000000 0.000000 
0.190918 0.279164 0.000000 0.002221 0.171684 0.007065 0.010194 0.000000 0.000000 
0.191895 0.280606 0.000000 0.002233 0.171684 0.007109 0.010224 0.000000 0.000000 
0.192871 0.282048 0.000000 0.002245 0.171684 0.007154 0.010256 0.000000 0.000000 
0.193848 0.283490 0.000000 0.002256 0.171684 0.007199 0.010287 0.000000 0.000000 
0.194824 0.284933 0.000000 0.002268 0.171684 0.007244 0.010318 0.000000 0.000000 
0.195801 0.286375 0.000000 0.002280 0.171684 0.007289 0.010350 0.000000 0.000000 
0.196777 0.287818 0.000000 0.002292 0.171684 0.007334 0.010382 0.000000 0.000000 
0.197754 0.289261 0.000000 0.002303 0.171684 0.007380 0.010414 0.000000 0.000000 
0.198730 0.290704 0.000000 0.002315 0.171684 0.007425 0.010447 0.000000 0.000000 
0.199707 0.292148 0.000000 0.002327 0.171684 0.007471 0.010479 0.000000 0.000000 
0.200684 0.293592 0.000000 0.002338 0.171684 0.007517 0.010512 0.000000 0.000000 
0.201660 0.295036 0.000000 0.002350 0.171684 0.007563 0.010545 0.000000 0.000000 
0.202637 0.296480 0.000000 0.002362 0.171684 0.007609 0.010578 0.000000 0.000000 
0.203613 0.297925 0.000000 0.002374 0.171684 0.007655 0.010611 0.000000 0.000000 
0.204590 0.299369 0.000000 0.002385 0.171684 0.007702 0.010645 0.000000 0.000000 
0.205566 0.300814 0.000000 0.002397 0.171684 0.007748 0.010679 0.000000 0.000000 
0.206543 0.302260 0.000000 0.002409 0.171684 0.007795 0.010712 0.000000 0.000000 
0.207520 0.303705 0.000000 0.002420 0.171684 0.007842 0.010747 0.000000 0.000000 
0.208496 0.305151 0.000000 0.002432 0.171684 0.007889 0.010781 0.000000 0.000000 
0.209473 0.306597 0.000000 0.002443 0.171684 0.007936 0.010816 0.000000 0.000000 
0.210449 0.308043 0.000000 0.002455 0.171684 0.007983 0.010850 0.000000 0.000000 
0.211426 0.309489 0.000000 0.002467 0.171684 0.008031 0.010885 0.000000 0.000000 
0.212402 0.310936 0.000000 0.002478 0.171684 0.008078 0.010920 0.000000 0.000000 
0.213379 0.312383 0.000000 0.002490 0.171684 0.008126 0.010956 0.000000 0.000000 
0.214355 0.313830 0.000000 0.002501 0.171684 0.008174 0.010991 0.000000 0.000000 
0.215332 0.315278 0.000000 0.002513 0.171684 0.008222 0.011027 0.000000 0.000000 
0.216309 0.316725 0.000000 0.002524 0.171684 0.008270 0.011063 0.000000 0.000000 
0.217285 0.318173 0.000000 0.002536 0.171684 0.008319 0.011099 0.000000 0.000000 
0.218262 0.319621 0.000000 0.002547 0.171684 0.008367 0.011136 0.000000 0.000000 
0.219238 0.321070 0.000000 0.002559 0.171684 0.008416 0.011173 0.000000 0.000000 
0.220215 0.322519 0.000000 0.002570 0.171684 0.008465 0.011209 0.000000 0.000000 
0.221191 0.323968 0.000000 0.002582 0.171684 0.008514 0.011246 0.000000 0.000000 
0.222168 0.325417 0.000000 0.002593 0.171684 0.008563 0.011284 0.000000 0.000000 
0.223145 0.326867 0.000000 0.002604 0.171684 0.008612 0.011321 0.000000 0.000000 
0.224121 0.328316 0.000000 0.002616 0.171684 0.008662 0.011359 0.000000 0.000000 
0.225098 0.329766 0.000000 0.002627 0.171684 0.008712 0.011397 0.000000 0.000000 
0.226074 0.331217 0.000000 0.002638 0.171684 0.008761 0.011435 0.000000 0.000000 
0.227051 0.332667 0.000000 0.002650 0.171684 0.008811 0.011473 0.000000 0.000000 
0.228027 0.334118 0.000000 0.002661 0.171684 0.008862 0.011512 0.000000 0.000000 
0.229004 0.335570 0.000000 0.002672 0.171684 0.008912 0.011551 0.000000 0.000000 
0.229980 0.337021 0.000000 0.002683 0.171684 0.008963 0.011590 0.000000 0.000000 
0.230957 0.338473 0.000000 0.002695 0.171684 0.009013 0.011629 0.000000 0.000000 
0.231934 0.339925 0.000000 0.002706 0.171684 0.009064 0.011669 0.000000 0.000000 
0.232910 0.341377 0.000000 0.002717 0.171684 0.009115 0.011708 0.000000 0.000000 
0.233887 0.342830 0.000000 0.002728 0.171684 0.009166 0.011748 0.000000 0.000000 
0.234863 0.344283 0.000000 0.002739 0.171684 0.009218 0.011788 0.000000 0.000000 
0.235840 0.345736 0.000000 0.002750 0.171684 0.009269 0.011829 0.000000 0.000000 
0.236816 0.347189 0.000000 0.002761 0.171684 0.009321 0.011869 0.000000 0.000000 
0.237793 0.348643 0.000000 0.002772 0.171684 0.009373 0.011910 0.000000 0.000000 
0.238770 0.350097 0.000000 0.002783 0.171684 0.009425 0.011951 0.000000 0.000000 
0.239746 0.351551 0.000000 0.002794 0.171684 0.009477 0.011992 0.000000 0.000000 
0.240723 0.353006 0.000000 0.002805 0.171684 0.009530 0.012034 0.000000 0.000000 
0.241699 0.354461 0.000000 0.002816 0.171684 0.009583 0.012076 0.000000 0.000000 
0.242676 0.355916 0.000000 0.002827 0.171684 0.009635 0.012118 0.000000 0.000000 
0.243652 0.357371 0.000000 0.002838 0.171684 0.009688 0.012160 0.000000 0.000000 
0.244629 0.358827 0.000000 0.002848 0.171684 0.009742 0.012202 0.000000 0.000000 
0.245605 0.360283 0.000000 0.002859 0.171684 0.009795 0.012245 0.000000 0.000000 
0.246582 0.361740 0.000000 0.002870 0.171684 0.009849 0.012288 0.000000 0.000000 
0.247559 0.363197 0.000000 0.002880 0.171684 0.009902 0.012331 0.000000 0.000000 
0.248535 0.364654 0.000000 0.002891 0.171684 0.009956 0.012374 0.000000 0.000000 
0.249512 0.366111 0.000000 0.002901 0.171684 0.010010 0.012418 0.000000 0.000000 
0.250488 0.367569 0.000000 0.002912 0.171684 0.010065 0.012462 0.000000 0.000000 
0.251465 0.369027 0.000000 0.002922 0.171684 0.010119 0.012506 0.000000 0.000000 
0.252441 0.370485 0.000000 0.002933 0.171684 0.010174 0.012550 0.000000 0.000000 
0.253418 0.371943 0.000000 0.002943 0.171684 0.010229 0.012595 0.000000 0.000000 
0.254395 0.373402 0.000000 0.002953 0.171684 0.010284 0.012640 0.000000 0.000000 
0.255371 0.374862 0.000000 0.002964 0.171684 0.010339 0.012685 0.000000 0.000000 
0.256348 0.376321 0.000000 0.002974 0.171684 0.010395 0.012730 0.000000 0.000000 
0.257324 0.377781 0.000000 0.002984 0.171684 0.010450 0.012775 0.000000 0.000000 
0.258301 0.379241 0.000000 0.002994 0.171684 0.010506 0.012821 0.000000 0.000000 
0.259277 0.380702 0.000000 0.003004 0.171684 0.010562 0.012867 0.000000 0.000000 
0.260254 0.382163 0.000000 0.003014 0.171684 0.010619 0.012913 0.000000 0.000000 
0.261230 0.383624 0.000000 0.003024 0.171684 0.010675 0.012960 0.000000 0.000000 
0.262207 0.385085 0.000000 0.003034 0.171684 0.010732 0.013007 0.000000 0.000000 
0.263184 0.386547 0.000000 0.003043 0.171684 0.010789 0.013054 0.000000 0.000000 
0.264160 0.388009 0.000000 0.003053 0.171684 0.010846 0.013101 0.000000 0.000000 
0.265137 0.389472 0.000000 0.003063 0.171684 0.010903 0.013148 0.000000 0.000000 
0.266113 0.390935 0.000000 0.003072 0.171684 0.010961 0.013196 0.000000 0.000000 
0.267090 0.392398 0.000000 0.003082 0.171684 0.011019 0.013244 0.000000 0.000000 
0.268066 0.393862 0.000000 0.003091 0.171684 0.011076 0.013292 0.000000 0.000000 
0.269043 0.395326 0.000000 0.003100 0.171684 0.011135 0.013341 0.000000 0.000000 
0.270020 0.396790 0.000000 0.003110 0.171684 0.011193 0.013390 0.000000 0.000000 
0.270996 0.398254 0.000000 0.003119 0.171684 0.011252 0.013439 0.000000 0.000000 
0.271973 0.399719 0.000000 0.003128 0.171684 0.011310 0.013488 0.000000 0.000000 
0.272949 0.401185 0.000000 0.003137 0.171684 0.011369 0.013537 0.000000 0.000000 
0.273926 0.402650 0.000000 0.003146 0.171684 0.011429 0.013587 0.000000 0.000000 
0.274902 0.404116 0.000000 0.003155 0.171684 0.011488 0.013637 0.000000 0.000000 
0.275879 0.405583 0.000000 0.003164 0.171684 0.011548 0.013688 0.000000 0.000000 
0.276855 0.407050 0.000000 0.003172 0.171684 0.011608 0.013738 0.000000 0.000000 
0.277832 0.408517 0.000000 0.003181 0.171684 0.011668 0.013789 0.000000 0.000000 
0.278809 0.409984 0.000000 0.003189 0.171684 0.011728 0.013840 0.000000 0.000000 
0.279785 0.411452 0.000000 0.003198 0.171684 0.011789 0.013891 0.000000 0.000000 
0.280762 0.412920 0.000000 0.003206 0.171684 0.011849 0.013943 0.000000 0.000000 
0.281738 0.414389 0.000000 0.003214 0.171684 0.011910 0.013995 0.000000 0.000000 
0.282715 0.415858 0.000000 0.003222 0.171684 0.011972 0.014047 0.000000 0.000000 
0.283691 0.417327 0.000000 0.003230 0.171684 0.012033 0.014099 0.000000 0.000000 
0.284668 0.418797 0.000000 0.003238 0.171684 0.012095 0.014152 0.000000 0.000000 
0.285645 0.420267 0.000000 0.003246 0.171684 0.012157 0.014205 0.000000 0.000000 
0.286621 0.421737 0.000000 0.003254 0.171684 0.012219 0.014258 0.000000 0.000000 
0.287598 0.423208 0.000000 0.003261 0.171684 0.012281 0.014312 0.000000 0.000000 
0.288574 0.424679 0.000000 0.003269 0.171684 0.012344 0.014366 0.000000 0.000000 
0.289551 0.426151 0.000000 0.003276 0.171684 0.012407 0.014420 0.000000 0.000000 
0.290527 0.427623 0.000000 0.003283 0.171684 0.012470 0.014474 0.000000 0.000000 
0.291504 0.429095 0.000000 0.003290 0.171684 0.012533 0.014529 0.000000 0.000000 
0.292480 0.430568 0.000000 0.003297 0.171684 0.012597 0.014583 0.000000 0.000000 
0.293457 0.432041 0.000000 0.003304 0.171684 0.012661 0.014639 0.000000 0.000000 
0.294434 0.433514 0.000000 0.003311 0.171684 0.012725 0.014694 0.000000 0.000000 
0.295410 0.434988 0.000000 0.003317 0.171684 0.012789 0.014750 0.000000 0.000000 
0.296387 0.436463 0.000000 0.003324 0.171684 0.012853 0.014806 0.000000 0.000000 
0.297363 0.437937 0.000000 0.003330 0.171684 0.012918 0.014862 0.000000 0.000000 
0.298340 0.439413 0.000000 0.003336 0.171684 0.012983 0.014919 0.000000 0.000000 
0.299316 0.440888 0.000000 0.003342 0.171684 0.013049 0.014975 0.000000 0.000000 
0.300293 0.442364 0.000000 0.003348 0.171684 0.013114 0.015033 0.000000 0.000000 
0.301270 0.443840 0.000000 0.003353 0.171684 0.013180 0.015090 0.000000 0.000000 
0.302246 0.445317 0.000000 0.003359 0.171684 0.013246 0.015148 0.000000 0.000000 
0.303223 0.446794 0.000000 0.003364 0.171684 0.013312 0.015206 0.000000 0.000000 
0.304199 0.448272 0.000000 0.003369 0.171684 0.013379 0.015264 0.000000 0.000000 
0.305176 0.449750 0.000000 0.003374 0.171684 0.013445 0.015323 0.000000 0.000000 
0.306152 0.451228 0.000000 0.003379 0.171684 0.013513 0.015381 0.000000 0.000000 
0.307129 0.452707 0.000000 0.003384 0.171684 0.013580 0.015441 0.000000 0.000000 
0.308105 0.454186 0.000000 0.003388 0.171684 0.013647 0.015500 0.000000 0.000000 
0.309082 0.455666 0.000000 0.003392 0.171684 0.013715 0.015560 0.000000 0.000000 
0.310059 0.457146 0.000000 0.003396 0.171684 0.013783 0.015620 0.000000 0.000000 
0.311035 0.458627 0.000000 0.003400 0.171684 0.013852 0.015680 0.000000 0.000000 
0.312012 0.460108 0.000000 0.003404 0.171684 0.013920 0.015741 0.000000 0.000000 
0.312988 0.461589 0.000000 0.003407 0.171684 0.013989 0.015802 0.000000 0.000000 
0.313965 0.463071 0.000000 0.003410 0.171684 0.014058 0.015863 0.000000 0.000000 
0.314941 0.464553 0.000000 0.003413 0.171684 0.014128 0.015925 0.000000 0.000000 
0.315918 0.466036 0.000000 0.003416 0.171684 0.014197 0.015986 0.000000 0.000000 
0.316895 0.467519 0.000000 0.003419 0.171684 0.014267 0.016049 0.000000 0.000000 
0.317871 0.469003 0.000000 0.003421 0.171684 0.014338 0.016111 0.000000 0.000000 
0.318848 0.470487 0.000000 0.003423 0.171684 0.014408 0.016174 0.000000 0.000000 
0.319824 0.471971 0.000000 0.003425 0.171684 0.014479 0.016237 0.000000 0.000000 
0.320801 0.473456 0.000000 0.003427 0.171684 0.014550 0.016300 0.000000 0.000000 
0.321777 0.474942 0.000000 0.003428 0.171684 0.014621 0.016364 0.000000 0.000000 
0.322754 0.476428 0.000000 0.003429 0.171684 0.014693 0.016428 0.000000 0.000000 
0.323730 0.477914 0.000000 0.003430 0.171684 0.014765 0.016492 0.000000 0.000000 
0.324707 0.479401 0.000000 0.003431 0.171684 0.014837 0.016557 0.000000 0.000000 
0.325684 0.480888 0.000000 0.003431 0.171684 0.014909 0.016622 0.000000 0.000000 
0.326660 0.482376 0.000000 0.003431 0.171684 0.014982 0.016687 0.000000 0.000000 
0.327637 0.483864 0.000000 0.003431 0.171684 0.015055 0.016753 0.000000 0.000000 
0.328613 0.485353 0.000000 0.003430 0.171684 0.015128 0.016819 0.000000 0.000000 
0.329590 0.486842 0.000000 0.003430 0.171684 0.015202 0.016885 0.000000 0.000000 
0.330566 0.488331 0.000000 0.003428 0.171684 0.015276 0.016951 0.000000 0.000000 
0.331543 0.489821 0.000000 0.003427 0.171684 0.015350 0.017018 0.000000 0.000000 
0.332520 0.491312 0.000000 0.003425 0.171684 0.015425 0.017085 0.000000 0.000000 
0.333496 0.492803 0.000000 0.003423 0.171684 0.015499 0.017153 0.000000 0.000000 
0.334473 0.494295 0.000000 0.003421 0.171684 0.015574 0.017221 0.000000 0.000000 
0.335449 0.495787 0.000000 0.003418 0.171684 0.015650 0.017289 0.000000 0.000000 
0.336426 0.497279 0.000000 0.003415 0.171684 0.015725 0.017358 0.000000 0.000000 
0.337402 0.498772 0.000000 0.003412 0.171684 0.015801 0.017426 0.000000 0.000000 
0.338379 0.500265 0.000000 0.003408 0.171684 0.015878 0.017496 0.000000 0.000000 
0.339355 0.501759 0.000000 0.003404 0.171684 0.015954 0.017565 0.000000 0.000000 
0.340332 0.503254 0.000000 0.003399 0.171684 0.016031 0.017635 0.000000 0.000000 
0.341309 0.504749 0.000000 0.003394 0.171684 0.016108 0.017705 0.000000 0.000000 
0.342285 0.506244 0.000000 0.003389 0.171684 0.016186 0.017776 0.000000 0.000000 
0.343262 0.507740 0.000000 0.003383 0.171684 0.016263 0.017847 0.000000 0.000000 
0.344238 0.509237 0.000000 0.003377 0.171684 0.016342 0.017918 0.000000 0.000000 
0.345215 0.510734 0.000000 0.003371 0.171684 0.016420 0.017989 0.000000 0.000000 
0.346191 0.512231 0.000000 0.003364 0.171684 0.016499 0.018061 0.000000 0.000000 
0.347168 0.513729 0.000000 0.003356 0.171684 0.016578 0.018133 0.000000 0.000000 
0.348145 0.515228 0.000000 0.003348 0.171684 0.016657 0.018206 0.000000 0.000000 
0.349121 0.516727 0.000000 0.003340 0.171684 0.016737 0.018279 0.000000 0.000000 
0.350098 0.518226 0.000000 0.003331 0.171684 0.016817 0.018352 0.000000 0.000000 
0.351074 0.519726 0.000000 0.003322 0.171684 0.016897 0.018426 0.000000 0.000000 
0.352051 0.521227 0.000000 0.003312 0.171684 0.016978 0.018500 0.000000 0.000000 
0.353027 0.522728 0.000000 0.003302 0.171684 0.017059 0.018574 0.000000 0.000000 
0.354004 0.524230 0.000000 0.003291 0.171684 0.017140 0.018649 0.000000 0.000000 
0.354980 0.525732 0.000000 0.003280 0.171684 0.017222 0.018724 0.000000 0.000000 
0.355957 0.527235 0.000000 0.003269 0.171684 0.017303 0.018799 0.000000 0.000000 
0.356934 0.528738 0.000000 0.003256 0.171684 0.017386 0.018875 0.000000 0.000000 
0.357910 0.530242 0.000000 0.003243 0.171684 0.017468 0.018951 0.000000 0.000000 
0.358887 0.531746 0.000000 0.003230 0.171684 0.017551 0.019027 0.000000 0.000000 
0.359863 0.533251 0.000000 0.003216 0.171684 0.017635 0.019104 0.000000 0.000000 
0.360840 0.534757 0.000000 0.003202 0.171684 0.017718 0.019181 0.000000 0.000000 
0.361816 0.536263 0.000000 0.003186 0.171684 0.017802 0.019259 0.000000 0.000000 
0.362793 0.537769 0.000000 0.003171 0.171684 0.017886 0.019337 0.000000 0.000000 
0.363770 0.539276 0.000000 0.003154 0.171684 0.017971 0.019415 0.000000 0.000000 
0.364746 0.540784 0.000000 0.003137 0.171684 0.018056 0.019494 0.000000 0.000000 
0.365723 0.542292 0.000000 0.003120 0.171684 0.018141 0.019573 0.000000 0.000000 
0.366699 0.543801 0.000000 0.003101 0.171684 0.018227 0.019652 0.000000 0.000000 
0.367676 0.545310 0.000000 0.003082 0.171684 0.018313 0.019732 0.000000 0.000000 
0.368652 0.546820 0.000000 0.003062 0.171684 0.018399 0.019812 0.000000 0.000000 
0.369629 0.548331 0.000000 0.003042 0.171684 0.018486 0.019893 0.000000 0.000000 
0.370605 0.549842 0.000000 0.003021 0.171684 0.018573 0.019974 0.000000 0.000000 
0.371582 0.551354 0.000000 0.002999 0.171684 0.018660 0.020055 0.000000 0.000000 
0.372559 0.552866 0.000000 0.002976 0.171684 0.018748 0.020137 0.000000 0.000000 
0.373535 0.554379 0.000000 0.002953 0.171684 0.018836 0.020219 0.000000 0.000000 
0.374512 0.555892 0.000000 0.002929 0.171684 0.018925 0.020301 0.000000 0.000000 
0.375488 0.557406 0.000000 0.002904 0.171684 0.019014 0.020384 0.000000 0.000000 
0.376465 0.558921 0.000000 0.002878 0.171684 0.019103 0.020467 0.000000 0.000000 
0.377441 0.560436 0.000000 0.002851 0.171684 0.019192 0.020551 0.000000 0.000000 
0.378418 0.561952 0.000000 0.002824 0.171684 0.019282 0.020635 0.000000 0.000000 
0.379395 0.563468 0.000000 0.002795 0.171684 0.019373 0.020719 0.000000 0.000000 
0.380371 0.564985 0.000000 0.002766 0.171684 0.019463 0.020804 0.000000 0.000000 
0.381348 0.566503 0.000000 0.002736 0.171684 0.019554 0.020889 0.000000 0.000000 
0.382324 0.568021 0.000000 0.002705 0.171684 0.019646 0.020975 0.000000 0.000000 
0.383301 0.569540 0.000000 0.002672 0.171684 0.019738 0.021061 0.000000 0.000000 
0.384277 0.571059 0.000000 0.002639 0.171684 0.019830 0.021147 0.000000 0.000000 
0.385254 0.572580 0.000000 0.002605 0.171684 0.019922 0.021234 0.000000 0.000000 
0.386230 0.574100 0.000000 0.002570 0.171684 0.020015 0.021322 0.000000 0.000000 
0.387207 0.575622 0.000000 0.002534 0.171684 0.020109 0.021409 0.000000 0.000000 
0.388184 0.577143 0.000000 0.002497 0.171684 0.020202 0.021497 0.000000 0.000000 
0.389160 0.578666 0.000000 0.002458 0.171684 0.020296 0.021586 0.000000 0.000000 
0.390137 0.580189 0.000000 0.002419 0.171684 0.020391 0.021674 0.000000 0.000000 
0.391113 0.581713 0.000000 0.002379 0.171684 0.020486 0.021764 0.000000 0.000000 
0.392090 0.583238 0.000000 0.002337 0.171684 0.020581 0.021853 0.000000 0.000000 
0.393066 0.584763 0.000000 0.002294 0.171684 0.020676 0.021943 0.000000 0.000000 
0.394043 0.586288 0.000000 0.002250 0.171684 0.020773 0.022034 0.000000 0.000000 
0.395020 0.587815 0.000000 0.002204 0.171684 0.020869 0.022125 0.000000 0.000000 
0.395996 0.589342 0.000000 0.002158 0.171684 0.020966 0.022216 0.000000 0.000000 
0.396973 0.590870 0.000000 0.002110 0.171684 0.021063 0.022308 0.000000 0.000000 
0.397949 0.592398 0.000000 0.002061 0.171684 0.021161 0.022400 0.000000 0.000000 
0.398926 0.593927 0.000000 0.002010 0.171684 0.021259 0.022493 0.000000 0.000000 
0.399902 0.595457 0.000000 0.001958 0.171684 0.021357 0.022586 0.000000 0.000000 
0.400879 0.596987 0.000000 0.001905 0.171684 0.021456 0.022679 0.000000 0.000000 
0.401855 0.598518 0.000000 0.001850 0.171684 0.021555 0.022773 0.000000 0.000000 
0.402832 0.600050 0.000000 0.001794 0.171684 0.021655 0.022868 0.000000 0.000000 
0.403809 0.601582 0.000000 0.001736 0.171684 0.021755 0.022962 0.000000 0.000000 
0.404785 0.603115 0.000000 0.001677 0.171684 0.021855 0.023058 0.000000 0.000000 
0.405762 0.604649 0.000000 0.001616 0.171684 0.021956 0.023153 0.000000 0.000000 
0.406738 0.606183 0.000000 0.001554 0.171684 0.022058 0.023249 0.000000 0.000000 
0.407715 0.607718 0.000000 0.001490 0.171684 0.022159 0.023346 0.000000 0.000000 
0.408691 0.609254 0.000000 0.001424 0.171684 0.022262 0.023443 0.000000 0.000000 
0.409668 0.610791 0.000000 0.001356 0.171684 0.022364 0.023540 0.000000 0.000000 
0.410645 0.612328 0.000000 0.001287 0.171684 0.022467 0.023638 0.000000 0.000000 
0.411621 0.613866 0.000000 0.001216 0.171684 0.022571 0.023737 0.000000 0.000000 
0.412598 0.615412 0.000000 0.001149 0.171684 0.022677 0.023834 0.000000 0.000000 
0.413574 0.626985 0.000000 0.008169 0.171684 0.028928 0.023948 0.005614 0.009135 
0.414551 0.628586 0.000000 0.008136 0.171684 0.029070 0.024075 0.005648 0.009273 
0.415527 0.630189 0.000000 0.008101 0.171684 0.029213 0.024202 0.005682 0.009411 
0.416504 0.631794 0.000000 0.008066 0.171684 0.029358 0.024330 0.005717 0.009551 
0.417480 0.633400 0.000000 0.008028 0.171684 0.029503 0.024459 0.005753 0.009691 
0.418457 0.635008 0.000000 0.007990 0.171684 0.029650 0.024588 0.005789 0.009832 
0.419434 0.636619 0.000000 0.007951 0.171684 0.029798 0.024718 0.005825 0.009973 
0.420410 0.638231 0.000000 0.007910 0.171684 0.029946 0.024848 0.005862 0.010116 
0.421387 0.639844 0.000000 0.007867 0.171684 0.030096 0.024979 0.005900 0.010259 
0.422363 0.641460 0.000000 0.007823 0.171684 0.030248 0.025111 0.005938 0.010403 
0.423340 0.643078 0.000000 0.007778 0.171684 0.030400 0.025243 0.005977 0.010547 
0.424316 0.644697 0.000000 0.007731 0.171684 0.030553 0.025376 0.006016 0.010693 
0.425293 0.646319 0.000000 0.007683 0.171684 0.030708 0.025510 0.006056 0.010839 
0.426270 0.647942 0.000000 0.007632 0.171684 0.030864 0.025645 0.006096 0.010986 
0.427246 0.649568 0.000000 0.007581 0.171684 0.031021 0.025780 0.006137 0.011133 
0.428223 0.651195 0.000000 0.007527 0.171684 0.031179 0.025916 0.006178 0.011282 
0.429199 0.652824 0.000000 0.007472 0.171684 0.031338 0.026052 0.006220 0.011431 
0.430176 0.654455 0.000000 0.007415 0.171684 0.031499 0.026189 0.006262 0.011581 
0.431152 0.656089 0.000000 0.007356 0.171684 0.031661 0.026327 0.006305 0.011732 
0.432129 0.657724 0.000000 0.007295 0.171684 0.031824 0.026466 0.006349 0.011884 
0.433105 0.659361 0.000000 0.007232 0.171684 0.031988 0.026605 0.006393 0.012036 
0.434082 0.661000 0.000000 0.007167 0.171684 0.032154 0.026745 0.006438 0.012190 
0.435059 0.662641 0.000000 0.007100 0.171684 0.032320 0.026886 0.006483 0.012344 
0.436035 0.664284 0.000000 0.007030 0.171684 0.032488 0.027028 0.006529 0.012499 
0.437012 0.665930 0.000000 0.006959 0.171684 0.032657 0.027170 0.006575 0.012655 
0.437988 0.667577 0.000000 0.006885 0.171684 0.032828 0.027313 0.006622 0.012812 
0.438965 0.669226 0.000000 0.006808 0.171684 0.033000 0.027457 0.006670 0.012969 
0.439941 0.670878 0.000000 0.006730 0.171684 0.033173 0.027601 0.006718 0.013128 
0.440918 0.672531 0.000000 0.006648 0.171684 0.033347 0.027746 0.006767 0.013287 
0.441895 0.674187 0.000000 0.006565 0.171684 0.033522 0.027892 0.006816 0.013447 
0.442871 0.675845 0.000000 0.006478 0.171684 0.033699 0.028039 0.006866 0.013608 
0.443848 0.677504 0.000000 0.006389 0.171684 0.033877 0.028187 0.006917 0.013770 
0.444824 0.679166 0.000000 0.006297 0.171684 0.034057 0.028335 0.006968 0.013933 
0.445801 0.680830 0.000000 0.006202 0.171684 0.034237 0.028484 0.007020 0.014097 
0.446777 0.682497 0.000000 0.006104 0.171684 0.034420 0.028634 0.007072 0.014262 
0.447754 0.684165 0.000000 0.006004 0.171684 0.034603 0.028785 0.007125 0.014428 
0.448730 0.685836 0.000000 0.005900 0.171684 0.034788 0.028936 0.007178 0.014595 
0.449707 0.687508 0.000000 0.005793 0.171684 0.034974 0.029089 0.007233 0.014762 
0.450684 0.689183 0.000000 0.005682 0.171684 0.035161 0.029242 0.007287 0.014931 
0.451660 0.690861 0.000000 0.005568 0.171684 0.035350 0.029396 0.007343 0.015100 
0.452637 0.692540 0.000000 0.005451 0.171684 0.035540 0.029551 0.007399 0.015271 
0.453613 0.694222 0.000000 0.005330 0.171684 0.035731 0.029706 0.007456 0.015442 
0.454590 0.695905 0.000000 0.005206 0.171684 0.035924 0.029863 0.007513 0.015615 
0.455566 0.697592 0.000000 0.005078 0.171684 0.036119 0.030020 0.007571 0.015788 
0.456543 0.699280 0.000000 0.004946 0.171684 0.036314 0.030178 0.007629 0.015963 
0.457520 0.700971 0.000000 0.004810 0.171684 0.036511 0.030337 0.007689 0.016138 
0.458496 0.702664 0.000000 0.004669 0.171684 0.036710 0.030497 0.007749 0.016315 
0.459473 0.704359 0.000000 0.004525 0.171684 0.036910 0.030658 0.007809 0.016492 
0.460449 0.706057 0.000000 0.004377 0.171684 0.037111 0.030820 0.007870 0.016671 
0.461426 0.707757 0.000000 0.004224 0.171684 0.037314 0.030982 0.007932 0.016851 
0.462402 0.709459 0.000000 0.004067 0.171684 0.037518 0.031145 0.007995 0.017031 
0.463379 0.711164 0.000000 0.003905 0.171684 0.037723 0.031310 0.008058 0.017213 
0.464355 0.712871 0.000000 0.003738 0.171684 0.037930 0.031475 0.008122 0.017396 
0.465332 0.714580 0.000000 0.003567 0.171684 0.038139 0.031641 0.008186 0.017580 
0.466309 0.716292 0.000000 0.003390 0.171684 0.038349 0.031808 0.008251 0.017765 
0.467285 0.718006 0.000000 0.003209 0.171684 0.038560 0.031976 0.008317 0.017951 
0.468262 0.719723 0.000000 0.003022 0.171684 0.038773 0.032145 0.008384 0.018138 
0.469238 0.721442 0.000000 0.002830 0.171684 0.038988 0.032315 0.008451 0.018326 
0.470215 0.723164 0.000000 0.002632 0.171684 0.039204 0.032485 0.008519 0.018516 
0.471191 0.724888 0.000000 0.002429 0.171684 0.039421 0.032657 0.008588 0.018706 
0.472168 0.726615 0.000000 0.002220 0.171684 0.039640 0.032830 0.008657 0.018898 
0.473145 0.728344 0.000000 0.002005 0.171684 0.039861 0.033003 0.008727 0.019091 
0.474121 0.730075 0.000000 0.001784 0.171684 0.040083 0.033178 0.008798 0.019284 
0.475098 0.731810 0.000000 0.001557 0.171684 0.040307 0.033353 0.008870 0.019480 
0.476074 0.733546 0.000000 0.001323 0.171684 0.040532 0.033530 0.008942 0.019676 
0.477051 0.735286 0.000000 0.001083 0.171684 0.040759 0.033708 0.009015 0.019873 
0.478027 0.737027 0.000000 0.000836 0.171684 0.040987 0.033886 0.009089 0.020072 
0.479004 0.738772 0.000000 0.000582 0.171684 0.041217 0.034066 0.009163 0.020272 
0.479980 0.740519 0.000000 0.000322 0.171684 0.041449 0.034246 0.009238 0.020473 
0.480957 0.742269 0.000000 0.000054 0.171684 0.041682 0.034428 0.009314 0.020675 
0.481934 0.744021 0.000000 0.000222 0.171684 0.041916 0.034610 0.009391 0.020879 
0.482910 0.745776 0.000000 0.000505 0.171684 0.042153 0.034794 0.009469 0.021084 
0.483887 0.747533 0.000000 0.000795 0.171684 0.042391 0.034978 0.009547 0.021290 
0.484863 0.749294 0.000000 0.001094 0.171684 0.042631 0.035164 0.009626 0.021497 
0.485840 0.751057 0.000000 0.001401 0.171684 0.042872 0.035351 0.009705 0.021705 
0.486816 0.752823 0.000000 0.001716 0.171684 0.043115 0.035538 0.009786 0.021915 
0.487793 0.754591 0.000000 0.002040 0.171684 0.043360 0.035727 0.009867 0.022126 
0.488770 0.756362 0.000000 0.002373 0.171684 0.043606 0.035917 0.009949 0.022339 
0.489746 0.758136 0.000000 0.002714 0.171684 0.043854 0.036108 0.010032 0.022552 
0.490723 0.759913 0.000000 0.003065 0.171684 0.044104 0.036300 0.010116 0.022767 
0.491699 0.761693 0.000000 0.003425 0.171684 0.044355 0.036493 0.010200 0.022984 
0.492676 0.763475 0.000000 0.003795 0.171684 0.044608 0.036688 0.010285 0.023201 
0.493652 0.765260 0.000000 0.004175 0.171684 0.044863 0.036883 0.010371 0.023420 
0.494629 0.767048 0.000000 0.004565 0.171684 0.045120 0.037080 0.010458 0.023641 
0.495605 0.768839 0.000000 0.004965 0.171684 0.045378 0.037277 0.010546 0.023863 
0.496582 0.770633 0.000000 0.005376 0.171684 0.045638 0.037476 0.010635 0.024086 
0.497559 0.772430 0.000000 0.005798 0.171684 0.045900 0.037676 0.010724 0.024310 
0.498535 0.774229 0.000000 0.006231 0.171684 0.046164 0.037877 0.010814 0.024536 
0.499512 0.776032 0.000000 0.006675 0.171684 0.046430 0.038079 0.010905 0.024763 
