#x y at the midpoint of each cell all the solution components
-0.500000 0.780771 -0.000604 -0.552088 -0.170673 0.049439 
-0.437500 0.659351 0.000604 -0.466232 -0.172274 0.028587 
-0.437500 0.659351 0.000604 -0.466232 -0.172274 0.028587 
-0.375000 0.555174 0.000217 -0.392632 -0.171769 0.018672 
-0.375000 0.555174 0.000217 -0.392632 -0.171769 0.018672 
-0.312500 0.457124 0.000118 -0.323271 -0.171635 0.012121 
-0.312500 0.457124 0.000118 -0.323271 -0.171635 0.012121 
-0.250000 0.362984 0.000065 -0.256688 -0.171564 0.008009 
-0.250000 0.362984 0.000065 -0.256688 -0.171564 0.008009 
-0.187500 0.270983 0.000037 -0.191625 -0.171524 0.005229 
-0.187500 0.270983 0.000037 -0.191625 -0.171524 0.005229 
-0.125000 0.180154 0.000020 -0.127396 -0.171502 0.003180 
-0.125000 0.180154 0.000020 -0.127396 -0.171502 0.003180 
-0.062500 0.089945 0.000010 -0.063606 -0.171488 0.001517 
-0.062500 0.089945 0.000010 -0.063606 -0.171488 0.001517 
0.000000 0.000003 0.000003 -0.000006 -0.171478 0.000022 
0.000000 0.000003 0.000003 -0.000006 -0.171478 0.000022 
0.062500 -0.089939 -0.000003 0.063592 -0.171469 -0.001470 
0.062500 -0.089939 -0.000003 0.063592 -0.171469 -0.001470 
0.125000 -0.180146 -0.000010 0.127377 -0.171459 -0.003121 
0.125000 -0.180146 -0.000010 0.127377 -0.171459 -0.003121 
0.187500 -0.270971 -0.000020 0.191598 -0.171445 -0.005146 
0.187500 -0.270971 -0.000020 0.191598 -0.171445 -0.005146 
0.250000 -0.362965 -0.000037 0.256643 -0.171423 -0.007879 
0.250000 -0.362965 -0.000037 0.256643 -0.171423 -0.007879 
0.312500 -0.457091 -0.000065 0.323192 -0.171383 -0.011903 
0.312500 -0.457091 -0.000065 0.323192 -0.171383 -0.011903 
0.375000 -0.555114 -0.000118 0.392490 -0.171312 -0.018288 
0.375000 -0.555114 -0.000118 0.392490 -0.171312 -0.018288 
0.437500 -0.660351 -0.000217 0.466874 -0.171178 -0.029040 
0.437500 -0.660351 -0.000217 0.466874 -0.171178 -0.029040 
0.500000 -0.780771 -0.000604 0.552088 -0.170673 -0.049439 
