 Tensors 13 Optimal Error 0.0017829
 #error
0.0936308
0.0937534
0.0938513
0.0939314
0.0939981
0.0940545
0.0941029
0.0941447
0.0941813
0.0942136
0.0942423
0.094268
0.0942911
0.094312
0.094331
0.0943484
0.0943643
0.0943789
0.0943924
0.0944049
0.0944165
0.0944273
0.0944373
0.0944468
0.0944556
0.0944639
0.0658921
0.0663289
0.066679
0.066966
0.0672054
0.0674083
0.0675823
0.0677332
0.0678654
0.0679821
0.0680859
0.0681788
0.0682625
0.0683382
0.0684071
0.06847
0.0685276
0.0685807
0.0686297
0.0686751
0.0687173
0.0687565
0.0687932
0.0688275
0.0688596
0.0688898
0.0442722
0.0448899
0.0453863
0.0457938
0.0461345
0.0464234
0.0466716
0.046887
0.0470759
0.0472427
0.0473912
0.0475242
0.0476441
0.0477526
0.0478513
0.0479415
0.0480243
0.0481004
0.0481708
0.048236
0.0482965
0.0483529
0.0484056
0.0484549
0.0485011
0.0485445
0.0269476
0.0276697
0.0282511
0.0287291
0.0291292
0.0294689
0.029761
0.0300148
0.0302373
0.0304341
0.0306093
0.0307663
0.0309078
0.031036
0.0311527
0.0312594
0.0313572
0.0314473
0.0315306
0.0316077
0.0316794
0.0317462
0.0318085
0.0318669
0.0319217
0.0319731
0.012754
0.0135346
0.014164
0.0146823
0.0151164
0.0154854
0.0158029
0.0160789
0.0163212
0.0165354
0.0167263
0.0168974
0.0170517
0.0171915
0.0173188
0.0174352
0.017542
0.0176403
0.0177312
0.0178155
0.0178938
0.0179667
0.0180349
0.0180986
0.0181585
0.0182147
0.0017829
0.00190501
0.00237825
0.00291779
0.00337017
0.00375494
0.00408619
0.00437438
0.00462737
0.00485126
0.00505078
0.00522972
0.00539109
0.00553737
0.00567058
0.00579239
0.00590422
0.00600723
0.00610243
0.00619067
0.0062727
0.00634914
0.00642055
0.00648742
0.00655015
0.00660912
0.00911578
0.00829278
0.00781602
0.00749761
0.00723044
0.00700306
0.0068072
0.00663673
0.00648701
0.00635447
0.00623631
0.00613032
0.0060347
0.00594801
0.00586904
0.00579682
0.00573051
0.00566942
0.00561295
0.00556059
0.00551192
0.00546656
0.00542418
0.0053845
0.00534726
0.00531225
0.0177186
0.0168948
0.0162284
0.0156782
0.0152162
0.0148229
0.0144838
0.0141886
0.0139293
0.0136996
0.0134949
0.0133111
0.0131453
0.0129949
0.012858
0.0127327
0.0126176
0.0125116
0.0124136
0.0123227
0.0122382
0.0121594
0.0120858
0.0120169
0.0119522
0.0118914
0.0251794
0.0243623
0.0237008
0.0231542
0.022695
0.0223038
0.0219665
0.0216728
0.0214146
0.0211859
0.0209819
0.0207989
0.0206337
0.0204838
0.0203473
0.0202224
0.0201077
0.0200019
0.0199042
0.0198135
0.0197293
0.0196507
0.0195773
0.0195085
0.019444
0.0193833
0.0317115
0.0309058
0.030253
0.0297134
0.0292598
0.0288732
0.0285397
0.0282492
0.0279939
0.0277676
0.0275657
0.0273846
0.027221
0.0270726
0.0269375
0.0268137
0.0267001
0.0265954
0.0264985
0.0264087
0.0263252
0.0262474
0.0261746
0.0261065
0.0260425
0.0259824
0.0374782
0.0366869
0.0360453
0.0355146
0.0350684
0.034688
0.0343598
0.0340737
0.0338222
0.0335993
0.0334005
0.0332219
0.0330607
0.0329145
0.0327812
0.0326592
0.0325472
0.0324439
0.0323484
0.0322598
0.0321775
0.0321007
0.0320289
0.0319616
0.0318985
0.0318392
0.0426064
0.0418313
0.0412025
0.0406822
0.0402445
0.0398713
0.0395491
0.0392683
0.0390213
0.0388024
0.0386071
0.0384316
0.0382733
0.0381296
0.0379986
0.0378787
0.0377685
0.037667
0.0375731
0.037486
0.037405
0.0373295
0.0372589
0.0371928
0.0371307
0.0370724
0.0471968
0.0464389
0.0458238
0.0453146
0.0448861
0.0445205
0.044205
0.0439298
0.0436878
0.0434733
0.0432818
0.0431098
0.0429545
0.0428136
0.0426851
0.0425675
0.0424595
0.0423599
0.0422678
0.0421824
0.0421029
0.0420288
0.0419595
0.0418946
0.0418337
0.0417765
0.0513296
0.0505894
0.0499884
0.0494907
0.0490718
0.0487143
0.0484056
0.0481364
0.0478996
0.0476896
0.0475022
0.0473338
0.0471818
0.0470438
0.046918
0.0468028
0.046697
0.0465995
0.0465092
0.0464255
0.0463477
0.0462751
0.0462072
0.0461436
0.046084
0.0460278
0.05507
0.0543478
0.053761
0.0532749
0.0528657
0.0525163
0.0522146
0.0519515
0.05172
0.0515147
0.0513314
0.0511667
0.051018
0.050883
0.0507599
0.0506473
0.0505437
0.0504483
0.05036
0.0502781
0.0502019
0.0501309
0.0500644
0.0500022
0.0499438
0.0498889
0.0584715
0.0577669
0.0571944
0.0567199
0.0563203
0.0559791
0.0556844
0.0554274
0.0552011
0.0550005
0.0548214
0.0546604
0.0545151
0.0543831
0.0542628
0.0541526
0.0540514
0.0539581
0.0538717
0.0537916
0.0537171
0.0536476
0.0535827
0.0535218
0.0534647
0.0534109
0.061578
0.0608909
0.0603323
0.0598692
0.0594792
0.0591461
0.0588584
0.0586073
0.0583863
0.0581903
0.0580153
0.0578581
0.057716
0.0575871
0.0574695
0.0573619
0.0572629
0.0571717
0.0570873
0.057009
0.0569362
0.0568682
0.0568047
0.0567452
0.0566894
0.0566368
0.0644264
0.0637563
0.0632113
0.0627595
0.0623788
0.0620536
0.0617727
0.0615276
0.0613118
0.0611203
0.0609494
0.0607958
0.060657
0.060531
0.0604161
0.060311
0.0602143
0.0601251
0.0600426
0.0599661
0.0598949
0.0598285
0.0597665
0.0597083
0.0596537
0.0596023
0.0670475
0.0663939
0.0658623
0.0654213
0.0650498
0.0647324
0.0644581
0.0642187
0.064008
0.063821
0.063654
0.063504
0.0633684
0.0632453
0.0631331
0.0630303
0.0629359
0.0628487
0.0627681
0.0626934
0.0626238
0.0625589
0.0624982
0.0624414
0.062388
0.0623378
0.0694675
0.0688299
0.0683112
0.0678809
0.0675181
0.0672083
0.0669404
0.0667067
0.0665009
0.0663182
0.0661551
0.0660086
0.0658761
0.0657559
0.0656462
0.0655458
0.0654535
0.0653684
0.0652896
0.0652165
0.0651485
0.0650851
0.0650258
0.0649703
0.0649181
0.064869
0.0717087
0.0710866
0.0705803
0.0701602
0.0698061
0.0695035
0.069242
0.0690136
0.0688126
0.0686342
0.0684749
0.0683317
0.0682023
0.0680848
0.0679776
0.0678795
0.0677893
0.0677061
0.0676291
0.0675577
0.0674912
0.0674292
0.0673713
0.067317
0.067266
0.067218
0.0737902
0.073183
0.0726887
0.0722786
0.0719327
0.0716372
0.0713817
0.0711587
0.0709623
0.070788
0.0706323
0.0704923
0.0703659
0.070251
0.0701463
0.0700504
0.0699622
0.0698809
0.0698057
0.0697358
0.0696709
0.0696103
0.0695536
0.0695005
0.0694507
0.0694038
0.0757284
0.0751356
0.074653
0.0742524
0.0739145
0.0736258
0.0733762
0.0731582
0.0729663
0.072796
0.0726438
0.072507
0.0723834
0.0722711
0.0721687
0.072075
0.0719888
0.0719093
0.0718357
0.0717674
0.0717039
0.0716447
0.0715893
0.0715374
0.0714886
0.0714428
0.0775377
0.0769588
0.0764873
0.0760959
0.0757658
0.0754837
0.0752397
0.0750266
0.074839
0.0746725
0.0745237
0.07439
0.0742691
0.0741594
0.0740593
0.0739676
0.0738833
0.0738055
0.0737336
0.0736668
0.0736047
0.0735468
0.0734926
0.0734418
0.0733941
0.0733493
0.0792306
0.0786649
0.0782042
0.0778217
0.077499
0.0772232
0.0769847
0.0767764
0.0765929
0.0764301
0.0762846
0.0761538
0.0760356
0.0759283
0.0758303
0.0757407
0.0756582
0.0755821
0.0755118
0.0754465
0.0753857
0.075329
0.075276
0.0752263
0.0751797
0.0751358
0.0808178
0.080265
0.0798146
0.0794407
0.0791252
0.0788554
0.0786222
0.0784184
0.078239
0.0780797
0.0779374
0.0778094
0.0776938
0.0775888
0.077493
0.0774052
0.0773245
0.0772501
0.0771813
0.0771173
0.0770579
0.0770024
0.0769505
0.0769019
0.0768563
0.0768133
