 Tensors 15 Optimal Error 0.00133074
 #error
0.0929629
0.0931163
0.0932388
0.093339
0.0934224
0.0934929
0.0935533
0.0936057
0.0936514
0.0936918
0.0937277
0.0937598
0.0937886
0.0938147
0.0938385
0.0938601
0.09388
0.0938983
0.0939151
0.0939307
0.0939452
0.0939587
0.0939713
0.0939831
0.0939941
0.0940045
0.0653359
0.0657951
0.0661632
0.0664647
0.0667163
0.0669294
0.0671122
0.0672707
0.0674095
0.0675321
0.0676411
0.0677386
0.0678265
0.0679059
0.0679782
0.0680443
0.0681048
0.0681605
0.068212
0.0682596
0.0683038
0.068345
0.0683835
0.0684195
0.0684532
0.0684849
0.0437974
0.0444321
0.0449418
0.0453603
0.04571
0.0460066
0.0462613
0.0464825
0.0466762
0.0468474
0.0469998
0.0471362
0.0472591
0.0473705
0.0474717
0.0475642
0.0476491
0.0477272
0.0477994
0.0478662
0.0479283
0.0479861
0.0480401
0.0480907
0.0481381
0.0481826
0.0265345
0.0272697
0.0278614
0.0283478
0.0287548
0.0291004
0.0293974
0.0296555
0.0298818
0.0300818
0.03026
0.0304196
0.0305634
0.0306937
0.0308123
0.0309207
0.0310202
0.0311117
0.0311963
0.0312747
0.0313475
0.0314154
0.0314787
0.0315381
0.0315937
0.031646
0.012389
0.01318
0.0138175
0.0143423
0.0147819
0.0151554
0.0154767
0.015756
0.0160011
0.0162179
0.016411
0.0165841
0.0167401
0.0168816
0.0170103
0.017128
0.017236
0.0173355
0.0174274
0.0175125
0.0175917
0.0176655
0.0177344
0.0177989
0.0178594
0.0179162
0.00133074
0.00152563
0.00206655
0.00261128
0.00306792
0.00345624
0.0037905
0.00408125
0.00433647
0.0045623
0.00476354
0.004944
0.00510674
0.00525424
0.00538855
0.00551137
0.00562411
0.00572796
0.00582393
0.00591289
0.00599557
0.00607263
0.0061446
0.00621199
0.00627522
0.00633466
0.00941082
0.00858106
0.00791065
0.00741841
0.00715057
0.00692267
0.0067264
0.00655558
0.00640558
0.00627281
0.00615446
0.0060483
0.00595255
0.00586573
0.00578666
0.00571435
0.00564796
0.00558679
0.00553026
0.00547785
0.00542912
0.00538372
0.00534129
0.00530157
0.0052643
0.00522926
0.0179875
0.0171582
0.0164875
0.0159339
0.0154692
0.0150736
0.0147327
0.0144359
0.0141752
0.0139444
0.0137386
0.0135539
0.0133873
0.0132362
0.0130986
0.0129727
0.0128572
0.0127506
0.0126522
0.0125609
0.012476
0.0123969
0.012323
0.0122538
0.0121889
0.0121278
0.0254263
0.0246046
0.0239395
0.0233902
0.0229288
0.0225358
0.0221971
0.0219021
0.0216428
0.0214132
0.0212085
0.0210247
0.0208589
0.0207085
0.0205715
0.0204461
0.020331
0.020225
0.0201269
0.0200359
0.0199514
0.0198726
0.0197989
0.0197299
0.0196652
0.0196044
0.0319396
0.0311301
0.0304743
0.0299324
0.0294771
0.029089
0.0287544
0.028463
0.0282068
0.0279798
0.0277773
0.0275956
0.0274316
0.0272829
0.0271473
0.0270233
0.0269093
0.0268044
0.0267073
0.0266173
0.0265336
0.0264555
0.0263826
0.0263143
0.0262502
0.0261899
0.0376901
0.0368955
0.0362515
0.035719
0.0352714
0.0348898
0.0345607
0.0342739
0.0340217
0.0337983
0.033599
0.03342
0.0332585
0.033112
0.0329784
0.0328562
0.032744
0.0326405
0.0325448
0.0324561
0.0323736
0.0322967
0.0322248
0.0321575
0.0320943
0.0320348
0.0428042
0.0420263
0.0413955
0.0408737
0.0404349
0.0400607
0.0397378
0.0394564
0.0392089
0.0389897
0.038794
0.0386183
0.0384597
0.0383157
0.0381846
0.0380645
0.0379543
0.0378526
0.0377586
0.0376714
0.0375903
0.0375147
0.0374441
0.0373779
0.0373158
0.0372574
0.0473821
0.0466219
0.0460051
0.0454947
0.0450652
0.044699
0.0443829
0.0441073
0.0438649
0.0436501
0.0434584
0.0432862
0.0431308
0.0429897
0.0428611
0.0427434
0.0426353
0.0425357
0.0424435
0.042358
0.0422785
0.0422044
0.0421351
0.0420702
0.0420092
0.0419519
0.051504
0.0507618
0.0501594
0.0496607
0.049241
0.0488829
0.0485738
0.0483043
0.0480673
0.0478571
0.0476695
0.047501
0.0473489
0.0472108
0.047085
0.0469698
0.0468639
0.0467664
0.0466761
0.0465924
0.0465145
0.0464419
0.0463741
0.0463105
0.0462508
0.0461947
0.0552347
0.0545106
0.0539227
0.0534358
0.053026
0.0526762
0.0523742
0.0521109
0.0518792
0.0516738
0.0514904
0.0513257
0.0511769
0.0510419
0.0509188
0.0508062
0.0507026
0.0506072
0.0505189
0.050437
0.0503609
0.0502898
0.0502234
0.0501612
0.0501029
0.0500479
0.0586274
0.0579213
0.0573478
0.0568726
0.0564726
0.0561311
0.0558362
0.055579
0.0553527
0.055152
0.0549728
0.0548119
0.0546665
0.0545346
0.0544143
0.0543042
0.054203
0.0541097
0.0540234
0.0539434
0.0538689
0.0537994
0.0537345
0.0536737
0.0536166
0.0535629
0.061726
0.0610376
0.0604782
0.0600146
0.0596242
0.0592909
0.059003
0.0587519
0.0585309
0.0583349
0.0581599
0.0580027
0.0578607
0.0577318
0.0576143
0.0575067
0.0574079
0.0573167
0.0572324
0.0571541
0.0570813
0.0570135
0.05695
0.0568906
0.0568348
0.0567823
0.0645672
0.063896
0.0633504
0.0628981
0.0625172
0.0621919
0.0619109
0.0616658
0.06145
0.0612586
0.0610877
0.0609342
0.0607955
0.0606696
0.0605548
0.0604497
0.0603531
0.060264
0.0601817
0.0601052
0.0600341
0.0599678
0.0599058
0.0598477
0.0597932
0.0597419
0.0671818
0.0665273
0.0659951
0.0655539
0.0651821
0.0648647
0.0645904
0.064351
0.0641404
0.0639535
0.0637866
0.0636367
0.0635012
0.0633783
0.0632661
0.0631635
0.0630691
0.0629821
0.0629016
0.0628269
0.0627574
0.0626926
0.062632
0.0625753
0.062522
0.0624719
0.0695959
0.0689575
0.0684383
0.0680078
0.067645
0.0673351
0.0670673
0.0668336
0.0666279
0.0664454
0.0662824
0.066136
0.0660037
0.0658836
0.065774
0.0656737
0.0655816
0.0654965
0.0654179
0.0653449
0.065277
0.0652137
0.0651545
0.0650991
0.065047
0.064998
0.0718316
0.0712088
0.0707022
0.070282
0.0699278
0.0696253
0.0693638
0.0691356
0.0689347
0.0687565
0.0685973
0.0684542
0.068325
0.0682076
0.0681006
0.0680026
0.0679125
0.0678295
0.0677526
0.0676813
0.067615
0.0675531
0.0674952
0.067441
0.0673902
0.0673423
0.0739081
0.0733003
0.0728058
0.0723956
0.0720498
0.0717543
0.071499
0.0712761
0.0710798
0.0709057
0.0707501
0.0706104
0.0704841
0.0703694
0.0702648
0.0701691
0.0700811
0.0699999
0.0699248
0.0698551
0.0697902
0.0697297
0.0696732
0.0696202
0.0695705
0.0695237
0.0758417
0.0752484
0.0747656
0.074365
0.0740272
0.0737386
0.0734891
0.0732714
0.0730796
0.0729094
0.0727575
0.0726209
0.0724974
0.0723854
0.0722831
0.0721895
0.0721035
0.0720241
0.0719507
0.0718826
0.0718192
0.07176
0.0717048
0.071653
0.0716043
0.0715586
0.0776468
0.0770674
0.0765958
0.0762044
0.0758744
0.0755924
0.0753486
0.0751358
0.0749484
0.0747821
0.0746335
0.0745
0.0743793
0.0742697
0.0741698
0.0740783
0.0739941
0.0739165
0.0738447
0.0737781
0.0737161
0.0736583
0.0736042
0.0735536
0.073506
0.0734613
0.0793357
0.0787697
0.0783089
0.0779264
0.0776039
0.0773282
0.0770899
0.0768818
0.0766986
0.076536
0.0763907
0.0762601
0.0761421
0.076035
0.0759372
0.0758477
0.0757654
0.0756895
0.0756193
0.0755542
0.0754935
0.075437
0.0753841
0.0753345
0.075288
0.0752442
0.0809192
0.0803661
0.0799157
0.0795418
0.0792265
0.078957
0.0787239
0.0785204
0.0783412
0.0781822
0.0780401
0.0779123
0.0777969
0.0776921
0.0775965
0.0775089
0.0774284
0.0773541
0.0772854
0.0772217
0.0771624
0.077107
0.0770553
0.0770068
0.0769613
0.0769184
