 Tensors 17 Optimal Error 0.00101205
 #error
0.0925013
0.0926696
0.092804
0.0929139
0.0930053
0.0930827
0.0931489
0.0932063
0.0932565
0.0933008
0.0933401
0.0933753
0.0934069
0.0934356
0.0934616
0.0934854
0.0935071
0.0935272
0.0935456
0.0935628
0.0935786
0.0935934
0.0936072
0.0936201
0.0936322
0.0936436
0.0649536
0.0654235
0.0658
0.0661085
0.0663658
0.0665837
0.0667707
0.0669328
0.0670748
0.0672001
0.0673116
0.0674113
0.0675011
0.0675824
0.0676564
0.0677239
0.0677858
0.0678427
0.0678953
0.067944
0.0679893
0.0680314
0.0680707
0.0681075
0.068142
0.0681744
0.0434726
0.0441151
0.0446312
0.0450548
0.0454087
0.0457089
0.0459666
0.0461904
0.0463865
0.0465597
0.0467138
0.0468519
0.0469762
0.0470889
0.0471913
0.0472849
0.0473708
0.0474498
0.0475228
0.0475904
0.0476532
0.0477117
0.0477663
0.0478174
0.0478654
0.0479104
0.026253
0.0269942
0.0275906
0.028081
0.0284911
0.0288394
0.0291387
0.0293987
0.0296267
0.0298283
0.0300078
0.0301686
0.0303135
0.0304448
0.0305642
0.0306734
0.0307736
0.0308658
0.030951
0.03103
0.0311033
0.0311717
0.0312355
0.0312952
0.0313513
0.0314039
0.0121412
0.0129368
0.013578
0.0141058
0.0145478
0.0149234
0.0152464
0.0155273
0.0157736
0.0159915
0.0161856
0.0163596
0.0165165
0.0166586
0.016788
0.0169063
0.0170148
0.0171148
0.0172072
0.0172928
0.0173723
0.0174465
0.0175157
0.0175805
0.0176413
0.0176984
0.00101205
0.00130712
0.00185218
0.00239923
0.00285777
0.00324766
0.00358325
0.00387514
0.00413135
0.00435805
0.00456004
0.00474117
0.00490451
0.00505256
0.00518736
0.00531062
0.00542376
0.00552798
0.00562429
0.00571356
0.00579653
0.00587386
0.00594609
0.00601371
0.00607715
0.00613679
0.00960995
0.0087772
0.00810449
0.00754972
0.00708437
0.00683879
0.00664238
0.00647146
0.00632138
0.00618855
0.00607014
0.00596394
0.00586815
0.0057813
0.00570221
0.00562988
0.00556347
0.00550229
0.00544574
0.00539332
0.00534459
0.00529918
0.00525675
0.00521702
0.00517975
0.0051447
0.0181685
0.0173368
0.0166643
0.0161092
0.0156434
0.0152468
0.0149051
0.0146076
0.0143464
0.014115
0.0139088
0.0137237
0.0135568
0.0134054
0.0132675
0.0131414
0.0130256
0.0129189
0.0128202
0.0127288
0.0126438
0.0125645
0.0124905
0.0124211
0.0123561
0.0122949
0.0255922
0.0247684
0.0241019
0.0235514
0.0230891
0.0226953
0.022356
0.0220604
0.0218008
0.0215708
0.0213657
0.0211817
0.0210156
0.020865
0.0207278
0.0206023
0.020487
0.0203808
0.0202826
0.0201915
0.0201068
0.0200279
0.0199542
0.0198851
0.0198203
0.0197594
0.0320925
0.0312813
0.0306244
0.0300815
0.0296254
0.0292368
0.0289017
0.0286099
0.0283533
0.0281261
0.0279234
0.0277415
0.0275773
0.0274284
0.0272927
0.0271685
0.0270545
0.0269494
0.0268523
0.0267622
0.0266784
0.0266003
0.0265273
0.0264589
0.0263948
0.0263345
0.0378318
0.0370359
0.0363909
0.0358577
0.0354094
0.0350274
0.0346979
0.0344108
0.0341584
0.0339348
0.0337353
0.0335562
0.0333946
0.0332479
0.0331143
0.032992
0.0328797
0.0327762
0.0326805
0.0325917
0.0325091
0.0324322
0.0323602
0.0322929
0.0322296
0.0321702
0.0429363
0.0421573
0.0415257
0.0410032
0.0405639
0.0401894
0.0398663
0.0395847
0.039337
0.0391176
0.0389218
0.038746
0.0385873
0.0384433
0.0383121
0.038192
0.0380817
0.03798
0.037886
0.0377988
0.0377177
0.0376421
0.0375714
0.0375052
0.0374431
0.0373846
0.0475057
0.0467446
0.0461271
0.0456162
0.0451864
0.0448199
0.0445036
0.0442279
0.0439854
0.0437704
0.0435786
0.0434064
0.0432509
0.0431099
0.0429813
0.0428636
0.0427554
0.0426558
0.0425636
0.0424781
0.0423986
0.0423244
0.0422551
0.0421902
0.0421293
0.042072
0.0516201
0.0508771
0.0502742
0.0497751
0.0493551
0.0489969
0.0486877
0.0484181
0.0481809
0.0479707
0.0477831
0.0476146
0.0474624
0.0473244
0.0471985
0.0470833
0.0469775
0.0468799
0.0467897
0.046706
0.0466281
0.0465555
0.0464877
0.0464241
0.0463645
0.0463084
0.0553441
0.0546194
0.0540311
0.0535439
0.0531338
0.052784
0.0524819
0.0522185
0.0519868
0.0517813
0.0515979
0.0514332
0.0512845
0.0511495
0.0510264
0.0509138
0.0508103
0.0507149
0.0506266
0.0505448
0.0504686
0.0503976
0.0503312
0.0502691
0.0502107
0.0501558
0.0587309
0.0580243
0.0574503
0.056975
0.0565748
0.0562332
0.0559383
0.0556811
0.0554548
0.0552541
0.055075
0.0549141
0.0547687
0.0546368
0.0545166
0.0544065
0.0543053
0.0542121
0.0541258
0.0540458
0.0539714
0.0539019
0.0538371
0.0537763
0.0537192
0.0536655
0.0618242
0.0611353
0.0605756
0.0601118
0.0597213
0.059388
0.0591002
0.058849
0.0586281
0.0584321
0.0582572
0.0581
0.0579581
0.0578292
0.0577117
0.0576042
0.0575054
0.0574143
0.05733
0.0572518
0.057179
0.0571112
0.0570478
0.0569884
0.0569326
0.0568802
0.0646605
0.0639889
0.0634431
0.0629907
0.0626097
0.0622845
0.0620035
0.0617584
0.0615426
0.0613513
0.0611805
0.061027
0.0608884
0.0607626
0.0606478
0.0605428
0.0604463
0.0603572
0.0602749
0.0601985
0.0601274
0.0600612
0.0599992
0.0599412
0.0598867
0.0598354
0.0672708
0.0666159
0.0660835
0.0656422
0.0652705
0.064953
0.0646788
0.0644395
0.0642289
0.0640421
0.0638753
0.0637254
0.0635901
0.0634672
0.0633551
0.0632525
0.0631582
0.0630713
0.0629908
0.0629162
0.0628468
0.062782
0.0627215
0.0626648
0.0626115
0.0625615
0.0696808
0.0690421
0.0685228
0.0680922
0.0677295
0.0674196
0.0671519
0.0669183
0.0667127
0.0665303
0.0663674
0.066221
0.0660888
0.0659688
0.0658593
0.0657591
0.065667
0.065582
0.0655035
0.0654305
0.0653627
0.0652995
0.0652403
0.0651849
0.0651329
0.0650839
0.0719129
0.0712899
0.0707831
0.0703629
0.0700088
0.0697063
0.069445
0.0692169
0.069016
0.0688379
0.0686788
0.0685359
0.0684067
0.0682894
0.0681825
0.0680846
0.0679946
0.0679116
0.0678348
0.0677636
0.0676973
0.0676355
0.0675777
0.0675235
0.0674727
0.0674249
0.073986
0.073378
0.0728835
0.0724732
0.0721275
0.0718321
0.0715769
0.0713541
0.0711579
0.0709839
0.0708285
0.0706888
0.0705626
0.0704481
0.0703436
0.0702479
0.0701599
0.0700788
0.0700038
0.0699342
0.0698694
0.069809
0.0697525
0.0696996
0.0696499
0.0696031
0.0759165
0.0753231
0.0748402
0.0744396
0.0741019
0.0738134
0.0735641
0.0733464
0.0731548
0.0729848
0.0728329
0.0726964
0.0725731
0.0724611
0.072359
0.0722654
0.0721795
0.0721002
0.0720268
0.0719588
0.0718955
0.0718364
0.0717812
0.0717294
0.0716809
0.0716352
0.0777187
0.0771392
0.0766676
0.0762763
0.0759464
0.0756645
0.0754208
0.0752081
0.0750208
0.0748546
0.0747062
0.0745728
0.0744522
0.0743427
0.0742429
0.0741515
0.0740674
0.0739899
0.0739182
0.0738516
0.0737897
0.073732
0.073678
0.0736274
0.0735799
0.0735352
0.0794049
0.0788388
0.078378
0.0779957
0.0776733
0.0773977
0.0771595
0.0769516
0.0767685
0.076606
0.0764609
0.0763304
0.0762125
0.0761055
0.0760078
0.0759184
0.0758362
0.0757604
0.0756903
0.0756252
0.0755646
0.0755081
0.0754553
0.0754058
0.0753593
0.0753156
0.080986
0.0804328
0.0799824
0.0796087
0.0792934
0.0790241
0.0787912
0.0785878
0.0784087
0.0782498
0.0781078
0.0779802
0.0778649
0.0777602
0.0776647
0.0775772
0.0774968
0.0774226
0.077354
0.0772903
0.0772311
0.0771758
0.0771241
0.0770757
0.0770303
0.0769875
