 Tensors 14 Optimal Error 0.000698418
 #error
0.0868594
0.0870181
0.0871449
0.0872486
0.087335
0.087408
0.0874705
0.0875247
0.0875721
0.0876139
0.0876511
0.0876843
0.0877142
0.0877413
0.0877659
0.0877883
0.0878089
0.0878278
0.0878453
0.0878614
0.0878764
0.0878904
0.0879035
0.0879157
0.0879271
0.0879378
0.0603003
0.0607554
0.0611202
0.0614191
0.0616685
0.0618798
0.062061
0.0622182
0.0623559
0.0624774
0.0625855
0.0626822
0.0627693
0.0628482
0.0629199
0.0629854
0.0630454
0.0631007
0.0631517
0.063199
0.0632429
0.0632837
0.0633219
0.0633576
0.0633911
0.0634225
0.0395339
0.04016
0.040663
0.041076
0.0414211
0.0417138
0.0419652
0.0421835
0.0423748
0.0425438
0.0426942
0.0428289
0.0429503
0.0430602
0.0431602
0.0432516
0.0433354
0.0434125
0.0434838
0.0435498
0.0436111
0.0436682
0.0437215
0.0437714
0.0438182
0.0438622
0.0228513
0.023576
0.0241593
0.024639
0.0250404
0.0253812
0.0256741
0.0259287
0.0261519
0.0263493
0.026525
0.0266825
0.0268244
0.026953
0.02707
0.0271769
0.027275
0.0273654
0.0274489
0.0275262
0.0275981
0.027665
0.0277276
0.0277861
0.027841
0.0278926
0.00915567
0.00993549
0.0105642
0.0110817
0.0115153
0.0118837
0.0122007
0.0124763
0.0127181
0.012932
0.0131225
0.0132933
0.0134473
0.0135868
0.0137139
0.01383
0.0139366
0.0140348
0.0141255
0.0142096
0.0142877
0.0143605
0.0144285
0.0144922
0.0145519
0.014608
0.00229569
0.00159233
0.0011484
0.000826227
0.000757158
0.000698418
0.000872035
0.00115902
0.00141095
0.00163387
0.00183254
0.00201069
0.00217136
0.00231699
0.0024496
0.00257087
0.00268219
0.00278473
0.0028795
0.00296734
0.00304899
0.00312508
0.00319616
0.00326271
0.00332515
0.00338385
0.0119961
0.0111772
0.0105154
0.00996958
0.0095116
0.00912186
0.00878617
0.00849401
0.00823743
0.00801031
0.00780785
0.00762623
0.0074624
0.00731387
0.00717858
0.00705485
0.00694125
0.00683659
0.00673985
0.00665016
0.00656679
0.00648908
0.00641648
0.00634851
0.00628472
0.00622476
0.0203329
0.019514
0.0188516
0.0183048
0.0178457
0.0174549
0.017118
0.0168248
0.0165671
0.016339
0.0161356
0.0159531
0.0157884
0.015639
0.015503
0.0153786
0.0152643
0.015159
0.0150617
0.0149714
0.0148875
0.0148093
0.0147362
0.0146678
0.0146036
0.0145432
0.0275706
0.0267587
0.0261015
0.0255586
0.0251026
0.0247141
0.0243792
0.0240875
0.0238312
0.0236042
0.0234017
0.0232199
0.0230559
0.0229072
0.0227717
0.0226477
0.0225338
0.0224289
0.0223319
0.0222419
0.0221583
0.0220803
0.0220074
0.0219392
0.0218752
0.021815
0.033913
0.0331128
0.0324646
0.0319287
0.0314784
0.0310946
0.0307636
0.0304753
0.0302218
0.0299973
0.029797
0.0296172
0.0294549
0.0293076
0.0291735
0.0290507
0.028938
0.0288341
0.028738
0.0286489
0.0285661
0.0284888
0.0284166
0.028349
0.0282856
0.0282259
0.0395167
0.038731
0.038094
0.0375673
0.0371244
0.0367468
0.0364211
0.0361372
0.0358876
0.0356665
0.0354691
0.035292
0.0351321
0.034987
0.0348548
0.0347338
0.0346226
0.0345202
0.0344254
0.0343376
0.0342559
0.0341797
0.0341085
0.0340418
0.0339792
0.0339204
0.0445036
0.0437341
0.0431099
0.0425934
0.0421591
0.0417886
0.041469
0.0411903
0.0409453
0.0407281
0.0405343
0.0403603
0.0402032
0.0400606
0.0399307
0.0398118
0.0397025
0.0396018
0.0395087
0.0394223
0.039342
0.0392671
0.0391971
0.0391315
0.03907
0.0390121
0.0489703
0.0482179
0.0476073
0.0471019
0.0466767
0.0463139
0.0460008
0.0457278
0.0454877
0.0452749
0.0450849
0.0449143
0.0447603
0.0446205
0.0444931
0.0443765
0.0442693
0.0441706
0.0440792
0.0439945
0.0439157
0.0438422
0.0437735
0.0437091
0.0436487
0.0435919
0.052994
0.0522592
0.0516627
0.0511687
0.0507529
0.0503982
0.0500919
0.0498248
0.0495899
0.0493816
0.0491956
0.0490286
0.0488778
0.048741
0.0486162
0.048502
0.048397
0.0483003
0.0482108
0.0481278
0.0480506
0.0479786
0.0479113
0.0478483
0.0477891
0.0477334
0.0566376
0.0559205
0.0553381
0.0548557
0.0544495
0.0541029
0.0538036
0.0535425
0.0533128
0.0531091
0.0529273
0.0527639
0.0526164
0.0524825
0.0523605
0.0522487
0.0521461
0.0520514
0.0519638
0.0518826
0.051807
0.0517366
0.0516707
0.051609
0.0515511
0.0514966
0.0599525
0.059253
0.0586846
0.0582137
0.0578171
0.0574786
0.0571862
0.0569312
0.0567067
0.0565077
0.05633
0.0561703
0.0560261
0.0558952
0.0557759
0.0556666
0.0555662
0.0554737
0.055388
0.0553086
0.0552347
0.0551658
0.0551014
0.055041
0.0549844
0.0549311
0.0629812
0.062299
0.0617445
0.0612849
0.0608978
0.0605673
0.0602818
0.0600327
0.0598134
0.059619
0.0594454
0.0592894
0.0591485
0.0590206
0.0589039
0.0587972
0.058699
0.0586085
0.0585248
0.0584472
0.0583749
0.0583076
0.0582446
0.0581856
0.0581302
0.0580781
0.0657594
0.065094
0.064553
0.0641046
0.0637267
0.0634041
0.0631253
0.062882
0.0626679
0.062478
0.0623084
0.062156
0.0620183
0.0618934
0.0617794
0.0616751
0.0615792
0.0614907
0.0614089
0.061333
0.0612624
0.0611966
0.061135
0.0610773
0.0610232
0.0609722
0.0683167
0.0676678
0.06714
0.0667023
0.0663335
0.0660185
0.0657463
0.0655088
0.0652997
0.0651142
0.0649485
0.0647996
0.0646652
0.0645431
0.0644317
0.0643298
0.0642361
0.0641496
0.0640697
0.0639955
0.0639265
0.0638621
0.063802
0.0637456
0.0636927
0.0636429
0.0706787
0.0700456
0.0695306
0.0691034
0.0687434
0.0684358
0.06817
0.067938
0.0677338
0.0675526
0.0673908
0.0672454
0.067114
0.0669947
0.0668859
0.0667862
0.0666947
0.0666102
0.0665321
0.0664596
0.0663922
0.0663292
0.0662704
0.0662153
0.0661636
0.0661149
0.0728668
0.072249
0.0717463
0.0713293
0.0709778
0.0706775
0.0704179
0.0701913
0.0699918
0.0698148
0.0696566
0.0695145
0.0693862
0.0692696
0.0691633
0.0690659
0.0689764
0.0688939
0.0688175
0.0687467
0.0686807
0.0686192
0.0685617
0.0685079
0.0684573
0.0684097
0.0748995
0.0742965
0.0738058
0.0733986
0.0730553
0.0727619
0.0725083
0.0722869
0.072092
0.0719191
0.0717645
0.0716257
0.0715002
0.0713863
0.0712823
0.0711872
0.0710997
0.071019
0.0709444
0.0708751
0.0708106
0.0707505
0.0706943
0.0706417
0.0705922
0.0705457
0.0767928
0.0762041
0.0757249
0.0753271
0.0749918
0.0747051
0.0744573
0.074241
0.0740505
0.0738815
0.0737304
0.0735947
0.073472
0.0733607
0.0732591
0.073166
0.0730805
0.0730016
0.0729286
0.0728609
0.0727979
0.0727391
0.0726841
0.0726326
0.0725843
0.0725388
0.0785607
0.0779857
0.0775175
0.0771289
0.0768011
0.076521
0.0762788
0.0760674
0.0758811
0.0757159
0.0755682
0.0754355
0.0753156
0.0752066
0.0751073
0.0750163
0.0749327
0.0748555
0.0747841
0.0747179
0.0746562
0.0745988
0.074545
0.0744946
0.0744473
0.0744028
0.0802151
0.0796533
0.0791958
0.0788159
0.0784956
0.0782217
0.0779849
0.0777781
0.077596
0.0774344
0.07729
0.0771602
0.0770429
0.0769363
0.0768392
0.0767502
0.0766683
0.0765929
0.076523
0.0764582
0.0763979
0.0763417
0.0762891
0.0762398
0.0761935
0.07615
0.0817667
0.0812175
0.0807703
0.0803989
0.0800856
0.0798178
0.0795862
0.079384
0.0792058
0.0790477
0.0789064
0.0787794
0.0786647
0.0785604
0.0784653
0.0783783
0.0782982
0.0782243
0.078156
0.0780926
0.0780336
0.0779785
0.0779271
0.0778788
0.0778335
0.0777909
