 Tensors 7 Optimal Error 0.00638326
 #error
0.104118
0.102311
0.100832
0.0996013
0.09856
0.0976677
0.0968947
0.0962184
0.0956219
0.0950918
0.0946175
0.0941908
0.0938047
0.0934538
0.0931335
0.0928398
0.0925697
0.0923204
0.0920896
0.0918753
0.0916758
0.0914896
0.0913154
0.0911521
0.0909988
0.0908544
0.0747738
0.0737122
0.07284
0.0721108
0.0714921
0.0709605
0.0704988
0.0700941
0.0697365
0.0694181
0.0691329
0.0688759
0.0686432
0.0684314
0.0682379
0.0680604
0.0678969
0.067746
0.0676061
0.0674762
0.0673551
0.0672421
0.0671363
0.0670371
0.0669439
0.0668561
0.0519628
0.05138
0.0508995
0.0504965
0.0501537
0.0498585
0.0496017
0.0493762
0.0491766
0.0489987
0.0488392
0.0486953
0.0485649
0.0484461
0.0483375
0.0482377
0.0481459
0.048061
0.0479823
0.0479091
0.0478409
0.0477772
0.0477176
0.0476616
0.047609
0.0475595
0.033722
0.0334579
0.0332396
0.0330561
0.0328996
0.0327647
0.0326471
0.0325437
0.0324521
0.0323704
0.032297
0.0322308
0.0321707
0.032116
0.0320659
0.0320198
0.0319774
0.0319382
0.0319018
0.031868
0.0318364
0.031807
0.0317794
0.0317534
0.0317291
0.0317061
0.0188029
0.018757
0.0187191
0.0186871
0.0186598
0.0186362
0.0186156
0.0185974
0.0185814
0.018567
0.0185541
0.0185425
0.0185319
0.0185223
0.0185134
0.0185053
0.0184979
0.0184909
0.0184845
0.0184785
0.018473
0.0184678
0.0184629
0.0184583
0.018454
0.0184499
0.00638326
0.00652762
0.00664751
0.00674866
0.00683516
0.00690996
0.0069753
0.00703286
0.00708395
0.0071296
0.00717065
0.00720774
0.00724144
0.00727217
0.00730033
0.00732621
0.00735009
0.00737219
0.00739269
0.00741177
0.00742958
0.00744622
0.00746182
0.00747647
0.00749025
0.00750324
0.0065497
0.00647401
0.00656599
0.00664371
0.00671025
0.00676785
0.00681821
0.0068626
0.00690204
0.0069373
0.00696902
0.0069977
0.00702376
0.00704755
0.00706934
0.00708939
0.00710788
0.007125
0.0071409
0.00715569
0.0071695
0.00718241
0.00719451
0.00720587
0.00721657
0.00722665
0.0132975
0.0131519
0.0130307
0.0129281
0.0128402
0.012764
0.0126973
0.0126386
0.0125863
0.0125395
0.0124975
0.0124594
0.0124248
0.0123932
0.0123642
0.0123376
0.012313
0.0122903
0.0122691
0.0122494
0.0122311
0.0122139
0.0121978
0.0121826
0.0121684
0.012155
0.0209583
0.0206107
0.0203208
0.0200753
0.0198648
0.0196821
0.0195223
0.0193811
0.0192556
0.0191433
0.0190422
0.0189506
0.0188674
0.0187914
0.0187217
0.0186576
0.0185984
0.0185435
0.0184926
0.0184452
0.0184009
0.0183595
0.0183207
0.0182842
0.0182499
0.0182175
0.0277889
0.0274014
0.0270779
0.0268037
0.0265683
0.026364
0.026185
0.026027
0.0258863
0.0257604
0.025647
0.0255444
0.025451
0.0253657
0.0252874
0.0252154
0.0251489
0.0250873
0.0250301
0.0249768
0.0249271
0.0248805
0.0248369
0.0247959
0.0247572
0.0247208
0.033815
0.0333992
0.0330516
0.0327567
0.0325034
0.0322834
0.0320907
0.0319203
0.0317687
0.0316329
0.0315106
0.0313998
0.031299
0.0312068
0.0311223
0.0310446
0.0309727
0.0309061
0.0308443
0.0307867
0.0307329
0.0306826
0.0306354
0.030591
0.0305492
0.0305098
0.039171
0.0387352
0.0383706
0.0380611
0.0377951
0.037564
0.0373613
0.0371822
0.0370227
0.0368798
0.036751
0.0366343
0.0365281
0.0364311
0.036342
0.03626
0.0361843
0.0361141
0.0360489
0.0359882
0.0359314
0.0358783
0.0358285
0.0357817
0.0357377
0.0356961
0.0439626
0.0435133
0.0431371
0.0428175
0.0425427
0.0423038
0.0420942
0.0419089
0.0417438
0.0415959
0.0414625
0.0413417
0.0412317
0.0411311
0.0410389
0.0409539
0.0408754
0.0408027
0.040735
0.0406721
0.0406132
0.0405581
0.0405065
0.0404579
0.0404122
0.0403691
0.0482746
0.0478166
0.0474328
0.0471066
0.0468259
0.0465818
0.0463676
0.0461781
0.0460093
0.0458579
0.0457214
0.0455978
0.0454852
0.0453822
0.0452877
0.0452007
0.0451203
0.0450458
0.0449765
0.0449119
0.0448516
0.0447952
0.0447423
0.0446925
0.0446456
0.0446014
0.0521757
0.0517125
0.0513242
0.050994
0.0507097
0.0504624
0.0502453
0.0500532
0.049882
0.0497284
0.04959
0.0494645
0.0493502
0.0492457
0.0491498
0.0490614
0.0489797
0.048904
0.0488337
0.0487681
0.0487069
0.0486495
0.0485957
0.0485451
0.0484975
0.0484525
0.0557218
0.0552563
0.0548659
0.0545336
0.0542475
0.0539985
0.0537798
0.0535863
0.0534138
0.053259
0.0531195
0.0529929
0.0528777
0.0527723
0.0526755
0.0525864
0.052504
0.0524276
0.0523566
0.0522904
0.0522286
0.0521707
0.0521164
0.0520653
0.0520172
0.0519718
0.0589593
0.0584937
0.0581029
0.0577702
0.0574835
0.057234
0.0570149
0.0568208
0.0566478
0.0564926
0.0563526
0.0562256
0.05611
0.0560042
0.0559071
0.0558176
0.0557348
0.0556581
0.0555868
0.0555204
0.0554583
0.0554001
0.0553456
0.0552942
0.0552459
0.0552003
0.0619269
0.0614627
0.0610729
0.060741
0.0604549
0.0602058
0.0599869
0.0597931
0.0596202
0.0594651
0.0593252
0.0591983
0.0590826
0.0589769
0.0588797
0.0587902
0.0587075
0.0586308
0.0585594
0.0584929
0.0584308
0.0583726
0.058318
0.0582667
0.0582183
0.0581727
0.0646569
0.0641954
0.0638077
0.0634774
0.0631927
0.0629447
0.0627267
0.0625337
0.0623615
0.062207
0.0620675
0.061941
0.0618258
0.0617203
0.0616235
0.0615342
0.0614517
0.0613752
0.0613041
0.0612377
0.0611758
0.0611177
0.0610633
0.061012
0.0609638
0.0609183
0.0671767
0.0667189
0.0663341
0.0660062
0.0657235
0.0654771
0.0652606
0.0650687
0.0648976
0.064744
0.0646053
0.0644795
0.0643649
0.06426
0.0641637
0.0640749
0.0639929
0.0639167
0.0638459
0.0637799
0.0637183
0.0636605
0.0636063
0.0635553
0.0635073
0.063462
0.0695098
0.0690563
0.0686752
0.0683502
0.0680699
0.0678256
0.0676108
0.0674205
0.0672507
0.0670983
0.0669607
0.0668358
0.0667221
0.0666179
0.0665223
0.0664342
0.0663527
0.0662771
0.0662068
0.0661412
0.06608
0.0660226
0.0659687
0.0659181
0.0658704
0.0658254
0.0716761
0.0712276
0.0708504
0.0705288
0.0702513
0.0700094
0.0697967
0.0696082
0.06944
0.0692889
0.0691526
0.0690288
0.0689161
0.0688129
0.0687181
0.0686307
0.0685499
0.0684749
0.0684052
0.0683402
0.0682794
0.0682225
0.0681691
0.0681189
0.0680716
0.0680269
0.0736929
0.0732498
0.072877
0.072559
0.0722846
0.0720453
0.0718349
0.0716484
0.0714819
0.0713324
0.0711975
0.071075
0.0709633
0.0708612
0.0707673
0.0706807
0.0706007
0.0705265
0.0704574
0.070393
0.0703329
0.0702765
0.0702236
0.0701738
0.070127
0.0700827
0.0755752
0.0751377
0.0747696
0.0744555
0.0741843
0.0739479
0.0737399
0.0735555
0.0733909
0.0732431
0.0731096
0.0729885
0.0728781
0.072777
0.0726842
0.0725985
0.0725194
0.0724459
0.0723776
0.0723139
0.0722543
0.0721986
0.0721462
0.072097
0.0720506
0.0720068
0.077336
0.0769043
0.076541
0.0762309
0.0759632
0.0757297
0.0755243
0.0753422
0.0751796
0.0750335
0.0749016
0.0747819
0.0746728
0.0745729
0.0744811
0.0743965
0.0743182
0.0742456
0.074178
0.074115
0.0740562
0.074001
0.0739492
0.0739005
0.0738546
0.0738113
0.0789866
0.078561
0.0782026
0.0778967
0.0776325
0.077402
0.0771993
0.0770194
0.0768589
0.0767147
0.0765844
0.0764662
0.0763584
0.0762597
0.076169
0.0760854
0.0760081
0.0759363
0.0758696
0.0758074
0.0757492
0.0756947
0.0756435
0.0755954
0.07555
0.0755072
