#cell coordinates and the corresponding deviation from the equilibrium 
-0.499512 0.033822 
-0.498535 0.033769 
-0.497559 0.033716 
-0.496582 0.033665 
-0.495605 0.033614 
-0.494629 0.033563 
-0.493652 0.033513 
-0.492676 0.033464 
-0.491699 0.033416 
-0.490723 0.033368 
-0.489746 0.033321 
-0.488770 0.033274 
-0.487793 0.033228 
-0.486816 0.033183 
-0.485840 0.033138 
-0.484863 0.033094 
-0.483887 0.033050 
-0.482910 0.033007 
-0.481934 0.032964 
-0.480957 0.032922 
-0.479980 0.032880 
-0.479004 0.032839 
-0.478027 0.032799 
-0.477051 0.032759 
-0.476074 0.032719 
-0.475098 0.032680 
-0.474121 0.032642 
-0.473145 0.032604 
-0.472168 0.032566 
-0.471191 0.032529 
-0.470215 0.032493 
-0.469238 0.032457 
-0.468262 0.032421 
-0.467285 0.032386 
-0.466309 0.032351 
-0.465332 0.032317 
-0.464355 0.032283 
-0.463379 0.032249 
-0.462402 0.032216 
-0.461426 0.032184 
-0.460449 0.032152 
-0.459473 0.032120 
-0.458496 0.032089 
-0.457520 0.032058 
-0.456543 0.032027 
-0.455566 0.031997 
-0.454590 0.031967 
-0.453613 0.031937 
-0.452637 0.031908 
-0.451660 0.031880 
-0.450684 0.031851 
-0.449707 0.031823 
-0.448730 0.031796 
-0.447754 0.031768 
-0.446777 0.031741 
-0.445801 0.031715 
-0.444824 0.031689 
-0.443848 0.031663 
-0.442871 0.031637 
-0.441895 0.031612 
-0.440918 0.031587 
-0.439941 0.031562 
-0.438965 0.031538 
-0.437988 0.031514 
-0.437012 0.031490 
-0.436035 0.031467 
-0.435059 0.031444 
-0.434082 0.031421 
-0.433105 0.031398 
-0.432129 0.031376 
-0.431152 0.031354 
-0.430176 0.031332 
-0.429199 0.031311 
-0.428223 0.031290 
-0.427246 0.031269 
-0.426270 0.031248 
-0.425293 0.031228 
-0.424316 0.031207 
-0.423340 0.031188 
-0.422363 0.031168 
-0.421387 0.031149 
-0.420410 0.031129 
-0.419434 0.031111 
-0.418457 0.031092 
-0.417480 0.031073 
-0.416504 0.031055 
-0.415527 0.031037 
-0.414551 0.031019 
-0.413574 0.031002 
-0.412598 0.030985 
-0.411621 0.030968 
-0.410645 0.030951 
-0.409668 0.030934 
-0.408691 0.030918 
-0.407715 0.030901 
-0.406738 0.030885 
-0.405762 0.030869 
-0.404785 0.030854 
-0.403809 0.030838 
-0.402832 0.030823 
-0.401855 0.030808 
-0.400879 0.030793 
-0.399902 0.030778 
-0.398926 0.030764 
-0.397949 0.030750 
-0.396973 0.030735 
-0.395996 0.030721 
-0.395020 0.030708 
-0.394043 0.030694 
-0.393066 0.030680 
-0.392090 0.030667 
-0.391113 0.030654 
-0.390137 0.030641 
-0.389160 0.030628 
-0.388184 0.030616 
-0.387207 0.030603 
-0.386230 0.030591 
-0.385254 0.030579 
-0.384277 0.030567 
-0.383301 0.030555 
-0.382324 0.030543 
-0.381348 0.030531 
-0.380371 0.030520 
-0.379395 0.030509 
-0.378418 0.030497 
-0.377441 0.030486 
-0.376465 0.030475 
-0.375488 0.030465 
-0.374512 0.030454 
-0.373535 0.030444 
-0.372559 0.030433 
-0.371582 0.030423 
-0.370605 0.030413 
-0.369629 0.030403 
-0.368652 0.030393 
-0.367676 0.030383 
-0.366699 0.030374 
-0.365723 0.030364 
-0.364746 0.030355 
-0.363770 0.030345 
-0.362793 0.030336 
-0.361816 0.030327 
-0.360840 0.030318 
-0.359863 0.030309 
-0.358887 0.030301 
-0.357910 0.030292 
-0.356934 0.030284 
-0.355957 0.030275 
-0.354980 0.030267 
-0.354004 0.030259 
-0.353027 0.030251 
-0.352051 0.030243 
-0.351074 0.030235 
-0.350098 0.030227 
-0.349121 0.030219 
-0.348145 0.030212 
-0.347168 0.030204 
-0.346191 0.030197 
-0.345215 0.030189 
-0.344238 0.030182 
-0.343262 0.030175 
-0.342285 0.030168 
-0.341309 0.030161 
-0.340332 0.030154 
-0.339355 0.030147 
-0.338379 0.030140 
-0.337402 0.030134 
-0.336426 0.030127 
-0.335449 0.030121 
-0.334473 0.030114 
-0.333496 0.030108 
-0.332520 0.030102 
-0.331543 0.030095 
-0.330566 0.030089 
-0.329590 0.030083 
-0.328613 0.030077 
-0.327637 0.030071 
-0.326660 0.030066 
-0.325684 0.030060 
-0.324707 0.030054 
-0.323730 0.030049 
-0.322754 0.030043 
-0.321777 0.030038 
-0.320801 0.030032 
-0.319824 0.030027 
-0.318848 0.030022 
-0.317871 0.030016 
-0.316895 0.030011 
-0.315918 0.030006 
-0.314941 0.030001 
-0.313965 0.029996 
-0.312988 0.029991 
-0.312012 0.029986 
-0.311035 0.029982 
-0.310059 0.029977 
-0.309082 0.029972 
-0.308105 0.029968 
-0.307129 0.029963 
-0.306152 0.029958 
-0.305176 0.029954 
-0.304199 0.029950 
-0.303223 0.029945 
-0.302246 0.029941 
-0.301270 0.029937 
-0.300293 0.029932 
-0.299316 0.029928 
-0.298340 0.029924 
-0.297363 0.029920 
-0.296387 0.029916 
-0.295410 0.029912 
-0.294434 0.029908 
-0.293457 0.029904 
-0.292480 0.029901 
-0.291504 0.029897 
-0.290527 0.029893 
-0.289551 0.029889 
-0.288574 0.029886 
-0.287598 0.029882 
-0.286621 0.029879 
-0.285645 0.029875 
-0.284668 0.029872 
-0.283691 0.029868 
-0.282715 0.029865 
-0.281738 0.029862 
-0.280762 0.029858 
-0.279785 0.029855 
-0.278809 0.029852 
-0.277832 0.029849 
-0.276855 0.029845 
-0.275879 0.029842 
-0.274902 0.029839 
-0.273926 0.029836 
-0.272949 0.029833 
-0.271973 0.029830 
-0.270996 0.029827 
-0.270020 0.029824 
-0.269043 0.029822 
-0.268066 0.029819 
-0.267090 0.029816 
-0.266113 0.029813 
-0.265137 0.029810 
-0.264160 0.029808 
-0.263184 0.029805 
-0.262207 0.029802 
-0.261230 0.029800 
-0.260254 0.029797 
-0.259277 0.029795 
-0.258301 0.029792 
-0.257324 0.029790 
-0.256348 0.029787 
-0.255371 0.029785 
-0.254395 0.029782 
-0.253418 0.029780 
-0.252441 0.029778 
-0.251465 0.029775 
-0.250488 0.029773 
-0.249512 0.029771 
-0.248535 0.029769 
-0.247559 0.029766 
-0.246582 0.029764 
-0.245605 0.029762 
-0.244629 0.029760 
-0.243652 0.029758 
-0.242676 0.029756 
-0.241699 0.029754 
-0.240723 0.029752 
-0.239746 0.029750 
-0.238770 0.029748 
-0.237793 0.029746 
-0.236816 0.029744 
-0.235840 0.029742 
-0.234863 0.029740 
-0.233887 0.029738 
-0.232910 0.029736 
-0.231934 0.029734 
-0.230957 0.029733 
-0.229980 0.029731 
-0.229004 0.029729 
-0.228027 0.029727 
-0.227051 0.029725 
-0.226074 0.029724 
-0.225098 0.029722 
-0.224121 0.029725 
-0.223145 0.029724 
-0.222168 0.029722 
-0.221191 0.029720 
-0.220215 0.029718 
-0.219238 0.029717 
-0.218262 0.029715 
-0.217285 0.029713 
-0.216309 0.029712 
-0.215332 0.029710 
-0.214355 0.029708 
-0.213379 0.029707 
-0.212402 0.029705 
-0.211426 0.029704 
-0.210449 0.029702 
-0.209473 0.029700 
-0.208496 0.029699 
-0.207520 0.029697 
-0.206543 0.029696 
-0.205566 0.029694 
-0.204590 0.029693 
-0.203613 0.029691 
-0.202637 0.029690 
-0.201660 0.029688 
-0.200684 0.029687 
-0.199707 0.029686 
-0.198730 0.029684 
-0.197754 0.029683 
-0.196777 0.029681 
-0.195801 0.029680 
-0.194824 0.029679 
-0.193848 0.029677 
-0.192871 0.029676 
-0.191895 0.029675 
-0.190918 0.029673 
-0.189941 0.029672 
-0.188965 0.029671 
-0.187988 0.029669 
-0.187012 0.029668 
-0.186035 0.029667 
-0.185059 0.029666 
-0.184082 0.029665 
-0.183105 0.029663 
-0.182129 0.029662 
-0.181152 0.029661 
-0.180176 0.029660 
-0.179199 0.029659 
-0.178223 0.029657 
-0.177246 0.029656 
-0.176270 0.029655 
-0.175293 0.029654 
-0.174316 0.029653 
-0.173340 0.029652 
-0.172363 0.029651 
-0.171387 0.029650 
-0.170410 0.029648 
-0.169434 0.029647 
-0.168457 0.029646 
-0.167480 0.029645 
-0.166504 0.029644 
-0.165527 0.029643 
-0.164551 0.029642 
-0.163574 0.029641 
-0.162598 0.029640 
-0.161621 0.029639 
-0.160645 0.029638 
-0.159668 0.029637 
-0.158691 0.029636 
-0.157715 0.029635 
-0.156738 0.029634 
-0.155762 0.029634 
-0.154785 0.029633 
-0.153809 0.029632 
-0.152832 0.029631 
-0.151855 0.029630 
-0.150879 0.029629 
-0.149902 0.029628 
-0.148926 0.029627 
-0.147949 0.029626 
-0.146973 0.029626 
-0.145996 0.029625 
-0.145020 0.029624 
-0.144043 0.029623 
-0.143066 0.029622 
-0.142090 0.029621 
-0.141113 0.029621 
-0.140137 0.029620 
-0.139160 0.029619 
-0.138184 0.029618 
-0.137207 0.029618 
-0.136230 0.029617 
-0.135254 0.029616 
-0.134277 0.029615 
-0.133301 0.029615 
-0.132324 0.029614 
-0.131348 0.029613 
-0.130371 0.029612 
-0.129395 0.029612 
-0.128418 0.029611 
-0.127441 0.029610 
-0.126465 0.029610 
-0.125488 0.029609 
-0.124512 0.029608 
-0.123535 0.029608 
-0.122559 0.029607 
-0.121582 0.029606 
-0.120605 0.029606 
-0.119629 0.029605 
-0.118652 0.029604 
-0.117676 0.029604 
-0.116699 0.029603 
-0.115723 0.029603 
-0.114746 0.029602 
-0.113770 0.029601 
-0.112793 0.029601 
-0.111816 0.029600 
-0.110840 0.029600 
-0.109863 0.029599 
-0.108887 0.029599 
-0.107910 0.029598 
-0.106934 0.029597 
-0.105957 0.029597 
-0.104980 0.029596 
-0.104004 0.029596 
-0.103027 0.029595 
-0.102051 0.029595 
-0.101074 0.029594 
-0.100098 0.029594 
-0.099121 0.029593 
-0.098145 0.029593 
-0.097168 0.029592 
-0.096191 0.029592 
-0.095215 0.029591 
-0.094238 0.029591 
-0.093262 0.029590 
-0.092285 0.029590 
-0.091309 0.029590 
-0.090332 0.029589 
-0.089355 0.029589 
-0.088379 0.029588 
-0.087402 0.029588 
-0.086426 0.029587 
-0.085449 0.029587 
-0.084473 0.029587 
-0.083496 0.029586 
-0.082520 0.029586 
-0.081543 0.029585 
-0.080566 0.029585 
-0.079590 0.029585 
-0.078613 0.029584 
-0.077637 0.029584 
-0.076660 0.029583 
-0.075684 0.029583 
-0.074707 0.029583 
-0.073730 0.029582 
-0.072754 0.029582 
-0.071777 0.029582 
-0.070801 0.029581 
-0.069824 0.029581 
-0.068848 0.029581 
-0.067871 0.029580 
-0.066895 0.029580 
-0.065918 0.029580 
-0.064941 0.029580 
-0.063965 0.029579 
-0.062988 0.029579 
-0.062012 0.029579 
-0.061035 0.029578 
-0.060059 0.029578 
-0.059082 0.029578 
-0.058105 0.029578 
-0.057129 0.029577 
-0.056152 0.029577 
-0.055176 0.029577 
-0.054199 0.029577 
-0.053223 0.029576 
-0.052246 0.029576 
-0.051270 0.029576 
-0.050293 0.029576 
-0.049316 0.029575 
-0.048340 0.029575 
-0.047363 0.029575 
-0.046387 0.029575 
-0.045410 0.029574 
-0.044434 0.029574 
-0.043457 0.029574 
-0.042480 0.029574 
-0.041504 0.029574 
-0.040527 0.029574 
-0.039551 0.029573 
-0.038574 0.029573 
-0.037598 0.029573 
-0.036621 0.029573 
-0.035645 0.029573 
-0.034668 0.029573 
-0.033691 0.029572 
-0.032715 0.029572 
-0.031738 0.029572 
-0.030762 0.029572 
-0.029785 0.029572 
-0.028809 0.029572 
-0.027832 0.029572 
-0.026855 0.029571 
-0.025879 0.029571 
-0.024902 0.029571 
-0.023926 0.029571 
-0.022949 0.029571 
-0.021973 0.029571 
-0.020996 0.029571 
-0.020020 0.029571 
-0.019043 0.029571 
-0.018066 0.029571 
-0.017090 0.029570 
-0.016113 0.029570 
-0.015137 0.029570 
-0.014160 0.029570 
-0.013184 0.029570 
-0.012207 0.029570 
-0.011230 0.029570 
-0.010254 0.029570 
-0.009277 0.029570 
-0.008301 0.029570 
-0.007324 0.029570 
-0.006348 0.029570 
-0.005371 0.029570 
-0.004395 0.029570 
-0.003418 0.029570 
-0.002441 0.029570 
-0.001465 0.029570 
-0.000488 0.029570 
0.000488 0.029570 
0.001465 0.029570 
0.002441 0.029570 
0.003418 0.029570 
0.004395 0.029570 
0.005371 0.029570 
0.006348 0.029570 
0.007324 0.029570 
0.008301 0.029570 
0.009277 0.029570 
0.010254 0.029570 
0.011230 0.029570 
0.012207 0.029570 
0.013184 0.029570 
0.014160 0.029570 
0.015137 0.029570 
0.016113 0.029570 
0.017090 0.029570 
0.018066 0.029571 
0.019043 0.029571 
0.020020 0.029571 
0.020996 0.029571 
0.021973 0.029571 
0.022949 0.029571 
0.023926 0.029571 
0.024902 0.029571 
0.025879 0.029571 
0.026855 0.029571 
0.027832 0.029572 
0.028809 0.029572 
0.029785 0.029572 
0.030762 0.029572 
0.031738 0.029572 
0.032715 0.029572 
0.033691 0.029572 
0.034668 0.029573 
0.035645 0.029573 
0.036621 0.029573 
0.037598 0.029573 
0.038574 0.029573 
0.039551 0.029573 
0.040527 0.029574 
0.041504 0.029574 
0.042480 0.029574 
0.043457 0.029574 
0.044434 0.029574 
0.045410 0.029574 
0.046387 0.029575 
0.047363 0.029575 
0.048340 0.029575 
0.049316 0.029575 
0.050293 0.029576 
0.051270 0.029576 
0.052246 0.029576 
0.053223 0.029576 
0.054199 0.029577 
0.055176 0.029577 
0.056152 0.029577 
0.057129 0.029577 
0.058105 0.029578 
0.059082 0.029578 
0.060059 0.029578 
0.061035 0.029578 
0.062012 0.029579 
0.062988 0.029579 
0.063965 0.029579 
0.064941 0.029580 
0.065918 0.029580 
0.066895 0.029580 
0.067871 0.029580 
0.068848 0.029581 
0.069824 0.029581 
0.070801 0.029581 
0.071777 0.029582 
0.072754 0.029582 
0.073730 0.029582 
0.074707 0.029583 
0.075684 0.029583 
0.076660 0.029583 
0.077637 0.029584 
0.078613 0.029584 
0.079590 0.029585 
0.080566 0.029585 
0.081543 0.029585 
0.082520 0.029586 
0.083496 0.029586 
0.084473 0.029587 
0.085449 0.029587 
0.086426 0.029587 
0.087402 0.029588 
0.088379 0.029588 
0.089355 0.029589 
0.090332 0.029589 
0.091309 0.029590 
0.092285 0.029590 
0.093262 0.029590 
0.094238 0.029591 
0.095215 0.029591 
0.096191 0.029592 
0.097168 0.029592 
0.098145 0.029593 
0.099121 0.029593 
0.100098 0.029594 
0.101074 0.029594 
0.102051 0.029595 
0.103027 0.029595 
0.104004 0.029596 
0.104980 0.029596 
0.105957 0.029597 
0.106934 0.029597 
0.107910 0.029598 
0.108887 0.029599 
0.109863 0.029599 
0.110840 0.029600 
0.111816 0.029600 
0.112793 0.029601 
0.113770 0.029601 
0.114746 0.029602 
0.115723 0.029603 
0.116699 0.029603 
0.117676 0.029604 
0.118652 0.029604 
0.119629 0.029605 
0.120605 0.029606 
0.121582 0.029606 
0.122559 0.029607 
0.123535 0.029608 
0.124512 0.029608 
0.125488 0.029609 
0.126465 0.029610 
0.127441 0.029610 
0.128418 0.029611 
0.129395 0.029612 
0.130371 0.029612 
0.131348 0.029613 
0.132324 0.029614 
0.133301 0.029615 
0.134277 0.029615 
0.135254 0.029616 
0.136230 0.029617 
0.137207 0.029618 
0.138184 0.029618 
0.139160 0.029619 
0.140137 0.029620 
0.141113 0.029621 
0.142090 0.029621 
0.143066 0.029622 
0.144043 0.029623 
0.145020 0.029624 
0.145996 0.029625 
0.146973 0.029626 
0.147949 0.029626 
0.148926 0.029627 
0.149902 0.029628 
0.150879 0.029629 
0.151855 0.029630 
0.152832 0.029631 
0.153809 0.029632 
0.154785 0.029633 
0.155762 0.029634 
0.156738 0.029634 
0.157715 0.029635 
0.158691 0.029636 
0.159668 0.029637 
0.160645 0.029638 
0.161621 0.029639 
0.162598 0.029640 
0.163574 0.029641 
0.164551 0.029642 
0.165527 0.029643 
0.166504 0.029644 
0.167480 0.029645 
0.168457 0.029646 
0.169434 0.029647 
0.170410 0.029648 
0.171387 0.029650 
0.172363 0.029651 
0.173340 0.029652 
0.174316 0.029653 
0.175293 0.029654 
0.176270 0.029655 
0.177246 0.029656 
0.178223 0.029657 
0.179199 0.029659 
0.180176 0.029660 
0.181152 0.029661 
0.182129 0.029662 
0.183105 0.029663 
0.184082 0.029665 
0.185059 0.029666 
0.186035 0.029667 
0.187012 0.029668 
0.187988 0.029669 
0.188965 0.029671 
0.189941 0.029672 
0.190918 0.029673 
0.191895 0.029675 
0.192871 0.029676 
0.193848 0.029677 
0.194824 0.029679 
0.195801 0.029680 
0.196777 0.029681 
0.197754 0.029683 
0.198730 0.029684 
0.199707 0.029686 
0.200684 0.029687 
0.201660 0.029688 
0.202637 0.029690 
0.203613 0.029691 
0.204590 0.029693 
0.205566 0.029694 
0.206543 0.029696 
0.207520 0.029697 
0.208496 0.029699 
0.209473 0.029700 
0.210449 0.029702 
0.211426 0.029704 
0.212402 0.029705 
0.213379 0.029707 
0.214355 0.029708 
0.215332 0.029710 
0.216309 0.029712 
0.217285 0.029713 
0.218262 0.029715 
0.219238 0.029717 
0.220215 0.029718 
0.221191 0.029720 
0.222168 0.029722 
0.223145 0.029724 
0.224121 0.029725 
0.225098 0.029722 
0.226074 0.029724 
0.227051 0.029725 
0.228027 0.029727 
0.229004 0.029729 
0.229980 0.029731 
0.230957 0.029733 
0.231934 0.029734 
0.232910 0.029736 
0.233887 0.029738 
0.234863 0.029740 
0.235840 0.029742 
0.236816 0.029744 
0.237793 0.029746 
0.238770 0.029748 
0.239746 0.029750 
0.240723 0.029752 
0.241699 0.029754 
0.242676 0.029756 
0.243652 0.029758 
0.244629 0.029760 
0.245605 0.029762 
0.246582 0.029764 
0.247559 0.029766 
0.248535 0.029769 
0.249512 0.029771 
0.250488 0.029773 
0.251465 0.029775 
0.252441 0.029778 
0.253418 0.029780 
0.254395 0.029782 
0.255371 0.029785 
0.256348 0.029787 
0.257324 0.029790 
0.258301 0.029792 
0.259277 0.029795 
0.260254 0.029797 
0.261230 0.029800 
0.262207 0.029802 
0.263184 0.029805 
0.264160 0.029808 
0.265137 0.029810 
0.266113 0.029813 
0.267090 0.029816 
0.268066 0.029819 
0.269043 0.029822 
0.270020 0.029824 
0.270996 0.029827 
0.271973 0.029830 
0.272949 0.029833 
0.273926 0.029836 
0.274902 0.029839 
0.275879 0.029842 
0.276855 0.029845 
0.277832 0.029849 
0.278809 0.029852 
0.279785 0.029855 
0.280762 0.029858 
0.281738 0.029862 
0.282715 0.029865 
0.283691 0.029868 
0.284668 0.029872 
0.285645 0.029875 
0.286621 0.029879 
0.287598 0.029882 
0.288574 0.029886 
0.289551 0.029889 
0.290527 0.029893 
0.291504 0.029897 
0.292480 0.029901 
0.293457 0.029904 
0.294434 0.029908 
0.295410 0.029912 
0.296387 0.029916 
0.297363 0.029920 
0.298340 0.029924 
0.299316 0.029928 
0.300293 0.029932 
0.301270 0.029937 
0.302246 0.029941 
0.303223 0.029945 
0.304199 0.029950 
0.305176 0.029954 
0.306152 0.029958 
0.307129 0.029963 
0.308105 0.029968 
0.309082 0.029972 
0.310059 0.029977 
0.311035 0.029982 
0.312012 0.029986 
0.312988 0.029991 
0.313965 0.029996 
0.314941 0.030001 
0.315918 0.030006 
0.316895 0.030011 
0.317871 0.030016 
0.318848 0.030022 
0.319824 0.030027 
0.320801 0.030032 
0.321777 0.030038 
0.322754 0.030043 
0.323730 0.030049 
0.324707 0.030054 
0.325684 0.030060 
0.326660 0.030066 
0.327637 0.030071 
0.328613 0.030077 
0.329590 0.030083 
0.330566 0.030089 
0.331543 0.030095 
0.332520 0.030102 
0.333496 0.030108 
0.334473 0.030114 
0.335449 0.030121 
0.336426 0.030127 
0.337402 0.030134 
0.338379 0.030140 
0.339355 0.030147 
0.340332 0.030154 
0.341309 0.030161 
0.342285 0.030168 
0.343262 0.030175 
0.344238 0.030182 
0.345215 0.030189 
0.346191 0.030197 
0.347168 0.030204 
0.348145 0.030212 
0.349121 0.030219 
0.350098 0.030227 
0.351074 0.030235 
0.352051 0.030243 
0.353027 0.030251 
0.354004 0.030259 
0.354980 0.030267 
0.355957 0.030275 
0.356934 0.030284 
0.357910 0.030292 
0.358887 0.030301 
0.359863 0.030309 
0.360840 0.030318 
0.361816 0.030327 
0.362793 0.030336 
0.363770 0.030345 
0.364746 0.030355 
0.365723 0.030364 
0.366699 0.030374 
0.367676 0.030383 
0.368652 0.030393 
0.369629 0.030403 
0.370605 0.030413 
0.371582 0.030423 
0.372559 0.030433 
0.373535 0.030444 
0.374512 0.030454 
0.375488 0.030465 
0.376465 0.030475 
0.377441 0.030486 
0.378418 0.030497 
0.379395 0.030509 
0.380371 0.030520 
0.381348 0.030531 
0.382324 0.030543 
0.383301 0.030555 
0.384277 0.030567 
0.385254 0.030579 
0.386230 0.030591 
0.387207 0.030603 
0.388184 0.030616 
0.389160 0.030628 
0.390137 0.030641 
0.391113 0.030654 
0.392090 0.030667 
0.393066 0.030680 
0.394043 0.030694 
0.395020 0.030708 
0.395996 0.030721 
0.396973 0.030735 
0.397949 0.030750 
0.398926 0.030764 
0.399902 0.030778 
0.400879 0.030793 
0.401855 0.030808 
0.402832 0.030823 
0.403809 0.030838 
0.404785 0.030854 
0.405762 0.030869 
0.406738 0.030885 
0.407715 0.030901 
0.408691 0.030918 
0.409668 0.030934 
0.410645 0.030951 
0.411621 0.030968 
0.412598 0.030985 
0.413574 0.031002 
0.414551 0.031019 
0.415527 0.031037 
0.416504 0.031055 
0.417480 0.031073 
0.418457 0.031092 
0.419434 0.031111 
0.420410 0.031129 
0.421387 0.031149 
0.422363 0.031168 
0.423340 0.031188 
0.424316 0.031207 
0.425293 0.031228 
0.426270 0.031248 
0.427246 0.031269 
0.428223 0.031290 
0.429199 0.031311 
0.430176 0.031332 
0.431152 0.031354 
0.432129 0.031376 
0.433105 0.031398 
0.434082 0.031421 
0.435059 0.031444 
0.436035 0.031467 
0.437012 0.031490 
0.437988 0.031514 
0.438965 0.031538 
0.439941 0.031562 
0.440918 0.031587 
0.441895 0.031612 
0.442871 0.031637 
0.443848 0.031663 
0.444824 0.031689 
0.445801 0.031715 
0.446777 0.031741 
0.447754 0.031768 
0.448730 0.031796 
0.449707 0.031823 
0.450684 0.031851 
0.451660 0.031880 
0.452637 0.031908 
0.453613 0.031937 
0.454590 0.031967 
0.455566 0.031997 
0.456543 0.032027 
0.457520 0.032058 
0.458496 0.032089 
0.459473 0.032120 
0.460449 0.032152 
0.461426 0.032184 
0.462402 0.032216 
0.463379 0.032249 
0.464355 0.032283 
0.465332 0.032317 
0.466309 0.032351 
0.467285 0.032386 
0.468262 0.032421 
0.469238 0.032457 
0.470215 0.032493 
0.471191 0.032529 
0.472168 0.032566 
0.473145 0.032604 
0.474121 0.032642 
0.475098 0.032680 
0.476074 0.032719 
0.477051 0.032759 
0.478027 0.032799 
0.479004 0.032839 
0.479980 0.032880 
0.480957 0.032922 
0.481934 0.032964 
0.482910 0.033007 
0.483887 0.033050 
0.484863 0.033094 
0.485840 0.033138 
0.486816 0.033183 
0.487793 0.033228 
0.488770 0.033274 
0.489746 0.033321 
0.490723 0.033368 
0.491699 0.033416 
0.492676 0.033464 
0.493652 0.033513 
0.494629 0.033563 
0.495605 0.033614 
0.496582 0.033665 
0.497559 0.033716 
0.498535 0.033769 
0.499512 0.033822 
