#x y at the midpoint of each cell and the error in every component
-0.499512 0.774336 0.000000 0.007874 0.171784 0.045141 0.038214 0.008725 0.026941 
-0.498535 0.772517 0.000000 0.007441 0.171784 0.044866 0.038017 0.008626 0.026727 
-0.497559 0.770701 0.000000 0.007020 0.171784 0.044593 0.037822 0.008528 0.026515 
-0.496582 0.768888 0.000000 0.006610 0.171784 0.044321 0.037628 0.008430 0.026304 
-0.495605 0.767077 0.000000 0.006211 0.171784 0.044052 0.037435 0.008334 0.026094 
-0.494629 0.765270 0.000000 0.005822 0.171784 0.043784 0.037243 0.008238 0.025886 
-0.493652 0.763465 0.000000 0.005444 0.171784 0.043517 0.037052 0.008142 0.025679 
-0.492676 0.761663 0.000000 0.005076 0.171784 0.043252 0.036863 0.008048 0.025474 
-0.491699 0.759863 0.000000 0.004719 0.171784 0.042989 0.036675 0.007954 0.025270 
-0.490723 0.758066 0.000000 0.004371 0.171784 0.042728 0.036488 0.007862 0.025067 
-0.489746 0.756272 0.000000 0.004032 0.171784 0.042468 0.036301 0.007769 0.024866 
-0.488770 0.754481 0.000000 0.003703 0.171784 0.042209 0.036117 0.007678 0.024667 
-0.487793 0.752692 0.000000 0.003383 0.171784 0.041953 0.035933 0.007587 0.024468 
-0.486816 0.750906 0.000000 0.003072 0.171784 0.041698 0.035750 0.007497 0.024271 
-0.485840 0.749122 0.000000 0.002769 0.171784 0.041444 0.035569 0.007408 0.024076 
-0.484863 0.747341 0.000000 0.002475 0.171784 0.041192 0.035388 0.007320 0.023882 
-0.483887 0.745562 0.000000 0.002189 0.171784 0.040942 0.035209 0.007232 0.023689 
-0.482910 0.743786 0.000000 0.001912 0.171784 0.040693 0.035031 0.007145 0.023497 
-0.481934 0.742013 0.000000 0.001642 0.171784 0.040446 0.034853 0.007058 0.023307 
-0.480957 0.740242 0.000000 0.001380 0.171784 0.040200 0.034677 0.006973 0.023118 
-0.479980 0.738473 0.000000 0.001125 0.171784 0.039956 0.034502 0.006888 0.022930 
-0.479004 0.736707 0.000000 0.000877 0.171784 0.039713 0.034328 0.006803 0.022744 
-0.478027 0.734944 0.000000 0.000637 0.171784 0.039472 0.034155 0.006720 0.022559 
-0.477051 0.733183 0.000000 0.000404 0.171784 0.039233 0.033983 0.006637 0.022375 
-0.476074 0.731424 0.000000 0.000177 0.171784 0.038995 0.033813 0.006555 0.022193 
-0.475098 0.729668 0.000000 0.000042 0.171784 0.038758 0.033643 0.006473 0.022011 
-0.474121 0.727914 0.000000 0.000256 0.171784 0.038523 0.033474 0.006392 0.021831 
-0.473145 0.726163 0.000000 0.000463 0.171784 0.038289 0.033306 0.006312 0.021653 
-0.472168 0.724414 0.000000 0.000664 0.171784 0.038057 0.033140 0.006232 0.021475 
-0.471191 0.722667 0.000000 0.000858 0.171784 0.037826 0.032974 0.006153 0.021299 
-0.470215 0.720923 0.000000 0.001047 0.171784 0.037596 0.032809 0.006075 0.021124 
-0.469238 0.719181 0.000000 0.001230 0.171784 0.037368 0.032646 0.005997 0.020950 
-0.468262 0.717441 0.000000 0.001408 0.171784 0.037142 0.032483 0.005920 0.020777 
-0.467285 0.715703 0.000000 0.001580 0.171784 0.036917 0.032321 0.005844 0.020606 
-0.466309 0.713968 0.000000 0.001747 0.171784 0.036693 0.032160 0.005768 0.020436 
-0.465332 0.712235 0.000000 0.001909 0.171784 0.036470 0.032001 0.005693 0.020267 
-0.464355 0.710505 0.000000 0.002065 0.171784 0.036249 0.031842 0.005619 0.020099 
-0.463379 0.708776 0.000000 0.002217 0.171784 0.036030 0.031684 0.005545 0.019932 
-0.462402 0.707050 0.000000 0.002363 0.171784 0.035812 0.031527 0.005472 0.019766 
-0.461426 0.705326 0.000000 0.002505 0.171784 0.035595 0.031371 0.005399 0.019602 
-0.460449 0.703604 0.000000 0.002643 0.171784 0.035379 0.031216 0.005327 0.019439 
-0.459473 0.701885 0.000000 0.002776 0.171784 0.035165 0.031062 0.005255 0.019277 
-0.458496 0.700167 0.000000 0.002904 0.171784 0.034952 0.030909 0.005184 0.019116 
-0.457520 0.698452 0.000000 0.003028 0.171784 0.034740 0.030757 0.005114 0.018956 
-0.456543 0.696739 0.000000 0.003149 0.171784 0.034530 0.030606 0.005045 0.018797 
-0.455566 0.695028 0.000000 0.003265 0.171784 0.034321 0.030455 0.004975 0.018639 
-0.454590 0.693319 0.000000 0.003377 0.171784 0.034113 0.030306 0.004907 0.018483 
-0.453613 0.691612 0.000000 0.003485 0.171784 0.033907 0.030157 0.004839 0.018327 
-0.452637 0.689907 0.000000 0.003589 0.171784 0.033701 0.030010 0.004772 0.018173 
-0.451660 0.688204 0.000000 0.003690 0.171784 0.033498 0.029863 0.004705 0.018019 
-0.450684 0.686504 0.000000 0.003787 0.171784 0.033295 0.029717 0.004639 0.017867 
-0.449707 0.684805 0.000000 0.003881 0.171784 0.033093 0.029572 0.004573 0.017716 
-0.448730 0.683108 0.000000 0.003971 0.171784 0.032893 0.029428 0.004508 0.017566 
-0.447754 0.681414 0.000000 0.004058 0.171784 0.032694 0.029285 0.004443 0.017417 
-0.446777 0.679721 0.000000 0.004142 0.171784 0.032497 0.029142 0.004379 0.017269 
-0.445801 0.678031 0.000000 0.004223 0.171784 0.032300 0.029001 0.004316 0.017122 
-0.444824 0.676342 0.000000 0.004300 0.171784 0.032105 0.028860 0.004253 0.016975 
-0.443848 0.674655 0.000000 0.004374 0.171784 0.031911 0.028721 0.004191 0.016830 
-0.442871 0.672971 0.000000 0.004446 0.171784 0.031718 0.028582 0.004129 0.016687 
-0.441895 0.671288 0.000000 0.004515 0.171784 0.031526 0.028443 0.004067 0.016544 
-0.440918 0.669607 0.000000 0.004581 0.171784 0.031336 0.028306 0.004007 0.016402 
-0.439941 0.667928 0.000000 0.004644 0.171784 0.031146 0.028170 0.003946 0.016261 
-0.438965 0.666251 0.000000 0.004705 0.171784 0.030958 0.028034 0.003886 0.016121 
-0.437988 0.664576 0.000000 0.004763 0.171784 0.030771 0.027899 0.003827 0.015981 
-0.437012 0.662903 0.000000 0.004818 0.171784 0.030585 0.027765 0.003769 0.015843 
-0.436035 0.661231 0.000000 0.004871 0.171784 0.030400 0.027632 0.003710 0.015706 
-0.435059 0.659562 0.000000 0.004922 0.171784 0.030217 0.027500 0.003653 0.015570 
-0.434082 0.657894 0.000000 0.004970 0.171784 0.030034 0.027368 0.003595 0.015435 
-0.433105 0.656228 0.000000 0.005016 0.171784 0.029853 0.027237 0.003539 0.015301 
-0.432129 0.654564 0.000000 0.005060 0.171784 0.029673 0.027108 0.003482 0.015167 
-0.431152 0.652901 0.000000 0.005102 0.171784 0.029494 0.026978 0.003427 0.015035 
-0.430176 0.651241 0.000000 0.005142 0.171784 0.029315 0.026850 0.003371 0.014904 
-0.429199 0.649582 0.000000 0.005179 0.171784 0.029139 0.026722 0.003317 0.014773 
-0.428223 0.647925 0.000000 0.005215 0.171784 0.028963 0.026595 0.003262 0.014644 
-0.427246 0.646270 0.000000 0.005249 0.171784 0.028788 0.026469 0.003209 0.014515 
-0.426270 0.644616 0.000000 0.005281 0.171784 0.028614 0.026344 0.003155 0.014387 
-0.425293 0.642965 0.000000 0.005311 0.171784 0.028441 0.026219 0.003102 0.014260 
-0.424316 0.641315 0.000000 0.005339 0.171784 0.028270 0.026095 0.003050 0.014134 
-0.423340 0.639666 0.000000 0.005366 0.171784 0.028099 0.025972 0.002998 0.014009 
-0.422363 0.638020 0.000000 0.005390 0.171784 0.027930 0.025850 0.002946 0.013885 
-0.421387 0.636375 0.000000 0.005414 0.171784 0.027761 0.025728 0.002895 0.013761 
-0.420410 0.634732 0.000000 0.005435 0.171784 0.027594 0.025608 0.002845 0.013639 
-0.419434 0.633090 0.000000 0.005455 0.171784 0.027427 0.025487 0.002795 0.013517 
-0.418457 0.631450 0.000000 0.005474 0.171784 0.027262 0.025368 0.002745 0.013397 
-0.417480 0.629812 0.000000 0.005491 0.171784 0.027097 0.025249 0.002696 0.013277 
-0.416504 0.628175 0.000000 0.005507 0.171784 0.026934 0.025131 0.002647 0.013157 
-0.415527 0.626540 0.000000 0.005521 0.171784 0.026771 0.025014 0.002599 0.013039 
-0.414551 0.624907 0.000000 0.005534 0.171784 0.026610 0.024897 0.002551 0.012922 
-0.413574 0.623275 0.000000 0.005546 0.171784 0.026449 0.024782 0.002503 0.012805 
-0.412598 0.621645 0.000000 0.005556 0.171784 0.026290 0.024666 0.002456 0.012689 
-0.411621 0.620016 0.000000 0.005565 0.171784 0.026131 0.024552 0.002410 0.012574 
-0.410645 0.618389 0.000000 0.005573 0.171784 0.025974 0.024438 0.002363 0.012460 
-0.409668 0.616763 0.000000 0.005580 0.171784 0.025817 0.024325 0.002318 0.012347 
-0.408691 0.615139 0.000000 0.005585 0.171784 0.025661 0.024213 0.002272 0.012234 
-0.407715 0.613517 0.000000 0.005590 0.171784 0.025507 0.024101 0.002227 0.012123 
-0.406738 0.611896 0.000000 0.005593 0.171784 0.025353 0.023990 0.002183 0.012012 
-0.405762 0.610277 0.000000 0.005596 0.171784 0.025200 0.023880 0.002139 0.011902 
-0.404785 0.608659 0.000000 0.005597 0.171784 0.025048 0.023770 0.002095 0.011792 
-0.403809 0.607042 0.000000 0.005597 0.171784 0.024897 0.023661 0.002052 0.011684 
-0.402832 0.605428 0.000000 0.005597 0.171784 0.024747 0.023552 0.002009 0.011576 
-0.401855 0.603814 0.000000 0.005595 0.171784 0.024598 0.023445 0.001966 0.011469 
-0.400879 0.602202 0.000000 0.005593 0.171784 0.024449 0.023337 0.001924 0.011362 
-0.399902 0.600592 0.000000 0.005589 0.171784 0.024302 0.023231 0.001882 0.011257 
-0.398926 0.598983 0.000000 0.005585 0.171784 0.024155 0.023125 0.001841 0.011152 
-0.397949 0.597375 0.000000 0.005580 0.171784 0.024010 0.023020 0.001800 0.011048 
-0.396973 0.595769 0.000000 0.005574 0.171784 0.023865 0.022915 0.001759 0.010944 
-0.395996 0.594164 0.000000 0.005568 0.171784 0.023721 0.022812 0.001719 0.010842 
-0.395020 0.592561 0.000000 0.005561 0.171784 0.023578 0.022708 0.001679 0.010740 
-0.394043 0.590959 0.000000 0.005553 0.171784 0.023436 0.022606 0.001640 0.010639 
-0.393066 0.589359 0.000000 0.005544 0.171784 0.023294 0.022504 0.001601 0.010538 
-0.392090 0.587759 0.000000 0.005534 0.171784 0.023154 0.022402 0.001562 0.010438 
-0.391113 0.586162 0.000000 0.005524 0.171784 0.023014 0.022301 0.001524 0.010339 
-0.390137 0.584565 0.000000 0.005513 0.171784 0.022876 0.022201 0.001486 0.010241 
-0.389160 0.582970 0.000000 0.005502 0.171784 0.022738 0.022102 0.001448 0.010144 
-0.388184 0.581377 0.000000 0.005490 0.171784 0.022600 0.022003 0.001411 0.010047 
-0.387207 0.579784 0.000000 0.005478 0.171784 0.022464 0.021904 0.001374 0.009950 
-0.386230 0.578193 0.000000 0.005464 0.171784 0.022329 0.021806 0.001337 0.009855 
-0.385254 0.576604 0.000000 0.005451 0.171784 0.022194 0.021709 0.001301 0.009760 
-0.384277 0.575015 0.000000 0.005437 0.171784 0.022060 0.021612 0.001265 0.009666 
-0.383301 0.573428 0.000000 0.005422 0.171784 0.021927 0.021516 0.001230 0.009572 
-0.382324 0.571843 0.000000 0.005407 0.171784 0.021795 0.021421 0.001195 0.009479 
-0.381348 0.570258 0.000000 0.005391 0.171784 0.021663 0.021326 0.001160 0.009387 
-0.380371 0.568675 0.000000 0.005375 0.171784 0.021533 0.021232 0.001125 0.009296 
-0.379395 0.567093 0.000000 0.005358 0.171784 0.021403 0.021138 0.001091 0.009205 
-0.378418 0.565512 0.000000 0.005341 0.171784 0.021274 0.021045 0.001058 0.009114 
-0.377441 0.563933 0.000000 0.005324 0.171784 0.021145 0.020952 0.001024 0.009025 
-0.376465 0.562355 0.000000 0.005306 0.171784 0.021018 0.020860 0.000991 0.008936 
-0.375488 0.560778 0.000000 0.005288 0.171784 0.020891 0.020769 0.000958 0.008848 
-0.374512 0.559202 0.000000 0.005269 0.171784 0.020765 0.020678 0.000926 0.008760 
-0.373535 0.557628 0.000000 0.005250 0.171784 0.020639 0.020587 0.000893 0.008673 
-0.372559 0.556055 0.000000 0.005231 0.171784 0.020515 0.020497 0.000862 0.008586 
-0.371582 0.554483 0.000000 0.005212 0.171784 0.020391 0.020408 0.000830 0.008501 
-0.370605 0.552912 0.000000 0.005192 0.171784 0.020268 0.020319 0.000799 0.008415 
-0.369629 0.551342 0.000000 0.005171 0.171784 0.020145 0.020231 0.000768 0.008331 
-0.368652 0.549774 0.000000 0.005151 0.171784 0.020024 0.020143 0.000737 0.008247 
-0.367676 0.548207 0.000000 0.005130 0.171784 0.019903 0.020056 0.000707 0.008163 
-0.366699 0.546641 0.000000 0.005109 0.171784 0.019782 0.019969 0.000677 0.008081 
-0.365723 0.545076 0.000000 0.005088 0.171784 0.019663 0.019883 0.000647 0.007998 
-0.364746 0.543512 0.000000 0.005066 0.171784 0.019544 0.019798 0.000618 0.007917 
-0.363770 0.541949 0.000000 0.005044 0.171784 0.019426 0.019713 0.000589 0.007836 
-0.362793 0.540388 0.000000 0.005022 0.171784 0.019308 0.019628 0.000560 0.007755 
-0.361816 0.538827 0.000000 0.005000 0.171784 0.019192 0.019544 0.000532 0.007675 
-0.360840 0.537268 0.000000 0.004977 0.171784 0.019076 0.019460 0.000503 0.007596 
-0.359863 0.535710 0.000000 0.004955 0.171784 0.018960 0.019377 0.000476 0.007518 
-0.358887 0.534153 0.000000 0.004932 0.171784 0.018846 0.019295 0.000448 0.007439 
-0.357910 0.532597 0.000000 0.004909 0.171784 0.018732 0.019213 0.000421 0.007362 
-0.356934 0.531042 0.000000 0.004886 0.171784 0.018618 0.019131 0.000394 0.007285 
-0.355957 0.529488 0.000000 0.004862 0.171784 0.018506 0.019050 0.000367 0.007208 
-0.354980 0.527936 0.000000 0.004839 0.171784 0.018394 0.018969 0.000340 0.007132 
-0.354004 0.526384 0.000000 0.004815 0.171784 0.018282 0.018889 0.000314 0.007057 
-0.353027 0.524834 0.000000 0.004791 0.171784 0.018172 0.018810 0.000288 0.006982 
-0.352051 0.523284 0.000000 0.004767 0.171784 0.018061 0.018731 0.000263 0.006908 
-0.351074 0.521736 0.000000 0.004743 0.171784 0.017952 0.018652 0.000237 0.006834 
-0.350098 0.520188 0.000000 0.004719 0.171784 0.017843 0.018574 0.000212 0.006761 
-0.349121 0.518642 0.000000 0.004694 0.171784 0.017735 0.018496 0.000187 0.006688 
-0.348145 0.517097 0.000000 0.004670 0.171784 0.017628 0.018419 0.000163 0.006616 
-0.347168 0.515553 0.000000 0.004646 0.171784 0.017521 0.018342 0.000139 0.006545 
-0.346191 0.514009 0.000000 0.004621 0.171784 0.017415 0.018266 0.000115 0.006474 
-0.345215 0.512467 0.000000 0.004596 0.171784 0.017309 0.018190 0.000091 0.006403 
-0.344238 0.510926 0.000000 0.004571 0.171784 0.017204 0.018115 0.000067 0.006333 
-0.343262 0.509386 0.000000 0.004547 0.171784 0.017099 0.018040 0.000044 0.006263 
-0.342285 0.507846 0.000000 0.004522 0.171784 0.016996 0.017965 0.000021 0.006194 
-0.341309 0.506308 0.000000 0.004497 0.171784 0.016892 0.017891 0.000002 0.006126 
-0.340332 0.504771 0.000000 0.004472 0.171784 0.016790 0.017818 0.000024 0.006058 
-0.339355 0.503234 0.000000 0.004447 0.171784 0.016688 0.017745 0.000046 0.005990 
-0.338379 0.501699 0.000000 0.004421 0.171784 0.016586 0.017672 0.000068 0.005923 
-0.337402 0.500165 0.000000 0.004396 0.171784 0.016486 0.017600 0.000090 0.005857 
-0.336426 0.498631 0.000000 0.004371 0.171784 0.016385 0.017528 0.000112 0.005790 
-0.335449 0.497099 0.000000 0.004346 0.171784 0.016286 0.017457 0.000133 0.005725 
-0.334473 0.495567 0.000000 0.004321 0.171784 0.016187 0.017386 0.000154 0.005660 
-0.333496 0.494037 0.000000 0.004295 0.171784 0.016088 0.017315 0.000175 0.005595 
-0.332520 0.492507 0.000000 0.004270 0.171784 0.015990 0.017245 0.000195 0.005531 
-0.331543 0.490978 0.000000 0.004245 0.171784 0.015893 0.017176 0.000215 0.005467 
-0.330566 0.489450 0.000000 0.004220 0.171784 0.015796 0.017106 0.000236 0.005404 
-0.329590 0.487923 0.000000 0.004194 0.171784 0.015700 0.017038 0.000255 0.005341 
-0.328613 0.486397 0.000000 0.004169 0.171784 0.015604 0.016969 0.000275 0.005279 
-0.327637 0.484872 0.000000 0.004144 0.171784 0.015509 0.016901 0.000294 0.005217 
-0.326660 0.483348 0.000000 0.004118 0.171784 0.015414 0.016834 0.000314 0.005156 
-0.325684 0.481824 0.000000 0.004093 0.171784 0.015320 0.016767 0.000332 0.005095 
-0.324707 0.480302 0.000000 0.004068 0.171784 0.015226 0.016700 0.000351 0.005034 
-0.323730 0.478780 0.000000 0.004043 0.171784 0.015133 0.016634 0.000370 0.004974 
-0.322754 0.477259 0.000000 0.004017 0.171784 0.015041 0.016568 0.000388 0.004915 
-0.321777 0.475739 0.000000 0.003992 0.171784 0.014949 0.016502 0.000406 0.004855 
-0.320801 0.474220 0.000000 0.003967 0.171784 0.014857 0.016437 0.000424 0.004797 
-0.319824 0.472702 0.000000 0.003942 0.171784 0.014766 0.016373 0.000441 0.004738 
-0.318848 0.471185 0.000000 0.003917 0.171784 0.014676 0.016308 0.000459 0.004681 
-0.317871 0.469668 0.000000 0.003892 0.171784 0.014586 0.016244 0.000476 0.004623 
-0.316895 0.468153 0.000000 0.003867 0.171784 0.014497 0.016181 0.000493 0.004566 
-0.315918 0.466638 0.000000 0.003842 0.171784 0.014408 0.016118 0.000510 0.004510 
-0.314941 0.465124 0.000000 0.003817 0.171784 0.014320 0.016055 0.000526 0.004453 
-0.313965 0.463610 0.000000 0.003792 0.171784 0.014232 0.015993 0.000542 0.004398 
-0.312988 0.462098 0.000000 0.003767 0.171784 0.014144 0.015931 0.000559 0.004342 
-0.312012 0.460586 0.000000 0.003742 0.171784 0.014057 0.015869 0.000574 0.004287 
-0.311035 0.459076 0.000000 0.003717 0.171784 0.013971 0.015808 0.000590 0.004233 
-0.310059 0.457566 0.000000 0.003693 0.171784 0.013885 0.015747 0.000606 0.004179 
-0.309082 0.456056 0.000000 0.003668 0.171784 0.013800 0.015687 0.000621 0.004125 
-0.308105 0.454548 0.000000 0.003644 0.171784 0.013715 0.015627 0.000636 0.004072 
-0.307129 0.453040 0.000000 0.003619 0.171784 0.013630 0.015567 0.000651 0.004019 
-0.306152 0.451533 0.000000 0.003595 0.171784 0.013546 0.015508 0.000666 0.003966 
-0.305176 0.450027 0.000000 0.003570 0.171784 0.013463 0.015449 0.000680 0.003914 
-0.304199 0.448522 0.000000 0.003546 0.171784 0.013380 0.015390 0.000695 0.003862 
-0.303223 0.447017 0.000000 0.003522 0.171784 0.013297 0.015332 0.000709 0.003811 
-0.302246 0.445513 0.000000 0.003497 0.171784 0.013215 0.015274 0.000723 0.003760 
-0.301270 0.444010 0.000000 0.003473 0.171784 0.013133 0.015216 0.000737 0.003710 
-0.300293 0.442508 0.000000 0.003449 0.171784 0.013052 0.015159 0.000750 0.003659 
-0.299316 0.441006 0.000000 0.003425 0.171784 0.012971 0.015102 0.000764 0.003610 
-0.298340 0.439505 0.000000 0.003401 0.171784 0.012891 0.015046 0.000777 0.003560 
-0.297363 0.438005 0.000000 0.003378 0.171784 0.012811 0.014990 0.000790 0.003511 
-0.296387 0.436506 0.000000 0.003354 0.171784 0.012732 0.014934 0.000803 0.003462 
-0.295410 0.435007 0.000000 0.003330 0.171784 0.012653 0.014878 0.000816 0.003414 
-0.294434 0.433509 0.000000 0.003307 0.171784 0.012574 0.014823 0.000828 0.003366 
-0.293457 0.432011 0.000000 0.003283 0.171784 0.012496 0.014769 0.000840 0.003318 
-0.292480 0.430515 0.000000 0.003260 0.171784 0.012418 0.014714 0.000853 0.003271 
-0.291504 0.429019 0.000000 0.003236 0.171784 0.012341 0.014660 0.000865 0.003224 
-0.290527 0.427524 0.000000 0.003213 0.171784 0.012264 0.014606 0.000876 0.003178 
-0.289551 0.426029 0.000000 0.003190 0.171784 0.012188 0.014553 0.000888 0.003132 
-0.288574 0.424535 0.000000 0.003167 0.171784 0.012112 0.014500 0.000899 0.003086 
-0.287598 0.423042 0.000000 0.003144 0.171784 0.012036 0.014447 0.000911 0.003040 
-0.286621 0.421550 0.000000 0.003121 0.171784 0.011961 0.014395 0.000922 0.002995 
-0.285645 0.420058 0.000000 0.003098 0.171784 0.011886 0.014343 0.000933 0.002950 
-0.284668 0.418567 0.000000 0.003076 0.171784 0.011812 0.014291 0.000944 0.002906 
-0.283691 0.417076 0.000000 0.003053 0.171784 0.011738 0.014240 0.000954 0.002862 
-0.282715 0.415586 0.000000 0.003031 0.171784 0.011664 0.014189 0.000965 0.002818 
-0.281738 0.414097 0.000000 0.003008 0.171784 0.011591 0.014138 0.000975 0.002775 
-0.280762 0.412608 0.000000 0.002986 0.171784 0.011518 0.014087 0.000985 0.002732 
-0.279785 0.411120 0.000000 0.002963 0.171784 0.011446 0.014037 0.000995 0.002689 
-0.278809 0.409633 0.000000 0.002941 0.171784 0.011374 0.013987 0.001005 0.002646 
-0.277832 0.408147 0.000000 0.002919 0.171784 0.011302 0.013938 0.001015 0.002604 
-0.276855 0.406661 0.000000 0.002897 0.171784 0.011231 0.013889 0.001024 0.002562 
-0.275879 0.405175 0.000000 0.002875 0.171784 0.011160 0.013840 0.001034 0.002521 
-0.274902 0.403690 0.000000 0.002854 0.171784 0.011090 0.013791 0.001043 0.002480 
-0.273926 0.402206 0.000000 0.002832 0.171784 0.011020 0.013743 0.001052 0.002439 
-0.272949 0.400723 0.000000 0.002810 0.171784 0.010950 0.013695 0.001061 0.002398 
-0.271973 0.399240 0.000000 0.002789 0.171784 0.010881 0.013647 0.001070 0.002358 
-0.270996 0.397757 0.000000 0.002767 0.171784 0.010812 0.013600 0.001078 0.002318 
-0.270020 0.396276 0.000000 0.002746 0.171784 0.010743 0.013553 0.001087 0.002279 
-0.269043 0.394795 0.000000 0.002725 0.171784 0.010675 0.013506 0.001095 0.002240 
-0.268066 0.393314 0.000000 0.002704 0.171784 0.010607 0.013459 0.001103 0.002201 
-0.267090 0.391834 0.000000 0.002683 0.171784 0.010540 0.013413 0.001111 0.002162 
-0.266113 0.390355 0.000000 0.002662 0.171784 0.010472 0.013367 0.001119 0.002124 
-0.265137 0.388876 0.000000 0.002641 0.171784 0.010406 0.013322 0.001127 0.002085 
-0.264160 0.387398 0.000000 0.002620 0.171784 0.010339 0.013277 0.001135 0.002048 
-0.263184 0.385920 0.000000 0.002600 0.171784 0.010273 0.013232 0.001142 0.002010 
-0.262207 0.384443 0.000000 0.002579 0.171784 0.010207 0.013187 0.001150 0.001973 
-0.261230 0.382966 0.000000 0.002559 0.171784 0.010142 0.013142 0.001157 0.001936 
-0.260254 0.381490 0.000000 0.002538 0.171784 0.010077 0.013098 0.001164 0.001900 
-0.259277 0.380015 0.000000 0.002518 0.171784 0.010012 0.013054 0.001171 0.001863 
-0.258301 0.378540 0.000000 0.002498 0.171784 0.009948 0.013011 0.001178 0.001827 
-0.257324 0.377066 0.000000 0.002478 0.171784 0.009884 0.012967 0.001184 0.001792 
-0.256348 0.375592 0.000000 0.002458 0.171784 0.009820 0.012924 0.001191 0.001756 
-0.255371 0.374119 0.000000 0.002438 0.171784 0.009757 0.012882 0.001197 0.001721 
-0.254395 0.372646 0.000000 0.002418 0.171784 0.009694 0.012839 0.001204 0.001686 
-0.253418 0.371174 0.000000 0.002399 0.171784 0.009631 0.012797 0.001210 0.001651 
-0.252441 0.369702 0.000000 0.002379 0.171784 0.009569 0.012755 0.001216 0.001617 
-0.251465 0.368231 0.000000 0.002360 0.171784 0.009506 0.012713 0.001222 0.001583 
-0.250488 0.366760 0.000000 0.002340 0.171784 0.009445 0.012672 0.001227 0.001549 
-0.249512 0.365290 0.000000 0.002321 0.171784 0.009383 0.012631 0.001233 0.001516 
-0.248535 0.363821 0.000000 0.002302 0.171784 0.009322 0.012590 0.001239 0.001482 
-0.247559 0.362352 0.000000 0.002283 0.171784 0.009261 0.012550 0.001244 0.001449 
-0.246582 0.360883 0.000000 0.002264 0.171784 0.009201 0.012509 0.001249 0.001417 
-0.245605 0.359415 0.000000 0.002245 0.171784 0.009141 0.012469 0.001255 0.001384 
-0.244629 0.357948 0.000000 0.002226 0.171784 0.009081 0.012429 0.001260 0.001352 
-0.243652 0.356481 0.000000 0.002208 0.171784 0.009021 0.012390 0.001264 0.001320 
-0.242676 0.355014 0.000000 0.002189 0.171784 0.008962 0.012351 0.001269 0.001288 
-0.241699 0.353548 0.000000 0.002170 0.171784 0.008903 0.012312 0.001274 0.001257 
-0.240723 0.352082 0.000000 0.002152 0.171784 0.008844 0.012273 0.001279 0.001226 
-0.239746 0.350617 0.000000 0.002134 0.171784 0.008786 0.012234 0.001283 0.001195 
-0.238770 0.349153 0.000000 0.002116 0.171784 0.008728 0.012196 0.001287 0.001164 
-0.237793 0.347688 0.000000 0.002097 0.171784 0.008670 0.012158 0.001292 0.001134 
-0.236816 0.346225 0.000000 0.002079 0.171784 0.008612 0.012120 0.001296 0.001104 
-0.235840 0.344761 0.000000 0.002061 0.171784 0.008555 0.012083 0.001300 0.001074 
-0.234863 0.343299 0.000000 0.002044 0.171784 0.008498 0.012046 0.001304 0.001044 
-0.233887 0.341836 0.000000 0.002026 0.171784 0.008441 0.012009 0.001307 0.001015 
-0.232910 0.340375 0.000000 0.002008 0.171784 0.008385 0.011972 0.001311 0.000985 
-0.231934 0.338913 0.000000 0.001991 0.171784 0.008329 0.011935 0.001315 0.000957 
-0.230957 0.337452 0.000000 0.001973 0.171784 0.008273 0.011899 0.001318 0.000928 
-0.229980 0.335992 0.000000 0.001956 0.171784 0.008217 0.011863 0.001322 0.000899 
-0.229004 0.334532 0.000000 0.001938 0.171784 0.008162 0.011827 0.001325 0.000871 
-0.228027 0.333072 0.000000 0.001921 0.171784 0.008107 0.011792 0.001328 0.000843 
-0.227051 0.331613 0.000000 0.001904 0.171784 0.008052 0.011757 0.001331 0.000815 
-0.226074 0.330154 0.000000 0.001887 0.171784 0.007998 0.011721 0.001334 0.000788 
-0.225098 0.328696 0.000000 0.001870 0.171784 0.007943 0.011687 0.001337 0.000761 
-0.224121 0.327238 0.000000 0.001853 0.171784 0.007889 0.011652 0.001340 0.000734 
-0.223145 0.325780 0.000000 0.001836 0.171784 0.007836 0.011618 0.001342 0.000707 
-0.222168 0.324323 0.000000 0.001820 0.171784 0.007782 0.011584 0.001345 0.000680 
-0.221191 0.322867 0.000000 0.001803 0.171784 0.007729 0.011550 0.001347 0.000654 
-0.220215 0.321410 0.000000 0.001787 0.171784 0.007676 0.011516 0.001350 0.000627 
-0.219238 0.319955 0.000000 0.001770 0.171784 0.007623 0.011483 0.001352 0.000602 
-0.218262 0.318499 0.000000 0.001754 0.171784 0.007571 0.011450 0.001354 0.000576 
-0.217285 0.317044 0.000000 0.001737 0.171784 0.007519 0.011417 0.001356 0.000550 
-0.216309 0.315590 0.000000 0.001721 0.171784 0.007467 0.011384 0.001358 0.000525 
-0.215332 0.314136 0.000000 0.001705 0.171784 0.007415 0.011351 0.001360 0.000500 
-0.214355 0.312682 0.000000 0.001689 0.171784 0.007364 0.011319 0.001362 0.000475 
-0.213379 0.311228 0.000000 0.001673 0.171784 0.007312 0.011287 0.001364 0.000450 
-0.212402 0.309775 0.000000 0.001657 0.171784 0.007261 0.011255 0.001365 0.000426 
-0.211426 0.308323 0.000000 0.001642 0.171784 0.007211 0.011224 0.001367 0.000402 
-0.210449 0.306870 0.000000 0.001626 0.171784 0.007160 0.011192 0.001368 0.000378 
-0.209473 0.305419 0.000000 0.001610 0.171784 0.007110 0.011161 0.001370 0.000354 
-0.208496 0.303967 0.000000 0.001595 0.171784 0.007060 0.011130 0.001371 0.000330 
-0.207520 0.302516 0.000000 0.001579 0.171784 0.007010 0.011099 0.001372 0.000307 
-0.206543 0.301065 0.000000 0.001564 0.171784 0.006960 0.011069 0.001373 0.000284 
-0.205566 0.299615 0.000000 0.001549 0.171784 0.006911 0.011039 0.001374 0.000261 
-0.204590 0.298165 0.000000 0.001534 0.171784 0.006862 0.011009 0.001375 0.000238 
-0.203613 0.296715 0.000000 0.001518 0.171784 0.006813 0.010979 0.001376 0.000216 
-0.202637 0.295266 0.000000 0.001503 0.171784 0.006764 0.010949 0.001377 0.000193 
-0.201660 0.293817 0.000000 0.001488 0.171784 0.006716 0.010920 0.001377 0.000171 
-0.200684 0.292368 0.000000 0.001473 0.171784 0.006667 0.010890 0.001378 0.000149 
-0.199707 0.290920 0.000000 0.001459 0.171784 0.006619 0.010861 0.001378 0.000127 
-0.198730 0.289472 0.000000 0.001444 0.171784 0.006571 0.010833 0.001379 0.000106 
-0.197754 0.288025 0.000000 0.001429 0.171784 0.006524 0.010804 0.001379 0.000084 
-0.196777 0.286578 0.000000 0.001415 0.171784 0.006476 0.010776 0.001379 0.000063 
-0.195801 0.285131 0.000000 0.001400 0.171784 0.006429 0.010747 0.001380 0.000042 
-0.194824 0.283684 0.000000 0.001386 0.171784 0.006382 0.010719 0.001380 0.000021 
-0.193848 0.282238 0.000000 0.001371 0.171784 0.006335 0.010692 0.001380 0.000001 
-0.192871 0.280792 0.000000 0.001357 0.171784 0.006289 0.010664 0.001380 0.000020 
-0.191895 0.279347 0.000000 0.001343 0.171784 0.006242 0.010637 0.001380 0.000040 
-0.190918 0.277902 0.000000 0.001328 0.171784 0.006196 0.010610 0.001379 0.000060 
-0.189941 0.276457 0.000000 0.001314 0.171784 0.006150 0.010583 0.001379 0.000080 
-0.188965 0.275012 0.000000 0.001300 0.171784 0.006104 0.010556 0.001379 0.000100 
-0.187988 0.273568 0.000000 0.001286 0.171784 0.006059 0.010529 0.001378 0.000119 
-0.187012 0.272124 0.000000 0.001272 0.171784 0.006013 0.010503 0.001378 0.000138 
-0.186035 0.270681 0.000000 0.001259 0.171784 0.005968 0.010477 0.001377 0.000158 
-0.185059 0.269237 0.000000 0.001245 0.171784 0.005923 0.010451 0.001377 0.000176 
-0.184082 0.267794 0.000000 0.001231 0.171784 0.005878 0.010425 0.001376 0.000195 
-0.183105 0.266352 0.000000 0.001218 0.171784 0.005834 0.010399 0.001375 0.000214 
-0.182129 0.264909 0.000000 0.001204 0.171784 0.005789 0.010374 0.001375 0.000232 
-0.181152 0.263467 0.000000 0.001191 0.171784 0.005745 0.010349 0.001374 0.000251 
-0.180176 0.262026 0.000000 0.001177 0.171784 0.005701 0.010324 0.001373 0.000269 
-0.179199 0.260584 0.000000 0.001164 0.171784 0.005657 0.010299 0.001372 0.000286 
-0.178223 0.259143 0.000000 0.001150 0.171784 0.005613 0.010275 0.001371 0.000304 
-0.177246 0.257702 0.000000 0.001137 0.171784 0.005570 0.010250 0.001369 0.000322 
-0.176270 0.256262 0.000000 0.001124 0.171784 0.005526 0.010226 0.001368 0.000339 
-0.175293 0.254821 0.000000 0.001111 0.171784 0.005483 0.010202 0.001367 0.000356 
-0.174316 0.253381 0.000000 0.001098 0.171784 0.005440 0.010178 0.001366 0.000373 
-0.173340 0.251942 0.000000 0.001085 0.171784 0.005397 0.010154 0.001364 0.000390 
-0.172363 0.250502 0.000000 0.001072 0.171784 0.005354 0.010131 0.001363 0.000407 
-0.171387 0.249063 0.000000 0.001059 0.171784 0.005312 0.010108 0.001361 0.000424 
-0.170410 0.247624 0.000000 0.001046 0.171784 0.005270 0.010084 0.001360 0.000440 
-0.169434 0.246186 0.000000 0.001033 0.171784 0.005227 0.010062 0.001358 0.000456 
-0.168457 0.244747 0.000000 0.001021 0.171784 0.005185 0.010039 0.001356 0.000472 
-0.167480 0.243309 0.000000 0.001008 0.171784 0.005144 0.010016 0.001354 0.000488 
-0.166504 0.241871 0.000000 0.000995 0.171784 0.005102 0.009994 0.001353 0.000504 
-0.165527 0.240434 0.000000 0.000983 0.171784 0.005060 0.009972 0.001351 0.000519 
-0.164551 0.238996 0.000000 0.000970 0.171784 0.005019 0.009950 0.001349 0.000535 
-0.163574 0.237559 0.000000 0.000958 0.171784 0.004978 0.009928 0.001347 0.000550 
-0.162598 0.236123 0.000000 0.000946 0.171784 0.004937 0.009906 0.001345 0.000565 
-0.161621 0.234686 0.000000 0.000933 0.171784 0.004896 0.009885 0.001343 0.000580 
-0.160645 0.233250 0.000000 0.000921 0.171784 0.004855 0.009863 0.001340 0.000595 
-0.159668 0.231814 0.000000 0.000909 0.171784 0.004814 0.009842 0.001338 0.000609 
-0.158691 0.230378 0.000000 0.000897 0.171784 0.004774 0.009821 0.001336 0.000624 
-0.157715 0.228943 0.000000 0.000885 0.171784 0.004734 0.009801 0.001334 0.000638 
-0.156738 0.227507 0.000000 0.000873 0.171784 0.004694 0.009780 0.001331 0.000652 
-0.155762 0.226072 0.000000 0.000861 0.171784 0.004654 0.009760 0.001329 0.000666 
-0.154785 0.224637 0.000000 0.000849 0.171784 0.004614 0.009739 0.001326 0.000680 
-0.153809 0.223203 0.000000 0.000837 0.171784 0.004574 0.009719 0.001324 0.000694 
-0.152832 0.221768 0.000000 0.000825 0.171784 0.004534 0.009699 0.001321 0.000707 
-0.151855 0.220334 0.000000 0.000813 0.171784 0.004495 0.009680 0.001319 0.000721 
-0.150879 0.218900 0.000000 0.000801 0.171784 0.004456 0.009660 0.001316 0.000734 
-0.149902 0.217467 0.000000 0.000789 0.171784 0.004417 0.009641 0.001313 0.000747 
-0.148926 0.216033 0.000000 0.000778 0.171784 0.004377 0.009622 0.001310 0.000760 
-0.147949 0.214600 0.000000 0.000766 0.171784 0.004339 0.009603 0.001308 0.000773 
-0.146973 0.213167 0.000000 0.000755 0.171784 0.004300 0.009584 0.001305 0.000785 
-0.145996 0.211734 0.000000 0.000743 0.171784 0.004261 0.009565 0.001302 0.000798 
-0.145020 0.210302 0.000000 0.000732 0.171784 0.004223 0.009546 0.001299 0.000810 
-0.144043 0.208869 0.000000 0.000720 0.171784 0.004184 0.009528 0.001296 0.000822 
-0.143066 0.207437 0.000000 0.000709 0.171784 0.004146 0.009510 0.001293 0.000834 
-0.142090 0.206005 0.000000 0.000697 0.171784 0.004108 0.009492 0.001290 0.000846 
-0.141113 0.204573 0.000000 0.000686 0.171784 0.004070 0.009474 0.001286 0.000858 
-0.140137 0.203142 0.000000 0.000675 0.171784 0.004032 0.009456 0.001283 0.000870 
-0.139160 0.201711 0.000000 0.000663 0.171784 0.003995 0.009439 0.001280 0.000881 
-0.138184 0.200279 0.000000 0.000652 0.171784 0.003957 0.009421 0.001277 0.000893 
-0.137207 0.198848 0.000000 0.000641 0.171784 0.003919 0.009404 0.001273 0.000904 
-0.136230 0.197418 0.000000 0.000630 0.171784 0.003882 0.009387 0.001270 0.000915 
-0.135254 0.195987 0.000000 0.000619 0.171784 0.003845 0.009370 0.001267 0.000926 
-0.134277 0.194557 0.000000 0.000608 0.171784 0.003808 0.009354 0.001263 0.000937 
-0.133301 0.193127 0.000000 0.000597 0.171784 0.003771 0.009337 0.001260 0.000947 
-0.132324 0.191697 0.000000 0.000586 0.171784 0.003734 0.009321 0.001256 0.000958 
-0.131348 0.190267 0.000000 0.000575 0.171784 0.003697 0.009304 0.001253 0.000968 
-0.130371 0.188837 0.000000 0.000564 0.171784 0.003660 0.009288 0.001249 0.000978 
-0.129395 0.187408 0.000000 0.000553 0.171784 0.003624 0.009272 0.001245 0.000989 
-0.128418 0.185979 0.000000 0.000542 0.171784 0.003587 0.009257 0.001242 0.000999 
-0.127441 0.184550 0.000000 0.000532 0.171784 0.003551 0.009241 0.001238 0.001008 
-0.126465 0.183121 0.000000 0.000521 0.171784 0.003515 0.009226 0.001234 0.001018 
-0.125488 0.181692 0.000000 0.000510 0.171784 0.003479 0.009210 0.001231 0.001028 
-0.124512 0.180263 0.000000 0.000499 0.171784 0.003443 0.009195 0.001227 0.001037 
-0.123535 0.178835 0.000000 0.000489 0.171784 0.003407 0.009180 0.001223 0.001047 
-0.122559 0.177407 0.000000 0.000478 0.171784 0.003371 0.009166 0.001219 0.001056 
-0.121582 0.175979 0.000000 0.000467 0.171784 0.003335 0.009151 0.001215 0.001065 
-0.120605 0.174551 0.000000 0.000457 0.171784 0.003300 0.009136 0.001211 0.001074 
-0.119629 0.173123 0.000000 0.000446 0.171784 0.003264 0.009122 0.001207 0.001083 
-0.118652 0.171696 0.000000 0.000436 0.171784 0.003229 0.009108 0.001203 0.001091 
-0.117676 0.170268 0.000000 0.000425 0.171784 0.003193 0.009094 0.001199 0.001100 
-0.116699 0.168841 0.000000 0.000415 0.171784 0.003158 0.009080 0.001195 0.001108 
-0.115723 0.167414 0.000000 0.000404 0.171784 0.003123 0.009066 0.001191 0.001116 
-0.114746 0.165987 0.000000 0.000394 0.171784 0.003088 0.009053 0.001187 0.001125 
-0.113770 0.164560 0.000000 0.000384 0.171784 0.003053 0.009039 0.001183 0.001133 
-0.112793 0.163133 0.000000 0.000373 0.171784 0.003018 0.009026 0.001178 0.001141 
-0.111816 0.161707 0.000000 0.000363 0.171784 0.002984 0.009013 0.001174 0.001148 
-0.110840 0.160281 0.000000 0.000353 0.171784 0.002949 0.009000 0.001170 0.001156 
-0.109863 0.158854 0.000000 0.000342 0.171784 0.002914 0.008987 0.001166 0.001164 
-0.108887 0.157428 0.000000 0.000332 0.171784 0.002880 0.008975 0.001161 0.001171 
-0.107910 0.156002 0.000000 0.000322 0.171784 0.002845 0.008962 0.001157 0.001178 
-0.106934 0.154576 0.000000 0.000312 0.171784 0.002811 0.008950 0.001153 0.001185 
-0.105957 0.153151 0.000000 0.000301 0.171784 0.002777 0.008938 0.001148 0.001193 
-0.104980 0.151725 0.000000 0.000291 0.171784 0.002743 0.008925 0.001144 0.001199 
-0.104004 0.150300 0.000000 0.000281 0.171784 0.002708 0.008914 0.001139 0.001206 
-0.103027 0.148875 0.000000 0.000271 0.171784 0.002674 0.008902 0.001135 0.001213 
-0.102051 0.147449 0.000000 0.000261 0.171784 0.002641 0.008890 0.001131 0.001220 
-0.101074 0.146024 0.000000 0.000251 0.171784 0.002607 0.008879 0.001126 0.001226 
-0.100098 0.144599 0.000000 0.000241 0.171784 0.002573 0.008867 0.001121 0.001232 
-0.099121 0.143175 0.000000 0.000230 0.171784 0.002539 0.008856 0.001117 0.001238 
-0.098145 0.141750 0.000000 0.000220 0.171784 0.002506 0.008845 0.001112 0.001245 
-0.097168 0.140326 0.000000 0.000210 0.171784 0.002472 0.008834 0.001108 0.001251 
-0.096191 0.138901 0.000000 0.000200 0.171784 0.002438 0.008824 0.001103 0.001256 
-0.095215 0.137477 0.000000 0.000190 0.171784 0.002405 0.008813 0.001098 0.001262 
-0.094238 0.136053 0.000000 0.000180 0.171784 0.002372 0.008803 0.001094 0.001268 
-0.093262 0.134628 0.000000 0.000170 0.171784 0.002338 0.008792 0.001089 0.001273 
-0.092285 0.133205 0.000000 0.000161 0.171784 0.002305 0.008782 0.001084 0.001279 
-0.091309 0.131781 0.000000 0.000151 0.171784 0.002272 0.008772 0.001080 0.001284 
-0.090332 0.130357 0.000000 0.000141 0.171784 0.002239 0.008762 0.001075 0.001289 
-0.089355 0.128933 0.000000 0.000131 0.171784 0.002206 0.008753 0.001070 0.001294 
-0.088379 0.127510 0.000000 0.000121 0.171784 0.002173 0.008743 0.001065 0.001299 
-0.087402 0.126086 0.000000 0.000111 0.171784 0.002140 0.008734 0.001061 0.001304 
-0.086426 0.124663 0.000000 0.000101 0.171784 0.002107 0.008724 0.001056 0.001308 
-0.085449 0.123240 0.000000 0.000091 0.171784 0.002074 0.008715 0.001051 0.001313 
-0.084473 0.121816 0.000000 0.000081 0.171784 0.002042 0.008706 0.001046 0.001317 
-0.083496 0.120393 0.000000 0.000072 0.171784 0.002009 0.008697 0.001041 0.001322 
-0.082520 0.118970 0.000000 0.000062 0.171784 0.001976 0.008689 0.001036 0.001326 
-0.081543 0.117547 0.000000 0.000052 0.171784 0.001944 0.008680 0.001031 0.001330 
-0.080566 0.116125 0.000000 0.000042 0.171784 0.001911 0.008672 0.001026 0.001334 
-0.079590 0.114702 0.000000 0.000032 0.171784 0.001879 0.008663 0.001022 0.001338 
-0.078613 0.113279 0.000000 0.000022 0.171784 0.001847 0.008655 0.001017 0.001342 
-0.077637 0.111857 0.000000 0.000013 0.171784 0.001814 0.008647 0.001012 0.001345 
-0.076660 0.110434 0.000000 0.000003 0.171784 0.001782 0.008640 0.001007 0.001349 
-0.075684 0.109012 0.000000 0.000007 0.171784 0.001750 0.008632 0.001002 0.001352 
-0.074707 0.107589 0.000000 0.000017 0.171784 0.001717 0.008624 0.000997 0.001356 
-0.073730 0.106167 0.000000 0.000027 0.171784 0.001685 0.008617 0.000992 0.001359 
-0.072754 0.104745 0.000000 0.000036 0.171784 0.001653 0.008610 0.000987 0.001362 
-0.071777 0.103323 0.000000 0.000046 0.171784 0.001621 0.008602 0.000982 0.001365 
-0.070801 0.101901 0.000000 0.000056 0.171784 0.001589 0.008595 0.000977 0.001368 
-0.069824 0.100479 0.000000 0.000066 0.171784 0.001557 0.008588 0.000972 0.001371 
-0.068848 0.099057 0.000000 0.000075 0.171784 0.001525 0.008582 0.000966 0.001373 
-0.067871 0.097635 0.000000 0.000085 0.171784 0.001493 0.008575 0.000961 0.001376 
-0.066895 0.096213 0.000000 0.000095 0.171784 0.001461 0.008569 0.000956 0.001378 
-0.065918 0.094792 0.000000 0.000105 0.171784 0.001430 0.008562 0.000951 0.001381 
-0.064941 0.093370 0.000000 0.000115 0.171784 0.001398 0.008556 0.000946 0.001383 
-0.063965 0.091948 0.000000 0.000124 0.171784 0.001366 0.008550 0.000941 0.001385 
-0.062988 0.090527 0.000000 0.000134 0.171784 0.001334 0.008544 0.000936 0.001387 
-0.062012 0.089105 0.000000 0.000144 0.171784 0.001303 0.008539 0.000931 0.001389 
-0.061035 0.087684 0.000000 0.000154 0.171784 0.001271 0.008533 0.000926 0.001391 
-0.060059 0.086262 0.000000 0.000163 0.171784 0.001239 0.008527 0.000920 0.001392 
-0.059082 0.084841 0.000000 0.000173 0.171784 0.001208 0.008522 0.000915 0.001394 
-0.058105 0.083420 0.000000 0.000183 0.171784 0.001176 0.008517 0.000910 0.001395 
-0.057129 0.081999 0.000000 0.000193 0.171784 0.001145 0.008512 0.000905 0.001397 
-0.056152 0.080577 0.000000 0.000203 0.171784 0.001113 0.008507 0.000900 0.001398 
-0.055176 0.079156 0.000000 0.000212 0.171784 0.001082 0.008502 0.000895 0.001399 
-0.054199 0.077735 0.000000 0.000222 0.171784 0.001050 0.008497 0.000890 0.001400 
-0.053223 0.076314 0.000000 0.000232 0.171784 0.001019 0.008493 0.000884 0.001401 
-0.052246 0.074893 0.000000 0.000242 0.171784 0.000987 0.008489 0.000879 0.001402 
-0.051270 0.073472 0.000000 0.000252 0.171784 0.000956 0.008484 0.000874 0.001402 
-0.050293 0.072051 0.000000 0.000262 0.171784 0.000924 0.008480 0.000869 0.001403 
-0.049316 0.072174 0.000000 0.000820 0.171784 0.001839 0.008474 0.000000 0.000000 
-0.048340 0.070745 0.000000 0.000805 0.171784 0.001802 0.008466 0.000000 0.000000 
-0.047363 0.069315 0.000000 0.000788 0.171784 0.001765 0.008458 0.000000 0.000000 
-0.046387 0.067885 0.000000 0.000772 0.171784 0.001728 0.008451 0.000000 0.000000 
-0.045410 0.066455 0.000000 0.000755 0.171784 0.001691 0.008443 0.000000 0.000000 
-0.044434 0.065025 0.000000 0.000739 0.171784 0.001655 0.008436 0.000000 0.000000 
-0.043457 0.063595 0.000000 0.000723 0.171784 0.001618 0.008429 0.000000 0.000000 
-0.042480 0.062165 0.000000 0.000706 0.171784 0.001581 0.008422 0.000000 0.000000 
-0.041504 0.060736 0.000000 0.000690 0.171784 0.001544 0.008415 0.000000 0.000000 
-0.040527 0.059306 0.000000 0.000674 0.171784 0.001507 0.008408 0.000000 0.000000 
-0.039551 0.057876 0.000000 0.000657 0.171784 0.001471 0.008402 0.000000 0.000000 
-0.038574 0.056446 0.000000 0.000641 0.171784 0.001434 0.008396 0.000000 0.000000 
-0.037598 0.055017 0.000000 0.000625 0.171784 0.001397 0.008389 0.000000 0.000000 
-0.036621 0.053587 0.000000 0.000608 0.171784 0.001361 0.008383 0.000000 0.000000 
-0.035645 0.052158 0.000000 0.000592 0.171784 0.001324 0.008377 0.000000 0.000000 
-0.034668 0.050728 0.000000 0.000576 0.171784 0.001288 0.008372 0.000000 0.000000 
-0.033691 0.049299 0.000000 0.000560 0.171784 0.001251 0.008366 0.000000 0.000000 
-0.032715 0.047870 0.000000 0.000543 0.171784 0.001215 0.008361 0.000000 0.000000 
-0.031738 0.046440 0.000000 0.000527 0.171784 0.001178 0.008356 0.000000 0.000000 
-0.030762 0.045011 0.000000 0.000511 0.171784 0.001142 0.008351 0.000000 0.000000 
-0.029785 0.043582 0.000000 0.000494 0.171784 0.001105 0.008346 0.000000 0.000000 
-0.028809 0.042152 0.000000 0.000478 0.171784 0.001069 0.008341 0.000000 0.000000 
-0.027832 0.040723 0.000000 0.000462 0.171784 0.001032 0.008336 0.000000 0.000000 
-0.026855 0.039294 0.000000 0.000446 0.171784 0.000996 0.008332 0.000000 0.000000 
-0.025879 0.037865 0.000000 0.000429 0.171784 0.000960 0.008328 0.000000 0.000000 
-0.024902 0.036436 0.000000 0.000413 0.171784 0.000923 0.008324 0.000000 0.000000 
-0.023926 0.035007 0.000000 0.000397 0.171784 0.000887 0.008320 0.000000 0.000000 
-0.022949 0.033578 0.000000 0.000381 0.171784 0.000850 0.008316 0.000000 0.000000 
-0.021973 0.032149 0.000000 0.000364 0.171784 0.000814 0.008312 0.000000 0.000000 
-0.020996 0.030720 0.000000 0.000348 0.171784 0.000778 0.008309 0.000000 0.000000 
-0.020020 0.029291 0.000000 0.000332 0.171784 0.000742 0.008305 0.000000 0.000000 
-0.019043 0.027862 0.000000 0.000316 0.171784 0.000705 0.008302 0.000000 0.000000 
-0.018066 0.026433 0.000000 0.000300 0.171784 0.000669 0.008299 0.000000 0.000000 
-0.017090 0.025004 0.000000 0.000283 0.171784 0.000633 0.008296 0.000000 0.000000 
-0.016113 0.023575 0.000000 0.000267 0.171784 0.000597 0.008294 0.000000 0.000000 
-0.015137 0.022146 0.000000 0.000251 0.171784 0.000560 0.008291 0.000000 0.000000 
-0.014160 0.020717 0.000000 0.000235 0.171784 0.000524 0.008289 0.000000 0.000000 
-0.013184 0.019288 0.000000 0.000219 0.171784 0.000488 0.008287 0.000000 0.000000 
-0.012207 0.017860 0.000000 0.000202 0.171784 0.000452 0.008284 0.000000 0.000000 
-0.011230 0.016431 0.000000 0.000186 0.171784 0.000416 0.008283 0.000000 0.000000 
-0.010254 0.015002 0.000000 0.000170 0.171784 0.000379 0.008281 0.000000 0.000000 
-0.009277 0.013573 0.000000 0.000154 0.171784 0.000343 0.008279 0.000000 0.000000 
-0.008301 0.012144 0.000000 0.000138 0.171784 0.000307 0.008278 0.000000 0.000000 
-0.007324 0.010716 0.000000 0.000121 0.171784 0.000271 0.008277 0.000000 0.000000 
-0.006348 0.009287 0.000000 0.000105 0.171784 0.000235 0.008275 0.000000 0.000000 
-0.005371 0.007858 0.000000 0.000089 0.171784 0.000199 0.008275 0.000000 0.000000 
-0.004395 0.006429 0.000000 0.000073 0.171784 0.000163 0.008274 0.000000 0.000000 
-0.003418 0.005001 0.000000 0.000057 0.171784 0.000126 0.008273 0.000000 0.000000 
-0.002441 0.003572 0.000000 0.000040 0.171784 0.000090 0.008273 0.000000 0.000000 
-0.001465 0.002143 0.000000 0.000024 0.171784 0.000054 0.008272 0.000000 0.000000 
-0.000488 0.000714 0.000000 0.000008 0.171784 0.000018 0.008272 0.000000 0.000000 
0.000488 0.000714 0.000000 0.000008 0.171784 0.000018 0.008272 0.000000 0.000000 
0.001465 0.002143 0.000000 0.000024 0.171784 0.000054 0.008272 0.000000 0.000000 
0.002441 0.003572 0.000000 0.000040 0.171784 0.000090 0.008273 0.000000 0.000000 
0.003418 0.005001 0.000000 0.000057 0.171784 0.000126 0.008273 0.000000 0.000000 
0.004395 0.006429 0.000000 0.000073 0.171784 0.000163 0.008274 0.000000 0.000000 
0.005371 0.007858 0.000000 0.000089 0.171784 0.000199 0.008275 0.000000 0.000000 
0.006348 0.009287 0.000000 0.000105 0.171784 0.000235 0.008275 0.000000 0.000000 
0.007324 0.010716 0.000000 0.000121 0.171784 0.000271 0.008277 0.000000 0.000000 
0.008301 0.012144 0.000000 0.000138 0.171784 0.000307 0.008278 0.000000 0.000000 
0.009277 0.013573 0.000000 0.000154 0.171784 0.000343 0.008279 0.000000 0.000000 
0.010254 0.015002 0.000000 0.000170 0.171784 0.000379 0.008281 0.000000 0.000000 
0.011230 0.016431 0.000000 0.000186 0.171784 0.000416 0.008283 0.000000 0.000000 
0.012207 0.017860 0.000000 0.000202 0.171784 0.000452 0.008284 0.000000 0.000000 
0.013184 0.019288 0.000000 0.000219 0.171784 0.000488 0.008287 0.000000 0.000000 
0.014160 0.020717 0.000000 0.000235 0.171784 0.000524 0.008289 0.000000 0.000000 
0.015137 0.022146 0.000000 0.000251 0.171784 0.000560 0.008291 0.000000 0.000000 
0.016113 0.023575 0.000000 0.000267 0.171784 0.000597 0.008294 0.000000 0.000000 
0.017090 0.025004 0.000000 0.000283 0.171784 0.000633 0.008296 0.000000 0.000000 
0.018066 0.026433 0.000000 0.000300 0.171784 0.000669 0.008299 0.000000 0.000000 
0.019043 0.027862 0.000000 0.000316 0.171784 0.000705 0.008302 0.000000 0.000000 
0.020020 0.029291 0.000000 0.000332 0.171784 0.000742 0.008305 0.000000 0.000000 
0.020996 0.030720 0.000000 0.000348 0.171784 0.000778 0.008309 0.000000 0.000000 
0.021973 0.032149 0.000000 0.000364 0.171784 0.000814 0.008312 0.000000 0.000000 
0.022949 0.033578 0.000000 0.000381 0.171784 0.000850 0.008316 0.000000 0.000000 
0.023926 0.035007 0.000000 0.000397 0.171784 0.000887 0.008320 0.000000 0.000000 
0.024902 0.036436 0.000000 0.000413 0.171784 0.000923 0.008324 0.000000 0.000000 
0.025879 0.037865 0.000000 0.000429 0.171784 0.000960 0.008328 0.000000 0.000000 
0.026855 0.039294 0.000000 0.000446 0.171784 0.000996 0.008332 0.000000 0.000000 
0.027832 0.040723 0.000000 0.000462 0.171784 0.001032 0.008336 0.000000 0.000000 
0.028809 0.042152 0.000000 0.000478 0.171784 0.001069 0.008341 0.000000 0.000000 
0.029785 0.043582 0.000000 0.000494 0.171784 0.001105 0.008346 0.000000 0.000000 
0.030762 0.045011 0.000000 0.000511 0.171784 0.001142 0.008351 0.000000 0.000000 
0.031738 0.046440 0.000000 0.000527 0.171784 0.001178 0.008356 0.000000 0.000000 
0.032715 0.047870 0.000000 0.000543 0.171784 0.001215 0.008361 0.000000 0.000000 
0.033691 0.049299 0.000000 0.000560 0.171784 0.001251 0.008366 0.000000 0.000000 
0.034668 0.050728 0.000000 0.000576 0.171784 0.001288 0.008372 0.000000 0.000000 
0.035645 0.052158 0.000000 0.000592 0.171784 0.001324 0.008377 0.000000 0.000000 
0.036621 0.053587 0.000000 0.000608 0.171784 0.001361 0.008383 0.000000 0.000000 
0.037598 0.055017 0.000000 0.000625 0.171784 0.001397 0.008389 0.000000 0.000000 
0.038574 0.056446 0.000000 0.000641 0.171784 0.001434 0.008396 0.000000 0.000000 
0.039551 0.057876 0.000000 0.000657 0.171784 0.001471 0.008402 0.000000 0.000000 
0.040527 0.059306 0.000000 0.000674 0.171784 0.001507 0.008408 0.000000 0.000000 
0.041504 0.060736 0.000000 0.000690 0.171784 0.001544 0.008415 0.000000 0.000000 
0.042480 0.062165 0.000000 0.000706 0.171784 0.001581 0.008422 0.000000 0.000000 
0.043457 0.063595 0.000000 0.000723 0.171784 0.001618 0.008429 0.000000 0.000000 
0.044434 0.065025 0.000000 0.000739 0.171784 0.001655 0.008436 0.000000 0.000000 
0.045410 0.066455 0.000000 0.000755 0.171784 0.001691 0.008443 0.000000 0.000000 
0.046387 0.067885 0.000000 0.000772 0.171784 0.001728 0.008451 0.000000 0.000000 
0.047363 0.069315 0.000000 0.000788 0.171784 0.001765 0.008458 0.000000 0.000000 
0.048340 0.070745 0.000000 0.000805 0.171784 0.001802 0.008466 0.000000 0.000000 
0.049316 0.072174 0.000000 0.000820 0.171784 0.001839 0.008474 0.000000 0.000000 
0.050293 0.072051 0.000000 0.000262 0.171784 0.000924 0.008480 0.000869 0.001403 
0.051270 0.073472 0.000000 0.000252 0.171784 0.000956 0.008484 0.000874 0.001402 
0.052246 0.074893 0.000000 0.000242 0.171784 0.000987 0.008489 0.000879 0.001402 
0.053223 0.076314 0.000000 0.000232 0.171784 0.001019 0.008493 0.000884 0.001401 
0.054199 0.077735 0.000000 0.000222 0.171784 0.001050 0.008497 0.000890 0.001400 
0.055176 0.079156 0.000000 0.000212 0.171784 0.001082 0.008502 0.000895 0.001399 
0.056152 0.080577 0.000000 0.000203 0.171784 0.001113 0.008507 0.000900 0.001398 
0.057129 0.081999 0.000000 0.000193 0.171784 0.001145 0.008512 0.000905 0.001397 
0.058105 0.083420 0.000000 0.000183 0.171784 0.001176 0.008517 0.000910 0.001395 
0.059082 0.084841 0.000000 0.000173 0.171784 0.001208 0.008522 0.000915 0.001394 
0.060059 0.086262 0.000000 0.000163 0.171784 0.001239 0.008527 0.000920 0.001392 
0.061035 0.087684 0.000000 0.000154 0.171784 0.001271 0.008533 0.000926 0.001391 
0.062012 0.089105 0.000000 0.000144 0.171784 0.001303 0.008539 0.000931 0.001389 
0.062988 0.090527 0.000000 0.000134 0.171784 0.001334 0.008544 0.000936 0.001387 
0.063965 0.091948 0.000000 0.000124 0.171784 0.001366 0.008550 0.000941 0.001385 
0.064941 0.093370 0.000000 0.000115 0.171784 0.001398 0.008556 0.000946 0.001383 
0.065918 0.094792 0.000000 0.000105 0.171784 0.001430 0.008562 0.000951 0.001381 
0.066895 0.096213 0.000000 0.000095 0.171784 0.001461 0.008569 0.000956 0.001378 
0.067871 0.097635 0.000000 0.000085 0.171784 0.001493 0.008575 0.000961 0.001376 
0.068848 0.099057 0.000000 0.000075 0.171784 0.001525 0.008582 0.000966 0.001373 
0.069824 0.100479 0.000000 0.000066 0.171784 0.001557 0.008588 0.000972 0.001371 
0.070801 0.101901 0.000000 0.000056 0.171784 0.001589 0.008595 0.000977 0.001368 
0.071777 0.103323 0.000000 0.000046 0.171784 0.001621 0.008602 0.000982 0.001365 
0.072754 0.104745 0.000000 0.000036 0.171784 0.001653 0.008610 0.000987 0.001362 
0.073730 0.106167 0.000000 0.000027 0.171784 0.001685 0.008617 0.000992 0.001359 
0.074707 0.107589 0.000000 0.000017 0.171784 0.001717 0.008624 0.000997 0.001356 
0.075684 0.109012 0.000000 0.000007 0.171784 0.001750 0.008632 0.001002 0.001352 
0.076660 0.110434 0.000000 0.000003 0.171784 0.001782 0.008640 0.001007 0.001349 
0.077637 0.111857 0.000000 0.000013 0.171784 0.001814 0.008647 0.001012 0.001345 
0.078613 0.113279 0.000000 0.000022 0.171784 0.001847 0.008655 0.001017 0.001342 
0.079590 0.114702 0.000000 0.000032 0.171784 0.001879 0.008663 0.001022 0.001338 
0.080566 0.116125 0.000000 0.000042 0.171784 0.001911 0.008672 0.001026 0.001334 
0.081543 0.117547 0.000000 0.000052 0.171784 0.001944 0.008680 0.001031 0.001330 
0.082520 0.118970 0.000000 0.000062 0.171784 0.001976 0.008689 0.001036 0.001326 
0.083496 0.120393 0.000000 0.000072 0.171784 0.002009 0.008697 0.001041 0.001322 
0.084473 0.121816 0.000000 0.000081 0.171784 0.002042 0.008706 0.001046 0.001317 
0.085449 0.123240 0.000000 0.000091 0.171784 0.002074 0.008715 0.001051 0.001313 
0.086426 0.124663 0.000000 0.000101 0.171784 0.002107 0.008724 0.001056 0.001308 
0.087402 0.126086 0.000000 0.000111 0.171784 0.002140 0.008734 0.001061 0.001304 
0.088379 0.127510 0.000000 0.000121 0.171784 0.002173 0.008743 0.001065 0.001299 
0.089355 0.128933 0.000000 0.000131 0.171784 0.002206 0.008753 0.001070 0.001294 
0.090332 0.130357 0.000000 0.000141 0.171784 0.002239 0.008762 0.001075 0.001289 
0.091309 0.131781 0.000000 0.000151 0.171784 0.002272 0.008772 0.001080 0.001284 
0.092285 0.133205 0.000000 0.000161 0.171784 0.002305 0.008782 0.001084 0.001279 
0.093262 0.134628 0.000000 0.000170 0.171784 0.002338 0.008792 0.001089 0.001273 
0.094238 0.136053 0.000000 0.000180 0.171784 0.002372 0.008803 0.001094 0.001268 
0.095215 0.137477 0.000000 0.000190 0.171784 0.002405 0.008813 0.001098 0.001262 
0.096191 0.138901 0.000000 0.000200 0.171784 0.002438 0.008824 0.001103 0.001256 
0.097168 0.140326 0.000000 0.000210 0.171784 0.002472 0.008834 0.001108 0.001251 
0.098145 0.141750 0.000000 0.000220 0.171784 0.002506 0.008845 0.001112 0.001245 
0.099121 0.143175 0.000000 0.000230 0.171784 0.002539 0.008856 0.001117 0.001238 
0.100098 0.144599 0.000000 0.000241 0.171784 0.002573 0.008867 0.001121 0.001232 
0.101074 0.146024 0.000000 0.000251 0.171784 0.002607 0.008879 0.001126 0.001226 
0.102051 0.147449 0.000000 0.000261 0.171784 0.002641 0.008890 0.001131 0.001220 
0.103027 0.148875 0.000000 0.000271 0.171784 0.002674 0.008902 0.001135 0.001213 
0.104004 0.150300 0.000000 0.000281 0.171784 0.002708 0.008914 0.001139 0.001206 
0.104980 0.151725 0.000000 0.000291 0.171784 0.002743 0.008925 0.001144 0.001199 
0.105957 0.153151 0.000000 0.000301 0.171784 0.002777 0.008938 0.001148 0.001193 
0.106934 0.154576 0.000000 0.000312 0.171784 0.002811 0.008950 0.001153 0.001185 
0.107910 0.156002 0.000000 0.000322 0.171784 0.002845 0.008962 0.001157 0.001178 
0.108887 0.157428 0.000000 0.000332 0.171784 0.002880 0.008975 0.001161 0.001171 
0.109863 0.158854 0.000000 0.000342 0.171784 0.002914 0.008987 0.001166 0.001164 
0.110840 0.160281 0.000000 0.000353 0.171784 0.002949 0.009000 0.001170 0.001156 
0.111816 0.161707 0.000000 0.000363 0.171784 0.002984 0.009013 0.001174 0.001148 
0.112793 0.163133 0.000000 0.000373 0.171784 0.003018 0.009026 0.001178 0.001141 
0.113770 0.164560 0.000000 0.000384 0.171784 0.003053 0.009039 0.001183 0.001133 
0.114746 0.165987 0.000000 0.000394 0.171784 0.003088 0.009053 0.001187 0.001125 
0.115723 0.167414 0.000000 0.000404 0.171784 0.003123 0.009066 0.001191 0.001116 
0.116699 0.168841 0.000000 0.000415 0.171784 0.003158 0.009080 0.001195 0.001108 
0.117676 0.170268 0.000000 0.000425 0.171784 0.003193 0.009094 0.001199 0.001100 
0.118652 0.171696 0.000000 0.000436 0.171784 0.003229 0.009108 0.001203 0.001091 
0.119629 0.173123 0.000000 0.000446 0.171784 0.003264 0.009122 0.001207 0.001083 
0.120605 0.174551 0.000000 0.000457 0.171784 0.003300 0.009136 0.001211 0.001074 
0.121582 0.175979 0.000000 0.000467 0.171784 0.003335 0.009151 0.001215 0.001065 
0.122559 0.177407 0.000000 0.000478 0.171784 0.003371 0.009166 0.001219 0.001056 
0.123535 0.178835 0.000000 0.000489 0.171784 0.003407 0.009180 0.001223 0.001047 
0.124512 0.180263 0.000000 0.000499 0.171784 0.003443 0.009195 0.001227 0.001037 
0.125488 0.181692 0.000000 0.000510 0.171784 0.003479 0.009210 0.001231 0.001028 
0.126465 0.183121 0.000000 0.000521 0.171784 0.003515 0.009226 0.001234 0.001018 
0.127441 0.184550 0.000000 0.000532 0.171784 0.003551 0.009241 0.001238 0.001008 
0.128418 0.185979 0.000000 0.000542 0.171784 0.003587 0.009257 0.001242 0.000999 
0.129395 0.187408 0.000000 0.000553 0.171784 0.003624 0.009272 0.001245 0.000989 
0.130371 0.188837 0.000000 0.000564 0.171784 0.003660 0.009288 0.001249 0.000978 
0.131348 0.190267 0.000000 0.000575 0.171784 0.003697 0.009304 0.001253 0.000968 
0.132324 0.191697 0.000000 0.000586 0.171784 0.003734 0.009321 0.001256 0.000958 
0.133301 0.193127 0.000000 0.000597 0.171784 0.003771 0.009337 0.001260 0.000947 
0.134277 0.194557 0.000000 0.000608 0.171784 0.003808 0.009354 0.001263 0.000937 
0.135254 0.195987 0.000000 0.000619 0.171784 0.003845 0.009370 0.001267 0.000926 
0.136230 0.197418 0.000000 0.000630 0.171784 0.003882 0.009387 0.001270 0.000915 
0.137207 0.198848 0.000000 0.000641 0.171784 0.003919 0.009404 0.001273 0.000904 
0.138184 0.200279 0.000000 0.000652 0.171784 0.003957 0.009421 0.001277 0.000893 
0.139160 0.201711 0.000000 0.000663 0.171784 0.003995 0.009439 0.001280 0.000881 
0.140137 0.203142 0.000000 0.000675 0.171784 0.004032 0.009456 0.001283 0.000870 
0.141113 0.204573 0.000000 0.000686 0.171784 0.004070 0.009474 0.001286 0.000858 
0.142090 0.206005 0.000000 0.000697 0.171784 0.004108 0.009492 0.001290 0.000846 
0.143066 0.207437 0.000000 0.000709 0.171784 0.004146 0.009510 0.001293 0.000834 
0.144043 0.208869 0.000000 0.000720 0.171784 0.004184 0.009528 0.001296 0.000822 
0.145020 0.210302 0.000000 0.000732 0.171784 0.004223 0.009546 0.001299 0.000810 
0.145996 0.211734 0.000000 0.000743 0.171784 0.004261 0.009565 0.001302 0.000798 
0.146973 0.213167 0.000000 0.000755 0.171784 0.004300 0.009584 0.001305 0.000785 
0.147949 0.214600 0.000000 0.000766 0.171784 0.004339 0.009603 0.001308 0.000773 
0.148926 0.216033 0.000000 0.000778 0.171784 0.004377 0.009622 0.001310 0.000760 
0.149902 0.217467 0.000000 0.000789 0.171784 0.004417 0.009641 0.001313 0.000747 
0.150879 0.218900 0.000000 0.000801 0.171784 0.004456 0.009660 0.001316 0.000734 
0.151855 0.220334 0.000000 0.000813 0.171784 0.004495 0.009680 0.001319 0.000721 
0.152832 0.221768 0.000000 0.000825 0.171784 0.004534 0.009699 0.001321 0.000707 
0.153809 0.223203 0.000000 0.000837 0.171784 0.004574 0.009719 0.001324 0.000694 
0.154785 0.224637 0.000000 0.000849 0.171784 0.004614 0.009739 0.001326 0.000680 
0.155762 0.226072 0.000000 0.000861 0.171784 0.004654 0.009760 0.001329 0.000666 
0.156738 0.227507 0.000000 0.000873 0.171784 0.004694 0.009780 0.001331 0.000652 
0.157715 0.228943 0.000000 0.000885 0.171784 0.004734 0.009801 0.001334 0.000638 
0.158691 0.230378 0.000000 0.000897 0.171784 0.004774 0.009821 0.001336 0.000624 
0.159668 0.231814 0.000000 0.000909 0.171784 0.004814 0.009842 0.001338 0.000609 
0.160645 0.233250 0.000000 0.000921 0.171784 0.004855 0.009863 0.001340 0.000595 
0.161621 0.234686 0.000000 0.000933 0.171784 0.004896 0.009885 0.001343 0.000580 
0.162598 0.236123 0.000000 0.000946 0.171784 0.004937 0.009906 0.001345 0.000565 
0.163574 0.237559 0.000000 0.000958 0.171784 0.004978 0.009928 0.001347 0.000550 
0.164551 0.238996 0.000000 0.000970 0.171784 0.005019 0.009950 0.001349 0.000535 
0.165527 0.240434 0.000000 0.000983 0.171784 0.005060 0.009972 0.001351 0.000519 
0.166504 0.241871 0.000000 0.000995 0.171784 0.005102 0.009994 0.001353 0.000504 
0.167480 0.243309 0.000000 0.001008 0.171784 0.005144 0.010016 0.001354 0.000488 
0.168457 0.244747 0.000000 0.001021 0.171784 0.005185 0.010039 0.001356 0.000472 
0.169434 0.246186 0.000000 0.001033 0.171784 0.005227 0.010062 0.001358 0.000456 
0.170410 0.247624 0.000000 0.001046 0.171784 0.005270 0.010084 0.001360 0.000440 
0.171387 0.249063 0.000000 0.001059 0.171784 0.005312 0.010108 0.001361 0.000424 
0.172363 0.250502 0.000000 0.001072 0.171784 0.005354 0.010131 0.001363 0.000407 
0.173340 0.251942 0.000000 0.001085 0.171784 0.005397 0.010154 0.001364 0.000390 
0.174316 0.253381 0.000000 0.001098 0.171784 0.005440 0.010178 0.001366 0.000373 
0.175293 0.254821 0.000000 0.001111 0.171784 0.005483 0.010202 0.001367 0.000356 
0.176270 0.256262 0.000000 0.001124 0.171784 0.005526 0.010226 0.001368 0.000339 
0.177246 0.257702 0.000000 0.001137 0.171784 0.005570 0.010250 0.001369 0.000322 
0.178223 0.259143 0.000000 0.001150 0.171784 0.005613 0.010275 0.001371 0.000304 
0.179199 0.260584 0.000000 0.001164 0.171784 0.005657 0.010299 0.001372 0.000286 
0.180176 0.262026 0.000000 0.001177 0.171784 0.005701 0.010324 0.001373 0.000269 
0.181152 0.263467 0.000000 0.001191 0.171784 0.005745 0.010349 0.001374 0.000251 
0.182129 0.264909 0.000000 0.001204 0.171784 0.005789 0.010374 0.001375 0.000232 
0.183105 0.266352 0.000000 0.001218 0.171784 0.005834 0.010399 0.001375 0.000214 
0.184082 0.267794 0.000000 0.001231 0.171784 0.005878 0.010425 0.001376 0.000195 
0.185059 0.269237 0.000000 0.001245 0.171784 0.005923 0.010451 0.001377 0.000176 
0.186035 0.270681 0.000000 0.001259 0.171784 0.005968 0.010477 0.001377 0.000158 
0.187012 0.272124 0.000000 0.001272 0.171784 0.006013 0.010503 0.001378 0.000138 
0.187988 0.273568 0.000000 0.001286 0.171784 0.006059 0.010529 0.001378 0.000119 
0.188965 0.275012 0.000000 0.001300 0.171784 0.006104 0.010556 0.001379 0.000100 
0.189941 0.276457 0.000000 0.001314 0.171784 0.006150 0.010583 0.001379 0.000080 
0.190918 0.277902 0.000000 0.001328 0.171784 0.006196 0.010610 0.001379 0.000060 
0.191895 0.279347 0.000000 0.001343 0.171784 0.006242 0.010637 0.001380 0.000040 
0.192871 0.280792 0.000000 0.001357 0.171784 0.006289 0.010664 0.001380 0.000020 
0.193848 0.282238 0.000000 0.001371 0.171784 0.006335 0.010692 0.001380 0.000001 
0.194824 0.283684 0.000000 0.001386 0.171784 0.006382 0.010719 0.001380 0.000021 
0.195801 0.285131 0.000000 0.001400 0.171784 0.006429 0.010747 0.001380 0.000042 
0.196777 0.286578 0.000000 0.001415 0.171784 0.006476 0.010776 0.001379 0.000063 
0.197754 0.288025 0.000000 0.001429 0.171784 0.006524 0.010804 0.001379 0.000084 
0.198730 0.289472 0.000000 0.001444 0.171784 0.006571 0.010833 0.001379 0.000106 
0.199707 0.290920 0.000000 0.001459 0.171784 0.006619 0.010861 0.001378 0.000127 
0.200684 0.292368 0.000000 0.001473 0.171784 0.006667 0.010890 0.001378 0.000149 
0.201660 0.293817 0.000000 0.001488 0.171784 0.006716 0.010920 0.001377 0.000171 
0.202637 0.295266 0.000000 0.001503 0.171784 0.006764 0.010949 0.001377 0.000193 
0.203613 0.296715 0.000000 0.001518 0.171784 0.006813 0.010979 0.001376 0.000216 
0.204590 0.298165 0.000000 0.001534 0.171784 0.006862 0.011009 0.001375 0.000238 
0.205566 0.299615 0.000000 0.001549 0.171784 0.006911 0.011039 0.001374 0.000261 
0.206543 0.301065 0.000000 0.001564 0.171784 0.006960 0.011069 0.001373 0.000284 
0.207520 0.302516 0.000000 0.001579 0.171784 0.007010 0.011099 0.001372 0.000307 
0.208496 0.303967 0.000000 0.001595 0.171784 0.007060 0.011130 0.001371 0.000330 
0.209473 0.305419 0.000000 0.001610 0.171784 0.007110 0.011161 0.001370 0.000354 
0.210449 0.306870 0.000000 0.001626 0.171784 0.007160 0.011192 0.001368 0.000378 
0.211426 0.308323 0.000000 0.001642 0.171784 0.007211 0.011224 0.001367 0.000402 
0.212402 0.309775 0.000000 0.001657 0.171784 0.007261 0.011255 0.001365 0.000426 
0.213379 0.311228 0.000000 0.001673 0.171784 0.007312 0.011287 0.001364 0.000450 
0.214355 0.312682 0.000000 0.001689 0.171784 0.007364 0.011319 0.001362 0.000475 
0.215332 0.314136 0.000000 0.001705 0.171784 0.007415 0.011351 0.001360 0.000500 
0.216309 0.315590 0.000000 0.001721 0.171784 0.007467 0.011384 0.001358 0.000525 
0.217285 0.317044 0.000000 0.001737 0.171784 0.007519 0.011417 0.001356 0.000550 
0.218262 0.318499 0.000000 0.001754 0.171784 0.007571 0.011450 0.001354 0.000576 
0.219238 0.319955 0.000000 0.001770 0.171784 0.007623 0.011483 0.001352 0.000602 
0.220215 0.321410 0.000000 0.001787 0.171784 0.007676 0.011516 0.001350 0.000627 
0.221191 0.322867 0.000000 0.001803 0.171784 0.007729 0.011550 0.001347 0.000654 
0.222168 0.324323 0.000000 0.001820 0.171784 0.007782 0.011584 0.001345 0.000680 
0.223145 0.325780 0.000000 0.001836 0.171784 0.007836 0.011618 0.001342 0.000707 
0.224121 0.327238 0.000000 0.001853 0.171784 0.007889 0.011652 0.001340 0.000734 
0.225098 0.328696 0.000000 0.001870 0.171784 0.007943 0.011687 0.001337 0.000761 
0.226074 0.330154 0.000000 0.001887 0.171784 0.007998 0.011721 0.001334 0.000788 
0.227051 0.331613 0.000000 0.001904 0.171784 0.008052 0.011757 0.001331 0.000815 
0.228027 0.333072 0.000000 0.001921 0.171784 0.008107 0.011792 0.001328 0.000843 
0.229004 0.334532 0.000000 0.001938 0.171784 0.008162 0.011827 0.001325 0.000871 
0.229980 0.335992 0.000000 0.001956 0.171784 0.008217 0.011863 0.001322 0.000899 
0.230957 0.337452 0.000000 0.001973 0.171784 0.008273 0.011899 0.001318 0.000928 
0.231934 0.338913 0.000000 0.001991 0.171784 0.008329 0.011935 0.001315 0.000957 
0.232910 0.340375 0.000000 0.002008 0.171784 0.008385 0.011972 0.001311 0.000985 
0.233887 0.341836 0.000000 0.002026 0.171784 0.008441 0.012009 0.001307 0.001015 
0.234863 0.343299 0.000000 0.002044 0.171784 0.008498 0.012046 0.001304 0.001044 
0.235840 0.344761 0.000000 0.002061 0.171784 0.008555 0.012083 0.001300 0.001074 
0.236816 0.346225 0.000000 0.002079 0.171784 0.008612 0.012120 0.001296 0.001104 
0.237793 0.347688 0.000000 0.002097 0.171784 0.008670 0.012158 0.001292 0.001134 
0.238770 0.349153 0.000000 0.002116 0.171784 0.008728 0.012196 0.001287 0.001164 
0.239746 0.350617 0.000000 0.002134 0.171784 0.008786 0.012234 0.001283 0.001195 
0.240723 0.352082 0.000000 0.002152 0.171784 0.008844 0.012273 0.001279 0.001226 
0.241699 0.353548 0.000000 0.002170 0.171784 0.008903 0.012312 0.001274 0.001257 
0.242676 0.355014 0.000000 0.002189 0.171784 0.008962 0.012351 0.001269 0.001288 
0.243652 0.356481 0.000000 0.002208 0.171784 0.009021 0.012390 0.001264 0.001320 
0.244629 0.357948 0.000000 0.002226 0.171784 0.009081 0.012429 0.001260 0.001352 
0.245605 0.359415 0.000000 0.002245 0.171784 0.009141 0.012469 0.001255 0.001384 
0.246582 0.360883 0.000000 0.002264 0.171784 0.009201 0.012509 0.001249 0.001417 
0.247559 0.362352 0.000000 0.002283 0.171784 0.009261 0.012550 0.001244 0.001449 
0.248535 0.363821 0.000000 0.002302 0.171784 0.009322 0.012590 0.001239 0.001482 
0.249512 0.365290 0.000000 0.002321 0.171784 0.009383 0.012631 0.001233 0.001516 
0.250488 0.366760 0.000000 0.002340 0.171784 0.009445 0.012672 0.001227 0.001549 
0.251465 0.368231 0.000000 0.002360 0.171784 0.009506 0.012713 0.001222 0.001583 
0.252441 0.369702 0.000000 0.002379 0.171784 0.009569 0.012755 0.001216 0.001617 
0.253418 0.371174 0.000000 0.002399 0.171784 0.009631 0.012797 0.001210 0.001651 
0.254395 0.372646 0.000000 0.002418 0.171784 0.009694 0.012839 0.001204 0.001686 
0.255371 0.374119 0.000000 0.002438 0.171784 0.009757 0.012882 0.001197 0.001721 
0.256348 0.375592 0.000000 0.002458 0.171784 0.009820 0.012924 0.001191 0.001756 
0.257324 0.377066 0.000000 0.002478 0.171784 0.009884 0.012967 0.001184 0.001792 
0.258301 0.378540 0.000000 0.002498 0.171784 0.009948 0.013011 0.001178 0.001827 
0.259277 0.380015 0.000000 0.002518 0.171784 0.010012 0.013054 0.001171 0.001863 
0.260254 0.381490 0.000000 0.002538 0.171784 0.010077 0.013098 0.001164 0.001900 
0.261230 0.382966 0.000000 0.002559 0.171784 0.010142 0.013142 0.001157 0.001936 
0.262207 0.384443 0.000000 0.002579 0.171784 0.010207 0.013187 0.001150 0.001973 
0.263184 0.385920 0.000000 0.002600 0.171784 0.010273 0.013232 0.001142 0.002010 
0.264160 0.387398 0.000000 0.002620 0.171784 0.010339 0.013277 0.001135 0.002048 
0.265137 0.388876 0.000000 0.002641 0.171784 0.010406 0.013322 0.001127 0.002085 
0.266113 0.390355 0.000000 0.002662 0.171784 0.010472 0.013367 0.001119 0.002124 
0.267090 0.391834 0.000000 0.002683 0.171784 0.010540 0.013413 0.001111 0.002162 
0.268066 0.393314 0.000000 0.002704 0.171784 0.010607 0.013459 0.001103 0.002201 
0.269043 0.394795 0.000000 0.002725 0.171784 0.010675 0.013506 0.001095 0.002240 
0.270020 0.396276 0.000000 0.002746 0.171784 0.010743 0.013553 0.001087 0.002279 
0.270996 0.397757 0.000000 0.002767 0.171784 0.010812 0.013600 0.001078 0.002318 
0.271973 0.399240 0.000000 0.002789 0.171784 0.010881 0.013647 0.001070 0.002358 
0.272949 0.400723 0.000000 0.002810 0.171784 0.010950 0.013695 0.001061 0.002398 
0.273926 0.402206 0.000000 0.002832 0.171784 0.011020 0.013743 0.001052 0.002439 
0.274902 0.403690 0.000000 0.002854 0.171784 0.011090 0.013791 0.001043 0.002480 
0.275879 0.405175 0.000000 0.002875 0.171784 0.011160 0.013840 0.001034 0.002521 
0.276855 0.406661 0.000000 0.002897 0.171784 0.011231 0.013889 0.001024 0.002562 
0.277832 0.408147 0.000000 0.002919 0.171784 0.011302 0.013938 0.001015 0.002604 
0.278809 0.409633 0.000000 0.002941 0.171784 0.011374 0.013987 0.001005 0.002646 
0.279785 0.411120 0.000000 0.002963 0.171784 0.011446 0.014037 0.000995 0.002689 
0.280762 0.412608 0.000000 0.002986 0.171784 0.011518 0.014087 0.000985 0.002732 
0.281738 0.414097 0.000000 0.003008 0.171784 0.011591 0.014138 0.000975 0.002775 
0.282715 0.415586 0.000000 0.003031 0.171784 0.011664 0.014189 0.000965 0.002818 
0.283691 0.417076 0.000000 0.003053 0.171784 0.011738 0.014240 0.000954 0.002862 
0.284668 0.418567 0.000000 0.003076 0.171784 0.011812 0.014291 0.000944 0.002906 
0.285645 0.420058 0.000000 0.003098 0.171784 0.011886 0.014343 0.000933 0.002950 
0.286621 0.421550 0.000000 0.003121 0.171784 0.011961 0.014395 0.000922 0.002995 
0.287598 0.423042 0.000000 0.003144 0.171784 0.012036 0.014447 0.000911 0.003040 
0.288574 0.424535 0.000000 0.003167 0.171784 0.012112 0.014500 0.000899 0.003086 
0.289551 0.426029 0.000000 0.003190 0.171784 0.012188 0.014553 0.000888 0.003132 
0.290527 0.427524 0.000000 0.003213 0.171784 0.012264 0.014606 0.000876 0.003178 
0.291504 0.429019 0.000000 0.003236 0.171784 0.012341 0.014660 0.000865 0.003224 
0.292480 0.430515 0.000000 0.003260 0.171784 0.012418 0.014714 0.000853 0.003271 
0.293457 0.432011 0.000000 0.003283 0.171784 0.012496 0.014769 0.000840 0.003318 
0.294434 0.433509 0.000000 0.003307 0.171784 0.012574 0.014823 0.000828 0.003366 
0.295410 0.435007 0.000000 0.003330 0.171784 0.012653 0.014878 0.000816 0.003414 
0.296387 0.436506 0.000000 0.003354 0.171784 0.012732 0.014934 0.000803 0.003462 
0.297363 0.438005 0.000000 0.003378 0.171784 0.012811 0.014990 0.000790 0.003511 
0.298340 0.439505 0.000000 0.003401 0.171784 0.012891 0.015046 0.000777 0.003560 
0.299316 0.441006 0.000000 0.003425 0.171784 0.012971 0.015102 0.000764 0.003610 
0.300293 0.442508 0.000000 0.003449 0.171784 0.013052 0.015159 0.000750 0.003659 
0.301270 0.444010 0.000000 0.003473 0.171784 0.013133 0.015216 0.000737 0.003710 
0.302246 0.445513 0.000000 0.003497 0.171784 0.013215 0.015274 0.000723 0.003760 
0.303223 0.447017 0.000000 0.003522 0.171784 0.013297 0.015332 0.000709 0.003811 
0.304199 0.448522 0.000000 0.003546 0.171784 0.013380 0.015390 0.000695 0.003862 
0.305176 0.450027 0.000000 0.003570 0.171784 0.013463 0.015449 0.000680 0.003914 
0.306152 0.451533 0.000000 0.003595 0.171784 0.013546 0.015508 0.000666 0.003966 
0.307129 0.453040 0.000000 0.003619 0.171784 0.013630 0.015567 0.000651 0.004019 
0.308105 0.454548 0.000000 0.003644 0.171784 0.013715 0.015627 0.000636 0.004072 
0.309082 0.456056 0.000000 0.003668 0.171784 0.013800 0.015687 0.000621 0.004125 
0.310059 0.457566 0.000000 0.003693 0.171784 0.013885 0.015747 0.000606 0.004179 
0.311035 0.459076 0.000000 0.003717 0.171784 0.013971 0.015808 0.000590 0.004233 
0.312012 0.460586 0.000000 0.003742 0.171784 0.014057 0.015869 0.000574 0.004287 
0.312988 0.462098 0.000000 0.003767 0.171784 0.014144 0.015931 0.000559 0.004342 
0.313965 0.463610 0.000000 0.003792 0.171784 0.014232 0.015993 0.000542 0.004398 
0.314941 0.465124 0.000000 0.003817 0.171784 0.014320 0.016055 0.000526 0.004453 
0.315918 0.466638 0.000000 0.003842 0.171784 0.014408 0.016118 0.000510 0.004510 
0.316895 0.468153 0.000000 0.003867 0.171784 0.014497 0.016181 0.000493 0.004566 
0.317871 0.469668 0.000000 0.003892 0.171784 0.014586 0.016244 0.000476 0.004623 
0.318848 0.471185 0.000000 0.003917 0.171784 0.014676 0.016308 0.000459 0.004681 
0.319824 0.472702 0.000000 0.003942 0.171784 0.014766 0.016373 0.000441 0.004738 
0.320801 0.474220 0.000000 0.003967 0.171784 0.014857 0.016437 0.000424 0.004797 
0.321777 0.475739 0.000000 0.003992 0.171784 0.014949 0.016502 0.000406 0.004855 
0.322754 0.477259 0.000000 0.004017 0.171784 0.015041 0.016568 0.000388 0.004915 
0.323730 0.478780 0.000000 0.004043 0.171784 0.015133 0.016634 0.000370 0.004974 
0.324707 0.480302 0.000000 0.004068 0.171784 0.015226 0.016700 0.000351 0.005034 
0.325684 0.481824 0.000000 0.004093 0.171784 0.015320 0.016767 0.000332 0.005095 
0.326660 0.483348 0.000000 0.004118 0.171784 0.015414 0.016834 0.000314 0.005156 
0.327637 0.484872 0.000000 0.004144 0.171784 0.015509 0.016901 0.000294 0.005217 
0.328613 0.486397 0.000000 0.004169 0.171784 0.015604 0.016969 0.000275 0.005279 
0.329590 0.487923 0.000000 0.004194 0.171784 0.015700 0.017038 0.000255 0.005341 
0.330566 0.489450 0.000000 0.004220 0.171784 0.015796 0.017106 0.000236 0.005404 
0.331543 0.490978 0.000000 0.004245 0.171784 0.015893 0.017176 0.000215 0.005467 
0.332520 0.492507 0.000000 0.004270 0.171784 0.015990 0.017245 0.000195 0.005531 
0.333496 0.494037 0.000000 0.004295 0.171784 0.016088 0.017315 0.000175 0.005595 
0.334473 0.495567 0.000000 0.004321 0.171784 0.016187 0.017386 0.000154 0.005660 
0.335449 0.497099 0.000000 0.004346 0.171784 0.016286 0.017457 0.000133 0.005725 
0.336426 0.498631 0.000000 0.004371 0.171784 0.016385 0.017528 0.000112 0.005790 
0.337402 0.500165 0.000000 0.004396 0.171784 0.016486 0.017600 0.000090 0.005857 
0.338379 0.501699 0.000000 0.004421 0.171784 0.016586 0.017672 0.000068 0.005923 
0.339355 0.503234 0.000000 0.004447 0.171784 0.016688 0.017745 0.000046 0.005990 
0.340332 0.504771 0.000000 0.004472 0.171784 0.016790 0.017818 0.000024 0.006058 
0.341309 0.506308 0.000000 0.004497 0.171784 0.016892 0.017891 0.000002 0.006126 
0.342285 0.507846 0.000000 0.004522 0.171784 0.016996 0.017965 0.000021 0.006194 
0.343262 0.509386 0.000000 0.004547 0.171784 0.017099 0.018040 0.000044 0.006263 
0.344238 0.510926 0.000000 0.004571 0.171784 0.017204 0.018115 0.000067 0.006333 
0.345215 0.512467 0.000000 0.004596 0.171784 0.017309 0.018190 0.000091 0.006403 
0.346191 0.514009 0.000000 0.004621 0.171784 0.017415 0.018266 0.000115 0.006474 
0.347168 0.515553 0.000000 0.004646 0.171784 0.017521 0.018342 0.000139 0.006545 
0.348145 0.517097 0.000000 0.004670 0.171784 0.017628 0.018419 0.000163 0.006616 
0.349121 0.518642 0.000000 0.004694 0.171784 0.017735 0.018496 0.000187 0.006688 
0.350098 0.520188 0.000000 0.004719 0.171784 0.017843 0.018574 0.000212 0.006761 
0.351074 0.521736 0.000000 0.004743 0.171784 0.017952 0.018652 0.000237 0.006834 
0.352051 0.523284 0.000000 0.004767 0.171784 0.018061 0.018731 0.000263 0.006908 
0.353027 0.524834 0.000000 0.004791 0.171784 0.018172 0.018810 0.000288 0.006982 
0.354004 0.526384 0.000000 0.004815 0.171784 0.018282 0.018889 0.000314 0.007057 
0.354980 0.527936 0.000000 0.004839 0.171784 0.018394 0.018969 0.000340 0.007132 
0.355957 0.529488 0.000000 0.004862 0.171784 0.018506 0.019050 0.000367 0.007208 
0.356934 0.531042 0.000000 0.004886 0.171784 0.018618 0.019131 0.000394 0.007285 
0.357910 0.532597 0.000000 0.004909 0.171784 0.018732 0.019213 0.000421 0.007362 
0.358887 0.534153 0.000000 0.004932 0.171784 0.018846 0.019295 0.000448 0.007439 
0.359863 0.535710 0.000000 0.004955 0.171784 0.018960 0.019377 0.000476 0.007518 
0.360840 0.537268 0.000000 0.004977 0.171784 0.019076 0.019460 0.000503 0.007596 
0.361816 0.538827 0.000000 0.005000 0.171784 0.019192 0.019544 0.000532 0.007675 
0.362793 0.540388 0.000000 0.005022 0.171784 0.019308 0.019628 0.000560 0.007755 
0.363770 0.541949 0.000000 0.005044 0.171784 0.019426 0.019713 0.000589 0.007836 
0.364746 0.543512 0.000000 0.005066 0.171784 0.019544 0.019798 0.000618 0.007917 
0.365723 0.545076 0.000000 0.005088 0.171784 0.019663 0.019883 0.000647 0.007998 
0.366699 0.546641 0.000000 0.005109 0.171784 0.019782 0.019969 0.000677 0.008081 
0.367676 0.548207 0.000000 0.005130 0.171784 0.019903 0.020056 0.000707 0.008163 
0.368652 0.549774 0.000000 0.005151 0.171784 0.020024 0.020143 0.000737 0.008247 
0.369629 0.551342 0.000000 0.005171 0.171784 0.020145 0.020231 0.000768 0.008331 
0.370605 0.552912 0.000000 0.005192 0.171784 0.020268 0.020319 0.000799 0.008415 
0.371582 0.554483 0.000000 0.005212 0.171784 0.020391 0.020408 0.000830 0.008501 
0.372559 0.556055 0.000000 0.005231 0.171784 0.020515 0.020497 0.000862 0.008586 
0.373535 0.557628 0.000000 0.005250 0.171784 0.020639 0.020587 0.000893 0.008673 
0.374512 0.559202 0.000000 0.005269 0.171784 0.020765 0.020678 0.000926 0.008760 
0.375488 0.560778 0.000000 0.005288 0.171784 0.020891 0.020769 0.000958 0.008848 
0.376465 0.562355 0.000000 0.005306 0.171784 0.021018 0.020860 0.000991 0.008936 
0.377441 0.563933 0.000000 0.005324 0.171784 0.021145 0.020952 0.001024 0.009025 
0.378418 0.565512 0.000000 0.005341 0.171784 0.021274 0.021045 0.001058 0.009114 
0.379395 0.567093 0.000000 0.005358 0.171784 0.021403 0.021138 0.001091 0.009205 
0.380371 0.568675 0.000000 0.005375 0.171784 0.021533 0.021232 0.001125 0.009296 
0.381348 0.570258 0.000000 0.005391 0.171784 0.021663 0.021326 0.001160 0.009387 
0.382324 0.571843 0.000000 0.005407 0.171784 0.021795 0.021421 0.001195 0.009479 
0.383301 0.573428 0.000000 0.005422 0.171784 0.021927 0.021516 0.001230 0.009572 
0.384277 0.575015 0.000000 0.005437 0.171784 0.022060 0.021612 0.001265 0.009666 
0.385254 0.576604 0.000000 0.005451 0.171784 0.022194 0.021709 0.001301 0.009760 
0.386230 0.578193 0.000000 0.005464 0.171784 0.022329 0.021806 0.001337 0.009855 
0.387207 0.579784 0.000000 0.005478 0.171784 0.022464 0.021904 0.001374 0.009950 
0.388184 0.581377 0.000000 0.005490 0.171784 0.022600 0.022003 0.001411 0.010047 
0.389160 0.582970 0.000000 0.005502 0.171784 0.022738 0.022102 0.001448 0.010144 
0.390137 0.584565 0.000000 0.005513 0.171784 0.022876 0.022201 0.001486 0.010241 
0.391113 0.586162 0.000000 0.005524 0.171784 0.023014 0.022301 0.001524 0.010339 
0.392090 0.587759 0.000000 0.005534 0.171784 0.023154 0.022402 0.001562 0.010438 
0.393066 0.589359 0.000000 0.005544 0.171784 0.023294 0.022504 0.001601 0.010538 
0.394043 0.590959 0.000000 0.005553 0.171784 0.023436 0.022606 0.001640 0.010639 
0.395020 0.592561 0.000000 0.005561 0.171784 0.023578 0.022708 0.001679 0.010740 
0.395996 0.594164 0.000000 0.005568 0.171784 0.023721 0.022812 0.001719 0.010842 
0.396973 0.595769 0.000000 0.005574 0.171784 0.023865 0.022915 0.001759 0.010944 
0.397949 0.597375 0.000000 0.005580 0.171784 0.024010 0.023020 0.001800 0.011048 
0.398926 0.598983 0.000000 0.005585 0.171784 0.024155 0.023125 0.001841 0.011152 
0.399902 0.600592 0.000000 0.005589 0.171784 0.024302 0.023231 0.001882 0.011257 
0.400879 0.602202 0.000000 0.005593 0.171784 0.024449 0.023337 0.001924 0.011362 
0.401855 0.603814 0.000000 0.005595 0.171784 0.024598 0.023445 0.001966 0.011469 
0.402832 0.605428 0.000000 0.005597 0.171784 0.024747 0.023552 0.002009 0.011576 
0.403809 0.607042 0.000000 0.005597 0.171784 0.024897 0.023661 0.002052 0.011684 
0.404785 0.608659 0.000000 0.005597 0.171784 0.025048 0.023770 0.002095 0.011792 
0.405762 0.610277 0.000000 0.005596 0.171784 0.025200 0.023880 0.002139 0.011902 
0.406738 0.611896 0.000000 0.005593 0.171784 0.025353 0.023990 0.002183 0.012012 
0.407715 0.613517 0.000000 0.005590 0.171784 0.025507 0.024101 0.002227 0.012123 
0.408691 0.615139 0.000000 0.005585 0.171784 0.025661 0.024213 0.002272 0.012234 
0.409668 0.616763 0.000000 0.005580 0.171784 0.025817 0.024325 0.002318 0.012347 
0.410645 0.618389 0.000000 0.005573 0.171784 0.025974 0.024438 0.002363 0.012460 
0.411621 0.620016 0.000000 0.005565 0.171784 0.026131 0.024552 0.002410 0.012574 
0.412598 0.621645 0.000000 0.005556 0.171784 0.026290 0.024666 0.002456 0.012689 
0.413574 0.623275 0.000000 0.005546 0.171784 0.026449 0.024782 0.002503 0.012805 
0.414551 0.624907 0.000000 0.005534 0.171784 0.026610 0.024897 0.002551 0.012922 
0.415527 0.626540 0.000000 0.005521 0.171784 0.026771 0.025014 0.002599 0.013039 
0.416504 0.628175 0.000000 0.005507 0.171784 0.026934 0.025131 0.002647 0.013157 
0.417480 0.629812 0.000000 0.005491 0.171784 0.027097 0.025249 0.002696 0.013277 
0.418457 0.631450 0.000000 0.005474 0.171784 0.027262 0.025368 0.002745 0.013397 
0.419434 0.633090 0.000000 0.005455 0.171784 0.027427 0.025487 0.002795 0.013517 
0.420410 0.634732 0.000000 0.005435 0.171784 0.027594 0.025608 0.002845 0.013639 
0.421387 0.636375 0.000000 0.005414 0.171784 0.027761 0.025728 0.002895 0.013761 
0.422363 0.638020 0.000000 0.005390 0.171784 0.027930 0.025850 0.002946 0.013885 
0.423340 0.639666 0.000000 0.005366 0.171784 0.028099 0.025972 0.002998 0.014009 
0.424316 0.641315 0.000000 0.005339 0.171784 0.028270 0.026095 0.003050 0.014134 
0.425293 0.642965 0.000000 0.005311 0.171784 0.028441 0.026219 0.003102 0.014260 
0.426270 0.644616 0.000000 0.005281 0.171784 0.028614 0.026344 0.003155 0.014387 
0.427246 0.646270 0.000000 0.005249 0.171784 0.028788 0.026469 0.003209 0.014515 
0.428223 0.647925 0.000000 0.005215 0.171784 0.028963 0.026595 0.003262 0.014644 
0.429199 0.649582 0.000000 0.005179 0.171784 0.029139 0.026722 0.003317 0.014773 
0.430176 0.651241 0.000000 0.005142 0.171784 0.029315 0.026850 0.003371 0.014904 
0.431152 0.652901 0.000000 0.005102 0.171784 0.029494 0.026978 0.003427 0.015035 
0.432129 0.654564 0.000000 0.005060 0.171784 0.029673 0.027108 0.003482 0.015167 
0.433105 0.656228 0.000000 0.005016 0.171784 0.029853 0.027237 0.003539 0.015301 
0.434082 0.657894 0.000000 0.004970 0.171784 0.030034 0.027368 0.003595 0.015435 
0.435059 0.659562 0.000000 0.004922 0.171784 0.030217 0.027500 0.003653 0.015570 
0.436035 0.661231 0.000000 0.004871 0.171784 0.030400 0.027632 0.003710 0.015706 
0.437012 0.662903 0.000000 0.004818 0.171784 0.030585 0.027765 0.003769 0.015843 
0.437988 0.664576 0.000000 0.004763 0.171784 0.030771 0.027899 0.003827 0.015981 
0.438965 0.666251 0.000000 0.004705 0.171784 0.030958 0.028034 0.003886 0.016121 
0.439941 0.667928 0.000000 0.004644 0.171784 0.031146 0.028170 0.003946 0.016261 
0.440918 0.669607 0.000000 0.004581 0.171784 0.031336 0.028306 0.004007 0.016402 
0.441895 0.671288 0.000000 0.004515 0.171784 0.031526 0.028443 0.004067 0.016544 
0.442871 0.672971 0.000000 0.004446 0.171784 0.031718 0.028582 0.004129 0.016687 
0.443848 0.674655 0.000000 0.004374 0.171784 0.031911 0.028721 0.004191 0.016830 
0.444824 0.676342 0.000000 0.004300 0.171784 0.032105 0.028860 0.004253 0.016975 
0.445801 0.678031 0.000000 0.004223 0.171784 0.032300 0.029001 0.004316 0.017122 
0.446777 0.679721 0.000000 0.004142 0.171784 0.032497 0.029142 0.004379 0.017269 
0.447754 0.681414 0.000000 0.004058 0.171784 0.032694 0.029285 0.004443 0.017417 
0.448730 0.683108 0.000000 0.003971 0.171784 0.032893 0.029428 0.004508 0.017566 
0.449707 0.684805 0.000000 0.003881 0.171784 0.033093 0.029572 0.004573 0.017716 
0.450684 0.686504 0.000000 0.003787 0.171784 0.033295 0.029717 0.004639 0.017867 
0.451660 0.688204 0.000000 0.003690 0.171784 0.033498 0.029863 0.004705 0.018019 
0.452637 0.689907 0.000000 0.003589 0.171784 0.033701 0.030010 0.004772 0.018173 
0.453613 0.691612 0.000000 0.003485 0.171784 0.033907 0.030157 0.004839 0.018327 
0.454590 0.693319 0.000000 0.003377 0.171784 0.034113 0.030306 0.004907 0.018483 
0.455566 0.695028 0.000000 0.003265 0.171784 0.034321 0.030455 0.004975 0.018639 
0.456543 0.696739 0.000000 0.003149 0.171784 0.034530 0.030606 0.005045 0.018797 
0.457520 0.698452 0.000000 0.003028 0.171784 0.034740 0.030757 0.005114 0.018956 
0.458496 0.700167 0.000000 0.002904 0.171784 0.034952 0.030909 0.005184 0.019116 
0.459473 0.701885 0.000000 0.002776 0.171784 0.035165 0.031062 0.005255 0.019277 
0.460449 0.703604 0.000000 0.002643 0.171784 0.035379 0.031216 0.005327 0.019439 
0.461426 0.705326 0.000000 0.002505 0.171784 0.035595 0.031371 0.005399 0.019602 
0.462402 0.707050 0.000000 0.002363 0.171784 0.035812 0.031527 0.005472 0.019766 
0.463379 0.708776 0.000000 0.002217 0.171784 0.036030 0.031684 0.005545 0.019932 
0.464355 0.710505 0.000000 0.002065 0.171784 0.036249 0.031842 0.005619 0.020099 
0.465332 0.712235 0.000000 0.001909 0.171784 0.036470 0.032001 0.005693 0.020267 
0.466309 0.713968 0.000000 0.001747 0.171784 0.036693 0.032160 0.005768 0.020436 
0.467285 0.715703 0.000000 0.001580 0.171784 0.036917 0.032321 0.005844 0.020606 
0.468262 0.717441 0.000000 0.001408 0.171784 0.037142 0.032483 0.005920 0.020777 
0.469238 0.719181 0.000000 0.001230 0.171784 0.037368 0.032646 0.005997 0.020950 
0.470215 0.720923 0.000000 0.001047 0.171784 0.037596 0.032809 0.006075 0.021124 
0.471191 0.722667 0.000000 0.000858 0.171784 0.037826 0.032974 0.006153 0.021299 
0.472168 0.724414 0.000000 0.000664 0.171784 0.038057 0.033140 0.006232 0.021475 
0.473145 0.726163 0.000000 0.000463 0.171784 0.038289 0.033306 0.006312 0.021653 
0.474121 0.727914 0.000000 0.000256 0.171784 0.038523 0.033474 0.006392 0.021831 
0.475098 0.729668 0.000000 0.000042 0.171784 0.038758 0.033643 0.006473 0.022011 
0.476074 0.731424 0.000000 0.000177 0.171784 0.038995 0.033813 0.006555 0.022193 
0.477051 0.733183 0.000000 0.000404 0.171784 0.039233 0.033983 0.006637 0.022375 
0.478027 0.734944 0.000000 0.000637 0.171784 0.039472 0.034155 0.006720 0.022559 
0.479004 0.736707 0.000000 0.000877 0.171784 0.039713 0.034328 0.006803 0.022744 
0.479980 0.738473 0.000000 0.001125 0.171784 0.039956 0.034502 0.006888 0.022930 
0.480957 0.740242 0.000000 0.001380 0.171784 0.040200 0.034677 0.006973 0.023118 
0.481934 0.742013 0.000000 0.001642 0.171784 0.040446 0.034853 0.007058 0.023307 
0.482910 0.743786 0.000000 0.001912 0.171784 0.040693 0.035031 0.007145 0.023497 
0.483887 0.745562 0.000000 0.002189 0.171784 0.040942 0.035209 0.007232 0.023689 
0.484863 0.747341 0.000000 0.002475 0.171784 0.041192 0.035388 0.007320 0.023882 
0.485840 0.749122 0.000000 0.002769 0.171784 0.041444 0.035569 0.007408 0.024076 
0.486816 0.750906 0.000000 0.003072 0.171784 0.041698 0.035750 0.007497 0.024271 
0.487793 0.752692 0.000000 0.003383 0.171784 0.041953 0.035933 0.007587 0.024468 
0.488770 0.754481 0.000000 0.003703 0.171784 0.042209 0.036117 0.007678 0.024667 
0.489746 0.756272 0.000000 0.004032 0.171784 0.042468 0.036301 0.007769 0.024866 
0.490723 0.758066 0.000000 0.004371 0.171784 0.042728 0.036488 0.007862 0.025067 
0.491699 0.759863 0.000000 0.004719 0.171784 0.042989 0.036675 0.007954 0.025270 
0.492676 0.761663 0.000000 0.005076 0.171784 0.043252 0.036863 0.008048 0.025474 
0.493652 0.763465 0.000000 0.005444 0.171784 0.043517 0.037052 0.008142 0.025679 
0.494629 0.765270 0.000000 0.005822 0.171784 0.043784 0.037243 0.008238 0.025886 
0.495605 0.767077 0.000000 0.006211 0.171784 0.044052 0.037435 0.008334 0.026094 
0.496582 0.768888 0.000000 0.006610 0.171784 0.044321 0.037628 0.008430 0.026304 
0.497559 0.770701 0.000000 0.007020 0.171784 0.044593 0.037822 0.008528 0.026515 
0.498535 0.772517 0.000000 0.007441 0.171784 0.044866 0.038017 0.008626 0.026727 
0.499512 0.774336 0.000000 0.007874 0.171784 0.045141 0.038214 0.008725 0.026941 
