#cell coordinates and the corresponding deviation from the equilibrium 
-0.499512 0.033815 
-0.498535 0.033762 
-0.497559 0.033710 
-0.496582 0.033658 
-0.495605 0.033607 
-0.494629 0.033557 
-0.493652 0.033507 
-0.492676 0.033458 
-0.491699 0.033410 
-0.490723 0.033362 
-0.489746 0.033315 
-0.488770 0.033268 
-0.487793 0.033222 
-0.486816 0.033177 
-0.485840 0.033132 
-0.484863 0.033087 
-0.483887 0.033044 
-0.482910 0.033001 
-0.481934 0.032958 
-0.480957 0.032916 
-0.479980 0.032874 
-0.479004 0.032833 
-0.478027 0.032793 
-0.477051 0.032753 
-0.476074 0.032714 
-0.475098 0.032675 
-0.474121 0.032636 
-0.473145 0.032598 
-0.472168 0.032561 
-0.471191 0.032524 
-0.470215 0.032487 
-0.469238 0.032451 
-0.468262 0.032415 
-0.467285 0.032380 
-0.466309 0.032346 
-0.465332 0.032311 
-0.464355 0.032277 
-0.463379 0.032244 
-0.462402 0.032211 
-0.461426 0.032178 
-0.460449 0.032146 
-0.459473 0.032115 
-0.458496 0.032083 
-0.457520 0.032052 
-0.456543 0.032022 
-0.455566 0.031991 
-0.454590 0.031962 
-0.453613 0.031932 
-0.452637 0.031903 
-0.451660 0.031875 
-0.450684 0.031846 
-0.449707 0.031818 
-0.448730 0.031791 
-0.447754 0.031763 
-0.446777 0.031736 
-0.445801 0.031710 
-0.444824 0.031684 
-0.443848 0.031658 
-0.442871 0.031632 
-0.441895 0.031607 
-0.440918 0.031582 
-0.439941 0.031557 
-0.438965 0.031533 
-0.437988 0.031509 
-0.437012 0.031485 
-0.436035 0.031462 
-0.435059 0.031439 
-0.434082 0.031416 
-0.433105 0.031393 
-0.432129 0.031371 
-0.431152 0.031349 
-0.430176 0.031327 
-0.429199 0.031306 
-0.428223 0.031285 
-0.427246 0.031264 
-0.426270 0.031243 
-0.425293 0.031223 
-0.424316 0.031203 
-0.423340 0.031183 
-0.422363 0.031163 
-0.421387 0.031144 
-0.420410 0.031125 
-0.419434 0.031106 
-0.418457 0.031087 
-0.417480 0.031069 
-0.416504 0.031051 
-0.415527 0.031033 
-0.414551 0.031015 
-0.413574 0.030997 
-0.412598 0.030980 
-0.411621 0.030963 
-0.410645 0.030946 
-0.409668 0.030929 
-0.408691 0.030913 
-0.407715 0.030897 
-0.406738 0.030881 
-0.405762 0.030865 
-0.404785 0.030849 
-0.403809 0.030834 
-0.402832 0.030819 
-0.401855 0.030803 
-0.400879 0.030789 
-0.399902 0.030774 
-0.398926 0.030759 
-0.397949 0.030745 
-0.396973 0.030731 
-0.395996 0.030717 
-0.395020 0.030703 
-0.394043 0.030689 
-0.393066 0.030676 
-0.392090 0.030663 
-0.391113 0.030650 
-0.390137 0.030637 
-0.389160 0.030624 
-0.388184 0.030611 
-0.387207 0.030599 
-0.386230 0.030586 
-0.385254 0.030574 
-0.384277 0.030562 
-0.383301 0.030550 
-0.382324 0.030538 
-0.381348 0.030527 
-0.380371 0.030515 
-0.379395 0.030504 
-0.378418 0.030493 
-0.377441 0.030482 
-0.376465 0.030471 
-0.375488 0.030460 
-0.374512 0.030450 
-0.373535 0.030439 
-0.372559 0.030429 
-0.371582 0.030418 
-0.370605 0.030408 
-0.369629 0.030398 
-0.368652 0.030389 
-0.367676 0.030379 
-0.366699 0.030369 
-0.365723 0.030360 
-0.364746 0.030350 
-0.363770 0.030341 
-0.362793 0.030332 
-0.361816 0.030323 
-0.360840 0.030314 
-0.359863 0.030305 
-0.358887 0.030296 
-0.357910 0.030288 
-0.356934 0.030279 
-0.355957 0.030271 
-0.354980 0.030262 
-0.354004 0.030254 
-0.353027 0.030246 
-0.352051 0.030238 
-0.351074 0.030230 
-0.350098 0.030222 
-0.349121 0.030215 
-0.348145 0.030207 
-0.347168 0.030200 
-0.346191 0.030192 
-0.345215 0.030185 
-0.344238 0.030177 
-0.343262 0.030170 
-0.342285 0.030163 
-0.341309 0.030156 
-0.340332 0.030149 
-0.339355 0.030143 
-0.338379 0.030136 
-0.337402 0.030129 
-0.336426 0.030123 
-0.335449 0.030116 
-0.334473 0.030110 
-0.333496 0.030103 
-0.332520 0.030097 
-0.331543 0.030091 
-0.330566 0.030085 
-0.329590 0.030079 
-0.328613 0.030073 
-0.327637 0.030067 
-0.326660 0.030061 
-0.325684 0.030055 
-0.324707 0.030049 
-0.323730 0.030044 
-0.322754 0.030038 
-0.321777 0.030033 
-0.320801 0.030027 
-0.319824 0.030022 
-0.318848 0.030017 
-0.317871 0.030012 
-0.316895 0.030006 
-0.315918 0.030001 
-0.314941 0.029996 
-0.313965 0.029991 
-0.312988 0.029986 
-0.312012 0.029981 
-0.311035 0.029977 
-0.310059 0.029972 
-0.309082 0.029967 
-0.308105 0.029963 
-0.307129 0.029958 
-0.306152 0.029953 
-0.305176 0.029949 
-0.304199 0.029945 
-0.303223 0.029940 
-0.302246 0.029936 
-0.301270 0.029932 
-0.300293 0.029927 
-0.299316 0.029923 
-0.298340 0.029919 
-0.297363 0.029915 
-0.296387 0.029911 
-0.295410 0.029907 
-0.294434 0.029903 
-0.293457 0.029899 
-0.292480 0.029896 
-0.291504 0.029892 
-0.290527 0.029888 
-0.289551 0.029884 
-0.288574 0.029881 
-0.287598 0.029877 
-0.286621 0.029873 
-0.285645 0.029870 
-0.284668 0.029866 
-0.283691 0.029863 
-0.282715 0.029860 
-0.281738 0.029856 
-0.280762 0.029853 
-0.279785 0.029850 
-0.278809 0.029846 
-0.277832 0.029843 
-0.276855 0.029840 
-0.275879 0.029837 
-0.274902 0.029834 
-0.273926 0.029831 
-0.272949 0.029828 
-0.271973 0.029825 
-0.270996 0.029822 
-0.270020 0.029819 
-0.269043 0.029816 
-0.268066 0.029813 
-0.267090 0.029810 
-0.266113 0.029808 
-0.265137 0.029805 
-0.264160 0.029802 
-0.263184 0.029799 
-0.262207 0.029797 
-0.261230 0.029794 
-0.260254 0.029792 
-0.259277 0.029789 
-0.258301 0.029786 
-0.257324 0.029784 
-0.256348 0.029782 
-0.255371 0.029779 
-0.254395 0.029777 
-0.253418 0.029774 
-0.252441 0.029772 
-0.251465 0.029770 
-0.250488 0.029767 
-0.249512 0.029765 
-0.248535 0.029763 
-0.247559 0.029760 
-0.246582 0.029758 
-0.245605 0.029756 
-0.244629 0.029754 
-0.243652 0.029752 
-0.242676 0.029750 
-0.241699 0.029748 
-0.240723 0.029746 
-0.239746 0.029744 
-0.238770 0.029742 
-0.237793 0.029740 
-0.236816 0.029738 
-0.235840 0.029736 
-0.234863 0.029734 
-0.233887 0.029732 
-0.232910 0.029730 
-0.231934 0.029728 
-0.230957 0.029726 
-0.229980 0.029724 
-0.229004 0.029723 
-0.228027 0.029721 
-0.227051 0.029719 
-0.226074 0.029717 
-0.225098 0.029716 
-0.224121 0.029714 
-0.223145 0.029712 
-0.222168 0.029711 
-0.221191 0.029709 
-0.220215 0.029707 
-0.219238 0.029706 
-0.218262 0.029704 
-0.217285 0.029703 
-0.216309 0.029701 
-0.215332 0.029700 
-0.214355 0.029698 
-0.213379 0.029697 
-0.212402 0.029695 
-0.211426 0.029694 
-0.210449 0.029692 
-0.209473 0.029691 
-0.208496 0.029689 
-0.207520 0.029688 
-0.206543 0.029687 
-0.205566 0.029685 
-0.204590 0.029684 
-0.203613 0.029683 
-0.202637 0.029681 
-0.201660 0.029680 
-0.200684 0.029679 
-0.199707 0.029677 
-0.198730 0.029676 
-0.197754 0.029675 
-0.196777 0.029674 
-0.195801 0.029673 
-0.194824 0.029671 
-0.193848 0.029670 
-0.192871 0.029669 
-0.191895 0.029668 
-0.190918 0.029667 
-0.189941 0.029666 
-0.188965 0.029664 
-0.187988 0.029663 
-0.187012 0.029662 
-0.186035 0.029661 
-0.185059 0.029660 
-0.184082 0.029659 
-0.183105 0.029658 
-0.182129 0.029657 
-0.181152 0.029656 
-0.180176 0.029655 
-0.179199 0.029654 
-0.178223 0.029653 
-0.177246 0.029652 
-0.176270 0.029651 
-0.175293 0.029650 
-0.174316 0.029649 
-0.173340 0.029648 
-0.172363 0.029647 
-0.171387 0.029646 
-0.170410 0.029645 
-0.169434 0.029644 
-0.168457 0.029644 
-0.167480 0.029643 
-0.166504 0.029642 
-0.165527 0.029641 
-0.164551 0.029640 
-0.163574 0.029639 
-0.162598 0.029638 
-0.161621 0.029638 
-0.160645 0.029637 
-0.159668 0.029636 
-0.158691 0.029635 
-0.157715 0.029635 
-0.156738 0.029634 
-0.155762 0.029633 
-0.154785 0.029632 
-0.153809 0.029631 
-0.152832 0.029631 
-0.151855 0.029630 
-0.150879 0.029629 
-0.149902 0.029636 
-0.148926 0.029634 
-0.147949 0.029633 
-0.146973 0.029633 
-0.145996 0.029632 
-0.145020 0.029631 
-0.144043 0.029630 
-0.143066 0.029629 
-0.142090 0.029628 
-0.141113 0.029627 
-0.140137 0.029626 
-0.139160 0.029626 
-0.138184 0.029625 
-0.137207 0.029624 
-0.136230 0.029623 
-0.135254 0.029622 
-0.134277 0.029621 
-0.133301 0.029621 
-0.132324 0.029620 
-0.131348 0.029619 
-0.130371 0.029618 
-0.129395 0.029618 
-0.128418 0.029617 
-0.127441 0.029616 
-0.126465 0.029615 
-0.125488 0.029615 
-0.124512 0.029614 
-0.123535 0.029613 
-0.122559 0.029612 
-0.121582 0.029612 
-0.120605 0.029611 
-0.119629 0.029610 
-0.118652 0.029610 
-0.117676 0.029609 
-0.116699 0.029608 
-0.115723 0.029608 
-0.114746 0.029607 
-0.113770 0.029606 
-0.112793 0.029606 
-0.111816 0.029605 
-0.110840 0.029605 
-0.109863 0.029604 
-0.108887 0.029603 
-0.107910 0.029603 
-0.106934 0.029602 
-0.105957 0.029602 
-0.104980 0.029601 
-0.104004 0.029600 
-0.103027 0.029600 
-0.102051 0.029599 
-0.101074 0.029599 
-0.100098 0.029598 
-0.099121 0.029598 
-0.098145 0.029597 
-0.097168 0.029597 
-0.096191 0.029596 
-0.095215 0.029596 
-0.094238 0.029595 
-0.093262 0.029595 
-0.092285 0.029594 
-0.091309 0.029594 
-0.090332 0.029593 
-0.089355 0.029593 
-0.088379 0.029592 
-0.087402 0.029592 
-0.086426 0.029591 
-0.085449 0.029591 
-0.084473 0.029590 
-0.083496 0.029590 
-0.082520 0.029590 
-0.081543 0.029589 
-0.080566 0.029589 
-0.079590 0.029588 
-0.078613 0.029588 
-0.077637 0.029588 
-0.076660 0.029587 
-0.075684 0.029587 
-0.074707 0.029586 
-0.073730 0.029586 
-0.072754 0.029586 
-0.071777 0.029585 
-0.070801 0.029585 
-0.069824 0.029585 
-0.068848 0.029584 
-0.067871 0.029584 
-0.066895 0.029583 
-0.065918 0.029583 
-0.064941 0.029583 
-0.063965 0.029582 
-0.062988 0.029582 
-0.062012 0.029582 
-0.061035 0.029582 
-0.060059 0.029581 
-0.059082 0.029581 
-0.058105 0.029581 
-0.057129 0.029580 
-0.056152 0.029580 
-0.055176 0.029580 
-0.054199 0.029580 
-0.053223 0.029579 
-0.052246 0.029579 
-0.051270 0.029579 
-0.050293 0.029579 
-0.049316 0.029578 
-0.048340 0.029578 
-0.047363 0.029578 
-0.046387 0.029578 
-0.045410 0.029577 
-0.044434 0.029577 
-0.043457 0.029577 
-0.042480 0.029577 
-0.041504 0.029577 
-0.040527 0.029576 
-0.039551 0.029576 
-0.038574 0.029576 
-0.037598 0.029576 
-0.036621 0.029576 
-0.035645 0.029575 
-0.034668 0.029575 
-0.033691 0.029575 
-0.032715 0.029575 
-0.031738 0.029575 
-0.030762 0.029575 
-0.029785 0.029574 
-0.028809 0.029574 
-0.027832 0.029574 
-0.026855 0.029574 
-0.025879 0.029574 
-0.024902 0.029574 
-0.023926 0.029574 
-0.022949 0.029574 
-0.021973 0.029574 
-0.020996 0.029573 
-0.020020 0.029573 
-0.019043 0.029573 
-0.018066 0.029573 
-0.017090 0.029573 
-0.016113 0.029573 
-0.015137 0.029573 
-0.014160 0.029573 
-0.013184 0.029573 
-0.012207 0.029573 
-0.011230 0.029573 
-0.010254 0.029573 
-0.009277 0.029573 
-0.008301 0.029572 
-0.007324 0.029572 
-0.006348 0.029572 
-0.005371 0.029572 
-0.004395 0.029572 
-0.003418 0.029572 
-0.002441 0.029572 
-0.001465 0.029572 
-0.000488 0.029572 
0.000488 0.029572 
0.001465 0.029572 
0.002441 0.029572 
0.003418 0.029572 
0.004395 0.029572 
0.005371 0.029572 
0.006348 0.029572 
0.007324 0.029572 
0.008301 0.029572 
0.009277 0.029573 
0.010254 0.029573 
0.011230 0.029573 
0.012207 0.029573 
0.013184 0.029573 
0.014160 0.029573 
0.015137 0.029573 
0.016113 0.029573 
0.017090 0.029573 
0.018066 0.029573 
0.019043 0.029573 
0.020020 0.029573 
0.020996 0.029573 
0.021973 0.029574 
0.022949 0.029574 
0.023926 0.029574 
0.024902 0.029574 
0.025879 0.029574 
0.026855 0.029574 
0.027832 0.029574 
0.028809 0.029574 
0.029785 0.029574 
0.030762 0.029575 
0.031738 0.029575 
0.032715 0.029575 
0.033691 0.029575 
0.034668 0.029575 
0.035645 0.029575 
0.036621 0.029576 
0.037598 0.029576 
0.038574 0.029576 
0.039551 0.029576 
0.040527 0.029576 
0.041504 0.029577 
0.042480 0.029577 
0.043457 0.029577 
0.044434 0.029577 
0.045410 0.029577 
0.046387 0.029578 
0.047363 0.029578 
0.048340 0.029578 
0.049316 0.029578 
0.050293 0.029579 
0.051270 0.029579 
0.052246 0.029579 
0.053223 0.029579 
0.054199 0.029580 
0.055176 0.029580 
0.056152 0.029580 
0.057129 0.029580 
0.058105 0.029581 
0.059082 0.029581 
0.060059 0.029581 
0.061035 0.029582 
0.062012 0.029582 
0.062988 0.029582 
0.063965 0.029582 
0.064941 0.029583 
0.065918 0.029583 
0.066895 0.029583 
0.067871 0.029584 
0.068848 0.029584 
0.069824 0.029585 
0.070801 0.029585 
0.071777 0.029585 
0.072754 0.029586 
0.073730 0.029586 
0.074707 0.029586 
0.075684 0.029587 
0.076660 0.029587 
0.077637 0.029588 
0.078613 0.029588 
0.079590 0.029588 
0.080566 0.029589 
0.081543 0.029589 
0.082520 0.029590 
0.083496 0.029590 
0.084473 0.029590 
0.085449 0.029591 
0.086426 0.029591 
0.087402 0.029592 
0.088379 0.029592 
0.089355 0.029593 
0.090332 0.029593 
0.091309 0.029594 
0.092285 0.029594 
0.093262 0.029595 
0.094238 0.029595 
0.095215 0.029596 
0.096191 0.029596 
0.097168 0.029597 
0.098145 0.029597 
0.099121 0.029598 
0.100098 0.029598 
0.101074 0.029599 
0.102051 0.029599 
0.103027 0.029600 
0.104004 0.029600 
0.104980 0.029601 
0.105957 0.029602 
0.106934 0.029602 
0.107910 0.029603 
0.108887 0.029603 
0.109863 0.029604 
0.110840 0.029605 
0.111816 0.029605 
0.112793 0.029606 
0.113770 0.029606 
0.114746 0.029607 
0.115723 0.029608 
0.116699 0.029608 
0.117676 0.029609 
0.118652 0.029610 
0.119629 0.029610 
0.120605 0.029611 
0.121582 0.029612 
0.122559 0.029612 
0.123535 0.029613 
0.124512 0.029614 
0.125488 0.029615 
0.126465 0.029615 
0.127441 0.029616 
0.128418 0.029617 
0.129395 0.029618 
0.130371 0.029618 
0.131348 0.029619 
0.132324 0.029620 
0.133301 0.029621 
0.134277 0.029621 
0.135254 0.029622 
0.136230 0.029623 
0.137207 0.029624 
0.138184 0.029625 
0.139160 0.029626 
0.140137 0.029626 
0.141113 0.029627 
0.142090 0.029628 
0.143066 0.029629 
0.144043 0.029630 
0.145020 0.029631 
0.145996 0.029632 
0.146973 0.029633 
0.147949 0.029633 
0.148926 0.029634 
0.149902 0.029636 
0.150879 0.029629 
0.151855 0.029630 
0.152832 0.029631 
0.153809 0.029631 
0.154785 0.029632 
0.155762 0.029633 
0.156738 0.029634 
0.157715 0.029635 
0.158691 0.029635 
0.159668 0.029636 
0.160645 0.029637 
0.161621 0.029638 
0.162598 0.029638 
0.163574 0.029639 
0.164551 0.029640 
0.165527 0.029641 
0.166504 0.029642 
0.167480 0.029643 
0.168457 0.029644 
0.169434 0.029644 
0.170410 0.029645 
0.171387 0.029646 
0.172363 0.029647 
0.173340 0.029648 
0.174316 0.029649 
0.175293 0.029650 
0.176270 0.029651 
0.177246 0.029652 
0.178223 0.029653 
0.179199 0.029654 
0.180176 0.029655 
0.181152 0.029656 
0.182129 0.029657 
0.183105 0.029658 
0.184082 0.029659 
0.185059 0.029660 
0.186035 0.029661 
0.187012 0.029662 
0.187988 0.029663 
0.188965 0.029664 
0.189941 0.029666 
0.190918 0.029667 
0.191895 0.029668 
0.192871 0.029669 
0.193848 0.029670 
0.194824 0.029671 
0.195801 0.029673 
0.196777 0.029674 
0.197754 0.029675 
0.198730 0.029676 
0.199707 0.029677 
0.200684 0.029679 
0.201660 0.029680 
0.202637 0.029681 
0.203613 0.029683 
0.204590 0.029684 
0.205566 0.029685 
0.206543 0.029687 
0.207520 0.029688 
0.208496 0.029689 
0.209473 0.029691 
0.210449 0.029692 
0.211426 0.029694 
0.212402 0.029695 
0.213379 0.029697 
0.214355 0.029698 
0.215332 0.029700 
0.216309 0.029701 
0.217285 0.029703 
0.218262 0.029704 
0.219238 0.029706 
0.220215 0.029707 
0.221191 0.029709 
0.222168 0.029711 
0.223145 0.029712 
0.224121 0.029714 
0.225098 0.029716 
0.226074 0.029717 
0.227051 0.029719 
0.228027 0.029721 
0.229004 0.029723 
0.229980 0.029724 
0.230957 0.029726 
0.231934 0.029728 
0.232910 0.029730 
0.233887 0.029732 
0.234863 0.029734 
0.235840 0.029736 
0.236816 0.029738 
0.237793 0.029740 
0.238770 0.029742 
0.239746 0.029744 
0.240723 0.029746 
0.241699 0.029748 
0.242676 0.029750 
0.243652 0.029752 
0.244629 0.029754 
0.245605 0.029756 
0.246582 0.029758 
0.247559 0.029760 
0.248535 0.029763 
0.249512 0.029765 
0.250488 0.029767 
0.251465 0.029770 
0.252441 0.029772 
0.253418 0.029774 
0.254395 0.029777 
0.255371 0.029779 
0.256348 0.029782 
0.257324 0.029784 
0.258301 0.029786 
0.259277 0.029789 
0.260254 0.029792 
0.261230 0.029794 
0.262207 0.029797 
0.263184 0.029799 
0.264160 0.029802 
0.265137 0.029805 
0.266113 0.029808 
0.267090 0.029810 
0.268066 0.029813 
0.269043 0.029816 
0.270020 0.029819 
0.270996 0.029822 
0.271973 0.029825 
0.272949 0.029828 
0.273926 0.029831 
0.274902 0.029834 
0.275879 0.029837 
0.276855 0.029840 
0.277832 0.029843 
0.278809 0.029846 
0.279785 0.029850 
0.280762 0.029853 
0.281738 0.029856 
0.282715 0.029860 
0.283691 0.029863 
0.284668 0.029866 
0.285645 0.029870 
0.286621 0.029873 
0.287598 0.029877 
0.288574 0.029881 
0.289551 0.029884 
0.290527 0.029888 
0.291504 0.029892 
0.292480 0.029896 
0.293457 0.029899 
0.294434 0.029903 
0.295410 0.029907 
0.296387 0.029911 
0.297363 0.029915 
0.298340 0.029919 
0.299316 0.029923 
0.300293 0.029927 
0.301270 0.029932 
0.302246 0.029936 
0.303223 0.029940 
0.304199 0.029945 
0.305176 0.029949 
0.306152 0.029953 
0.307129 0.029958 
0.308105 0.029963 
0.309082 0.029967 
0.310059 0.029972 
0.311035 0.029977 
0.312012 0.029981 
0.312988 0.029986 
0.313965 0.029991 
0.314941 0.029996 
0.315918 0.030001 
0.316895 0.030006 
0.317871 0.030012 
0.318848 0.030017 
0.319824 0.030022 
0.320801 0.030027 
0.321777 0.030033 
0.322754 0.030038 
0.323730 0.030044 
0.324707 0.030049 
0.325684 0.030055 
0.326660 0.030061 
0.327637 0.030067 
0.328613 0.030073 
0.329590 0.030079 
0.330566 0.030085 
0.331543 0.030091 
0.332520 0.030097 
0.333496 0.030103 
0.334473 0.030110 
0.335449 0.030116 
0.336426 0.030123 
0.337402 0.030129 
0.338379 0.030136 
0.339355 0.030143 
0.340332 0.030149 
0.341309 0.030156 
0.342285 0.030163 
0.343262 0.030170 
0.344238 0.030177 
0.345215 0.030185 
0.346191 0.030192 
0.347168 0.030200 
0.348145 0.030207 
0.349121 0.030215 
0.350098 0.030222 
0.351074 0.030230 
0.352051 0.030238 
0.353027 0.030246 
0.354004 0.030254 
0.354980 0.030262 
0.355957 0.030271 
0.356934 0.030279 
0.357910 0.030288 
0.358887 0.030296 
0.359863 0.030305 
0.360840 0.030314 
0.361816 0.030323 
0.362793 0.030332 
0.363770 0.030341 
0.364746 0.030350 
0.365723 0.030360 
0.366699 0.030369 
0.367676 0.030379 
0.368652 0.030389 
0.369629 0.030398 
0.370605 0.030408 
0.371582 0.030418 
0.372559 0.030429 
0.373535 0.030439 
0.374512 0.030450 
0.375488 0.030460 
0.376465 0.030471 
0.377441 0.030482 
0.378418 0.030493 
0.379395 0.030504 
0.380371 0.030515 
0.381348 0.030527 
0.382324 0.030538 
0.383301 0.030550 
0.384277 0.030562 
0.385254 0.030574 
0.386230 0.030586 
0.387207 0.030599 
0.388184 0.030611 
0.389160 0.030624 
0.390137 0.030637 
0.391113 0.030650 
0.392090 0.030663 
0.393066 0.030676 
0.394043 0.030689 
0.395020 0.030703 
0.395996 0.030717 
0.396973 0.030731 
0.397949 0.030745 
0.398926 0.030759 
0.399902 0.030774 
0.400879 0.030789 
0.401855 0.030803 
0.402832 0.030819 
0.403809 0.030834 
0.404785 0.030849 
0.405762 0.030865 
0.406738 0.030881 
0.407715 0.030897 
0.408691 0.030913 
0.409668 0.030929 
0.410645 0.030946 
0.411621 0.030963 
0.412598 0.030980 
0.413574 0.030997 
0.414551 0.031015 
0.415527 0.031033 
0.416504 0.031051 
0.417480 0.031069 
0.418457 0.031087 
0.419434 0.031106 
0.420410 0.031125 
0.421387 0.031144 
0.422363 0.031163 
0.423340 0.031183 
0.424316 0.031203 
0.425293 0.031223 
0.426270 0.031243 
0.427246 0.031264 
0.428223 0.031285 
0.429199 0.031306 
0.430176 0.031327 
0.431152 0.031349 
0.432129 0.031371 
0.433105 0.031393 
0.434082 0.031416 
0.435059 0.031439 
0.436035 0.031462 
0.437012 0.031485 
0.437988 0.031509 
0.438965 0.031533 
0.439941 0.031557 
0.440918 0.031582 
0.441895 0.031607 
0.442871 0.031632 
0.443848 0.031658 
0.444824 0.031684 
0.445801 0.031710 
0.446777 0.031736 
0.447754 0.031763 
0.448730 0.031791 
0.449707 0.031818 
0.450684 0.031846 
0.451660 0.031875 
0.452637 0.031903 
0.453613 0.031932 
0.454590 0.031962 
0.455566 0.031991 
0.456543 0.032022 
0.457520 0.032052 
0.458496 0.032083 
0.459473 0.032115 
0.460449 0.032146 
0.461426 0.032178 
0.462402 0.032211 
0.463379 0.032244 
0.464355 0.032277 
0.465332 0.032311 
0.466309 0.032346 
0.467285 0.032380 
0.468262 0.032415 
0.469238 0.032451 
0.470215 0.032487 
0.471191 0.032524 
0.472168 0.032561 
0.473145 0.032598 
0.474121 0.032636 
0.475098 0.032675 
0.476074 0.032714 
0.477051 0.032753 
0.478027 0.032793 
0.479004 0.032833 
0.479980 0.032874 
0.480957 0.032916 
0.481934 0.032958 
0.482910 0.033001 
0.483887 0.033044 
0.484863 0.033087 
0.485840 0.033132 
0.486816 0.033177 
0.487793 0.033222 
0.488770 0.033268 
0.489746 0.033315 
0.490723 0.033362 
0.491699 0.033410 
0.492676 0.033458 
0.493652 0.033507 
0.494629 0.033557 
0.495605 0.033607 
0.496582 0.033658 
0.497559 0.033710 
0.498535 0.033762 
0.499512 0.033815 
