#x y at the midpoint of each cell and the error in every component
-0.499512 0.775324 0.000000 0.007175 0.171746 0.045843 0.038357 0.010314 0.025469 
-0.498535 0.773514 0.000000 0.006736 0.171746 0.045573 0.038157 0.010220 0.025247 
-0.497559 0.771708 0.000000 0.006308 0.171746 0.045305 0.037959 0.010127 0.025025 
-0.496582 0.769904 0.000000 0.005891 0.171746 0.045039 0.037762 0.010035 0.024805 
-0.495605 0.768103 0.000000 0.005486 0.171746 0.044775 0.037565 0.009944 0.024587 
-0.494629 0.766304 0.000000 0.005090 0.171746 0.044512 0.037370 0.009854 0.024370 
-0.493652 0.764509 0.000000 0.004706 0.171746 0.044251 0.037177 0.009764 0.024154 
-0.492676 0.762716 0.000000 0.004331 0.171746 0.043992 0.036984 0.009675 0.023940 
-0.491699 0.760926 0.000000 0.003967 0.171746 0.043735 0.036792 0.009587 0.023727 
-0.490723 0.759139 0.000000 0.003612 0.171746 0.043479 0.036602 0.009500 0.023516 
-0.489746 0.757355 0.000000 0.003267 0.171746 0.043225 0.036413 0.009414 0.023305 
-0.488770 0.755573 0.000000 0.002930 0.171746 0.042972 0.036224 0.009328 0.023097 
-0.487793 0.753794 0.000000 0.002603 0.171746 0.042722 0.036037 0.009243 0.022889 
-0.486816 0.752018 0.000000 0.002285 0.171746 0.042472 0.035851 0.009159 0.022683 
-0.485840 0.750244 0.000000 0.001975 0.171746 0.042225 0.035666 0.009076 0.022478 
-0.484863 0.748474 0.000000 0.001674 0.171746 0.041979 0.035482 0.008993 0.022274 
-0.483887 0.746705 0.000000 0.001381 0.171746 0.041735 0.035300 0.008911 0.022072 
-0.482910 0.744940 0.000000 0.001096 0.171746 0.041492 0.035118 0.008830 0.021871 
-0.481934 0.743177 0.000000 0.000819 0.171746 0.041251 0.034937 0.008750 0.021671 
-0.480957 0.741416 0.000000 0.000549 0.171746 0.041012 0.034758 0.008670 0.021473 
-0.479980 0.739659 0.000000 0.000287 0.171746 0.040774 0.034579 0.008592 0.021276 
-0.479004 0.737903 0.000000 0.000032 0.171746 0.040538 0.034401 0.008513 0.021080 
-0.478027 0.736151 0.000000 0.000216 0.171746 0.040303 0.034225 0.008436 0.020885 
-0.477051 0.734401 0.000000 0.000457 0.171746 0.040070 0.034049 0.008359 0.020692 
-0.476074 0.732653 0.000000 0.000691 0.171746 0.039838 0.033875 0.008283 0.020499 
-0.475098 0.730908 0.000000 0.000919 0.171746 0.039608 0.033701 0.008208 0.020308 
-0.474121 0.729165 0.000000 0.001140 0.171746 0.039380 0.033529 0.008133 0.020118 
-0.473145 0.727425 0.000000 0.001355 0.171746 0.039153 0.033357 0.008059 0.019930 
-0.472168 0.725687 0.000000 0.001564 0.171746 0.038927 0.033187 0.007986 0.019742 
-0.471191 0.723952 0.000000 0.001767 0.171746 0.038703 0.033017 0.007914 0.019556 
-0.470215 0.722219 0.000000 0.001964 0.171746 0.038481 0.032849 0.007842 0.019371 
-0.469238 0.720489 0.000000 0.002156 0.171746 0.038260 0.032681 0.007771 0.019187 
-0.468262 0.718761 0.000000 0.002341 0.171746 0.038040 0.032515 0.007700 0.019004 
-0.467285 0.717035 0.000000 0.002522 0.171746 0.037822 0.032349 0.007630 0.018822 
-0.466309 0.715312 0.000000 0.002697 0.171746 0.037605 0.032184 0.007561 0.018642 
-0.465332 0.713591 0.000000 0.002867 0.171746 0.037390 0.032021 0.007493 0.018463 
-0.464355 0.711873 0.000000 0.003032 0.171746 0.037176 0.031858 0.007425 0.018284 
-0.463379 0.710156 0.000000 0.003192 0.171746 0.036964 0.031696 0.007358 0.018107 
-0.462402 0.708443 0.000000 0.003348 0.171746 0.036753 0.031535 0.007291 0.017931 
-0.461426 0.706731 0.000000 0.003499 0.171746 0.036543 0.031375 0.007225 0.017756 
-0.460449 0.705022 0.000000 0.003645 0.171746 0.036335 0.031216 0.007160 0.017582 
-0.459473 0.703315 0.000000 0.003787 0.171746 0.036129 0.031057 0.007096 0.017409 
-0.458496 0.701610 0.000000 0.003924 0.171746 0.035923 0.030900 0.007032 0.017238 
-0.457520 0.699907 0.000000 0.004058 0.171746 0.035719 0.030744 0.006968 0.017067 
-0.456543 0.698207 0.000000 0.004187 0.171746 0.035517 0.030588 0.006906 0.016897 
-0.455566 0.696509 0.000000 0.004312 0.171746 0.035316 0.030433 0.006844 0.016729 
-0.454590 0.694813 0.000000 0.004433 0.171746 0.035116 0.030280 0.006782 0.016561 
-0.453613 0.693120 0.000000 0.004551 0.171746 0.034917 0.030127 0.006721 0.016395 
-0.452637 0.691428 0.000000 0.004665 0.171746 0.034720 0.029975 0.006661 0.016229 
-0.451660 0.689739 0.000000 0.004775 0.171746 0.034524 0.029823 0.006601 0.016065 
-0.450684 0.688052 0.000000 0.004882 0.171746 0.034330 0.029673 0.006542 0.015901 
-0.449707 0.686367 0.000000 0.004985 0.171746 0.034136 0.029524 0.006484 0.015739 
-0.448730 0.684684 0.000000 0.005085 0.171746 0.033944 0.029375 0.006426 0.015577 
-0.447754 0.683003 0.000000 0.005182 0.171746 0.033754 0.029227 0.006369 0.015417 
-0.446777 0.681325 0.000000 0.005276 0.171746 0.033564 0.029080 0.006312 0.015257 
-0.445801 0.679648 0.000000 0.005366 0.171746 0.033376 0.028934 0.006256 0.015099 
-0.444824 0.677974 0.000000 0.005454 0.171746 0.033190 0.028788 0.006201 0.014941 
-0.443848 0.676301 0.000000 0.005538 0.171746 0.033004 0.028644 0.006146 0.014785 
-0.442871 0.674631 0.000000 0.005620 0.171746 0.032820 0.028500 0.006092 0.014629 
-0.441895 0.672963 0.000000 0.005699 0.171746 0.032637 0.028357 0.006038 0.014474 
-0.440918 0.671297 0.000000 0.005775 0.171746 0.032455 0.028215 0.005985 0.014321 
-0.439941 0.669632 0.000000 0.005849 0.171746 0.032275 0.028074 0.005932 0.014168 
-0.438965 0.667970 0.000000 0.005920 0.171746 0.032095 0.027933 0.005880 0.014016 
-0.437988 0.666310 0.000000 0.005989 0.171746 0.031917 0.027793 0.005829 0.013865 
-0.437012 0.664652 0.000000 0.006055 0.171746 0.031740 0.027654 0.005778 0.013715 
-0.436035 0.662996 0.000000 0.006119 0.171746 0.031565 0.027516 0.005728 0.013565 
-0.435059 0.661341 0.000000 0.006180 0.171746 0.031390 0.027379 0.005678 0.013417 
-0.434082 0.659689 0.000000 0.006240 0.171746 0.031217 0.027242 0.005629 0.013270 
-0.433105 0.658039 0.000000 0.006297 0.171746 0.031045 0.027106 0.005580 0.013123 
-0.432129 0.656390 0.000000 0.006352 0.171746 0.030874 0.026971 0.005532 0.012977 
-0.431152 0.654744 0.000000 0.006405 0.171746 0.030705 0.026836 0.005484 0.012833 
-0.430176 0.653099 0.000000 0.006456 0.171746 0.030536 0.026703 0.005437 0.012689 
-0.429199 0.651456 0.000000 0.006505 0.171746 0.030369 0.026570 0.005391 0.012546 
-0.428223 0.649816 0.000000 0.006552 0.171746 0.030203 0.026437 0.005344 0.012403 
-0.427246 0.648177 0.000000 0.006597 0.171746 0.030037 0.026306 0.005299 0.012262 
-0.426270 0.646540 0.000000 0.006641 0.171746 0.029874 0.026175 0.005254 0.012121 
-0.425293 0.644904 0.000000 0.006682 0.171746 0.029711 0.026045 0.005209 0.011981 
-0.424316 0.643271 0.000000 0.006722 0.171746 0.029549 0.025916 0.005165 0.011843 
-0.423340 0.641639 0.000000 0.006761 0.171746 0.029389 0.025787 0.005122 0.011704 
-0.422363 0.640010 0.000000 0.006798 0.171746 0.029229 0.025659 0.005079 0.011567 
-0.421387 0.638382 0.000000 0.006833 0.171746 0.029071 0.025532 0.005037 0.011430 
-0.420410 0.636756 0.000000 0.006867 0.171746 0.028914 0.025405 0.004995 0.011295 
-0.419434 0.635131 0.000000 0.006899 0.171746 0.028758 0.025279 0.004953 0.011160 
-0.418457 0.633509 0.000000 0.006930 0.171746 0.028603 0.025154 0.004912 0.011026 
-0.417480 0.631888 0.000000 0.006959 0.171746 0.028449 0.025029 0.004872 0.010892 
-0.416504 0.630269 0.000000 0.006988 0.171746 0.028296 0.024905 0.004832 0.010760 
-0.415527 0.628652 0.000000 0.007014 0.171746 0.028144 0.024782 0.004792 0.010628 
-0.414551 0.627037 0.000000 0.007040 0.171746 0.027994 0.024659 0.004753 0.010497 
-0.413574 0.625423 0.000000 0.007065 0.171746 0.027844 0.024537 0.004715 0.010366 
-0.412598 0.623811 0.000000 0.007088 0.171746 0.027696 0.024416 0.004677 0.010237 
-0.411621 0.622201 0.000000 0.007110 0.171746 0.027548 0.024296 0.004639 0.010108 
-0.410645 0.620592 0.000000 0.007131 0.171746 0.027402 0.024176 0.004602 0.009980 
-0.409668 0.618985 0.000000 0.007151 0.171746 0.027256 0.024056 0.004566 0.009852 
-0.408691 0.617380 0.000000 0.007170 0.171746 0.027112 0.023937 0.004530 0.009726 
-0.407715 0.615776 0.000000 0.007187 0.171746 0.026968 0.023819 0.004494 0.009600 
-0.406738 0.614174 0.000000 0.007204 0.171746 0.026826 0.023702 0.004459 0.009474 
-0.405762 0.612574 0.000000 0.007220 0.171746 0.026685 0.023585 0.004424 0.009350 
-0.404785 0.610976 0.000000 0.007235 0.171746 0.026545 0.023469 0.004390 0.009226 
-0.403809 0.609379 0.000000 0.007249 0.171746 0.026405 0.023353 0.004356 0.009103 
-0.402832 0.607784 0.000000 0.007263 0.171746 0.026267 0.023238 0.004322 0.008980 
-0.401855 0.606190 0.000000 0.007275 0.171746 0.026130 0.023124 0.004290 0.008858 
-0.400879 0.604598 0.000000 0.007287 0.171746 0.025993 0.023010 0.004257 0.008737 
-0.399902 0.603007 0.000000 0.007298 0.171746 0.025858 0.022897 0.004225 0.008617 
-0.398926 0.601419 0.000000 0.007308 0.171746 0.025724 0.022784 0.004193 0.008497 
-0.397949 0.599831 0.000000 0.007317 0.171746 0.025590 0.022672 0.004162 0.008378 
-0.396973 0.598246 0.000000 0.007326 0.171746 0.025458 0.022561 0.004132 0.008259 
-0.395996 0.596662 0.000000 0.007334 0.171746 0.025326 0.022450 0.004101 0.008141 
-0.395020 0.595079 0.000000 0.007341 0.171746 0.025196 0.022339 0.004072 0.008024 
-0.394043 0.593498 0.000000 0.007348 0.171746 0.025066 0.022230 0.004042 0.007907 
-0.393066 0.591919 0.000000 0.007354 0.171746 0.024938 0.022120 0.004013 0.007792 
-0.392090 0.590341 0.000000 0.007360 0.171746 0.024810 0.022012 0.003985 0.007676 
-0.391113 0.588765 0.000000 0.007365 0.171746 0.024683 0.021904 0.003957 0.007561 
-0.390137 0.587190 0.000000 0.007369 0.171746 0.024558 0.021796 0.003929 0.007447 
-0.389160 0.585617 0.000000 0.007373 0.171746 0.024433 0.021689 0.003902 0.007334 
-0.388184 0.584045 0.000000 0.007377 0.171746 0.024309 0.021583 0.003875 0.007221 
-0.387207 0.582474 0.000000 0.007380 0.171746 0.024186 0.021477 0.003848 0.007109 
-0.386230 0.580906 0.000000 0.007382 0.171746 0.024064 0.021371 0.003822 0.006997 
-0.385254 0.579338 0.000000 0.007385 0.171746 0.023943 0.021267 0.003797 0.006886 
-0.384277 0.577773 0.000000 0.007386 0.171746 0.023822 0.021162 0.003771 0.006775 
-0.383301 0.576208 0.000000 0.007388 0.171746 0.023703 0.021059 0.003747 0.006665 
-0.382324 0.574645 0.000000 0.007389 0.171746 0.023585 0.020955 0.003722 0.006556 
-0.381348 0.573084 0.000000 0.007389 0.171746 0.023467 0.020853 0.003698 0.006447 
-0.380371 0.571524 0.000000 0.007389 0.171746 0.023350 0.020750 0.003675 0.006339 
-0.379395 0.569965 0.000000 0.007389 0.171746 0.023234 0.020649 0.003651 0.006231 
-0.378418 0.568408 0.000000 0.007389 0.171746 0.023120 0.020547 0.003629 0.006124 
-0.377441 0.566852 0.000000 0.007388 0.171746 0.023005 0.020447 0.003606 0.006018 
-0.376465 0.565298 0.000000 0.007387 0.171746 0.022892 0.020346 0.003584 0.005911 
-0.375488 0.563745 0.000000 0.007386 0.171746 0.022780 0.020247 0.003563 0.005806 
-0.374512 0.555864 0.000000 0.002909 0.171746 0.018791 0.020155 0.000000 0.000000 
-0.373535 0.554346 0.000000 0.002930 0.171746 0.018701 0.020074 0.000000 0.000000 
-0.372559 0.552834 0.000000 0.002954 0.171746 0.018614 0.019993 0.000000 0.000000 
-0.371582 0.551322 0.000000 0.002977 0.171746 0.018527 0.019911 0.000000 0.000000 
-0.370605 0.549811 0.000000 0.002999 0.171746 0.018440 0.019831 0.000000 0.000000 
-0.369629 0.548300 0.000000 0.003020 0.171746 0.018354 0.019750 0.000000 0.000000 
-0.368652 0.546790 0.000000 0.003041 0.171746 0.018267 0.019670 0.000000 0.000000 
-0.367676 0.545281 0.000000 0.003061 0.171746 0.018182 0.019591 0.000000 0.000000 
-0.366699 0.543772 0.000000 0.003081 0.171746 0.018096 0.019512 0.000000 0.000000 
-0.365723 0.542264 0.000000 0.003099 0.171746 0.018011 0.019433 0.000000 0.000000 
-0.364746 0.540756 0.000000 0.003117 0.171746 0.017927 0.019354 0.000000 0.000000 
-0.363770 0.539249 0.000000 0.003135 0.171746 0.017842 0.019276 0.000000 0.000000 
-0.362793 0.537742 0.000000 0.003152 0.171746 0.017758 0.019198 0.000000 0.000000 
-0.361816 0.536236 0.000000 0.003168 0.171746 0.017675 0.019121 0.000000 0.000000 
-0.360840 0.534731 0.000000 0.003183 0.171746 0.017591 0.019044 0.000000 0.000000 
-0.359863 0.533226 0.000000 0.003198 0.171746 0.017508 0.018967 0.000000 0.000000 
-0.358887 0.531721 0.000000 0.003212 0.171746 0.017426 0.018891 0.000000 0.000000 
-0.357910 0.530217 0.000000 0.003226 0.171746 0.017343 0.018815 0.000000 0.000000 
-0.356934 0.528714 0.000000 0.003239 0.171746 0.017261 0.018740 0.000000 0.000000 
-0.355957 0.527211 0.000000 0.003252 0.171746 0.017179 0.018664 0.000000 0.000000 
-0.354980 0.525709 0.000000 0.003264 0.171746 0.017098 0.018590 0.000000 0.000000 
-0.354004 0.524207 0.000000 0.003275 0.171746 0.017017 0.018515 0.000000 0.000000 
-0.353027 0.522706 0.000000 0.003287 0.171746 0.016936 0.018441 0.000000 0.000000 
-0.352051 0.521205 0.000000 0.003297 0.171746 0.016856 0.018367 0.000000 0.000000 
-0.351074 0.519705 0.000000 0.003307 0.171746 0.016776 0.018294 0.000000 0.000000 
-0.350098 0.518206 0.000000 0.003317 0.171746 0.016696 0.018221 0.000000 0.000000 
-0.349121 0.516706 0.000000 0.003326 0.171746 0.016617 0.018148 0.000000 0.000000 
-0.348145 0.515208 0.000000 0.003334 0.171746 0.016538 0.018076 0.000000 0.000000 
-0.347168 0.513710 0.000000 0.003342 0.171746 0.016459 0.018003 0.000000 0.000000 
-0.346191 0.512212 0.000000 0.003350 0.171746 0.016380 0.017932 0.000000 0.000000 
-0.345215 0.510715 0.000000 0.003357 0.171746 0.016302 0.017860 0.000000 0.000000 
-0.344238 0.509219 0.000000 0.003364 0.171746 0.016224 0.017789 0.000000 0.000000 
-0.343262 0.507722 0.000000 0.003371 0.171746 0.016147 0.017719 0.000000 0.000000 
-0.342285 0.506227 0.000000 0.003377 0.171746 0.016070 0.017648 0.000000 0.000000 
-0.341309 0.504732 0.000000 0.003382 0.171746 0.015993 0.017578 0.000000 0.000000 
-0.340332 0.503237 0.000000 0.003387 0.171746 0.015916 0.017509 0.000000 0.000000 
-0.339355 0.501743 0.000000 0.003392 0.171746 0.015840 0.017439 0.000000 0.000000 
-0.338379 0.500250 0.000000 0.003397 0.171746 0.015764 0.017370 0.000000 0.000000 
-0.337402 0.498757 0.000000 0.003401 0.171746 0.015688 0.017302 0.000000 0.000000 
-0.336426 0.497264 0.000000 0.003404 0.171746 0.015613 0.017233 0.000000 0.000000 
-0.335449 0.495772 0.000000 0.003408 0.171746 0.015538 0.017165 0.000000 0.000000 
-0.334473 0.494280 0.000000 0.003411 0.171746 0.015463 0.017098 0.000000 0.000000 
-0.333496 0.492789 0.000000 0.003413 0.171746 0.015388 0.017030 0.000000 0.000000 
-0.332520 0.491299 0.000000 0.003416 0.171746 0.015314 0.016963 0.000000 0.000000 
-0.331543 0.489808 0.000000 0.003418 0.171746 0.015240 0.016896 0.000000 0.000000 
-0.330566 0.488319 0.000000 0.003420 0.171746 0.015166 0.016830 0.000000 0.000000 
-0.329590 0.486830 0.000000 0.003421 0.171746 0.015093 0.016764 0.000000 0.000000 
-0.328613 0.485341 0.000000 0.003422 0.171746 0.015020 0.016698 0.000000 0.000000 
-0.327637 0.483853 0.000000 0.003423 0.171746 0.014947 0.016633 0.000000 0.000000 
-0.326660 0.482365 0.000000 0.003423 0.171746 0.014875 0.016568 0.000000 0.000000 
-0.325684 0.480877 0.000000 0.003423 0.171746 0.014803 0.016503 0.000000 0.000000 
-0.324707 0.479390 0.000000 0.003423 0.171746 0.014731 0.016438 0.000000 0.000000 
-0.323730 0.477904 0.000000 0.003423 0.171746 0.014659 0.016374 0.000000 0.000000 
-0.322754 0.476418 0.000000 0.003422 0.171746 0.014588 0.016310 0.000000 0.000000 
-0.321777 0.474932 0.000000 0.003422 0.171746 0.014516 0.016247 0.000000 0.000000 
-0.320801 0.473447 0.000000 0.003420 0.171746 0.014446 0.016183 0.000000 0.000000 
-0.319824 0.471963 0.000000 0.003419 0.171746 0.014375 0.016121 0.000000 0.000000 
-0.318848 0.470479 0.000000 0.003417 0.171746 0.014305 0.016058 0.000000 0.000000 
-0.317871 0.468995 0.000000 0.003415 0.171746 0.014235 0.015996 0.000000 0.000000 
-0.316895 0.467512 0.000000 0.003413 0.171746 0.014165 0.015934 0.000000 0.000000 
-0.315918 0.466029 0.000000 0.003411 0.171746 0.014096 0.015872 0.000000 0.000000 
-0.314941 0.464546 0.000000 0.003408 0.171746 0.014027 0.015810 0.000000 0.000000 
-0.313965 0.463064 0.000000 0.003406 0.171746 0.013958 0.015749 0.000000 0.000000 
-0.312988 0.461583 0.000000 0.003403 0.171746 0.013889 0.015689 0.000000 0.000000 
-0.312012 0.460102 0.000000 0.003399 0.171746 0.013821 0.015628 0.000000 0.000000 
-0.311035 0.458621 0.000000 0.003396 0.171746 0.013752 0.015568 0.000000 0.000000 
-0.310059 0.457141 0.000000 0.003392 0.171746 0.013685 0.015508 0.000000 0.000000 
-0.309082 0.455661 0.000000 0.003389 0.171746 0.013617 0.015448 0.000000 0.000000 
-0.308105 0.454182 0.000000 0.003385 0.171746 0.013550 0.015389 0.000000 0.000000 
-0.307129 0.452703 0.000000 0.003380 0.171746 0.013483 0.015330 0.000000 0.000000 
-0.306152 0.451224 0.000000 0.003376 0.171746 0.013416 0.015271 0.000000 0.000000 
-0.305176 0.449746 0.000000 0.003371 0.171746 0.013349 0.015213 0.000000 0.000000 
-0.304199 0.448268 0.000000 0.003367 0.171746 0.013283 0.015155 0.000000 0.000000 
-0.303223 0.446791 0.000000 0.003362 0.171746 0.013217 0.015097 0.000000 0.000000 
-0.302246 0.445314 0.000000 0.003357 0.171746 0.013151 0.015039 0.000000 0.000000 
-0.301270 0.443838 0.000000 0.003351 0.171746 0.013085 0.014982 0.000000 0.000000 
-0.300293 0.442362 0.000000 0.003346 0.171746 0.013020 0.014925 0.000000 0.000000 
-0.299316 0.440886 0.000000 0.003340 0.171746 0.012955 0.014868 0.000000 0.000000 
-0.298340 0.439411 0.000000 0.003335 0.171746 0.012890 0.014812 0.000000 0.000000 
-0.297363 0.437936 0.000000 0.003329 0.171746 0.012826 0.014756 0.000000 0.000000 
-0.296387 0.436461 0.000000 0.003323 0.171746 0.012761 0.014700 0.000000 0.000000 
-0.295410 0.434987 0.000000 0.003316 0.171746 0.012697 0.014644 0.000000 0.000000 
-0.294434 0.433514 0.000000 0.003310 0.171746 0.012633 0.014589 0.000000 0.000000 
-0.293457 0.432040 0.000000 0.003304 0.171746 0.012570 0.014534 0.000000 0.000000 
-0.292480 0.430567 0.000000 0.003297 0.171746 0.012507 0.014479 0.000000 0.000000 
-0.291504 0.429095 0.000000 0.003290 0.171746 0.012443 0.014424 0.000000 0.000000 
-0.290527 0.427623 0.000000 0.003283 0.171746 0.012381 0.014370 0.000000 0.000000 
-0.289551 0.426151 0.000000 0.003276 0.171746 0.012318 0.014316 0.000000 0.000000 
-0.288574 0.424680 0.000000 0.003269 0.171746 0.012255 0.014263 0.000000 0.000000 
-0.287598 0.423209 0.000000 0.003262 0.171746 0.012193 0.014209 0.000000 0.000000 
-0.286621 0.421738 0.000000 0.003255 0.171746 0.012131 0.014156 0.000000 0.000000 
-0.285645 0.420268 0.000000 0.003247 0.171746 0.012070 0.014103 0.000000 0.000000 
-0.284668 0.418798 0.000000 0.003239 0.171746 0.012008 0.014051 0.000000 0.000000 
-0.283691 0.417329 0.000000 0.003232 0.171746 0.011947 0.013998 0.000000 0.000000 
-0.282715 0.415860 0.000000 0.003224 0.171746 0.011886 0.013946 0.000000 0.000000 
-0.281738 0.414391 0.000000 0.003216 0.171746 0.011825 0.013895 0.000000 0.000000 
-0.280762 0.412923 0.000000 0.003208 0.171746 0.011765 0.013843 0.000000 0.000000 
-0.279785 0.411455 0.000000 0.003200 0.171746 0.011704 0.013792 0.000000 0.000000 
-0.278809 0.409987 0.000000 0.003191 0.171746 0.011644 0.013741 0.000000 0.000000 
-0.277832 0.408520 0.000000 0.003183 0.171746 0.011584 0.013690 0.000000 0.000000 
-0.276855 0.407053 0.000000 0.003175 0.171746 0.011524 0.013640 0.000000 0.000000 
-0.275879 0.405586 0.000000 0.003166 0.171746 0.011465 0.013589 0.000000 0.000000 
-0.274902 0.404120 0.000000 0.003158 0.171746 0.011406 0.013540 0.000000 0.000000 
-0.273926 0.402654 0.000000 0.003149 0.171746 0.011347 0.013490 0.000000 0.000000 
-0.272949 0.401189 0.000000 0.003140 0.171746 0.011288 0.013440 0.000000 0.000000 
-0.271973 0.399724 0.000000 0.003131 0.171746 0.011229 0.013391 0.000000 0.000000 
-0.270996 0.398259 0.000000 0.003122 0.171746 0.011171 0.013342 0.000000 0.000000 
-0.270020 0.396795 0.000000 0.003113 0.171746 0.011113 0.013294 0.000000 0.000000 
-0.269043 0.395331 0.000000 0.003104 0.171746 0.011055 0.013245 0.000000 0.000000 
-0.268066 0.393867 0.000000 0.003095 0.171746 0.010997 0.013197 0.000000 0.000000 
-0.267090 0.392403 0.000000 0.003085 0.171746 0.010940 0.013149 0.000000 0.000000 
-0.266113 0.390940 0.000000 0.003076 0.171746 0.010882 0.013102 0.000000 0.000000 
-0.265137 0.389478 0.000000 0.003067 0.171746 0.010825 0.013054 0.000000 0.000000 
-0.264160 0.388015 0.000000 0.003057 0.171746 0.010768 0.013007 0.000000 0.000000 
-0.263184 0.386553 0.000000 0.003048 0.171746 0.010712 0.012960 0.000000 0.000000 
-0.262207 0.385092 0.000000 0.003038 0.171746 0.010655 0.012913 0.000000 0.000000 
-0.261230 0.383630 0.000000 0.003028 0.171746 0.010599 0.012867 0.000000 0.000000 
-0.260254 0.382169 0.000000 0.003018 0.171746 0.010543 0.012821 0.000000 0.000000 
-0.259277 0.380708 0.000000 0.003009 0.171746 0.010487 0.012775 0.000000 0.000000 
-0.258301 0.379248 0.000000 0.002999 0.171746 0.010431 0.012729 0.000000 0.000000 
-0.257324 0.377788 0.000000 0.002989 0.171746 0.010376 0.012684 0.000000 0.000000 
-0.256348 0.376328 0.000000 0.002979 0.171746 0.010320 0.012639 0.000000 0.000000 
-0.255371 0.374869 0.000000 0.002969 0.171746 0.010265 0.012594 0.000000 0.000000 
-0.254395 0.373410 0.000000 0.002959 0.171746 0.010210 0.012549 0.000000 0.000000 
-0.253418 0.371951 0.000000 0.002948 0.171746 0.010156 0.012505 0.000000 0.000000 
-0.252441 0.370493 0.000000 0.002938 0.171746 0.010101 0.012460 0.000000 0.000000 
-0.251465 0.369034 0.000000 0.002928 0.171746 0.010047 0.012416 0.000000 0.000000 
-0.250488 0.367577 0.000000 0.002918 0.171746 0.009993 0.012373 0.000000 0.000000 
-0.249512 0.366119 0.000000 0.002907 0.171746 0.009939 0.012329 0.000000 0.000000 
-0.248535 0.364662 0.000000 0.002897 0.171746 0.009885 0.012286 0.000000 0.000000 
-0.247559 0.363205 0.000000 0.002886 0.171746 0.009831 0.012243 0.000000 0.000000 
-0.246582 0.361748 0.000000 0.002876 0.171746 0.009778 0.012200 0.000000 0.000000 
-0.245605 0.360292 0.000000 0.002865 0.171746 0.009725 0.012157 0.000000 0.000000 
-0.244629 0.358836 0.000000 0.002855 0.171746 0.009672 0.012115 0.000000 0.000000 
-0.243652 0.357381 0.000000 0.002844 0.171746 0.009619 0.012073 0.000000 0.000000 
-0.242676 0.355925 0.000000 0.002833 0.171746 0.009566 0.012031 0.000000 0.000000 
-0.241699 0.354470 0.000000 0.002823 0.171746 0.009514 0.011989 0.000000 0.000000 
-0.240723 0.353015 0.000000 0.002812 0.171746 0.009462 0.011948 0.000000 0.000000 
-0.239746 0.351561 0.000000 0.002801 0.171746 0.009410 0.011907 0.000000 0.000000 
-0.238770 0.350107 0.000000 0.002790 0.171746 0.009358 0.011866 0.000000 0.000000 
-0.237793 0.348653 0.000000 0.002779 0.171746 0.009306 0.011825 0.000000 0.000000 
-0.236816 0.347199 0.000000 0.002768 0.171746 0.009254 0.011784 0.000000 0.000000 
-0.235840 0.345746 0.000000 0.002757 0.171746 0.009203 0.011744 0.000000 0.000000 
-0.234863 0.344293 0.000000 0.002746 0.171746 0.009152 0.011704 0.000000 0.000000 
-0.233887 0.342840 0.000000 0.002735 0.171746 0.009101 0.011664 0.000000 0.000000 
-0.232910 0.341387 0.000000 0.002724 0.171746 0.009050 0.011624 0.000000 0.000000 
-0.231934 0.339935 0.000000 0.002713 0.171746 0.008999 0.011585 0.000000 0.000000 
-0.230957 0.338483 0.000000 0.002702 0.171746 0.008949 0.011546 0.000000 0.000000 
-0.229980 0.337032 0.000000 0.002691 0.171746 0.008898 0.011507 0.000000 0.000000 
-0.229004 0.335580 0.000000 0.002680 0.171746 0.008848 0.011468 0.000000 0.000000 
-0.228027 0.334129 0.000000 0.002669 0.171746 0.008798 0.011430 0.000000 0.000000 
-0.227051 0.332678 0.000000 0.002658 0.171746 0.008748 0.011391 0.000000 0.000000 
-0.226074 0.331228 0.000000 0.002646 0.171746 0.008699 0.011353 0.000000 0.000000 
-0.225098 0.329778 0.000000 0.002635 0.171746 0.008649 0.011315 0.000000 0.000000 
-0.224121 0.328328 0.000000 0.002624 0.171746 0.008600 0.011278 0.000000 0.000000 
-0.223145 0.326878 0.000000 0.002612 0.171746 0.008551 0.011240 0.000000 0.000000 
-0.222168 0.325428 0.000000 0.002601 0.171746 0.008502 0.011203 0.000000 0.000000 
-0.221191 0.323979 0.000000 0.002590 0.171746 0.008453 0.011166 0.000000 0.000000 
-0.220215 0.322530 0.000000 0.002578 0.171746 0.008404 0.011129 0.000000 0.000000 
-0.219238 0.321082 0.000000 0.002567 0.171746 0.008356 0.011093 0.000000 0.000000 
-0.218262 0.319633 0.000000 0.002556 0.171746 0.008307 0.011056 0.000000 0.000000 
-0.217285 0.318185 0.000000 0.002544 0.171746 0.008259 0.011020 0.000000 0.000000 
-0.216309 0.316737 0.000000 0.002533 0.171746 0.008211 0.010984 0.000000 0.000000 
-0.215332 0.315290 0.000000 0.002521 0.171746 0.008163 0.010948 0.000000 0.000000 
-0.214355 0.313842 0.000000 0.002510 0.171746 0.008115 0.010913 0.000000 0.000000 
-0.213379 0.312395 0.000000 0.002498 0.171746 0.008068 0.010877 0.000000 0.000000 
-0.212402 0.310948 0.000000 0.002487 0.171746 0.008020 0.010842 0.000000 0.000000 
-0.211426 0.309502 0.000000 0.002475 0.171746 0.007973 0.010807 0.000000 0.000000 
-0.210449 0.308055 0.000000 0.002464 0.171746 0.007926 0.010773 0.000000 0.000000 
-0.209473 0.306609 0.000000 0.002452 0.171746 0.007879 0.010738 0.000000 0.000000 
-0.208496 0.305163 0.000000 0.002441 0.171746 0.007832 0.010704 0.000000 0.000000 
-0.207520 0.303718 0.000000 0.002429 0.171746 0.007785 0.010670 0.000000 0.000000 
-0.206543 0.302272 0.000000 0.002417 0.171746 0.007739 0.010636 0.000000 0.000000 
-0.205566 0.300827 0.000000 0.002406 0.171746 0.007693 0.010602 0.000000 0.000000 
-0.204590 0.299382 0.000000 0.002394 0.171746 0.007646 0.010569 0.000000 0.000000 
-0.203613 0.297937 0.000000 0.002383 0.171746 0.007600 0.010535 0.000000 0.000000 
-0.202637 0.296493 0.000000 0.002371 0.171746 0.007554 0.010502 0.000000 0.000000 
-0.201660 0.295049 0.000000 0.002359 0.171746 0.007509 0.010469 0.000000 0.000000 
-0.200684 0.293605 0.000000 0.002348 0.171746 0.007463 0.010437 0.000000 0.000000 
-0.199707 0.292161 0.000000 0.002336 0.171746 0.007417 0.010404 0.000000 0.000000 
-0.198730 0.290717 0.000000 0.002324 0.171746 0.007372 0.010372 0.000000 0.000000 
-0.197754 0.289274 0.000000 0.002313 0.171746 0.007327 0.010340 0.000000 0.000000 
-0.196777 0.287831 0.000000 0.002301 0.171746 0.007282 0.010308 0.000000 0.000000 
-0.195801 0.286388 0.000000 0.002289 0.171746 0.007237 0.010276 0.000000 0.000000 
-0.194824 0.284946 0.000000 0.002277 0.171746 0.007192 0.010245 0.000000 0.000000 
-0.193848 0.283503 0.000000 0.002266 0.171746 0.007147 0.010213 0.000000 0.000000 
-0.192871 0.282061 0.000000 0.002254 0.171746 0.007103 0.010182 0.000000 0.000000 
-0.191895 0.280619 0.000000 0.002242 0.171746 0.007058 0.010151 0.000000 0.000000 
-0.190918 0.279177 0.000000 0.002231 0.171746 0.007014 0.010121 0.000000 0.000000 
-0.189941 0.277736 0.000000 0.002219 0.171746 0.006970 0.010090 0.000000 0.000000 
-0.188965 0.276295 0.000000 0.002207 0.171746 0.006926 0.010060 0.000000 0.000000 
-0.187988 0.274854 0.000000 0.002195 0.171746 0.006882 0.010029 0.000000 0.000000 
-0.187012 0.273413 0.000000 0.002184 0.171746 0.006838 0.010000 0.000000 0.000000 
-0.186035 0.271972 0.000000 0.002172 0.171746 0.006795 0.009970 0.000000 0.000000 
-0.185059 0.270532 0.000000 0.002160 0.171746 0.006751 0.009940 0.000000 0.000000 
-0.184082 0.269092 0.000000 0.002148 0.171746 0.006708 0.009911 0.000000 0.000000 
-0.183105 0.267652 0.000000 0.002137 0.171746 0.006665 0.009882 0.000000 0.000000 
-0.182129 0.266212 0.000000 0.002125 0.171746 0.006622 0.009853 0.000000 0.000000 
-0.181152 0.264772 0.000000 0.002113 0.171746 0.006579 0.009824 0.000000 0.000000 
-0.180176 0.263333 0.000000 0.002101 0.171746 0.006536 0.009795 0.000000 0.000000 
-0.179199 0.261894 0.000000 0.002090 0.171746 0.006493 0.009767 0.000000 0.000000 
-0.178223 0.260455 0.000000 0.002078 0.171746 0.006450 0.009738 0.000000 0.000000 
-0.177246 0.259016 0.000000 0.002066 0.171746 0.006408 0.009710 0.000000 0.000000 
-0.176270 0.257577 0.000000 0.002054 0.171746 0.006366 0.009682 0.000000 0.000000 
-0.175293 0.256139 0.000000 0.002042 0.171746 0.006323 0.009655 0.000000 0.000000 
-0.174316 0.254701 0.000000 0.002031 0.171746 0.006281 0.009627 0.000000 0.000000 
-0.173340 0.253263 0.000000 0.002019 0.171746 0.006239 0.009600 0.000000 0.000000 
-0.172363 0.251825 0.000000 0.002007 0.171746 0.006197 0.009573 0.000000 0.000000 
-0.171387 0.250387 0.000000 0.001995 0.171746 0.006156 0.009546 0.000000 0.000000 
-0.170410 0.248950 0.000000 0.001984 0.171746 0.006114 0.009519 0.000000 0.000000 
-0.169434 0.247513 0.000000 0.001972 0.171746 0.006073 0.009492 0.000000 0.000000 
-0.168457 0.246076 0.000000 0.001960 0.171746 0.006031 0.009466 0.000000 0.000000 
-0.167480 0.244639 0.000000 0.001948 0.171746 0.005990 0.009440 0.000000 0.000000 
-0.166504 0.243202 0.000000 0.001936 0.171746 0.005949 0.009414 0.000000 0.000000 
-0.165527 0.241766 0.000000 0.001925 0.171746 0.005908 0.009388 0.000000 0.000000 
-0.164551 0.240329 0.000000 0.001913 0.171746 0.005867 0.009362 0.000000 0.000000 
-0.163574 0.238893 0.000000 0.001901 0.171746 0.005826 0.009336 0.000000 0.000000 
-0.162598 0.237457 0.000000 0.001889 0.171746 0.005785 0.009311 0.000000 0.000000 
-0.161621 0.236022 0.000000 0.001878 0.171746 0.005745 0.009286 0.000000 0.000000 
-0.160645 0.234586 0.000000 0.001866 0.171746 0.005704 0.009261 0.000000 0.000000 
-0.159668 0.233151 0.000000 0.001854 0.171746 0.005664 0.009236 0.000000 0.000000 
-0.158691 0.231715 0.000000 0.001842 0.171746 0.005623 0.009211 0.000000 0.000000 
-0.157715 0.230280 0.000000 0.001831 0.171746 0.005583 0.009187 0.000000 0.000000 
-0.156738 0.228845 0.000000 0.001819 0.171746 0.005543 0.009163 0.000000 0.000000 
-0.155762 0.227411 0.000000 0.001807 0.171746 0.005503 0.009139 0.000000 0.000000 
-0.154785 0.225976 0.000000 0.001795 0.171746 0.005463 0.009115 0.000000 0.000000 
-0.153809 0.224542 0.000000 0.001784 0.171746 0.005424 0.009091 0.000000 0.000000 
-0.152832 0.223108 0.000000 0.001772 0.171746 0.005384 0.009067 0.000000 0.000000 
-0.151855 0.221674 0.000000 0.001760 0.171746 0.005344 0.009044 0.000000 0.000000 
-0.150879 0.220240 0.000000 0.001748 0.171746 0.005305 0.009021 0.000000 0.000000 
-0.149902 0.218806 0.000000 0.001737 0.171746 0.005266 0.008997 0.000000 0.000000 
-0.148926 0.217373 0.000000 0.001725 0.171746 0.005226 0.008975 0.000000 0.000000 
-0.147949 0.215939 0.000000 0.001713 0.171746 0.005187 0.008952 0.000000 0.000000 
-0.146973 0.214506 0.000000 0.001701 0.171746 0.005148 0.008929 0.000000 0.000000 
-0.145996 0.213073 0.000000 0.001690 0.171746 0.005109 0.008907 0.000000 0.000000 
-0.145020 0.211640 0.000000 0.001678 0.171746 0.005070 0.008885 0.000000 0.000000 
-0.144043 0.210207 0.000000 0.001666 0.171746 0.005032 0.008863 0.000000 0.000000 
-0.143066 0.208775 0.000000 0.001655 0.171746 0.004993 0.008841 0.000000 0.000000 
-0.142090 0.207343 0.000000 0.001643 0.171746 0.004954 0.008819 0.000000 0.000000 
-0.141113 0.205910 0.000000 0.001631 0.171746 0.004916 0.008797 0.000000 0.000000 
-0.140137 0.204478 0.000000 0.001620 0.171746 0.004878 0.008776 0.000000 0.000000 
-0.139160 0.203046 0.000000 0.001608 0.171746 0.004839 0.008755 0.000000 0.000000 
-0.138184 0.201614 0.000000 0.001596 0.171746 0.004801 0.008734 0.000000 0.000000 
-0.137207 0.200183 0.000000 0.001585 0.171746 0.004763 0.008713 0.000000 0.000000 
-0.136230 0.198751 0.000000 0.001573 0.171746 0.004725 0.008692 0.000000 0.000000 
-0.135254 0.197320 0.000000 0.001561 0.171746 0.004687 0.008672 0.000000 0.000000 
-0.134277 0.195889 0.000000 0.001550 0.171746 0.004649 0.008651 0.000000 0.000000 
-0.133301 0.194458 0.000000 0.001538 0.171746 0.004611 0.008631 0.000000 0.000000 
-0.132324 0.193027 0.000000 0.001526 0.171746 0.004574 0.008611 0.000000 0.000000 
-0.131348 0.191596 0.000000 0.001515 0.171746 0.004536 0.008591 0.000000 0.000000 
-0.130371 0.190165 0.000000 0.001503 0.171746 0.004499 0.008571 0.000000 0.000000 
-0.129395 0.188735 0.000000 0.001492 0.171746 0.004461 0.008552 0.000000 0.000000 
-0.128418 0.187305 0.000000 0.001480 0.171746 0.004424 0.008532 0.000000 0.000000 
-0.127441 0.185874 0.000000 0.001468 0.171746 0.004387 0.008513 0.000000 0.000000 
-0.126465 0.184444 0.000000 0.001457 0.171746 0.004350 0.008494 0.000000 0.000000 
-0.125488 0.183014 0.000000 0.001445 0.171746 0.004313 0.008475 0.000000 0.000000 
-0.124512 0.181585 0.000000 0.001434 0.171746 0.004276 0.008456 0.000000 0.000000 
-0.123535 0.180155 0.000000 0.001422 0.171746 0.004239 0.008438 0.000000 0.000000 
-0.122559 0.178725 0.000000 0.001410 0.171746 0.004202 0.008419 0.000000 0.000000 
-0.121582 0.177296 0.000000 0.001399 0.171746 0.004165 0.008401 0.000000 0.000000 
-0.120605 0.175867 0.000000 0.001387 0.171746 0.004129 0.008383 0.000000 0.000000 
-0.119629 0.174437 0.000000 0.001376 0.171746 0.004092 0.008365 0.000000 0.000000 
-0.118652 0.173008 0.000000 0.001364 0.171746 0.004056 0.008347 0.000000 0.000000 
-0.117676 0.171580 0.000000 0.001353 0.171746 0.004019 0.008330 0.000000 0.000000 
-0.116699 0.170151 0.000000 0.001341 0.171746 0.003983 0.008312 0.000000 0.000000 
-0.115723 0.168722 0.000000 0.001329 0.171746 0.003947 0.008295 0.000000 0.000000 
-0.114746 0.167294 0.000000 0.001318 0.171746 0.003910 0.008278 0.000000 0.000000 
-0.113770 0.165865 0.000000 0.001306 0.171746 0.003874 0.008261 0.000000 0.000000 
-0.112793 0.164437 0.000000 0.001295 0.171746 0.003838 0.008244 0.000000 0.000000 
-0.111816 0.163009 0.000000 0.001283 0.171746 0.003802 0.008227 0.000000 0.000000 
-0.110840 0.161581 0.000000 0.001272 0.171746 0.003766 0.008211 0.000000 0.000000 
-0.109863 0.160153 0.000000 0.001260 0.171746 0.003731 0.008194 0.000000 0.000000 
-0.108887 0.158725 0.000000 0.001249 0.171746 0.003695 0.008178 0.000000 0.000000 
-0.107910 0.157297 0.000000 0.001237 0.171746 0.003659 0.008162 0.000000 0.000000 
-0.106934 0.155870 0.000000 0.001226 0.171746 0.003623 0.008146 0.000000 0.000000 
-0.105957 0.154442 0.000000 0.001215 0.171746 0.003588 0.008130 0.000000 0.000000 
-0.104980 0.153015 0.000000 0.001203 0.171746 0.003552 0.008115 0.000000 0.000000 
-0.104004 0.151588 0.000000 0.001192 0.171746 0.003517 0.008099 0.000000 0.000000 
-0.103027 0.150160 0.000000 0.001180 0.171746 0.003482 0.008084 0.000000 0.000000 
-0.102051 0.148733 0.000000 0.001169 0.171746 0.003446 0.008069 0.000000 0.000000 
-0.101074 0.147307 0.000000 0.001157 0.171746 0.003411 0.008054 0.000000 0.000000 
-0.100098 0.145880 0.000000 0.001146 0.171746 0.003376 0.008039 0.000000 0.000000 
-0.099121 0.144453 0.000000 0.001134 0.171746 0.003341 0.008024 0.000000 0.000000 
-0.098145 0.143026 0.000000 0.001123 0.171746 0.003306 0.008010 0.000000 0.000000 
-0.097168 0.141600 0.000000 0.001112 0.171746 0.003271 0.007995 0.000000 0.000000 
-0.096191 0.140174 0.000000 0.001100 0.171746 0.003236 0.007981 0.000000 0.000000 
-0.095215 0.138747 0.000000 0.001089 0.171746 0.003201 0.007967 0.000000 0.000000 
-0.094238 0.137321 0.000000 0.001077 0.171746 0.003167 0.007953 0.000000 0.000000 
-0.093262 0.135895 0.000000 0.001066 0.171746 0.003132 0.007940 0.000000 0.000000 
-0.092285 0.134469 0.000000 0.001055 0.171746 0.003097 0.007926 0.000000 0.000000 
-0.091309 0.133043 0.000000 0.001043 0.171746 0.003063 0.007912 0.000000 0.000000 
-0.090332 0.131617 0.000000 0.001032 0.171746 0.003028 0.007899 0.000000 0.000000 
-0.089355 0.130191 0.000000 0.001020 0.171746 0.002994 0.007886 0.000000 0.000000 
-0.088379 0.128766 0.000000 0.001009 0.171746 0.002959 0.007873 0.000000 0.000000 
-0.087402 0.127340 0.000000 0.000998 0.171746 0.002925 0.007860 0.000000 0.000000 
-0.086426 0.125915 0.000000 0.000986 0.171746 0.002891 0.007847 0.000000 0.000000 
-0.085449 0.124490 0.000000 0.000975 0.171746 0.002856 0.007835 0.000000 0.000000 
-0.084473 0.123064 0.000000 0.000964 0.171746 0.002822 0.007823 0.000000 0.000000 
-0.083496 0.121639 0.000000 0.000952 0.171746 0.002788 0.007810 0.000000 0.000000 
-0.082520 0.120214 0.000000 0.000941 0.171746 0.002754 0.007798 0.000000 0.000000 
-0.081543 0.118789 0.000000 0.000930 0.171746 0.002720 0.007786 0.000000 0.000000 
-0.080566 0.117364 0.000000 0.000918 0.171746 0.002686 0.007774 0.000000 0.000000 
-0.079590 0.115939 0.000000 0.000907 0.171746 0.002652 0.007763 0.000000 0.000000 
-0.078613 0.114514 0.000000 0.000896 0.171746 0.002618 0.007751 0.000000 0.000000 
-0.077637 0.113090 0.000000 0.000885 0.171746 0.002584 0.007740 0.000000 0.000000 
-0.076660 0.111665 0.000000 0.000873 0.171746 0.002551 0.007729 0.000000 0.000000 
-0.075684 0.110241 0.000000 0.000862 0.171746 0.002517 0.007718 0.000000 0.000000 
-0.074707 0.108816 0.000000 0.000851 0.171746 0.002483 0.007707 0.000000 0.000000 
-0.073730 0.107392 0.000000 0.000839 0.171746 0.002449 0.007696 0.000000 0.000000 
-0.072754 0.105968 0.000000 0.000828 0.171746 0.002416 0.007685 0.000000 0.000000 
-0.071777 0.104543 0.000000 0.000817 0.171746 0.002382 0.007675 0.000000 0.000000 
-0.070801 0.103119 0.000000 0.000806 0.171746 0.002349 0.007664 0.000000 0.000000 
-0.069824 0.101695 0.000000 0.000794 0.171746 0.002315 0.007654 0.000000 0.000000 
-0.068848 0.100271 0.000000 0.000783 0.171746 0.002282 0.007644 0.000000 0.000000 
-0.067871 0.098847 0.000000 0.000772 0.171746 0.002249 0.007634 0.000000 0.000000 
-0.066895 0.097424 0.000000 0.000761 0.171746 0.002215 0.007625 0.000000 0.000000 
-0.065918 0.096000 0.000000 0.000750 0.171746 0.002182 0.007615 0.000000 0.000000 
-0.064941 0.094576 0.000000 0.000738 0.171746 0.002149 0.007606 0.000000 0.000000 
-0.063965 0.093152 0.000000 0.000727 0.171746 0.002116 0.007596 0.000000 0.000000 
-0.062988 0.091729 0.000000 0.000716 0.171746 0.002082 0.007587 0.000000 0.000000 
-0.062012 0.090305 0.000000 0.000705 0.171746 0.002049 0.007578 0.000000 0.000000 
-0.061035 0.088882 0.000000 0.000693 0.171746 0.002016 0.007569 0.000000 0.000000 
-0.060059 0.087459 0.000000 0.000682 0.171746 0.001983 0.007560 0.000000 0.000000 
-0.059082 0.086035 0.000000 0.000671 0.171746 0.001950 0.007552 0.000000 0.000000 
-0.058105 0.084612 0.000000 0.000660 0.171746 0.001917 0.007543 0.000000 0.000000 
-0.057129 0.083189 0.000000 0.000649 0.171746 0.001884 0.007535 0.000000 0.000000 
-0.056152 0.081766 0.000000 0.000638 0.171746 0.001851 0.007527 0.000000 0.000000 
-0.055176 0.080343 0.000000 0.000626 0.171746 0.001819 0.007519 0.000000 0.000000 
-0.054199 0.078919 0.000000 0.000615 0.171746 0.001786 0.007511 0.000000 0.000000 
-0.053223 0.077497 0.000000 0.000604 0.171746 0.001753 0.007503 0.000000 0.000000 
-0.052246 0.076074 0.000000 0.000593 0.171746 0.001720 0.007496 0.000000 0.000000 
-0.051270 0.074651 0.000000 0.000582 0.171746 0.001687 0.007488 0.000000 0.000000 
-0.050293 0.073228 0.000000 0.000571 0.171746 0.001655 0.007481 0.000000 0.000000 
-0.049316 0.071805 0.000000 0.000559 0.171746 0.001622 0.007474 0.000000 0.000000 
-0.048340 0.070382 0.000000 0.000548 0.171746 0.001590 0.007467 0.000000 0.000000 
-0.047363 0.068960 0.000000 0.000537 0.171746 0.001557 0.007460 0.000000 0.000000 
-0.046387 0.067537 0.000000 0.000526 0.171746 0.001524 0.007453 0.000000 0.000000 
-0.045410 0.066115 0.000000 0.000515 0.171746 0.001492 0.007447 0.000000 0.000000 
-0.044434 0.064692 0.000000 0.000504 0.171746 0.001459 0.007440 0.000000 0.000000 
-0.043457 0.063270 0.000000 0.000493 0.171746 0.001427 0.007434 0.000000 0.000000 
-0.042480 0.061847 0.000000 0.000481 0.171746 0.001394 0.007428 0.000000 0.000000 
-0.041504 0.060425 0.000000 0.000470 0.171746 0.001362 0.007422 0.000000 0.000000 
-0.040527 0.059002 0.000000 0.000459 0.171746 0.001330 0.007416 0.000000 0.000000 
-0.039551 0.057580 0.000000 0.000448 0.171746 0.001297 0.007410 0.000000 0.000000 
-0.038574 0.056158 0.000000 0.000437 0.171746 0.001265 0.007405 0.000000 0.000000 
-0.037598 0.054736 0.000000 0.000426 0.171746 0.001233 0.007399 0.000000 0.000000 
-0.036621 0.053314 0.000000 0.000415 0.171746 0.001200 0.007394 0.000000 0.000000 
-0.035645 0.051891 0.000000 0.000404 0.171746 0.001168 0.007389 0.000000 0.000000 
-0.034668 0.050469 0.000000 0.000393 0.171746 0.001136 0.007384 0.000000 0.000000 
-0.033691 0.049047 0.000000 0.000382 0.171746 0.001103 0.007379 0.000000 0.000000 
-0.032715 0.047625 0.000000 0.000370 0.171746 0.001071 0.007374 0.000000 0.000000 
-0.031738 0.046203 0.000000 0.000359 0.171746 0.001039 0.007369 0.000000 0.000000 
-0.030762 0.044781 0.000000 0.000348 0.171746 0.001007 0.007365 0.000000 0.000000 
-0.029785 0.043359 0.000000 0.000337 0.171746 0.000975 0.007361 0.000000 0.000000 
-0.028809 0.041937 0.000000 0.000326 0.171746 0.000943 0.007356 0.000000 0.000000 
-0.027832 0.040515 0.000000 0.000315 0.171746 0.000910 0.007352 0.000000 0.000000 
-0.026855 0.039094 0.000000 0.000304 0.171746 0.000878 0.007348 0.000000 0.000000 
-0.025879 0.037672 0.000000 0.000293 0.171746 0.000846 0.007345 0.000000 0.000000 
-0.024902 0.036250 0.000000 0.000282 0.171746 0.000814 0.007341 0.000000 0.000000 
-0.023926 0.034828 0.000000 0.000271 0.171746 0.000782 0.007338 0.000000 0.000000 
-0.022949 0.033406 0.000000 0.000260 0.171746 0.000750 0.007334 0.000000 0.000000 
-0.021973 0.031985 0.000000 0.000249 0.171746 0.000718 0.007331 0.000000 0.000000 
-0.020996 0.030563 0.000000 0.000238 0.171746 0.000686 0.007328 0.000000 0.000000 
-0.020020 0.029141 0.000000 0.000226 0.171746 0.000654 0.007325 0.000000 0.000000 
-0.019043 0.027720 0.000000 0.000215 0.171746 0.000622 0.007322 0.000000 0.000000 
-0.018066 0.026298 0.000000 0.000204 0.171746 0.000590 0.007320 0.000000 0.000000 
-0.017090 0.024876 0.000000 0.000193 0.171746 0.000558 0.007317 0.000000 0.000000 
-0.016113 0.023455 0.000000 0.000182 0.171746 0.000526 0.007315 0.000000 0.000000 
-0.015137 0.022033 0.000000 0.000171 0.171746 0.000494 0.007312 0.000000 0.000000 
-0.014160 0.020612 0.000000 0.000160 0.171746 0.000462 0.007310 0.000000 0.000000 
-0.013184 0.019190 0.000000 0.000149 0.171746 0.000430 0.007308 0.000000 0.000000 
-0.012207 0.017769 0.000000 0.000138 0.171746 0.000398 0.007307 0.000000 0.000000 
-0.011230 0.016347 0.000000 0.000127 0.171746 0.000367 0.007305 0.000000 0.000000 
-0.010254 0.014926 0.000000 0.000116 0.171746 0.000335 0.007303 0.000000 0.000000 
-0.009277 0.013504 0.000000 0.000105 0.171746 0.000303 0.007302 0.000000 0.000000 
-0.008301 0.012083 0.000000 0.000094 0.171746 0.000271 0.007301 0.000000 0.000000 
-0.007324 0.010661 0.000000 0.000083 0.171746 0.000239 0.007300 0.000000 0.000000 
-0.006348 0.009240 0.000000 0.000072 0.171746 0.000207 0.007299 0.000000 0.000000 
-0.005371 0.007818 0.000000 0.000061 0.171746 0.000175 0.007298 0.000000 0.000000 
-0.004395 0.006397 0.000000 0.000050 0.171746 0.000143 0.007297 0.000000 0.000000 
-0.003418 0.004975 0.000000 0.000039 0.171746 0.000112 0.007297 0.000000 0.000000 
-0.002441 0.003554 0.000000 0.000028 0.171746 0.000080 0.007296 0.000000 0.000000 
-0.001465 0.002132 0.000000 0.000017 0.171746 0.000048 0.007296 0.000000 0.000000 
-0.000488 0.000711 0.000000 0.000006 0.171746 0.000016 0.007296 0.000000 0.000000 
0.000488 0.000711 0.000000 0.000006 0.171746 0.000016 0.007296 0.000000 0.000000 
0.001465 0.002132 0.000000 0.000017 0.171746 0.000048 0.007296 0.000000 0.000000 
0.002441 0.003554 0.000000 0.000028 0.171746 0.000080 0.007296 0.000000 0.000000 
0.003418 0.004975 0.000000 0.000039 0.171746 0.000112 0.007297 0.000000 0.000000 
0.004395 0.006397 0.000000 0.000050 0.171746 0.000143 0.007297 0.000000 0.000000 
0.005371 0.007818 0.000000 0.000061 0.171746 0.000175 0.007298 0.000000 0.000000 
0.006348 0.009240 0.000000 0.000072 0.171746 0.000207 0.007299 0.000000 0.000000 
0.007324 0.010661 0.000000 0.000083 0.171746 0.000239 0.007300 0.000000 0.000000 
0.008301 0.012083 0.000000 0.000094 0.171746 0.000271 0.007301 0.000000 0.000000 
0.009277 0.013504 0.000000 0.000105 0.171746 0.000303 0.007302 0.000000 0.000000 
0.010254 0.014926 0.000000 0.000116 0.171746 0.000335 0.007303 0.000000 0.000000 
0.011230 0.016347 0.000000 0.000127 0.171746 0.000367 0.007305 0.000000 0.000000 
0.012207 0.017769 0.000000 0.000138 0.171746 0.000398 0.007307 0.000000 0.000000 
0.013184 0.019190 0.000000 0.000149 0.171746 0.000430 0.007308 0.000000 0.000000 
0.014160 0.020612 0.000000 0.000160 0.171746 0.000462 0.007310 0.000000 0.000000 
0.015137 0.022033 0.000000 0.000171 0.171746 0.000494 0.007312 0.000000 0.000000 
0.016113 0.023455 0.000000 0.000182 0.171746 0.000526 0.007315 0.000000 0.000000 
0.017090 0.024876 0.000000 0.000193 0.171746 0.000558 0.007317 0.000000 0.000000 
0.018066 0.026298 0.000000 0.000204 0.171746 0.000590 0.007320 0.000000 0.000000 
0.019043 0.027720 0.000000 0.000215 0.171746 0.000622 0.007322 0.000000 0.000000 
0.020020 0.029141 0.000000 0.000226 0.171746 0.000654 0.007325 0.000000 0.000000 
0.020996 0.030563 0.000000 0.000238 0.171746 0.000686 0.007328 0.000000 0.000000 
0.021973 0.031985 0.000000 0.000249 0.171746 0.000718 0.007331 0.000000 0.000000 
0.022949 0.033406 0.000000 0.000260 0.171746 0.000750 0.007334 0.000000 0.000000 
0.023926 0.034828 0.000000 0.000271 0.171746 0.000782 0.007338 0.000000 0.000000 
0.024902 0.036250 0.000000 0.000282 0.171746 0.000814 0.007341 0.000000 0.000000 
0.025879 0.037672 0.000000 0.000293 0.171746 0.000846 0.007345 0.000000 0.000000 
0.026855 0.039094 0.000000 0.000304 0.171746 0.000878 0.007348 0.000000 0.000000 
0.027832 0.040515 0.000000 0.000315 0.171746 0.000910 0.007352 0.000000 0.000000 
0.028809 0.041937 0.000000 0.000326 0.171746 0.000943 0.007356 0.000000 0.000000 
0.029785 0.043359 0.000000 0.000337 0.171746 0.000975 0.007361 0.000000 0.000000 
0.030762 0.044781 0.000000 0.000348 0.171746 0.001007 0.007365 0.000000 0.000000 
0.031738 0.046203 0.000000 0.000359 0.171746 0.001039 0.007369 0.000000 0.000000 
0.032715 0.047625 0.000000 0.000370 0.171746 0.001071 0.007374 0.000000 0.000000 
0.033691 0.049047 0.000000 0.000382 0.171746 0.001103 0.007379 0.000000 0.000000 
0.034668 0.050469 0.000000 0.000393 0.171746 0.001136 0.007384 0.000000 0.000000 
0.035645 0.051891 0.000000 0.000404 0.171746 0.001168 0.007389 0.000000 0.000000 
0.036621 0.053314 0.000000 0.000415 0.171746 0.001200 0.007394 0.000000 0.000000 
0.037598 0.054736 0.000000 0.000426 0.171746 0.001233 0.007399 0.000000 0.000000 
0.038574 0.056158 0.000000 0.000437 0.171746 0.001265 0.007405 0.000000 0.000000 
0.039551 0.057580 0.000000 0.000448 0.171746 0.001297 0.007410 0.000000 0.000000 
0.040527 0.059002 0.000000 0.000459 0.171746 0.001330 0.007416 0.000000 0.000000 
0.041504 0.060425 0.000000 0.000470 0.171746 0.001362 0.007422 0.000000 0.000000 
0.042480 0.061847 0.000000 0.000481 0.171746 0.001394 0.007428 0.000000 0.000000 
0.043457 0.063270 0.000000 0.000493 0.171746 0.001427 0.007434 0.000000 0.000000 
0.044434 0.064692 0.000000 0.000504 0.171746 0.001459 0.007440 0.000000 0.000000 
0.045410 0.066115 0.000000 0.000515 0.171746 0.001492 0.007447 0.000000 0.000000 
0.046387 0.067537 0.000000 0.000526 0.171746 0.001524 0.007453 0.000000 0.000000 
0.047363 0.068960 0.000000 0.000537 0.171746 0.001557 0.007460 0.000000 0.000000 
0.048340 0.070382 0.000000 0.000548 0.171746 0.001590 0.007467 0.000000 0.000000 
0.049316 0.071805 0.000000 0.000559 0.171746 0.001622 0.007474 0.000000 0.000000 
0.050293 0.073228 0.000000 0.000571 0.171746 0.001655 0.007481 0.000000 0.000000 
0.051270 0.074651 0.000000 0.000582 0.171746 0.001687 0.007488 0.000000 0.000000 
0.052246 0.076074 0.000000 0.000593 0.171746 0.001720 0.007496 0.000000 0.000000 
0.053223 0.077497 0.000000 0.000604 0.171746 0.001753 0.007503 0.000000 0.000000 
0.054199 0.078919 0.000000 0.000615 0.171746 0.001786 0.007511 0.000000 0.000000 
0.055176 0.080343 0.000000 0.000626 0.171746 0.001819 0.007519 0.000000 0.000000 
0.056152 0.081766 0.000000 0.000638 0.171746 0.001851 0.007527 0.000000 0.000000 
0.057129 0.083189 0.000000 0.000649 0.171746 0.001884 0.007535 0.000000 0.000000 
0.058105 0.084612 0.000000 0.000660 0.171746 0.001917 0.007543 0.000000 0.000000 
0.059082 0.086035 0.000000 0.000671 0.171746 0.001950 0.007552 0.000000 0.000000 
0.060059 0.087459 0.000000 0.000682 0.171746 0.001983 0.007560 0.000000 0.000000 
0.061035 0.088882 0.000000 0.000693 0.171746 0.002016 0.007569 0.000000 0.000000 
0.062012 0.090305 0.000000 0.000705 0.171746 0.002049 0.007578 0.000000 0.000000 
0.062988 0.091729 0.000000 0.000716 0.171746 0.002082 0.007587 0.000000 0.000000 
0.063965 0.093152 0.000000 0.000727 0.171746 0.002116 0.007596 0.000000 0.000000 
0.064941 0.094576 0.000000 0.000738 0.171746 0.002149 0.007606 0.000000 0.000000 
0.065918 0.096000 0.000000 0.000750 0.171746 0.002182 0.007615 0.000000 0.000000 
0.066895 0.097424 0.000000 0.000761 0.171746 0.002215 0.007625 0.000000 0.000000 
0.067871 0.098847 0.000000 0.000772 0.171746 0.002249 0.007634 0.000000 0.000000 
0.068848 0.100271 0.000000 0.000783 0.171746 0.002282 0.007644 0.000000 0.000000 
0.069824 0.101695 0.000000 0.000794 0.171746 0.002315 0.007654 0.000000 0.000000 
0.070801 0.103119 0.000000 0.000806 0.171746 0.002349 0.007664 0.000000 0.000000 
0.071777 0.104543 0.000000 0.000817 0.171746 0.002382 0.007675 0.000000 0.000000 
0.072754 0.105968 0.000000 0.000828 0.171746 0.002416 0.007685 0.000000 0.000000 
0.073730 0.107392 0.000000 0.000839 0.171746 0.002449 0.007696 0.000000 0.000000 
0.074707 0.108816 0.000000 0.000851 0.171746 0.002483 0.007707 0.000000 0.000000 
0.075684 0.110241 0.000000 0.000862 0.171746 0.002517 0.007718 0.000000 0.000000 
0.076660 0.111665 0.000000 0.000873 0.171746 0.002551 0.007729 0.000000 0.000000 
0.077637 0.113090 0.000000 0.000885 0.171746 0.002584 0.007740 0.000000 0.000000 
0.078613 0.114514 0.000000 0.000896 0.171746 0.002618 0.007751 0.000000 0.000000 
0.079590 0.115939 0.000000 0.000907 0.171746 0.002652 0.007763 0.000000 0.000000 
0.080566 0.117364 0.000000 0.000918 0.171746 0.002686 0.007774 0.000000 0.000000 
0.081543 0.118789 0.000000 0.000930 0.171746 0.002720 0.007786 0.000000 0.000000 
0.082520 0.120214 0.000000 0.000941 0.171746 0.002754 0.007798 0.000000 0.000000 
0.083496 0.121639 0.000000 0.000952 0.171746 0.002788 0.007810 0.000000 0.000000 
0.084473 0.123064 0.000000 0.000964 0.171746 0.002822 0.007823 0.000000 0.000000 
0.085449 0.124490 0.000000 0.000975 0.171746 0.002856 0.007835 0.000000 0.000000 
0.086426 0.125915 0.000000 0.000986 0.171746 0.002891 0.007847 0.000000 0.000000 
0.087402 0.127340 0.000000 0.000998 0.171746 0.002925 0.007860 0.000000 0.000000 
0.088379 0.128766 0.000000 0.001009 0.171746 0.002959 0.007873 0.000000 0.000000 
0.089355 0.130191 0.000000 0.001020 0.171746 0.002994 0.007886 0.000000 0.000000 
0.090332 0.131617 0.000000 0.001032 0.171746 0.003028 0.007899 0.000000 0.000000 
0.091309 0.133043 0.000000 0.001043 0.171746 0.003063 0.007912 0.000000 0.000000 
0.092285 0.134469 0.000000 0.001055 0.171746 0.003097 0.007926 0.000000 0.000000 
0.093262 0.135895 0.000000 0.001066 0.171746 0.003132 0.007940 0.000000 0.000000 
0.094238 0.137321 0.000000 0.001077 0.171746 0.003167 0.007953 0.000000 0.000000 
0.095215 0.138747 0.000000 0.001089 0.171746 0.003201 0.007967 0.000000 0.000000 
0.096191 0.140174 0.000000 0.001100 0.171746 0.003236 0.007981 0.000000 0.000000 
0.097168 0.141600 0.000000 0.001112 0.171746 0.003271 0.007995 0.000000 0.000000 
0.098145 0.143026 0.000000 0.001123 0.171746 0.003306 0.008010 0.000000 0.000000 
0.099121 0.144453 0.000000 0.001134 0.171746 0.003341 0.008024 0.000000 0.000000 
0.100098 0.145880 0.000000 0.001146 0.171746 0.003376 0.008039 0.000000 0.000000 
0.101074 0.147307 0.000000 0.001157 0.171746 0.003411 0.008054 0.000000 0.000000 
0.102051 0.148733 0.000000 0.001169 0.171746 0.003446 0.008069 0.000000 0.000000 
0.103027 0.150160 0.000000 0.001180 0.171746 0.003482 0.008084 0.000000 0.000000 
0.104004 0.151588 0.000000 0.001192 0.171746 0.003517 0.008099 0.000000 0.000000 
0.104980 0.153015 0.000000 0.001203 0.171746 0.003552 0.008115 0.000000 0.000000 
0.105957 0.154442 0.000000 0.001215 0.171746 0.003588 0.008130 0.000000 0.000000 
0.106934 0.155870 0.000000 0.001226 0.171746 0.003623 0.008146 0.000000 0.000000 
0.107910 0.157297 0.000000 0.001237 0.171746 0.003659 0.008162 0.000000 0.000000 
0.108887 0.158725 0.000000 0.001249 0.171746 0.003695 0.008178 0.000000 0.000000 
0.109863 0.160153 0.000000 0.001260 0.171746 0.003731 0.008194 0.000000 0.000000 
0.110840 0.161581 0.000000 0.001272 0.171746 0.003766 0.008211 0.000000 0.000000 
0.111816 0.163009 0.000000 0.001283 0.171746 0.003802 0.008227 0.000000 0.000000 
0.112793 0.164437 0.000000 0.001295 0.171746 0.003838 0.008244 0.000000 0.000000 
0.113770 0.165865 0.000000 0.001306 0.171746 0.003874 0.008261 0.000000 0.000000 
0.114746 0.167294 0.000000 0.001318 0.171746 0.003910 0.008278 0.000000 0.000000 
0.115723 0.168722 0.000000 0.001329 0.171746 0.003947 0.008295 0.000000 0.000000 
0.116699 0.170151 0.000000 0.001341 0.171746 0.003983 0.008312 0.000000 0.000000 
0.117676 0.171580 0.000000 0.001353 0.171746 0.004019 0.008330 0.000000 0.000000 
0.118652 0.173008 0.000000 0.001364 0.171746 0.004056 0.008347 0.000000 0.000000 
0.119629 0.174437 0.000000 0.001376 0.171746 0.004092 0.008365 0.000000 0.000000 
0.120605 0.175867 0.000000 0.001387 0.171746 0.004129 0.008383 0.000000 0.000000 
0.121582 0.177296 0.000000 0.001399 0.171746 0.004165 0.008401 0.000000 0.000000 
0.122559 0.178725 0.000000 0.001410 0.171746 0.004202 0.008419 0.000000 0.000000 
0.123535 0.180155 0.000000 0.001422 0.171746 0.004239 0.008438 0.000000 0.000000 
0.124512 0.181585 0.000000 0.001434 0.171746 0.004276 0.008456 0.000000 0.000000 
0.125488 0.183014 0.000000 0.001445 0.171746 0.004313 0.008475 0.000000 0.000000 
0.126465 0.184444 0.000000 0.001457 0.171746 0.004350 0.008494 0.000000 0.000000 
0.127441 0.185874 0.000000 0.001468 0.171746 0.004387 0.008513 0.000000 0.000000 
0.128418 0.187305 0.000000 0.001480 0.171746 0.004424 0.008532 0.000000 0.000000 
0.129395 0.188735 0.000000 0.001492 0.171746 0.004461 0.008552 0.000000 0.000000 
0.130371 0.190165 0.000000 0.001503 0.171746 0.004499 0.008571 0.000000 0.000000 
0.131348 0.191596 0.000000 0.001515 0.171746 0.004536 0.008591 0.000000 0.000000 
0.132324 0.193027 0.000000 0.001526 0.171746 0.004574 0.008611 0.000000 0.000000 
0.133301 0.194458 0.000000 0.001538 0.171746 0.004611 0.008631 0.000000 0.000000 
0.134277 0.195889 0.000000 0.001550 0.171746 0.004649 0.008651 0.000000 0.000000 
0.135254 0.197320 0.000000 0.001561 0.171746 0.004687 0.008672 0.000000 0.000000 
0.136230 0.198751 0.000000 0.001573 0.171746 0.004725 0.008692 0.000000 0.000000 
0.137207 0.200183 0.000000 0.001585 0.171746 0.004763 0.008713 0.000000 0.000000 
0.138184 0.201614 0.000000 0.001596 0.171746 0.004801 0.008734 0.000000 0.000000 
0.139160 0.203046 0.000000 0.001608 0.171746 0.004839 0.008755 0.000000 0.000000 
0.140137 0.204478 0.000000 0.001620 0.171746 0.004878 0.008776 0.000000 0.000000 
0.141113 0.205910 0.000000 0.001631 0.171746 0.004916 0.008797 0.000000 0.000000 
0.142090 0.207343 0.000000 0.001643 0.171746 0.004954 0.008819 0.000000 0.000000 
0.143066 0.208775 0.000000 0.001655 0.171746 0.004993 0.008841 0.000000 0.000000 
0.144043 0.210207 0.000000 0.001666 0.171746 0.005032 0.008863 0.000000 0.000000 
0.145020 0.211640 0.000000 0.001678 0.171746 0.005070 0.008885 0.000000 0.000000 
0.145996 0.213073 0.000000 0.001690 0.171746 0.005109 0.008907 0.000000 0.000000 
0.146973 0.214506 0.000000 0.001701 0.171746 0.005148 0.008929 0.000000 0.000000 
0.147949 0.215939 0.000000 0.001713 0.171746 0.005187 0.008952 0.000000 0.000000 
0.148926 0.217373 0.000000 0.001725 0.171746 0.005226 0.008975 0.000000 0.000000 
0.149902 0.218806 0.000000 0.001737 0.171746 0.005266 0.008997 0.000000 0.000000 
0.150879 0.220240 0.000000 0.001748 0.171746 0.005305 0.009021 0.000000 0.000000 
0.151855 0.221674 0.000000 0.001760 0.171746 0.005344 0.009044 0.000000 0.000000 
0.152832 0.223108 0.000000 0.001772 0.171746 0.005384 0.009067 0.000000 0.000000 
0.153809 0.224542 0.000000 0.001784 0.171746 0.005424 0.009091 0.000000 0.000000 
0.154785 0.225976 0.000000 0.001795 0.171746 0.005463 0.009115 0.000000 0.000000 
0.155762 0.227411 0.000000 0.001807 0.171746 0.005503 0.009139 0.000000 0.000000 
0.156738 0.228845 0.000000 0.001819 0.171746 0.005543 0.009163 0.000000 0.000000 
0.157715 0.230280 0.000000 0.001831 0.171746 0.005583 0.009187 0.000000 0.000000 
0.158691 0.231715 0.000000 0.001842 0.171746 0.005623 0.009211 0.000000 0.000000 
0.159668 0.233151 0.000000 0.001854 0.171746 0.005664 0.009236 0.000000 0.000000 
0.160645 0.234586 0.000000 0.001866 0.171746 0.005704 0.009261 0.000000 0.000000 
0.161621 0.236022 0.000000 0.001878 0.171746 0.005745 0.009286 0.000000 0.000000 
0.162598 0.237457 0.000000 0.001889 0.171746 0.005785 0.009311 0.000000 0.000000 
0.163574 0.238893 0.000000 0.001901 0.171746 0.005826 0.009336 0.000000 0.000000 
0.164551 0.240329 0.000000 0.001913 0.171746 0.005867 0.009362 0.000000 0.000000 
0.165527 0.241766 0.000000 0.001925 0.171746 0.005908 0.009388 0.000000 0.000000 
0.166504 0.243202 0.000000 0.001936 0.171746 0.005949 0.009414 0.000000 0.000000 
0.167480 0.244639 0.000000 0.001948 0.171746 0.005990 0.009440 0.000000 0.000000 
0.168457 0.246076 0.000000 0.001960 0.171746 0.006031 0.009466 0.000000 0.000000 
0.169434 0.247513 0.000000 0.001972 0.171746 0.006073 0.009492 0.000000 0.000000 
0.170410 0.248950 0.000000 0.001984 0.171746 0.006114 0.009519 0.000000 0.000000 
0.171387 0.250387 0.000000 0.001995 0.171746 0.006156 0.009546 0.000000 0.000000 
0.172363 0.251825 0.000000 0.002007 0.171746 0.006197 0.009573 0.000000 0.000000 
0.173340 0.253263 0.000000 0.002019 0.171746 0.006239 0.009600 0.000000 0.000000 
0.174316 0.254701 0.000000 0.002031 0.171746 0.006281 0.009627 0.000000 0.000000 
0.175293 0.256139 0.000000 0.002042 0.171746 0.006323 0.009655 0.000000 0.000000 
0.176270 0.257577 0.000000 0.002054 0.171746 0.006366 0.009682 0.000000 0.000000 
0.177246 0.259016 0.000000 0.002066 0.171746 0.006408 0.009710 0.000000 0.000000 
0.178223 0.260455 0.000000 0.002078 0.171746 0.006450 0.009738 0.000000 0.000000 
0.179199 0.261894 0.000000 0.002090 0.171746 0.006493 0.009767 0.000000 0.000000 
0.180176 0.263333 0.000000 0.002101 0.171746 0.006536 0.009795 0.000000 0.000000 
0.181152 0.264772 0.000000 0.002113 0.171746 0.006579 0.009824 0.000000 0.000000 
0.182129 0.266212 0.000000 0.002125 0.171746 0.006622 0.009853 0.000000 0.000000 
0.183105 0.267652 0.000000 0.002137 0.171746 0.006665 0.009882 0.000000 0.000000 
0.184082 0.269092 0.000000 0.002148 0.171746 0.006708 0.009911 0.000000 0.000000 
0.185059 0.270532 0.000000 0.002160 0.171746 0.006751 0.009940 0.000000 0.000000 
0.186035 0.271972 0.000000 0.002172 0.171746 0.006795 0.009970 0.000000 0.000000 
0.187012 0.273413 0.000000 0.002184 0.171746 0.006838 0.010000 0.000000 0.000000 
0.187988 0.274854 0.000000 0.002195 0.171746 0.006882 0.010029 0.000000 0.000000 
0.188965 0.276295 0.000000 0.002207 0.171746 0.006926 0.010060 0.000000 0.000000 
0.189941 0.277736 0.000000 0.002219 0.171746 0.006970 0.010090 0.000000 0.000000 
0.190918 0.279177 0.000000 0.002231 0.171746 0.007014 0.010121 0.000000 0.000000 
0.191895 0.280619 0.000000 0.002242 0.171746 0.007058 0.010151 0.000000 0.000000 
0.192871 0.282061 0.000000 0.002254 0.171746 0.007103 0.010182 0.000000 0.000000 
0.193848 0.283503 0.000000 0.002266 0.171746 0.007147 0.010213 0.000000 0.000000 
0.194824 0.284946 0.000000 0.002277 0.171746 0.007192 0.010245 0.000000 0.000000 
0.195801 0.286388 0.000000 0.002289 0.171746 0.007237 0.010276 0.000000 0.000000 
0.196777 0.287831 0.000000 0.002301 0.171746 0.007282 0.010308 0.000000 0.000000 
0.197754 0.289274 0.000000 0.002313 0.171746 0.007327 0.010340 0.000000 0.000000 
0.198730 0.290717 0.000000 0.002324 0.171746 0.007372 0.010372 0.000000 0.000000 
0.199707 0.292161 0.000000 0.002336 0.171746 0.007417 0.010404 0.000000 0.000000 
0.200684 0.293605 0.000000 0.002348 0.171746 0.007463 0.010437 0.000000 0.000000 
0.201660 0.295049 0.000000 0.002359 0.171746 0.007509 0.010469 0.000000 0.000000 
0.202637 0.296493 0.000000 0.002371 0.171746 0.007554 0.010502 0.000000 0.000000 
0.203613 0.297937 0.000000 0.002383 0.171746 0.007600 0.010535 0.000000 0.000000 
0.204590 0.299382 0.000000 0.002394 0.171746 0.007646 0.010569 0.000000 0.000000 
0.205566 0.300827 0.000000 0.002406 0.171746 0.007693 0.010602 0.000000 0.000000 
0.206543 0.302272 0.000000 0.002417 0.171746 0.007739 0.010636 0.000000 0.000000 
0.207520 0.303718 0.000000 0.002429 0.171746 0.007785 0.010670 0.000000 0.000000 
0.208496 0.305163 0.000000 0.002441 0.171746 0.007832 0.010704 0.000000 0.000000 
0.209473 0.306609 0.000000 0.002452 0.171746 0.007879 0.010738 0.000000 0.000000 
0.210449 0.308055 0.000000 0.002464 0.171746 0.007926 0.010773 0.000000 0.000000 
0.211426 0.309502 0.000000 0.002475 0.171746 0.007973 0.010807 0.000000 0.000000 
0.212402 0.310948 0.000000 0.002487 0.171746 0.008020 0.010842 0.000000 0.000000 
0.213379 0.312395 0.000000 0.002498 0.171746 0.008068 0.010877 0.000000 0.000000 
0.214355 0.313842 0.000000 0.002510 0.171746 0.008115 0.010913 0.000000 0.000000 
0.215332 0.315290 0.000000 0.002521 0.171746 0.008163 0.010948 0.000000 0.000000 
0.216309 0.316737 0.000000 0.002533 0.171746 0.008211 0.010984 0.000000 0.000000 
0.217285 0.318185 0.000000 0.002544 0.171746 0.008259 0.011020 0.000000 0.000000 
0.218262 0.319633 0.000000 0.002556 0.171746 0.008307 0.011056 0.000000 0.000000 
0.219238 0.321082 0.000000 0.002567 0.171746 0.008356 0.011093 0.000000 0.000000 
0.220215 0.322530 0.000000 0.002578 0.171746 0.008404 0.011129 0.000000 0.000000 
0.221191 0.323979 0.000000 0.002590 0.171746 0.008453 0.011166 0.000000 0.000000 
0.222168 0.325428 0.000000 0.002601 0.171746 0.008502 0.011203 0.000000 0.000000 
0.223145 0.326878 0.000000 0.002612 0.171746 0.008551 0.011240 0.000000 0.000000 
0.224121 0.328328 0.000000 0.002624 0.171746 0.008600 0.011278 0.000000 0.000000 
0.225098 0.329778 0.000000 0.002635 0.171746 0.008649 0.011315 0.000000 0.000000 
0.226074 0.331228 0.000000 0.002646 0.171746 0.008699 0.011353 0.000000 0.000000 
0.227051 0.332678 0.000000 0.002658 0.171746 0.008748 0.011391 0.000000 0.000000 
0.228027 0.334129 0.000000 0.002669 0.171746 0.008798 0.011430 0.000000 0.000000 
0.229004 0.335580 0.000000 0.002680 0.171746 0.008848 0.011468 0.000000 0.000000 
0.229980 0.337032 0.000000 0.002691 0.171746 0.008898 0.011507 0.000000 0.000000 
0.230957 0.338483 0.000000 0.002702 0.171746 0.008949 0.011546 0.000000 0.000000 
0.231934 0.339935 0.000000 0.002713 0.171746 0.008999 0.011585 0.000000 0.000000 
0.232910 0.341387 0.000000 0.002724 0.171746 0.009050 0.011624 0.000000 0.000000 
0.233887 0.342840 0.000000 0.002735 0.171746 0.009101 0.011664 0.000000 0.000000 
0.234863 0.344293 0.000000 0.002746 0.171746 0.009152 0.011704 0.000000 0.000000 
0.235840 0.345746 0.000000 0.002757 0.171746 0.009203 0.011744 0.000000 0.000000 
0.236816 0.347199 0.000000 0.002768 0.171746 0.009254 0.011784 0.000000 0.000000 
0.237793 0.348653 0.000000 0.002779 0.171746 0.009306 0.011825 0.000000 0.000000 
0.238770 0.350107 0.000000 0.002790 0.171746 0.009358 0.011866 0.000000 0.000000 
0.239746 0.351561 0.000000 0.002801 0.171746 0.009410 0.011907 0.000000 0.000000 
0.240723 0.353015 0.000000 0.002812 0.171746 0.009462 0.011948 0.000000 0.000000 
0.241699 0.354470 0.000000 0.002823 0.171746 0.009514 0.011989 0.000000 0.000000 
0.242676 0.355925 0.000000 0.002833 0.171746 0.009566 0.012031 0.000000 0.000000 
0.243652 0.357381 0.000000 0.002844 0.171746 0.009619 0.012073 0.000000 0.000000 
0.244629 0.358836 0.000000 0.002855 0.171746 0.009672 0.012115 0.000000 0.000000 
0.245605 0.360292 0.000000 0.002865 0.171746 0.009725 0.012157 0.000000 0.000000 
0.246582 0.361748 0.000000 0.002876 0.171746 0.009778 0.012200 0.000000 0.000000 
0.247559 0.363205 0.000000 0.002886 0.171746 0.009831 0.012243 0.000000 0.000000 
0.248535 0.364662 0.000000 0.002897 0.171746 0.009885 0.012286 0.000000 0.000000 
0.249512 0.366119 0.000000 0.002907 0.171746 0.009939 0.012329 0.000000 0.000000 
0.250488 0.367577 0.000000 0.002918 0.171746 0.009993 0.012373 0.000000 0.000000 
0.251465 0.369034 0.000000 0.002928 0.171746 0.010047 0.012416 0.000000 0.000000 
0.252441 0.370493 0.000000 0.002938 0.171746 0.010101 0.012460 0.000000 0.000000 
0.253418 0.371951 0.000000 0.002948 0.171746 0.010156 0.012505 0.000000 0.000000 
0.254395 0.373410 0.000000 0.002959 0.171746 0.010210 0.012549 0.000000 0.000000 
0.255371 0.374869 0.000000 0.002969 0.171746 0.010265 0.012594 0.000000 0.000000 
0.256348 0.376328 0.000000 0.002979 0.171746 0.010320 0.012639 0.000000 0.000000 
0.257324 0.377788 0.000000 0.002989 0.171746 0.010376 0.012684 0.000000 0.000000 
0.258301 0.379248 0.000000 0.002999 0.171746 0.010431 0.012729 0.000000 0.000000 
0.259277 0.380708 0.000000 0.003009 0.171746 0.010487 0.012775 0.000000 0.000000 
0.260254 0.382169 0.000000 0.003018 0.171746 0.010543 0.012821 0.000000 0.000000 
0.261230 0.383630 0.000000 0.003028 0.171746 0.010599 0.012867 0.000000 0.000000 
0.262207 0.385092 0.000000 0.003038 0.171746 0.010655 0.012913 0.000000 0.000000 
0.263184 0.386553 0.000000 0.003048 0.171746 0.010712 0.012960 0.000000 0.000000 
0.264160 0.388015 0.000000 0.003057 0.171746 0.010768 0.013007 0.000000 0.000000 
0.265137 0.389478 0.000000 0.003067 0.171746 0.010825 0.013054 0.000000 0.000000 
0.266113 0.390940 0.000000 0.003076 0.171746 0.010882 0.013102 0.000000 0.000000 
0.267090 0.392403 0.000000 0.003085 0.171746 0.010940 0.013149 0.000000 0.000000 
0.268066 0.393867 0.000000 0.003095 0.171746 0.010997 0.013197 0.000000 0.000000 
0.269043 0.395331 0.000000 0.003104 0.171746 0.011055 0.013245 0.000000 0.000000 
0.270020 0.396795 0.000000 0.003113 0.171746 0.011113 0.013294 0.000000 0.000000 
0.270996 0.398259 0.000000 0.003122 0.171746 0.011171 0.013342 0.000000 0.000000 
0.271973 0.399724 0.000000 0.003131 0.171746 0.011229 0.013391 0.000000 0.000000 
0.272949 0.401189 0.000000 0.003140 0.171746 0.011288 0.013440 0.000000 0.000000 
0.273926 0.402654 0.000000 0.003149 0.171746 0.011347 0.013490 0.000000 0.000000 
0.274902 0.404120 0.000000 0.003158 0.171746 0.011406 0.013540 0.000000 0.000000 
0.275879 0.405586 0.000000 0.003166 0.171746 0.011465 0.013589 0.000000 0.000000 
0.276855 0.407053 0.000000 0.003175 0.171746 0.011524 0.013640 0.000000 0.000000 
0.277832 0.408520 0.000000 0.003183 0.171746 0.011584 0.013690 0.000000 0.000000 
0.278809 0.409987 0.000000 0.003191 0.171746 0.011644 0.013741 0.000000 0.000000 
0.279785 0.411455 0.000000 0.003200 0.171746 0.011704 0.013792 0.000000 0.000000 
0.280762 0.412923 0.000000 0.003208 0.171746 0.011765 0.013843 0.000000 0.000000 
0.281738 0.414391 0.000000 0.003216 0.171746 0.011825 0.013895 0.000000 0.000000 
0.282715 0.415860 0.000000 0.003224 0.171746 0.011886 0.013946 0.000000 0.000000 
0.283691 0.417329 0.000000 0.003232 0.171746 0.011947 0.013998 0.000000 0.000000 
0.284668 0.418798 0.000000 0.003239 0.171746 0.012008 0.014051 0.000000 0.000000 
0.285645 0.420268 0.000000 0.003247 0.171746 0.012070 0.014103 0.000000 0.000000 
0.286621 0.421738 0.000000 0.003255 0.171746 0.012131 0.014156 0.000000 0.000000 
0.287598 0.423209 0.000000 0.003262 0.171746 0.012193 0.014209 0.000000 0.000000 
0.288574 0.424680 0.000000 0.003269 0.171746 0.012255 0.014263 0.000000 0.000000 
0.289551 0.426151 0.000000 0.003276 0.171746 0.012318 0.014316 0.000000 0.000000 
0.290527 0.427623 0.000000 0.003283 0.171746 0.012381 0.014370 0.000000 0.000000 
0.291504 0.429095 0.000000 0.003290 0.171746 0.012443 0.014424 0.000000 0.000000 
0.292480 0.430567 0.000000 0.003297 0.171746 0.012507 0.014479 0.000000 0.000000 
0.293457 0.432040 0.000000 0.003304 0.171746 0.012570 0.014534 0.000000 0.000000 
0.294434 0.433514 0.000000 0.003310 0.171746 0.012633 0.014589 0.000000 0.000000 
0.295410 0.434987 0.000000 0.003316 0.171746 0.012697 0.014644 0.000000 0.000000 
0.296387 0.436461 0.000000 0.003323 0.171746 0.012761 0.014700 0.000000 0.000000 
0.297363 0.437936 0.000000 0.003329 0.171746 0.012826 0.014756 0.000000 0.000000 
0.298340 0.439411 0.000000 0.003335 0.171746 0.012890 0.014812 0.000000 0.000000 
0.299316 0.440886 0.000000 0.003340 0.171746 0.012955 0.014868 0.000000 0.000000 
0.300293 0.442362 0.000000 0.003346 0.171746 0.013020 0.014925 0.000000 0.000000 
0.301270 0.443838 0.000000 0.003351 0.171746 0.013085 0.014982 0.000000 0.000000 
0.302246 0.445314 0.000000 0.003357 0.171746 0.013151 0.015039 0.000000 0.000000 
0.303223 0.446791 0.000000 0.003362 0.171746 0.013217 0.015097 0.000000 0.000000 
0.304199 0.448268 0.000000 0.003367 0.171746 0.013283 0.015155 0.000000 0.000000 
0.305176 0.449746 0.000000 0.003371 0.171746 0.013349 0.015213 0.000000 0.000000 
0.306152 0.451224 0.000000 0.003376 0.171746 0.013416 0.015271 0.000000 0.000000 
0.307129 0.452703 0.000000 0.003380 0.171746 0.013483 0.015330 0.000000 0.000000 
0.308105 0.454182 0.000000 0.003385 0.171746 0.013550 0.015389 0.000000 0.000000 
0.309082 0.455661 0.000000 0.003389 0.171746 0.013617 0.015448 0.000000 0.000000 
0.310059 0.457141 0.000000 0.003392 0.171746 0.013685 0.015508 0.000000 0.000000 
0.311035 0.458621 0.000000 0.003396 0.171746 0.013752 0.015568 0.000000 0.000000 
0.312012 0.460102 0.000000 0.003399 0.171746 0.013821 0.015628 0.000000 0.000000 
0.312988 0.461583 0.000000 0.003403 0.171746 0.013889 0.015689 0.000000 0.000000 
0.313965 0.463064 0.000000 0.003406 0.171746 0.013958 0.015749 0.000000 0.000000 
0.314941 0.464546 0.000000 0.003408 0.171746 0.014027 0.015810 0.000000 0.000000 
0.315918 0.466029 0.000000 0.003411 0.171746 0.014096 0.015872 0.000000 0.000000 
0.316895 0.467512 0.000000 0.003413 0.171746 0.014165 0.015934 0.000000 0.000000 
0.317871 0.468995 0.000000 0.003415 0.171746 0.014235 0.015996 0.000000 0.000000 
0.318848 0.470479 0.000000 0.003417 0.171746 0.014305 0.016058 0.000000 0.000000 
0.319824 0.471963 0.000000 0.003419 0.171746 0.014375 0.016121 0.000000 0.000000 
0.320801 0.473447 0.000000 0.003420 0.171746 0.014446 0.016183 0.000000 0.000000 
0.321777 0.474932 0.000000 0.003422 0.171746 0.014516 0.016247 0.000000 0.000000 
0.322754 0.476418 0.000000 0.003422 0.171746 0.014588 0.016310 0.000000 0.000000 
0.323730 0.477904 0.000000 0.003423 0.171746 0.014659 0.016374 0.000000 0.000000 
0.324707 0.479390 0.000000 0.003423 0.171746 0.014731 0.016438 0.000000 0.000000 
0.325684 0.480877 0.000000 0.003423 0.171746 0.014803 0.016503 0.000000 0.000000 
0.326660 0.482365 0.000000 0.003423 0.171746 0.014875 0.016568 0.000000 0.000000 
0.327637 0.483853 0.000000 0.003423 0.171746 0.014947 0.016633 0.000000 0.000000 
0.328613 0.485341 0.000000 0.003422 0.171746 0.015020 0.016698 0.000000 0.000000 
0.329590 0.486830 0.000000 0.003421 0.171746 0.015093 0.016764 0.000000 0.000000 
0.330566 0.488319 0.000000 0.003420 0.171746 0.015166 0.016830 0.000000 0.000000 
0.331543 0.489808 0.000000 0.003418 0.171746 0.015240 0.016896 0.000000 0.000000 
0.332520 0.491299 0.000000 0.003416 0.171746 0.015314 0.016963 0.000000 0.000000 
0.333496 0.492789 0.000000 0.003413 0.171746 0.015388 0.017030 0.000000 0.000000 
0.334473 0.494280 0.000000 0.003411 0.171746 0.015463 0.017098 0.000000 0.000000 
0.335449 0.495772 0.000000 0.003408 0.171746 0.015538 0.017165 0.000000 0.000000 
0.336426 0.497264 0.000000 0.003404 0.171746 0.015613 0.017233 0.000000 0.000000 
0.337402 0.498757 0.000000 0.003401 0.171746 0.015688 0.017302 0.000000 0.000000 
0.338379 0.500250 0.000000 0.003397 0.171746 0.015764 0.017370 0.000000 0.000000 
0.339355 0.501743 0.000000 0.003392 0.171746 0.015840 0.017439 0.000000 0.000000 
0.340332 0.503237 0.000000 0.003387 0.171746 0.015916 0.017509 0.000000 0.000000 
0.341309 0.504732 0.000000 0.003382 0.171746 0.015993 0.017578 0.000000 0.000000 
0.342285 0.506227 0.000000 0.003377 0.171746 0.016070 0.017648 0.000000 0.000000 
0.343262 0.507722 0.000000 0.003371 0.171746 0.016147 0.017719 0.000000 0.000000 
0.344238 0.509219 0.000000 0.003364 0.171746 0.016224 0.017789 0.000000 0.000000 
0.345215 0.510715 0.000000 0.003357 0.171746 0.016302 0.017860 0.000000 0.000000 
0.346191 0.512212 0.000000 0.003350 0.171746 0.016380 0.017932 0.000000 0.000000 
0.347168 0.513710 0.000000 0.003342 0.171746 0.016459 0.018003 0.000000 0.000000 
0.348145 0.515208 0.000000 0.003334 0.171746 0.016538 0.018076 0.000000 0.000000 
0.349121 0.516706 0.000000 0.003326 0.171746 0.016617 0.018148 0.000000 0.000000 
0.350098 0.518206 0.000000 0.003317 0.171746 0.016696 0.018221 0.000000 0.000000 
0.351074 0.519705 0.000000 0.003307 0.171746 0.016776 0.018294 0.000000 0.000000 
0.352051 0.521205 0.000000 0.003297 0.171746 0.016856 0.018367 0.000000 0.000000 
0.353027 0.522706 0.000000 0.003287 0.171746 0.016936 0.018441 0.000000 0.000000 
0.354004 0.524207 0.000000 0.003275 0.171746 0.017017 0.018515 0.000000 0.000000 
0.354980 0.525709 0.000000 0.003264 0.171746 0.017098 0.018590 0.000000 0.000000 
0.355957 0.527211 0.000000 0.003252 0.171746 0.017179 0.018664 0.000000 0.000000 
0.356934 0.528714 0.000000 0.003239 0.171746 0.017261 0.018740 0.000000 0.000000 
0.357910 0.530217 0.000000 0.003226 0.171746 0.017343 0.018815 0.000000 0.000000 
0.358887 0.531721 0.000000 0.003212 0.171746 0.017426 0.018891 0.000000 0.000000 
0.359863 0.533226 0.000000 0.003198 0.171746 0.017508 0.018967 0.000000 0.000000 
0.360840 0.534731 0.000000 0.003183 0.171746 0.017591 0.019044 0.000000 0.000000 
0.361816 0.536236 0.000000 0.003168 0.171746 0.017675 0.019121 0.000000 0.000000 
0.362793 0.537742 0.000000 0.003152 0.171746 0.017758 0.019198 0.000000 0.000000 
0.363770 0.539249 0.000000 0.003135 0.171746 0.017842 0.019276 0.000000 0.000000 
0.364746 0.540756 0.000000 0.003117 0.171746 0.017927 0.019354 0.000000 0.000000 
0.365723 0.542264 0.000000 0.003099 0.171746 0.018011 0.019433 0.000000 0.000000 
0.366699 0.543772 0.000000 0.003081 0.171746 0.018096 0.019512 0.000000 0.000000 
0.367676 0.545281 0.000000 0.003061 0.171746 0.018182 0.019591 0.000000 0.000000 
0.368652 0.546790 0.000000 0.003041 0.171746 0.018267 0.019670 0.000000 0.000000 
0.369629 0.548300 0.000000 0.003020 0.171746 0.018354 0.019750 0.000000 0.000000 
0.370605 0.549811 0.000000 0.002999 0.171746 0.018440 0.019831 0.000000 0.000000 
0.371582 0.551322 0.000000 0.002977 0.171746 0.018527 0.019911 0.000000 0.000000 
0.372559 0.552834 0.000000 0.002954 0.171746 0.018614 0.019993 0.000000 0.000000 
0.373535 0.554346 0.000000 0.002930 0.171746 0.018701 0.020074 0.000000 0.000000 
0.374512 0.555864 0.000000 0.002909 0.171746 0.018791 0.020155 0.000000 0.000000 
0.375488 0.563745 0.000000 0.007386 0.171746 0.022780 0.020247 0.003563 0.005806 
0.376465 0.565298 0.000000 0.007387 0.171746 0.022892 0.020346 0.003584 0.005911 
0.377441 0.566852 0.000000 0.007388 0.171746 0.023005 0.020447 0.003606 0.006018 
0.378418 0.568408 0.000000 0.007389 0.171746 0.023120 0.020547 0.003629 0.006124 
0.379395 0.569965 0.000000 0.007389 0.171746 0.023234 0.020649 0.003651 0.006231 
0.380371 0.571524 0.000000 0.007389 0.171746 0.023350 0.020750 0.003675 0.006339 
0.381348 0.573084 0.000000 0.007389 0.171746 0.023467 0.020853 0.003698 0.006447 
0.382324 0.574645 0.000000 0.007389 0.171746 0.023585 0.020955 0.003722 0.006556 
0.383301 0.576208 0.000000 0.007388 0.171746 0.023703 0.021059 0.003747 0.006665 
0.384277 0.577773 0.000000 0.007386 0.171746 0.023822 0.021162 0.003771 0.006775 
0.385254 0.579338 0.000000 0.007385 0.171746 0.023943 0.021267 0.003797 0.006886 
0.386230 0.580906 0.000000 0.007382 0.171746 0.024064 0.021371 0.003822 0.006997 
0.387207 0.582474 0.000000 0.007380 0.171746 0.024186 0.021477 0.003848 0.007109 
0.388184 0.584045 0.000000 0.007377 0.171746 0.024309 0.021583 0.003875 0.007221 
0.389160 0.585617 0.000000 0.007373 0.171746 0.024433 0.021689 0.003902 0.007334 
0.390137 0.587190 0.000000 0.007369 0.171746 0.024558 0.021796 0.003929 0.007447 
0.391113 0.588765 0.000000 0.007365 0.171746 0.024683 0.021904 0.003957 0.007561 
0.392090 0.590341 0.000000 0.007360 0.171746 0.024810 0.022012 0.003985 0.007676 
0.393066 0.591919 0.000000 0.007354 0.171746 0.024938 0.022120 0.004013 0.007792 
0.394043 0.593498 0.000000 0.007348 0.171746 0.025066 0.022230 0.004042 0.007907 
0.395020 0.595079 0.000000 0.007341 0.171746 0.025196 0.022339 0.004072 0.008024 
0.395996 0.596662 0.000000 0.007334 0.171746 0.025326 0.022450 0.004101 0.008141 
0.396973 0.598246 0.000000 0.007326 0.171746 0.025458 0.022561 0.004132 0.008259 
0.397949 0.599831 0.000000 0.007317 0.171746 0.025590 0.022672 0.004162 0.008378 
0.398926 0.601419 0.000000 0.007308 0.171746 0.025724 0.022784 0.004193 0.008497 
0.399902 0.603007 0.000000 0.007298 0.171746 0.025858 0.022897 0.004225 0.008617 
0.400879 0.604598 0.000000 0.007287 0.171746 0.025993 0.023010 0.004257 0.008737 
0.401855 0.606190 0.000000 0.007275 0.171746 0.026130 0.023124 0.004290 0.008858 
0.402832 0.607784 0.000000 0.007263 0.171746 0.026267 0.023238 0.004322 0.008980 
0.403809 0.609379 0.000000 0.007249 0.171746 0.026405 0.023353 0.004356 0.009103 
0.404785 0.610976 0.000000 0.007235 0.171746 0.026545 0.023469 0.004390 0.009226 
0.405762 0.612574 0.000000 0.007220 0.171746 0.026685 0.023585 0.004424 0.009350 
0.406738 0.614174 0.000000 0.007204 0.171746 0.026826 0.023702 0.004459 0.009474 
0.407715 0.615776 0.000000 0.007187 0.171746 0.026968 0.023819 0.004494 0.009600 
0.408691 0.617380 0.000000 0.007170 0.171746 0.027112 0.023937 0.004530 0.009726 
0.409668 0.618985 0.000000 0.007151 0.171746 0.027256 0.024056 0.004566 0.009852 
0.410645 0.620592 0.000000 0.007131 0.171746 0.027402 0.024176 0.004602 0.009980 
0.411621 0.622201 0.000000 0.007110 0.171746 0.027548 0.024296 0.004639 0.010108 
0.412598 0.623811 0.000000 0.007088 0.171746 0.027696 0.024416 0.004677 0.010237 
0.413574 0.625423 0.000000 0.007065 0.171746 0.027844 0.024537 0.004715 0.010366 
0.414551 0.627037 0.000000 0.007040 0.171746 0.027994 0.024659 0.004753 0.010497 
0.415527 0.628652 0.000000 0.007014 0.171746 0.028144 0.024782 0.004792 0.010628 
0.416504 0.630269 0.000000 0.006988 0.171746 0.028296 0.024905 0.004832 0.010760 
0.417480 0.631888 0.000000 0.006959 0.171746 0.028449 0.025029 0.004872 0.010892 
0.418457 0.633509 0.000000 0.006930 0.171746 0.028603 0.025154 0.004912 0.011026 
0.419434 0.635131 0.000000 0.006899 0.171746 0.028758 0.025279 0.004953 0.011160 
0.420410 0.636756 0.000000 0.006867 0.171746 0.028914 0.025405 0.004995 0.011295 
0.421387 0.638382 0.000000 0.006833 0.171746 0.029071 0.025532 0.005037 0.011430 
0.422363 0.640010 0.000000 0.006798 0.171746 0.029229 0.025659 0.005079 0.011567 
0.423340 0.641639 0.000000 0.006761 0.171746 0.029389 0.025787 0.005122 0.011704 
0.424316 0.643271 0.000000 0.006722 0.171746 0.029549 0.025916 0.005165 0.011843 
0.425293 0.644904 0.000000 0.006682 0.171746 0.029711 0.026045 0.005209 0.011981 
0.426270 0.646540 0.000000 0.006641 0.171746 0.029874 0.026175 0.005254 0.012121 
0.427246 0.648177 0.000000 0.006597 0.171746 0.030037 0.026306 0.005299 0.012262 
0.428223 0.649816 0.000000 0.006552 0.171746 0.030203 0.026437 0.005344 0.012403 
0.429199 0.651456 0.000000 0.006505 0.171746 0.030369 0.026570 0.005391 0.012546 
0.430176 0.653099 0.000000 0.006456 0.171746 0.030536 0.026703 0.005437 0.012689 
0.431152 0.654744 0.000000 0.006405 0.171746 0.030705 0.026836 0.005484 0.012833 
0.432129 0.656390 0.000000 0.006352 0.171746 0.030874 0.026971 0.005532 0.012977 
0.433105 0.658039 0.000000 0.006297 0.171746 0.031045 0.027106 0.005580 0.013123 
0.434082 0.659689 0.000000 0.006240 0.171746 0.031217 0.027242 0.005629 0.013270 
0.435059 0.661341 0.000000 0.006180 0.171746 0.031390 0.027379 0.005678 0.013417 
0.436035 0.662996 0.000000 0.006119 0.171746 0.031565 0.027516 0.005728 0.013565 
0.437012 0.664652 0.000000 0.006055 0.171746 0.031740 0.027654 0.005778 0.013715 
0.437988 0.666310 0.000000 0.005989 0.171746 0.031917 0.027793 0.005829 0.013865 
0.438965 0.667970 0.000000 0.005920 0.171746 0.032095 0.027933 0.005880 0.014016 
0.439941 0.669632 0.000000 0.005849 0.171746 0.032275 0.028074 0.005932 0.014168 
0.440918 0.671297 0.000000 0.005775 0.171746 0.032455 0.028215 0.005985 0.014321 
0.441895 0.672963 0.000000 0.005699 0.171746 0.032637 0.028357 0.006038 0.014474 
0.442871 0.674631 0.000000 0.005620 0.171746 0.032820 0.028500 0.006092 0.014629 
0.443848 0.676301 0.000000 0.005538 0.171746 0.033004 0.028644 0.006146 0.014785 
0.444824 0.677974 0.000000 0.005454 0.171746 0.033190 0.028788 0.006201 0.014941 
0.445801 0.679648 0.000000 0.005366 0.171746 0.033376 0.028934 0.006256 0.015099 
0.446777 0.681325 0.000000 0.005276 0.171746 0.033564 0.029080 0.006312 0.015257 
0.447754 0.683003 0.000000 0.005182 0.171746 0.033754 0.029227 0.006369 0.015417 
0.448730 0.684684 0.000000 0.005085 0.171746 0.033944 0.029375 0.006426 0.015577 
0.449707 0.686367 0.000000 0.004985 0.171746 0.034136 0.029524 0.006484 0.015739 
0.450684 0.688052 0.000000 0.004882 0.171746 0.034330 0.029673 0.006542 0.015901 
0.451660 0.689739 0.000000 0.004775 0.171746 0.034524 0.029823 0.006601 0.016065 
0.452637 0.691428 0.000000 0.004665 0.171746 0.034720 0.029975 0.006661 0.016229 
0.453613 0.693120 0.000000 0.004551 0.171746 0.034917 0.030127 0.006721 0.016395 
0.454590 0.694813 0.000000 0.004433 0.171746 0.035116 0.030280 0.006782 0.016561 
0.455566 0.696509 0.000000 0.004312 0.171746 0.035316 0.030433 0.006844 0.016729 
0.456543 0.698207 0.000000 0.004187 0.171746 0.035517 0.030588 0.006906 0.016897 
0.457520 0.699907 0.000000 0.004058 0.171746 0.035719 0.030744 0.006968 0.017067 
0.458496 0.701610 0.000000 0.003924 0.171746 0.035923 0.030900 0.007032 0.017238 
0.459473 0.703315 0.000000 0.003787 0.171746 0.036129 0.031057 0.007096 0.017409 
0.460449 0.705022 0.000000 0.003645 0.171746 0.036335 0.031216 0.007160 0.017582 
0.461426 0.706731 0.000000 0.003499 0.171746 0.036543 0.031375 0.007225 0.017756 
0.462402 0.708443 0.000000 0.003348 0.171746 0.036753 0.031535 0.007291 0.017931 
0.463379 0.710156 0.000000 0.003192 0.171746 0.036964 0.031696 0.007358 0.018107 
0.464355 0.711873 0.000000 0.003032 0.171746 0.037176 0.031858 0.007425 0.018284 
0.465332 0.713591 0.000000 0.002867 0.171746 0.037390 0.032021 0.007493 0.018463 
0.466309 0.715312 0.000000 0.002697 0.171746 0.037605 0.032184 0.007561 0.018642 
0.467285 0.717035 0.000000 0.002522 0.171746 0.037822 0.032349 0.007630 0.018822 
0.468262 0.718761 0.000000 0.002341 0.171746 0.038040 0.032515 0.007700 0.019004 
0.469238 0.720489 0.000000 0.002156 0.171746 0.038260 0.032681 0.007771 0.019187 
0.470215 0.722219 0.000000 0.001964 0.171746 0.038481 0.032849 0.007842 0.019371 
0.471191 0.723952 0.000000 0.001767 0.171746 0.038703 0.033017 0.007914 0.019556 
0.472168 0.725687 0.000000 0.001564 0.171746 0.038927 0.033187 0.007986 0.019742 
0.473145 0.727425 0.000000 0.001355 0.171746 0.039153 0.033357 0.008059 0.019930 
0.474121 0.729165 0.000000 0.001140 0.171746 0.039380 0.033529 0.008133 0.020118 
0.475098 0.730908 0.000000 0.000919 0.171746 0.039608 0.033701 0.008208 0.020308 
0.476074 0.732653 0.000000 0.000691 0.171746 0.039838 0.033875 0.008283 0.020499 
0.477051 0.734401 0.000000 0.000457 0.171746 0.040070 0.034049 0.008359 0.020692 
0.478027 0.736151 0.000000 0.000216 0.171746 0.040303 0.034225 0.008436 0.020885 
0.479004 0.737903 0.000000 0.000032 0.171746 0.040538 0.034401 0.008513 0.021080 
0.479980 0.739659 0.000000 0.000287 0.171746 0.040774 0.034579 0.008592 0.021276 
0.480957 0.741416 0.000000 0.000549 0.171746 0.041012 0.034758 0.008670 0.021473 
0.481934 0.743177 0.000000 0.000819 0.171746 0.041251 0.034937 0.008750 0.021671 
0.482910 0.744940 0.000000 0.001096 0.171746 0.041492 0.035118 0.008830 0.021871 
0.483887 0.746705 0.000000 0.001381 0.171746 0.041735 0.035300 0.008911 0.022072 
0.484863 0.748474 0.000000 0.001674 0.171746 0.041979 0.035482 0.008993 0.022274 
0.485840 0.750244 0.000000 0.001975 0.171746 0.042225 0.035666 0.009076 0.022478 
0.486816 0.752018 0.000000 0.002285 0.171746 0.042472 0.035851 0.009159 0.022683 
0.487793 0.753794 0.000000 0.002603 0.171746 0.042722 0.036037 0.009243 0.022889 
0.488770 0.755573 0.000000 0.002930 0.171746 0.042972 0.036224 0.009328 0.023097 
0.489746 0.757355 0.000000 0.003267 0.171746 0.043225 0.036413 0.009414 0.023305 
0.490723 0.759139 0.000000 0.003612 0.171746 0.043479 0.036602 0.009500 0.023516 
0.491699 0.760926 0.000000 0.003967 0.171746 0.043735 0.036792 0.009587 0.023727 
0.492676 0.762716 0.000000 0.004331 0.171746 0.043992 0.036984 0.009675 0.023940 
0.493652 0.764509 0.000000 0.004706 0.171746 0.044251 0.037177 0.009764 0.024154 
0.494629 0.766304 0.000000 0.005090 0.171746 0.044512 0.037370 0.009854 0.024370 
0.495605 0.768103 0.000000 0.005486 0.171746 0.044775 0.037565 0.009944 0.024587 
0.496582 0.769904 0.000000 0.005891 0.171746 0.045039 0.037762 0.010035 0.024805 
0.497559 0.771708 0.000000 0.006308 0.171746 0.045305 0.037959 0.010127 0.025025 
0.498535 0.773514 0.000000 0.006736 0.171746 0.045573 0.038157 0.010220 0.025247 
0.499512 0.775324 0.000000 0.007175 0.171746 0.045843 0.038357 0.010314 0.025469 
