#cell coordinates and the corresponding deviation from the equilibrium 
-0.499512 0.033809 
-0.498535 0.033756 
-0.497559 0.033704 
-0.496582 0.033653 
-0.495605 0.033602 
-0.494629 0.033551 
-0.493652 0.033502 
-0.492676 0.033453 
-0.491699 0.033404 
-0.490723 0.033356 
-0.489746 0.033309 
-0.488770 0.033263 
-0.487793 0.033217 
-0.486816 0.033171 
-0.485840 0.033127 
-0.484863 0.033082 
-0.483887 0.033039 
-0.482910 0.032996 
-0.481934 0.032953 
-0.480957 0.032911 
-0.479980 0.032869 
-0.479004 0.032828 
-0.478027 0.032788 
-0.477051 0.032748 
-0.476074 0.032709 
-0.475098 0.032670 
-0.474121 0.032631 
-0.473145 0.032593 
-0.472168 0.032556 
-0.471191 0.032519 
-0.470215 0.032482 
-0.469238 0.032446 
-0.468262 0.032411 
-0.467285 0.032376 
-0.466309 0.032341 
-0.465332 0.032307 
-0.464355 0.032273 
-0.463379 0.032239 
-0.462402 0.032206 
-0.461426 0.032174 
-0.460449 0.032142 
-0.459473 0.032110 
-0.458496 0.032079 
-0.457520 0.032048 
-0.456543 0.032017 
-0.455566 0.031987 
-0.454590 0.031957 
-0.453613 0.031928 
-0.452637 0.031899 
-0.451660 0.031870 
-0.450684 0.031842 
-0.449707 0.031814 
-0.448730 0.031786 
-0.447754 0.031759 
-0.446777 0.031732 
-0.445801 0.031706 
-0.444824 0.031679 
-0.443848 0.031653 
-0.442871 0.031628 
-0.441895 0.031603 
-0.440918 0.031578 
-0.439941 0.031553 
-0.438965 0.031529 
-0.437988 0.031505 
-0.437012 0.031481 
-0.436035 0.031458 
-0.435059 0.031434 
-0.434082 0.031412 
-0.433105 0.031389 
-0.432129 0.031367 
-0.431152 0.031345 
-0.430176 0.031323 
-0.429199 0.031302 
-0.428223 0.031281 
-0.427246 0.031260 
-0.426270 0.031239 
-0.425293 0.031219 
-0.424316 0.031199 
-0.423340 0.031179 
-0.422363 0.031159 
-0.421387 0.031140 
-0.420410 0.031121 
-0.419434 0.031102 
-0.418457 0.031083 
-0.417480 0.031065 
-0.416504 0.031047 
-0.415527 0.031029 
-0.414551 0.031011 
-0.413574 0.030993 
-0.412598 0.030976 
-0.411621 0.030959 
-0.410645 0.030942 
-0.409668 0.030925 
-0.408691 0.030909 
-0.407715 0.030893 
-0.406738 0.030877 
-0.405762 0.030861 
-0.404785 0.030845 
-0.403809 0.030830 
-0.402832 0.030815 
-0.401855 0.030799 
-0.400879 0.030785 
-0.399902 0.030770 
-0.398926 0.030755 
-0.397949 0.030741 
-0.396973 0.030727 
-0.395996 0.030713 
-0.395020 0.030699 
-0.394043 0.030686 
-0.393066 0.030672 
-0.392090 0.030659 
-0.391113 0.030646 
-0.390137 0.030633 
-0.389160 0.030620 
-0.388184 0.030607 
-0.387207 0.030595 
-0.386230 0.030582 
-0.385254 0.030570 
-0.384277 0.030558 
-0.383301 0.030546 
-0.382324 0.030535 
-0.381348 0.030523 
-0.380371 0.030512 
-0.379395 0.030500 
-0.378418 0.030489 
-0.377441 0.030478 
-0.376465 0.030467 
-0.375488 0.030456 
-0.374512 0.030446 
-0.373535 0.030435 
-0.372559 0.030425 
-0.371582 0.030415 
-0.370605 0.030405 
-0.369629 0.030395 
-0.368652 0.030385 
-0.367676 0.030375 
-0.366699 0.030365 
-0.365723 0.030356 
-0.364746 0.030346 
-0.363770 0.030337 
-0.362793 0.030328 
-0.361816 0.030319 
-0.360840 0.030310 
-0.359863 0.030301 
-0.358887 0.030292 
-0.357910 0.030284 
-0.356934 0.030275 
-0.355957 0.030267 
-0.354980 0.030259 
-0.354004 0.030250 
-0.353027 0.030242 
-0.352051 0.030234 
-0.351074 0.030226 
-0.350098 0.030219 
-0.349121 0.030211 
-0.348145 0.030203 
-0.347168 0.030196 
-0.346191 0.030188 
-0.345215 0.030181 
-0.344238 0.030174 
-0.343262 0.030166 
-0.342285 0.030159 
-0.341309 0.030152 
-0.340332 0.030145 
-0.339355 0.030139 
-0.338379 0.030132 
-0.337402 0.030125 
-0.336426 0.030119 
-0.335449 0.030112 
-0.334473 0.030106 
-0.333496 0.030099 
-0.332520 0.030093 
-0.331543 0.030087 
-0.330566 0.030081 
-0.329590 0.030075 
-0.328613 0.030069 
-0.327637 0.030063 
-0.326660 0.030057 
-0.325684 0.030051 
-0.324707 0.030046 
-0.323730 0.030040 
-0.322754 0.030034 
-0.321777 0.030029 
-0.320801 0.030024 
-0.319824 0.030018 
-0.318848 0.030013 
-0.317871 0.030008 
-0.316895 0.030002 
-0.315918 0.029997 
-0.314941 0.029992 
-0.313965 0.029987 
-0.312988 0.029982 
-0.312012 0.029978 
-0.311035 0.029973 
-0.310059 0.029968 
-0.309082 0.029963 
-0.308105 0.029959 
-0.307129 0.029954 
-0.306152 0.029950 
-0.305176 0.029945 
-0.304199 0.029941 
-0.303223 0.029936 
-0.302246 0.029932 
-0.301270 0.029928 
-0.300293 0.029924 
-0.299316 0.029919 
-0.298340 0.029915 
-0.297363 0.029911 
-0.296387 0.029907 
-0.295410 0.029903 
-0.294434 0.029899 
-0.293457 0.029895 
-0.292480 0.029892 
-0.291504 0.029888 
-0.290527 0.029884 
-0.289551 0.029880 
-0.288574 0.029877 
-0.287598 0.029873 
-0.286621 0.029870 
-0.285645 0.029866 
-0.284668 0.029862 
-0.283691 0.029859 
-0.282715 0.029856 
-0.281738 0.029852 
-0.280762 0.029849 
-0.279785 0.029846 
-0.278809 0.029842 
-0.277832 0.029839 
-0.276855 0.029836 
-0.275879 0.029833 
-0.274902 0.029830 
-0.273926 0.029827 
-0.272949 0.029824 
-0.271973 0.029821 
-0.270996 0.029818 
-0.270020 0.029815 
-0.269043 0.029812 
-0.268066 0.029809 
-0.267090 0.029806 
-0.266113 0.029804 
-0.265137 0.029801 
-0.264160 0.029798 
-0.263184 0.029795 
-0.262207 0.029793 
-0.261230 0.029790 
-0.260254 0.029787 
-0.259277 0.029785 
-0.258301 0.029782 
-0.257324 0.029780 
-0.256348 0.029777 
-0.255371 0.029775 
-0.254395 0.029773 
-0.253418 0.029770 
-0.252441 0.029768 
-0.251465 0.029765 
-0.250488 0.029763 
-0.249512 0.029761 
-0.248535 0.029759 
-0.247559 0.029756 
-0.246582 0.029754 
-0.245605 0.029752 
-0.244629 0.029750 
-0.243652 0.029748 
-0.242676 0.029746 
-0.241699 0.029743 
-0.240723 0.029741 
-0.239746 0.029739 
-0.238770 0.029737 
-0.237793 0.029735 
-0.236816 0.029733 
-0.235840 0.029731 
-0.234863 0.029730 
-0.233887 0.029728 
-0.232910 0.029726 
-0.231934 0.029724 
-0.230957 0.029722 
-0.229980 0.029720 
-0.229004 0.029718 
-0.228027 0.029717 
-0.227051 0.029715 
-0.226074 0.029713 
-0.225098 0.029711 
-0.224121 0.029710 
-0.223145 0.029708 
-0.222168 0.029706 
-0.221191 0.029705 
-0.220215 0.029703 
-0.219238 0.029702 
-0.218262 0.029700 
-0.217285 0.029698 
-0.216309 0.029697 
-0.215332 0.029695 
-0.214355 0.029694 
-0.213379 0.029692 
-0.212402 0.029691 
-0.211426 0.029689 
-0.210449 0.029688 
-0.209473 0.029687 
-0.208496 0.029685 
-0.207520 0.029684 
-0.206543 0.029682 
-0.205566 0.029681 
-0.204590 0.029680 
-0.203613 0.029678 
-0.202637 0.029677 
-0.201660 0.029676 
-0.200684 0.029674 
-0.199707 0.029673 
-0.198730 0.029672 
-0.197754 0.029671 
-0.196777 0.029669 
-0.195801 0.029668 
-0.194824 0.029667 
-0.193848 0.029666 
-0.192871 0.029665 
-0.191895 0.029663 
-0.190918 0.029662 
-0.189941 0.029661 
-0.188965 0.029660 
-0.187988 0.029659 
-0.187012 0.029658 
-0.186035 0.029657 
-0.185059 0.029656 
-0.184082 0.029655 
-0.183105 0.029654 
-0.182129 0.029652 
-0.181152 0.029651 
-0.180176 0.029650 
-0.179199 0.029649 
-0.178223 0.029648 
-0.177246 0.029647 
-0.176270 0.029646 
-0.175293 0.029646 
-0.174316 0.029645 
-0.173340 0.029644 
-0.172363 0.029643 
-0.171387 0.029642 
-0.170410 0.029641 
-0.169434 0.029640 
-0.168457 0.029639 
-0.167480 0.029638 
-0.166504 0.029637 
-0.165527 0.029637 
-0.164551 0.029636 
-0.163574 0.029635 
-0.162598 0.029634 
-0.161621 0.029633 
-0.160645 0.029632 
-0.159668 0.029632 
-0.158691 0.029631 
-0.157715 0.029630 
-0.156738 0.029629 
-0.155762 0.029629 
-0.154785 0.029628 
-0.153809 0.029627 
-0.152832 0.029626 
-0.151855 0.029626 
-0.150879 0.029625 
-0.149902 0.029624 
-0.148926 0.029623 
-0.147949 0.029623 
-0.146973 0.029622 
-0.145996 0.029621 
-0.145020 0.029621 
-0.144043 0.029620 
-0.143066 0.029619 
-0.142090 0.029619 
-0.141113 0.029618 
-0.140137 0.029617 
-0.139160 0.029617 
-0.138184 0.029616 
-0.137207 0.029616 
-0.136230 0.029615 
-0.135254 0.029614 
-0.134277 0.029614 
-0.133301 0.029613 
-0.132324 0.029613 
-0.131348 0.029612 
-0.130371 0.029612 
-0.129395 0.029611 
-0.128418 0.029611 
-0.127441 0.029610 
-0.126465 0.029609 
-0.125488 0.029609 
-0.124512 0.029608 
-0.123535 0.029608 
-0.122559 0.029607 
-0.121582 0.029607 
-0.120605 0.029606 
-0.119629 0.029606 
-0.118652 0.029605 
-0.117676 0.029605 
-0.116699 0.029605 
-0.115723 0.029604 
-0.114746 0.029604 
-0.113770 0.029603 
-0.112793 0.029603 
-0.111816 0.029602 
-0.110840 0.029602 
-0.109863 0.029601 
-0.108887 0.029601 
-0.107910 0.029601 
-0.106934 0.029600 
-0.105957 0.029600 
-0.104980 0.029599 
-0.104004 0.029599 
-0.103027 0.029599 
-0.102051 0.029598 
-0.101074 0.029598 
-0.100098 0.029597 
-0.099121 0.029597 
-0.098145 0.029597 
-0.097168 0.029596 
-0.096191 0.029596 
-0.095215 0.029596 
-0.094238 0.029595 
-0.093262 0.029595 
-0.092285 0.029595 
-0.091309 0.029594 
-0.090332 0.029594 
-0.089355 0.029594 
-0.088379 0.029593 
-0.087402 0.029593 
-0.086426 0.029593 
-0.085449 0.029593 
-0.084473 0.029592 
-0.083496 0.029592 
-0.082520 0.029592 
-0.081543 0.029591 
-0.080566 0.029591 
-0.079590 0.029591 
-0.078613 0.029591 
-0.077637 0.029590 
-0.076660 0.029590 
-0.075684 0.029590 
-0.074707 0.029590 
-0.073730 0.029589 
-0.072754 0.029589 
-0.071777 0.029589 
-0.070801 0.029589 
-0.069824 0.029589 
-0.068848 0.029588 
-0.067871 0.029588 
-0.066895 0.029588 
-0.065918 0.029588 
-0.064941 0.029587 
-0.063965 0.029587 
-0.062988 0.029587 
-0.062012 0.029587 
-0.061035 0.029587 
-0.060059 0.029587 
-0.059082 0.029586 
-0.058105 0.029586 
-0.057129 0.029586 
-0.056152 0.029586 
-0.055176 0.029586 
-0.054199 0.029586 
-0.053223 0.029585 
-0.052246 0.029585 
-0.051270 0.029585 
-0.050293 0.029585 
-0.049316 0.029585 
-0.048340 0.029585 
-0.047363 0.029585 
-0.046387 0.029585 
-0.045410 0.029584 
-0.044434 0.029584 
-0.043457 0.029584 
-0.042480 0.029584 
-0.041504 0.029584 
-0.040527 0.029584 
-0.039551 0.029584 
-0.038574 0.029584 
-0.037598 0.029584 
-0.036621 0.029584 
-0.035645 0.029584 
-0.034668 0.029584 
-0.033691 0.029583 
-0.032715 0.029583 
-0.031738 0.029583 
-0.030762 0.029583 
-0.029785 0.029583 
-0.028809 0.029583 
-0.027832 0.029583 
-0.026855 0.029583 
-0.025879 0.029583 
-0.024902 0.029582 
-0.023926 0.029581 
-0.022949 0.029581 
-0.021973 0.029581 
-0.020996 0.029581 
-0.020020 0.029581 
-0.019043 0.029581 
-0.018066 0.029581 
-0.017090 0.029581 
-0.016113 0.029581 
-0.015137 0.029580 
-0.014160 0.029580 
-0.013184 0.029580 
-0.012207 0.029580 
-0.011230 0.029580 
-0.010254 0.029580 
-0.009277 0.029580 
-0.008301 0.029580 
-0.007324 0.029580 
-0.006348 0.029580 
-0.005371 0.029580 
-0.004395 0.029580 
-0.003418 0.029580 
-0.002441 0.029580 
-0.001465 0.029580 
-0.000488 0.029580 
0.000488 0.029580 
0.001465 0.029580 
0.002441 0.029580 
0.003418 0.029580 
0.004395 0.029580 
0.005371 0.029580 
0.006348 0.029580 
0.007324 0.029580 
0.008301 0.029580 
0.009277 0.029580 
0.010254 0.029580 
0.011230 0.029580 
0.012207 0.029580 
0.013184 0.029580 
0.014160 0.029580 
0.015137 0.029580 
0.016113 0.029581 
0.017090 0.029581 
0.018066 0.029581 
0.019043 0.029581 
0.020020 0.029581 
0.020996 0.029581 
0.021973 0.029581 
0.022949 0.029581 
0.023926 0.029581 
0.024902 0.029582 
0.025879 0.029583 
0.026855 0.029583 
0.027832 0.029583 
0.028809 0.029583 
0.029785 0.029583 
0.030762 0.029583 
0.031738 0.029583 
0.032715 0.029583 
0.033691 0.029583 
0.034668 0.029584 
0.035645 0.029584 
0.036621 0.029584 
0.037598 0.029584 
0.038574 0.029584 
0.039551 0.029584 
0.040527 0.029584 
0.041504 0.029584 
0.042480 0.029584 
0.043457 0.029584 
0.044434 0.029584 
0.045410 0.029584 
0.046387 0.029585 
0.047363 0.029585 
0.048340 0.029585 
0.049316 0.029585 
0.050293 0.029585 
0.051270 0.029585 
0.052246 0.029585 
0.053223 0.029585 
0.054199 0.029586 
0.055176 0.029586 
0.056152 0.029586 
0.057129 0.029586 
0.058105 0.029586 
0.059082 0.029586 
0.060059 0.029587 
0.061035 0.029587 
0.062012 0.029587 
0.062988 0.029587 
0.063965 0.029587 
0.064941 0.029587 
0.065918 0.029588 
0.066895 0.029588 
0.067871 0.029588 
0.068848 0.029588 
0.069824 0.029589 
0.070801 0.029589 
0.071777 0.029589 
0.072754 0.029589 
0.073730 0.029589 
0.074707 0.029590 
0.075684 0.029590 
0.076660 0.029590 
0.077637 0.029590 
0.078613 0.029591 
0.079590 0.029591 
0.080566 0.029591 
0.081543 0.029591 
0.082520 0.029592 
0.083496 0.029592 
0.084473 0.029592 
0.085449 0.029593 
0.086426 0.029593 
0.087402 0.029593 
0.088379 0.029593 
0.089355 0.029594 
0.090332 0.029594 
0.091309 0.029594 
0.092285 0.029595 
0.093262 0.029595 
0.094238 0.029595 
0.095215 0.029596 
0.096191 0.029596 
0.097168 0.029596 
0.098145 0.029597 
0.099121 0.029597 
0.100098 0.029597 
0.101074 0.029598 
0.102051 0.029598 
0.103027 0.029599 
0.104004 0.029599 
0.104980 0.029599 
0.105957 0.029600 
0.106934 0.029600 
0.107910 0.029601 
0.108887 0.029601 
0.109863 0.029601 
0.110840 0.029602 
0.111816 0.029602 
0.112793 0.029603 
0.113770 0.029603 
0.114746 0.029604 
0.115723 0.029604 
0.116699 0.029605 
0.117676 0.029605 
0.118652 0.029605 
0.119629 0.029606 
0.120605 0.029606 
0.121582 0.029607 
0.122559 0.029607 
0.123535 0.029608 
0.124512 0.029608 
0.125488 0.029609 
0.126465 0.029609 
0.127441 0.029610 
0.128418 0.029611 
0.129395 0.029611 
0.130371 0.029612 
0.131348 0.029612 
0.132324 0.029613 
0.133301 0.029613 
0.134277 0.029614 
0.135254 0.029614 
0.136230 0.029615 
0.137207 0.029616 
0.138184 0.029616 
0.139160 0.029617 
0.140137 0.029617 
0.141113 0.029618 
0.142090 0.029619 
0.143066 0.029619 
0.144043 0.029620 
0.145020 0.029621 
0.145996 0.029621 
0.146973 0.029622 
0.147949 0.029623 
0.148926 0.029623 
0.149902 0.029624 
0.150879 0.029625 
0.151855 0.029626 
0.152832 0.029626 
0.153809 0.029627 
0.154785 0.029628 
0.155762 0.029629 
0.156738 0.029629 
0.157715 0.029630 
0.158691 0.029631 
0.159668 0.029632 
0.160645 0.029632 
0.161621 0.029633 
0.162598 0.029634 
0.163574 0.029635 
0.164551 0.029636 
0.165527 0.029637 
0.166504 0.029637 
0.167480 0.029638 
0.168457 0.029639 
0.169434 0.029640 
0.170410 0.029641 
0.171387 0.029642 
0.172363 0.029643 
0.173340 0.029644 
0.174316 0.029645 
0.175293 0.029646 
0.176270 0.029646 
0.177246 0.029647 
0.178223 0.029648 
0.179199 0.029649 
0.180176 0.029650 
0.181152 0.029651 
0.182129 0.029652 
0.183105 0.029654 
0.184082 0.029655 
0.185059 0.029656 
0.186035 0.029657 
0.187012 0.029658 
0.187988 0.029659 
0.188965 0.029660 
0.189941 0.029661 
0.190918 0.029662 
0.191895 0.029663 
0.192871 0.029665 
0.193848 0.029666 
0.194824 0.029667 
0.195801 0.029668 
0.196777 0.029669 
0.197754 0.029671 
0.198730 0.029672 
0.199707 0.029673 
0.200684 0.029674 
0.201660 0.029676 
0.202637 0.029677 
0.203613 0.029678 
0.204590 0.029680 
0.205566 0.029681 
0.206543 0.029682 
0.207520 0.029684 
0.208496 0.029685 
0.209473 0.029687 
0.210449 0.029688 
0.211426 0.029689 
0.212402 0.029691 
0.213379 0.029692 
0.214355 0.029694 
0.215332 0.029695 
0.216309 0.029697 
0.217285 0.029698 
0.218262 0.029700 
0.219238 0.029702 
0.220215 0.029703 
0.221191 0.029705 
0.222168 0.029706 
0.223145 0.029708 
0.224121 0.029710 
0.225098 0.029711 
0.226074 0.029713 
0.227051 0.029715 
0.228027 0.029717 
0.229004 0.029718 
0.229980 0.029720 
0.230957 0.029722 
0.231934 0.029724 
0.232910 0.029726 
0.233887 0.029728 
0.234863 0.029730 
0.235840 0.029731 
0.236816 0.029733 
0.237793 0.029735 
0.238770 0.029737 
0.239746 0.029739 
0.240723 0.029741 
0.241699 0.029743 
0.242676 0.029746 
0.243652 0.029748 
0.244629 0.029750 
0.245605 0.029752 
0.246582 0.029754 
0.247559 0.029756 
0.248535 0.029759 
0.249512 0.029761 
0.250488 0.029763 
0.251465 0.029765 
0.252441 0.029768 
0.253418 0.029770 
0.254395 0.029773 
0.255371 0.029775 
0.256348 0.029777 
0.257324 0.029780 
0.258301 0.029782 
0.259277 0.029785 
0.260254 0.029787 
0.261230 0.029790 
0.262207 0.029793 
0.263184 0.029795 
0.264160 0.029798 
0.265137 0.029801 
0.266113 0.029804 
0.267090 0.029806 
0.268066 0.029809 
0.269043 0.029812 
0.270020 0.029815 
0.270996 0.029818 
0.271973 0.029821 
0.272949 0.029824 
0.273926 0.029827 
0.274902 0.029830 
0.275879 0.029833 
0.276855 0.029836 
0.277832 0.029839 
0.278809 0.029842 
0.279785 0.029846 
0.280762 0.029849 
0.281738 0.029852 
0.282715 0.029856 
0.283691 0.029859 
0.284668 0.029862 
0.285645 0.029866 
0.286621 0.029870 
0.287598 0.029873 
0.288574 0.029877 
0.289551 0.029880 
0.290527 0.029884 
0.291504 0.029888 
0.292480 0.029892 
0.293457 0.029895 
0.294434 0.029899 
0.295410 0.029903 
0.296387 0.029907 
0.297363 0.029911 
0.298340 0.029915 
0.299316 0.029919 
0.300293 0.029924 
0.301270 0.029928 
0.302246 0.029932 
0.303223 0.029936 
0.304199 0.029941 
0.305176 0.029945 
0.306152 0.029950 
0.307129 0.029954 
0.308105 0.029959 
0.309082 0.029963 
0.310059 0.029968 
0.311035 0.029973 
0.312012 0.029978 
0.312988 0.029982 
0.313965 0.029987 
0.314941 0.029992 
0.315918 0.029997 
0.316895 0.030002 
0.317871 0.030008 
0.318848 0.030013 
0.319824 0.030018 
0.320801 0.030024 
0.321777 0.030029 
0.322754 0.030034 
0.323730 0.030040 
0.324707 0.030046 
0.325684 0.030051 
0.326660 0.030057 
0.327637 0.030063 
0.328613 0.030069 
0.329590 0.030075 
0.330566 0.030081 
0.331543 0.030087 
0.332520 0.030093 
0.333496 0.030099 
0.334473 0.030106 
0.335449 0.030112 
0.336426 0.030119 
0.337402 0.030125 
0.338379 0.030132 
0.339355 0.030139 
0.340332 0.030145 
0.341309 0.030152 
0.342285 0.030159 
0.343262 0.030166 
0.344238 0.030174 
0.345215 0.030181 
0.346191 0.030188 
0.347168 0.030196 
0.348145 0.030203 
0.349121 0.030211 
0.350098 0.030219 
0.351074 0.030226 
0.352051 0.030234 
0.353027 0.030242 
0.354004 0.030250 
0.354980 0.030259 
0.355957 0.030267 
0.356934 0.030275 
0.357910 0.030284 
0.358887 0.030292 
0.359863 0.030301 
0.360840 0.030310 
0.361816 0.030319 
0.362793 0.030328 
0.363770 0.030337 
0.364746 0.030346 
0.365723 0.030356 
0.366699 0.030365 
0.367676 0.030375 
0.368652 0.030385 
0.369629 0.030395 
0.370605 0.030405 
0.371582 0.030415 
0.372559 0.030425 
0.373535 0.030435 
0.374512 0.030446 
0.375488 0.030456 
0.376465 0.030467 
0.377441 0.030478 
0.378418 0.030489 
0.379395 0.030500 
0.380371 0.030512 
0.381348 0.030523 
0.382324 0.030535 
0.383301 0.030546 
0.384277 0.030558 
0.385254 0.030570 
0.386230 0.030582 
0.387207 0.030595 
0.388184 0.030607 
0.389160 0.030620 
0.390137 0.030633 
0.391113 0.030646 
0.392090 0.030659 
0.393066 0.030672 
0.394043 0.030686 
0.395020 0.030699 
0.395996 0.030713 
0.396973 0.030727 
0.397949 0.030741 
0.398926 0.030755 
0.399902 0.030770 
0.400879 0.030785 
0.401855 0.030799 
0.402832 0.030815 
0.403809 0.030830 
0.404785 0.030845 
0.405762 0.030861 
0.406738 0.030877 
0.407715 0.030893 
0.408691 0.030909 
0.409668 0.030925 
0.410645 0.030942 
0.411621 0.030959 
0.412598 0.030976 
0.413574 0.030993 
0.414551 0.031011 
0.415527 0.031029 
0.416504 0.031047 
0.417480 0.031065 
0.418457 0.031083 
0.419434 0.031102 
0.420410 0.031121 
0.421387 0.031140 
0.422363 0.031159 
0.423340 0.031179 
0.424316 0.031199 
0.425293 0.031219 
0.426270 0.031239 
0.427246 0.031260 
0.428223 0.031281 
0.429199 0.031302 
0.430176 0.031323 
0.431152 0.031345 
0.432129 0.031367 
0.433105 0.031389 
0.434082 0.031412 
0.435059 0.031434 
0.436035 0.031458 
0.437012 0.031481 
0.437988 0.031505 
0.438965 0.031529 
0.439941 0.031553 
0.440918 0.031578 
0.441895 0.031603 
0.442871 0.031628 
0.443848 0.031653 
0.444824 0.031679 
0.445801 0.031706 
0.446777 0.031732 
0.447754 0.031759 
0.448730 0.031786 
0.449707 0.031814 
0.450684 0.031842 
0.451660 0.031870 
0.452637 0.031899 
0.453613 0.031928 
0.454590 0.031957 
0.455566 0.031987 
0.456543 0.032017 
0.457520 0.032048 
0.458496 0.032079 
0.459473 0.032110 
0.460449 0.032142 
0.461426 0.032174 
0.462402 0.032206 
0.463379 0.032239 
0.464355 0.032273 
0.465332 0.032307 
0.466309 0.032341 
0.467285 0.032376 
0.468262 0.032411 
0.469238 0.032446 
0.470215 0.032482 
0.471191 0.032519 
0.472168 0.032556 
0.473145 0.032593 
0.474121 0.032631 
0.475098 0.032670 
0.476074 0.032709 
0.477051 0.032748 
0.478027 0.032788 
0.479004 0.032828 
0.479980 0.032869 
0.480957 0.032911 
0.481934 0.032953 
0.482910 0.032996 
0.483887 0.033039 
0.484863 0.033082 
0.485840 0.033127 
0.486816 0.033171 
0.487793 0.033217 
0.488770 0.033263 
0.489746 0.033309 
0.490723 0.033356 
0.491699 0.033404 
0.492676 0.033453 
0.493652 0.033502 
0.494629 0.033551 
0.495605 0.033602 
0.496582 0.033653 
0.497559 0.033704 
0.498535 0.033756 
0.499512 0.033809 
