#x y at the midpoint of each cell and the error in every component
-0.499512 0.774355 0.000000 0.007860 0.171790 0.045138 0.038295 0.008869 0.026840 
-0.498535 0.772537 0.000000 0.007427 0.171790 0.044863 0.038098 0.008770 0.026626 
-0.497559 0.770721 0.000000 0.007006 0.171790 0.044590 0.037903 0.008672 0.026413 
-0.496582 0.768908 0.000000 0.006596 0.171790 0.044318 0.037709 0.008575 0.026201 
-0.495605 0.767097 0.000000 0.006196 0.171790 0.044049 0.037516 0.008479 0.025991 
-0.494629 0.765290 0.000000 0.005808 0.171790 0.043780 0.037324 0.008383 0.025782 
-0.493652 0.763485 0.000000 0.005430 0.171790 0.043514 0.037133 0.008289 0.025575 
-0.492676 0.761683 0.000000 0.005062 0.171790 0.043249 0.036944 0.008194 0.025369 
-0.491699 0.759883 0.000000 0.004704 0.171790 0.042986 0.036756 0.008101 0.025165 
-0.490723 0.758087 0.000000 0.004356 0.171790 0.042725 0.036568 0.008009 0.024962 
-0.489746 0.756293 0.000000 0.004018 0.171790 0.042465 0.036382 0.007917 0.024760 
-0.488770 0.754501 0.000000 0.003689 0.171790 0.042207 0.036198 0.007826 0.024560 
-0.487793 0.752712 0.000000 0.003368 0.171790 0.041950 0.036014 0.007736 0.024361 
-0.486816 0.750926 0.000000 0.003057 0.171790 0.041695 0.035831 0.007646 0.024164 
-0.485840 0.749143 0.000000 0.002755 0.171790 0.041442 0.035650 0.007557 0.023968 
-0.484863 0.747362 0.000000 0.002460 0.171790 0.041190 0.035469 0.007469 0.023773 
-0.483887 0.745583 0.000000 0.002175 0.171790 0.040940 0.035290 0.007382 0.023579 
-0.482910 0.743807 0.000000 0.001897 0.171790 0.040691 0.035112 0.007295 0.023387 
-0.481934 0.742034 0.000000 0.001627 0.171790 0.040444 0.034934 0.007209 0.023197 
-0.480957 0.740263 0.000000 0.001365 0.171790 0.040198 0.034758 0.007124 0.023007 
-0.479980 0.738495 0.000000 0.001110 0.171790 0.039954 0.034583 0.007039 0.022819 
-0.479004 0.736729 0.000000 0.000862 0.171790 0.039712 0.034409 0.006955 0.022632 
-0.478027 0.734965 0.000000 0.000622 0.171790 0.039471 0.034236 0.006872 0.022446 
-0.477051 0.733205 0.000000 0.000389 0.171790 0.039231 0.034065 0.006790 0.022262 
-0.476074 0.731446 0.000000 0.000162 0.171790 0.038993 0.033894 0.006708 0.022079 
-0.475098 0.729690 0.000000 0.000058 0.171790 0.038757 0.033724 0.006627 0.021897 
-0.474121 0.727936 0.000000 0.000271 0.171790 0.038521 0.033555 0.006546 0.021717 
-0.473145 0.726185 0.000000 0.000478 0.171790 0.038288 0.033387 0.006466 0.021537 
-0.472168 0.724436 0.000000 0.000679 0.171790 0.038056 0.033221 0.006387 0.021359 
-0.471191 0.722690 0.000000 0.000874 0.171790 0.037825 0.033055 0.006309 0.021182 
-0.470215 0.720945 0.000000 0.001063 0.171790 0.037596 0.032890 0.006231 0.021007 
-0.469238 0.719203 0.000000 0.001247 0.171790 0.037368 0.032727 0.006154 0.020832 
-0.468262 0.717464 0.000000 0.001424 0.171790 0.037141 0.032564 0.006077 0.020659 
-0.467285 0.715727 0.000000 0.001596 0.171790 0.036916 0.032402 0.006001 0.020487 
-0.466309 0.713992 0.000000 0.001763 0.171790 0.036693 0.032242 0.005926 0.020316 
-0.465332 0.712259 0.000000 0.001925 0.171790 0.036470 0.032082 0.005851 0.020147 
-0.464355 0.710528 0.000000 0.002082 0.171790 0.036249 0.031923 0.005777 0.019978 
-0.463379 0.708800 0.000000 0.002233 0.171790 0.036030 0.031765 0.005704 0.019811 
-0.462402 0.707074 0.000000 0.002380 0.171790 0.035812 0.031608 0.005631 0.019645 
-0.461426 0.705350 0.000000 0.002522 0.171790 0.035595 0.031452 0.005559 0.019480 
-0.460449 0.703629 0.000000 0.002660 0.171790 0.035380 0.031297 0.005487 0.019316 
-0.459473 0.701909 0.000000 0.002793 0.171790 0.035165 0.031143 0.005416 0.019153 
-0.458496 0.700192 0.000000 0.002922 0.171790 0.034953 0.030990 0.005346 0.018992 
-0.457520 0.698477 0.000000 0.003046 0.171790 0.034741 0.030838 0.005276 0.018831 
-0.456543 0.696764 0.000000 0.003166 0.171790 0.034531 0.030687 0.005207 0.018672 
-0.455566 0.695053 0.000000 0.003282 0.171790 0.034322 0.030536 0.005138 0.018513 
-0.454590 0.693344 0.000000 0.003395 0.171790 0.034115 0.030387 0.005070 0.018356 
-0.453613 0.691637 0.000000 0.003503 0.171790 0.033908 0.030238 0.005002 0.018200 
-0.452637 0.689933 0.000000 0.003608 0.171790 0.033703 0.030091 0.004936 0.018045 
-0.451660 0.688230 0.000000 0.003708 0.171790 0.033499 0.029944 0.004869 0.017891 
-0.450684 0.686530 0.000000 0.003806 0.171790 0.033297 0.029798 0.004804 0.017738 
-0.449707 0.684832 0.000000 0.003900 0.171790 0.033096 0.029653 0.004738 0.017586 
-0.448730 0.683135 0.000000 0.003990 0.171790 0.032896 0.029509 0.004674 0.017436 
-0.447754 0.681441 0.000000 0.004077 0.171790 0.032697 0.029366 0.004610 0.017286 
-0.446777 0.679748 0.000000 0.004161 0.171790 0.032499 0.029223 0.004546 0.017137 
-0.445801 0.678058 0.000000 0.004242 0.171790 0.032303 0.029082 0.004483 0.016989 
-0.444824 0.676370 0.000000 0.004320 0.171790 0.032108 0.028941 0.004421 0.016843 
-0.443848 0.674683 0.000000 0.004394 0.171790 0.031914 0.028801 0.004359 0.016697 
-0.442871 0.672999 0.000000 0.004466 0.171790 0.031721 0.028663 0.004297 0.016553 
-0.441895 0.671316 0.000000 0.004535 0.171790 0.031530 0.028524 0.004237 0.016409 
-0.440918 0.669636 0.000000 0.004601 0.171790 0.031340 0.028387 0.004176 0.016266 
-0.439941 0.667957 0.000000 0.004664 0.171790 0.031150 0.028251 0.004116 0.016125 
-0.438965 0.666280 0.000000 0.004725 0.171790 0.030962 0.028115 0.004057 0.015984 
-0.437988 0.664605 0.000000 0.004783 0.171790 0.030776 0.027980 0.003999 0.015844 
-0.437012 0.662932 0.000000 0.004839 0.171790 0.030590 0.027846 0.003940 0.015706 
-0.436035 0.661261 0.000000 0.004892 0.171790 0.030405 0.027713 0.003883 0.015568 
-0.435059 0.659592 0.000000 0.004943 0.171790 0.030222 0.027581 0.003825 0.015431 
-0.434082 0.657924 0.000000 0.004992 0.171790 0.030040 0.027449 0.003769 0.015295 
-0.433105 0.656259 0.000000 0.005038 0.171790 0.029859 0.027318 0.003712 0.015160 
-0.432129 0.654595 0.000000 0.005082 0.171790 0.029678 0.027188 0.003657 0.015026 
-0.431152 0.652933 0.000000 0.005124 0.171790 0.029500 0.027059 0.003602 0.014893 
-0.430176 0.651273 0.000000 0.005164 0.171790 0.029322 0.026931 0.003547 0.014761 
-0.429199 0.649614 0.000000 0.005202 0.171790 0.029145 0.026803 0.003493 0.014630 
-0.428223 0.647958 0.000000 0.005238 0.171790 0.028969 0.026676 0.003439 0.014500 
-0.427246 0.646303 0.000000 0.005272 0.171790 0.028795 0.026550 0.003385 0.014370 
-0.426270 0.644650 0.000000 0.005304 0.171790 0.028621 0.026424 0.003333 0.014242 
-0.425293 0.642998 0.000000 0.005334 0.171790 0.028449 0.026300 0.003280 0.014114 
-0.424316 0.641349 0.000000 0.005363 0.171790 0.028277 0.026176 0.003229 0.013988 
-0.423340 0.639701 0.000000 0.005390 0.171790 0.028107 0.026053 0.003177 0.013862 
-0.422363 0.638054 0.000000 0.005415 0.171790 0.027938 0.025930 0.003126 0.013737 
-0.421387 0.636410 0.000000 0.005438 0.171790 0.027769 0.025809 0.003076 0.013613 
-0.420410 0.634767 0.000000 0.005460 0.171790 0.027602 0.025688 0.003026 0.013490 
-0.419434 0.633126 0.000000 0.005481 0.171790 0.027436 0.025568 0.002976 0.013367 
-0.418457 0.631486 0.000000 0.005499 0.171790 0.027271 0.025448 0.002927 0.013246 
-0.417480 0.629848 0.000000 0.005517 0.171790 0.027106 0.025330 0.002878 0.013125 
-0.416504 0.628212 0.000000 0.005533 0.171790 0.026943 0.025212 0.002830 0.013005 
-0.415527 0.626577 0.000000 0.005547 0.171790 0.026781 0.025094 0.002782 0.012886 
-0.414551 0.624944 0.000000 0.005561 0.171790 0.026620 0.024978 0.002735 0.012768 
-0.413574 0.623313 0.000000 0.005572 0.171790 0.026460 0.024862 0.002688 0.012651 
-0.412598 0.621683 0.000000 0.005583 0.171790 0.026300 0.024746 0.002642 0.012534 
-0.411621 0.620055 0.000000 0.005593 0.171790 0.026142 0.024632 0.002596 0.012419 
-0.410645 0.618428 0.000000 0.005601 0.171790 0.025985 0.024518 0.002550 0.012304 
-0.409668 0.616803 0.000000 0.005608 0.171790 0.025828 0.024405 0.002505 0.012190 
-0.408691 0.615179 0.000000 0.005614 0.171790 0.025673 0.024293 0.002460 0.012076 
-0.407715 0.613557 0.000000 0.005618 0.171790 0.025519 0.024181 0.002416 0.011964 
-0.406738 0.611937 0.000000 0.005622 0.171790 0.025365 0.024070 0.002372 0.011852 
-0.405762 0.610318 0.000000 0.005625 0.171790 0.025213 0.023959 0.002328 0.011741 
-0.404785 0.608701 0.000000 0.005626 0.171790 0.025061 0.023849 0.002285 0.011631 
-0.403809 0.607085 0.000000 0.005627 0.171790 0.024910 0.023740 0.002242 0.011522 
-0.402832 0.605470 0.000000 0.005627 0.171790 0.024760 0.023632 0.002200 0.011413 
-0.401855 0.603857 0.000000 0.005626 0.171790 0.024611 0.023524 0.002158 0.011305 
-0.400879 0.602246 0.000000 0.005623 0.171790 0.024463 0.023417 0.002116 0.011198 
-0.399902 0.600636 0.000000 0.005621 0.171790 0.024316 0.023310 0.002075 0.011092 
-0.398926 0.599027 0.000000 0.005617 0.171790 0.024170 0.023204 0.002035 0.010986 
-0.397949 0.597420 0.000000 0.005612 0.171790 0.024025 0.023099 0.001994 0.010881 
-0.396973 0.595815 0.000000 0.005607 0.171790 0.023880 0.022995 0.001954 0.010777 
-0.395996 0.594210 0.000000 0.005600 0.171790 0.023737 0.022891 0.001915 0.010674 
-0.395020 0.592607 0.000000 0.005593 0.171790 0.023594 0.022787 0.001875 0.010571 
-0.394043 0.591006 0.000000 0.005586 0.171790 0.023452 0.022685 0.001837 0.010469 
-0.393066 0.589406 0.000000 0.005577 0.171790 0.023311 0.022582 0.001798 0.010368 
-0.392090 0.587807 0.000000 0.005568 0.171790 0.023171 0.022481 0.001760 0.010267 
-0.391113 0.586210 0.000000 0.005559 0.171790 0.023032 0.022380 0.001722 0.010168 
-0.390137 0.584614 0.000000 0.005548 0.171790 0.022894 0.022280 0.001685 0.010068 
-0.389160 0.583020 0.000000 0.005537 0.171790 0.022756 0.022180 0.001648 0.009970 
-0.388184 0.581427 0.000000 0.005526 0.171790 0.022619 0.022081 0.001611 0.009872 
-0.387207 0.579835 0.000000 0.005513 0.171790 0.022483 0.021983 0.001575 0.009775 
-0.386230 0.578245 0.000000 0.005501 0.171790 0.022348 0.021885 0.001539 0.009679 
-0.385254 0.576656 0.000000 0.005487 0.171790 0.022214 0.021787 0.001504 0.009583 
-0.384277 0.575068 0.000000 0.005474 0.171790 0.022080 0.021691 0.001468 0.009488 
-0.383301 0.573481 0.000000 0.005459 0.171790 0.021948 0.021594 0.001434 0.009394 
-0.382324 0.571896 0.000000 0.005445 0.171790 0.021816 0.021499 0.001399 0.009300 
-0.381348 0.570312 0.000000 0.005429 0.171790 0.021685 0.021404 0.001365 0.009207 
-0.380371 0.568730 0.000000 0.005414 0.171790 0.021554 0.021309 0.001331 0.009115 
-0.379395 0.567148 0.000000 0.005397 0.171790 0.021425 0.021216 0.001298 0.009023 
-0.378418 0.565568 0.000000 0.005381 0.171790 0.021296 0.021122 0.001265 0.008932 
-0.377441 0.563990 0.000000 0.005364 0.171790 0.021168 0.021030 0.001232 0.008841 
-0.376465 0.562412 0.000000 0.005346 0.171790 0.021041 0.020937 0.001199 0.008751 
-0.375488 0.560836 0.000000 0.005329 0.171790 0.020914 0.020846 0.001167 0.008662 
-0.374512 0.559261 0.000000 0.005311 0.171790 0.020789 0.020755 0.001135 0.008574 
-0.373535 0.557687 0.000000 0.005292 0.171790 0.020664 0.020664 0.001104 0.008486 
-0.372559 0.556114 0.000000 0.005273 0.171790 0.020540 0.020574 0.001073 0.008398 
-0.371582 0.554543 0.000000 0.005254 0.171790 0.020416 0.020485 0.001042 0.008312 
-0.370605 0.552973 0.000000 0.005235 0.171790 0.020293 0.020396 0.001011 0.008226 
-0.369629 0.551404 0.000000 0.005215 0.171790 0.020171 0.020308 0.000981 0.008140 
-0.368652 0.549836 0.000000 0.005195 0.171790 0.020050 0.020220 0.000951 0.008055 
-0.367676 0.548269 0.000000 0.005175 0.171790 0.019930 0.020132 0.000922 0.007971 
-0.366699 0.546704 0.000000 0.005154 0.171790 0.019810 0.020046 0.000892 0.007887 
-0.365723 0.545140 0.000000 0.005133 0.171790 0.019691 0.019959 0.000863 0.007804 
-0.364746 0.543577 0.000000 0.005112 0.171790 0.019572 0.019874 0.000835 0.007722 
-0.363770 0.542015 0.000000 0.005091 0.171790 0.019455 0.019788 0.000806 0.007640 
-0.362793 0.540454 0.000000 0.005069 0.171790 0.019338 0.019704 0.000778 0.007558 
-0.361816 0.538894 0.000000 0.005047 0.171790 0.019222 0.019620 0.000751 0.007478 
-0.360840 0.537336 0.000000 0.005025 0.171790 0.019106 0.019536 0.000723 0.007397 
-0.359863 0.535778 0.000000 0.005003 0.171790 0.018991 0.019453 0.000696 0.007318 
-0.358887 0.534222 0.000000 0.004981 0.171790 0.018877 0.019370 0.000669 0.007239 
-0.357910 0.532667 0.000000 0.004958 0.171790 0.018763 0.019288 0.000643 0.007160 
-0.356934 0.531113 0.000000 0.004936 0.171790 0.018651 0.019206 0.000616 0.007082 
-0.355957 0.529560 0.000000 0.004913 0.171790 0.018538 0.019125 0.000590 0.007005 
-0.354980 0.528008 0.000000 0.004890 0.171790 0.018427 0.019044 0.000565 0.006928 
-0.354004 0.526457 0.000000 0.004867 0.171790 0.018316 0.018964 0.000539 0.006852 
-0.353027 0.524908 0.000000 0.004843 0.171790 0.018206 0.018884 0.000514 0.006776 
-0.352051 0.523359 0.000000 0.004820 0.171790 0.018096 0.018805 0.000489 0.006701 
-0.351074 0.521811 0.000000 0.004796 0.171790 0.017987 0.018726 0.000465 0.006626 
-0.350098 0.520265 0.000000 0.004773 0.171790 0.017879 0.018648 0.000440 0.006552 
-0.349121 0.518719 0.000000 0.004749 0.171790 0.017771 0.018570 0.000416 0.006478 
-0.348145 0.517175 0.000000 0.004725 0.171790 0.017665 0.018493 0.000392 0.006405 
-0.347168 0.515631 0.000000 0.004701 0.171790 0.017558 0.018416 0.000369 0.006332 
-0.346191 0.514089 0.000000 0.004677 0.171790 0.017452 0.018339 0.000346 0.006260 
-0.345215 0.512547 0.000000 0.004653 0.171790 0.017347 0.018263 0.000323 0.006189 
-0.344238 0.511007 0.000000 0.004629 0.171790 0.017243 0.018188 0.000300 0.006118 
-0.343262 0.509468 0.000000 0.004605 0.171790 0.017139 0.018113 0.000278 0.006047 
-0.342285 0.507929 0.000000 0.004580 0.171790 0.017036 0.018038 0.000255 0.005977 
-0.341309 0.506392 0.000000 0.004556 0.171790 0.016933 0.017964 0.000233 0.005907 
-0.340332 0.504855 0.000000 0.004532 0.171790 0.016831 0.017890 0.000212 0.005838 
-0.339355 0.503320 0.000000 0.004507 0.171790 0.016730 0.017817 0.000190 0.005770 
-0.338379 0.501786 0.000000 0.004483 0.171790 0.016629 0.017744 0.000169 0.005702 
-0.337402 0.500252 0.000000 0.004458 0.171790 0.016529 0.017672 0.000148 0.005634 
-0.336426 0.498720 0.000000 0.004434 0.171790 0.016429 0.017600 0.000128 0.005567 
-0.335449 0.497188 0.000000 0.004409 0.171790 0.016330 0.017528 0.000107 0.005500 
-0.334473 0.495657 0.000000 0.004384 0.171790 0.016231 0.017457 0.000087 0.005434 
-0.333496 0.494128 0.000000 0.004360 0.171790 0.016133 0.017386 0.000067 0.005368 
-0.332520 0.492599 0.000000 0.004335 0.171790 0.016036 0.017316 0.000047 0.005303 
-0.331543 0.491071 0.000000 0.004311 0.171790 0.015939 0.017246 0.000028 0.005238 
-0.330566 0.489544 0.000000 0.004286 0.171790 0.015843 0.017177 0.000009 0.005174 
-0.329590 0.488018 0.000000 0.004261 0.171790 0.015747 0.017108 0.000010 0.005110 
-0.328613 0.486493 0.000000 0.004237 0.171790 0.015652 0.017039 0.000029 0.005047 
-0.327637 0.484969 0.000000 0.004212 0.171790 0.015558 0.016971 0.000048 0.004984 
-0.326660 0.483446 0.000000 0.004188 0.171790 0.015464 0.016903 0.000066 0.004921 
-0.325684 0.481923 0.000000 0.004163 0.171790 0.015370 0.016836 0.000084 0.004859 
-0.324707 0.480402 0.000000 0.004138 0.171790 0.015277 0.016769 0.000102 0.004798 
-0.323730 0.478881 0.000000 0.004114 0.171790 0.015185 0.016703 0.000119 0.004736 
-0.322754 0.477361 0.000000 0.004089 0.171790 0.015093 0.016636 0.000137 0.004676 
-0.321777 0.475842 0.000000 0.004065 0.171790 0.015002 0.016571 0.000154 0.004615 
-0.320801 0.474324 0.000000 0.004041 0.171790 0.014911 0.016505 0.000171 0.004555 
-0.319824 0.472807 0.000000 0.004016 0.171790 0.014821 0.016440 0.000188 0.004496 
-0.318848 0.471291 0.000000 0.003992 0.171790 0.014731 0.016376 0.000204 0.004437 
-0.317871 0.469776 0.000000 0.003967 0.171790 0.014642 0.016312 0.000220 0.004378 
-0.316895 0.468261 0.000000 0.003943 0.171790 0.014553 0.016248 0.000236 0.004320 
-0.315918 0.466747 0.000000 0.003919 0.171790 0.014465 0.016185 0.000252 0.004262 
-0.314941 0.465234 0.000000 0.003895 0.171790 0.014377 0.016122 0.000268 0.004205 
-0.313965 0.463722 0.000000 0.003871 0.171790 0.014290 0.016059 0.000283 0.004148 
-0.312988 0.462211 0.000000 0.003847 0.171790 0.014204 0.015997 0.000298 0.004092 
-0.312012 0.460700 0.000000 0.003823 0.171790 0.014117 0.015935 0.000313 0.004035 
-0.311035 0.459191 0.000000 0.003799 0.171790 0.014032 0.015874 0.000328 0.003980 
-0.310059 0.457682 0.000000 0.003775 0.171790 0.013947 0.015812 0.000343 0.003924 
-0.309082 0.456174 0.000000 0.003751 0.171790 0.013862 0.015752 0.000357 0.003870 
-0.308105 0.454666 0.000000 0.003727 0.171790 0.013778 0.015691 0.000371 0.003815 
-0.307129 0.453160 0.000000 0.003704 0.171790 0.013694 0.015631 0.000385 0.003761 
-0.306152 0.451654 0.000000 0.003680 0.171790 0.013611 0.015572 0.000399 0.003707 
-0.305176 0.450149 0.000000 0.003657 0.171790 0.013528 0.015513 0.000413 0.003654 
-0.304199 0.448645 0.000000 0.003633 0.171790 0.013446 0.015454 0.000426 0.003601 
-0.303223 0.447142 0.000000 0.003610 0.171790 0.013364 0.015395 0.000439 0.003548 
-0.302246 0.445639 0.000000 0.003586 0.171790 0.013283 0.015337 0.000452 0.003496 
-0.301270 0.444137 0.000000 0.003563 0.171790 0.013202 0.015279 0.000465 0.003444 
-0.300293 0.442636 0.000000 0.003540 0.171790 0.013121 0.015222 0.000478 0.003393 
-0.299316 0.441136 0.000000 0.003517 0.171790 0.013041 0.015164 0.000490 0.003341 
-0.298340 0.439636 0.000000 0.003494 0.171790 0.012962 0.015108 0.000502 0.003291 
-0.297363 0.438137 0.000000 0.003471 0.171790 0.012883 0.015051 0.000514 0.003240 
-0.296387 0.436639 0.000000 0.003448 0.171790 0.012804 0.014995 0.000526 0.003190 
-0.295410 0.435142 0.000000 0.003426 0.171790 0.012726 0.014939 0.000538 0.003141 
-0.294434 0.433645 0.000000 0.003403 0.171790 0.012648 0.014884 0.000549 0.003091 
-0.293457 0.432149 0.000000 0.003380 0.171790 0.012571 0.014829 0.000561 0.003042 
-0.292480 0.430654 0.000000 0.003358 0.171790 0.012494 0.014774 0.000572 0.002994 
-0.291504 0.429159 0.000000 0.003336 0.171790 0.012418 0.014720 0.000583 0.002946 
-0.290527 0.427665 0.000000 0.003313 0.171790 0.012342 0.014666 0.000594 0.002898 
-0.289551 0.426172 0.000000 0.003291 0.171790 0.012266 0.014612 0.000604 0.002850 
-0.288574 0.424680 0.000000 0.003269 0.171790 0.012191 0.014559 0.000615 0.002803 
-0.287598 0.423188 0.000000 0.003247 0.171790 0.012116 0.014505 0.000625 0.002756 
-0.286621 0.421697 0.000000 0.003225 0.171790 0.012042 0.014453 0.000635 0.002710 
-0.285645 0.420206 0.000000 0.003203 0.171790 0.011968 0.014400 0.000645 0.002664 
-0.284668 0.418717 0.000000 0.003182 0.171790 0.011895 0.014348 0.000655 0.002618 
-0.283691 0.417228 0.000000 0.003160 0.171790 0.011822 0.014296 0.000664 0.002572 
-0.282715 0.415739 0.000000 0.003139 0.171790 0.011749 0.014245 0.000674 0.002527 
-0.281738 0.414251 0.000000 0.003117 0.171790 0.011677 0.014194 0.000683 0.002482 
-0.280762 0.412764 0.000000 0.003096 0.171790 0.011605 0.014143 0.000692 0.002438 
-0.279785 0.411278 0.000000 0.003075 0.171790 0.011534 0.014092 0.000701 0.002393 
-0.278809 0.409792 0.000000 0.003054 0.171790 0.011463 0.014042 0.000710 0.002349 
-0.277832 0.408307 0.000000 0.003033 0.171790 0.011392 0.013992 0.000718 0.002306 
-0.276855 0.406823 0.000000 0.003012 0.171790 0.011322 0.013943 0.000727 0.002263 
-0.275879 0.405339 0.000000 0.002991 0.171790 0.011252 0.013893 0.000735 0.002220 
-0.274902 0.403856 0.000000 0.002970 0.171790 0.011182 0.013844 0.000743 0.002177 
-0.273926 0.402373 0.000000 0.002950 0.171790 0.011113 0.013796 0.000751 0.002135 
-0.272949 0.400891 0.000000 0.002929 0.171790 0.011045 0.013747 0.000759 0.002093 
-0.271973 0.399410 0.000000 0.002909 0.171790 0.010976 0.013699 0.000767 0.002051 
-0.270996 0.397929 0.000000 0.002889 0.171790 0.010908 0.013651 0.000774 0.002010 
-0.270020 0.396449 0.000000 0.002869 0.171790 0.010841 0.013604 0.000781 0.001969 
-0.269043 0.394969 0.000000 0.002849 0.171790 0.010774 0.013557 0.000789 0.001928 
-0.268066 0.393490 0.000000 0.002829 0.171790 0.010707 0.013510 0.000796 0.001887 
-0.267090 0.392012 0.000000 0.002809 0.171790 0.010640 0.013463 0.000802 0.001847 
-0.266113 0.390534 0.000000 0.002789 0.171790 0.010574 0.013417 0.000809 0.001807 
-0.265137 0.389057 0.000000 0.002769 0.171790 0.010509 0.013371 0.000816 0.001768 
-0.264160 0.387581 0.000000 0.002750 0.171790 0.010443 0.013325 0.000822 0.001728 
-0.263184 0.386105 0.000000 0.002730 0.171790 0.010378 0.013280 0.000829 0.001689 
-0.262207 0.384629 0.000000 0.002711 0.171790 0.010314 0.013234 0.000835 0.001650 
-0.261230 0.383155 0.000000 0.002692 0.171790 0.010249 0.013190 0.000841 0.001612 
-0.260254 0.381680 0.000000 0.002673 0.171790 0.010185 0.013145 0.000847 0.001574 
-0.259277 0.380207 0.000000 0.002654 0.171790 0.010122 0.013101 0.000852 0.001536 
-0.258301 0.378734 0.000000 0.002635 0.171790 0.010058 0.013057 0.000858 0.001498 
-0.257324 0.377261 0.000000 0.002616 0.171790 0.009996 0.013013 0.000863 0.001461 
-0.256348 0.375789 0.000000 0.002598 0.171790 0.009933 0.012969 0.000869 0.001424 
-0.255371 0.374318 0.000000 0.002579 0.171790 0.009871 0.012926 0.000874 0.001387 
-0.254395 0.372847 0.000000 0.002561 0.171790 0.009809 0.012883 0.000879 0.001350 
-0.253418 0.371377 0.000000 0.002542 0.171790 0.009747 0.012840 0.000884 0.001314 
-0.252441 0.369907 0.000000 0.002524 0.171790 0.009686 0.012798 0.000889 0.001278 
-0.251465 0.368438 0.000000 0.002506 0.171790 0.009625 0.012756 0.000893 0.001242 
-0.250488 0.366969 0.000000 0.002488 0.171790 0.009565 0.012714 0.000898 0.001207 
-0.249512 0.365501 0.000000 0.002470 0.171790 0.009504 0.012672 0.000902 0.001172 
-0.248535 0.364033 0.000000 0.002452 0.171790 0.009444 0.012631 0.000907 0.001137 
-0.247559 0.362566 0.000000 0.002434 0.171790 0.009385 0.012590 0.000911 0.001102 
-0.246582 0.361100 0.000000 0.002417 0.171790 0.009326 0.012549 0.000915 0.001067 
-0.245605 0.359633 0.000000 0.002399 0.171790 0.009267 0.012508 0.000919 0.001033 
-0.244629 0.358168 0.000000 0.002382 0.171790 0.009208 0.012468 0.000922 0.000999 
-0.243652 0.356703 0.000000 0.002365 0.171790 0.009150 0.012428 0.000926 0.000966 
-0.242676 0.355238 0.000000 0.002348 0.171790 0.009092 0.012388 0.000929 0.000932 
-0.241699 0.353774 0.000000 0.002331 0.171790 0.009034 0.012348 0.000933 0.000899 
-0.240723 0.352311 0.000000 0.002314 0.171790 0.008976 0.012309 0.000936 0.000866 
-0.239746 0.350848 0.000000 0.002297 0.171790 0.008919 0.012270 0.000939 0.000833 
-0.238770 0.349385 0.000000 0.002280 0.171790 0.008863 0.012231 0.000942 0.000801 
-0.237793 0.347923 0.000000 0.002263 0.171790 0.008806 0.012193 0.000945 0.000768 
-0.236816 0.346462 0.000000 0.002247 0.171790 0.008750 0.012154 0.000948 0.000736 
-0.235840 0.345000 0.000000 0.002230 0.171790 0.008694 0.012116 0.000951 0.000705 
-0.234863 0.343540 0.000000 0.002214 0.171790 0.008638 0.012078 0.000953 0.000673 
-0.233887 0.342080 0.000000 0.002198 0.171790 0.008583 0.012041 0.000956 0.000642 
-0.232910 0.340620 0.000000 0.002182 0.171790 0.008528 0.012003 0.000958 0.000611 
-0.231934 0.339161 0.000000 0.002166 0.171790 0.008473 0.011966 0.000960 0.000580 
-0.230957 0.337702 0.000000 0.002150 0.171790 0.008419 0.011929 0.000962 0.000549 
-0.229980 0.336244 0.000000 0.002134 0.171790 0.008365 0.011893 0.000964 0.000519 
-0.229004 0.334786 0.000000 0.002118 0.171790 0.008311 0.011856 0.000966 0.000489 
-0.228027 0.333329 0.000000 0.002103 0.171790 0.008257 0.011820 0.000968 0.000459 
-0.227051 0.331872 0.000000 0.002087 0.171790 0.008204 0.011784 0.000969 0.000429 
-0.226074 0.330415 0.000000 0.002072 0.171790 0.008151 0.011748 0.000971 0.000400 
-0.225098 0.328959 0.000000 0.002056 0.171790 0.008098 0.011713 0.000972 0.000371 
-0.224121 0.327504 0.000000 0.002041 0.171790 0.008045 0.011678 0.000974 0.000341 
-0.223145 0.326049 0.000000 0.002026 0.171790 0.007993 0.011643 0.000975 0.000313 
-0.222168 0.324594 0.000000 0.002011 0.171790 0.007941 0.011608 0.000976 0.000284 
-0.221191 0.323140 0.000000 0.001996 0.171790 0.007889 0.011573 0.000977 0.000256 
-0.220215 0.321686 0.000000 0.001981 0.171790 0.007838 0.011539 0.000978 0.000227 
-0.219238 0.320233 0.000000 0.001967 0.171790 0.007787 0.011505 0.000979 0.000199 
-0.218262 0.318780 0.000000 0.001952 0.171790 0.007736 0.011471 0.000979 0.000172 
-0.217285 0.317327 0.000000 0.001938 0.171790 0.007685 0.011437 0.000980 0.000144 
-0.216309 0.315875 0.000000 0.001923 0.171790 0.007635 0.011404 0.000980 0.000117 
-0.215332 0.314423 0.000000 0.001909 0.171790 0.007585 0.011371 0.000981 0.000090 
-0.214355 0.312972 0.000000 0.001895 0.171790 0.007535 0.011338 0.000981 0.000063 
-0.213379 0.311521 0.000000 0.001880 0.171790 0.007485 0.011305 0.000981 0.000036 
-0.212402 0.310071 0.000000 0.001866 0.171790 0.007436 0.011272 0.000981 0.000009 
-0.211426 0.308621 0.000000 0.001852 0.171790 0.007387 0.011240 0.000981 0.000017 
-0.210449 0.307171 0.000000 0.001839 0.171790 0.007338 0.011208 0.000981 0.000043 
-0.209473 0.305722 0.000000 0.001825 0.171790 0.007289 0.011176 0.000981 0.000069 
-0.208496 0.304273 0.000000 0.001811 0.171790 0.007241 0.011144 0.000981 0.000095 
-0.207520 0.302825 0.000000 0.001798 0.171790 0.007192 0.011112 0.000980 0.000120 
-0.206543 0.301377 0.000000 0.001784 0.171790 0.007145 0.011081 0.000980 0.000146 
-0.205566 0.299929 0.000000 0.001771 0.171790 0.007097 0.011050 0.000979 0.000171 
-0.204590 0.298482 0.000000 0.001758 0.171790 0.007049 0.011019 0.000978 0.000196 
-0.203613 0.297035 0.000000 0.001744 0.171790 0.007002 0.010988 0.000978 0.000221 
-0.202637 0.295588 0.000000 0.001731 0.171790 0.006955 0.010958 0.000977 0.000245 
-0.201660 0.294142 0.000000 0.001718 0.171790 0.006908 0.010928 0.000976 0.000270 
-0.200684 0.292696 0.000000 0.001705 0.171790 0.006862 0.010898 0.000975 0.000294 
-0.199707 0.291251 0.000000 0.001693 0.171790 0.006816 0.010868 0.000974 0.000318 
-0.198730 0.289806 0.000000 0.001680 0.171790 0.006770 0.010838 0.000973 0.000342 
-0.197754 0.288361 0.000000 0.001667 0.171790 0.006724 0.010809 0.000971 0.000366 
-0.196777 0.286917 0.000000 0.001655 0.171790 0.006678 0.010779 0.000970 0.000389 
-0.195801 0.285473 0.000000 0.001642 0.171790 0.006633 0.010750 0.000968 0.000412 
-0.194824 0.284030 0.000000 0.001630 0.171790 0.006588 0.010721 0.000967 0.000436 
-0.193848 0.282587 0.000000 0.001618 0.171790 0.006543 0.010693 0.000965 0.000459 
-0.192871 0.281144 0.000000 0.001605 0.171790 0.006498 0.010664 0.000963 0.000481 
-0.191895 0.279701 0.000000 0.001593 0.171790 0.006453 0.010636 0.000962 0.000504 
-0.190918 0.278259 0.000000 0.001581 0.171790 0.006409 0.010608 0.000960 0.000526 
-0.189941 0.276817 0.000000 0.001569 0.171790 0.006365 0.010580 0.000958 0.000549 
-0.188965 0.275376 0.000000 0.001557 0.171790 0.006321 0.010552 0.000956 0.000571 
-0.187988 0.273935 0.000000 0.001546 0.171790 0.006277 0.010525 0.000953 0.000593 
-0.187012 0.272494 0.000000 0.001534 0.171790 0.006234 0.010498 0.000951 0.000615 
-0.186035 0.271054 0.000000 0.001522 0.171790 0.006191 0.010470 0.000949 0.000636 
-0.185059 0.269613 0.000000 0.001511 0.171790 0.006148 0.010443 0.000947 0.000658 
-0.184082 0.268174 0.000000 0.001499 0.171790 0.006105 0.010417 0.000944 0.000679 
-0.183105 0.266734 0.000000 0.001488 0.171790 0.006062 0.010390 0.000942 0.000700 
-0.182129 0.265295 0.000000 0.001477 0.171790 0.006020 0.010364 0.000939 0.000721 
-0.181152 0.263856 0.000000 0.001466 0.171790 0.005977 0.010338 0.000936 0.000742 
-0.180176 0.262418 0.000000 0.001454 0.171790 0.005935 0.010312 0.000933 0.000762 
-0.179199 0.260980 0.000000 0.001443 0.171790 0.005894 0.010286 0.000931 0.000783 
-0.178223 0.259542 0.000000 0.001432 0.171790 0.005852 0.010260 0.000928 0.000803 
-0.177246 0.258104 0.000000 0.001422 0.171790 0.005810 0.010235 0.000925 0.000823 
-0.176270 0.256667 0.000000 0.001411 0.171790 0.005769 0.010209 0.000922 0.000843 
-0.175293 0.255230 0.000000 0.001400 0.171790 0.005728 0.010184 0.000918 0.000863 
-0.174316 0.253794 0.000000 0.001389 0.171790 0.005687 0.010159 0.000915 0.000883 
-0.173340 0.252358 0.000000 0.001379 0.171790 0.005646 0.010135 0.000912 0.000902 
-0.172363 0.250922 0.000000 0.001368 0.171790 0.005606 0.010110 0.000909 0.000922 
-0.171387 0.249486 0.000000 0.001358 0.171790 0.005566 0.010086 0.000905 0.000941 
-0.170410 0.248051 0.000000 0.001348 0.171790 0.005525 0.010061 0.000902 0.000960 
-0.169434 0.246616 0.000000 0.001337 0.171790 0.005485 0.010037 0.000898 0.000979 
-0.168457 0.245181 0.000000 0.001327 0.171790 0.005446 0.010013 0.000894 0.000998 
-0.167480 0.243746 0.000000 0.001317 0.171790 0.005406 0.009990 0.000891 0.001017 
-0.166504 0.242312 0.000000 0.001307 0.171790 0.005367 0.009966 0.000887 0.001035 
-0.165527 0.240878 0.000000 0.001297 0.171790 0.005327 0.009943 0.000883 0.001053 
-0.164551 0.239445 0.000000 0.001287 0.171790 0.005288 0.009920 0.000879 0.001072 
-0.163574 0.238011 0.000000 0.001278 0.171790 0.005249 0.009897 0.000875 0.001090 
-0.162598 0.236578 0.000000 0.001268 0.171790 0.005211 0.009874 0.000871 0.001108 
-0.161621 0.235146 0.000000 0.001258 0.171790 0.005172 0.009851 0.000867 0.001125 
-0.160645 0.233713 0.000000 0.001249 0.171790 0.005134 0.009829 0.000863 0.001143 
-0.159668 0.232281 0.000000 0.001239 0.171790 0.005096 0.009806 0.000858 0.001161 
-0.158691 0.230849 0.000000 0.001230 0.171790 0.005057 0.009784 0.000854 0.001178 
-0.157715 0.229417 0.000000 0.001220 0.171790 0.005020 0.009762 0.000850 0.001195 
-0.156738 0.227986 0.000000 0.001211 0.171790 0.004982 0.009740 0.000845 0.001212 
-0.155762 0.226555 0.000000 0.001202 0.171790 0.004944 0.009719 0.000841 0.001229 
-0.154785 0.225124 0.000000 0.001193 0.171790 0.004907 0.009697 0.000836 0.001246 
-0.153809 0.223693 0.000000 0.001184 0.171790 0.004870 0.009676 0.000832 0.001263 
-0.152832 0.222263 0.000000 0.001175 0.171790 0.004833 0.009655 0.000827 0.001279 
-0.151855 0.220833 0.000000 0.001166 0.171790 0.004796 0.009634 0.000822 0.001296 
-0.150879 0.219403 0.000000 0.001157 0.171790 0.004759 0.009613 0.000817 0.001312 
-0.149902 0.219426 0.000000 0.002175 0.171790 0.005612 0.009590 0.000000 0.000000 
-0.148926 0.217989 0.000000 0.002161 0.171790 0.005571 0.009566 0.000000 0.000000 
-0.147949 0.216551 0.000000 0.002146 0.171790 0.005529 0.009541 0.000000 0.000000 
-0.146973 0.215113 0.000000 0.002131 0.171790 0.005487 0.009517 0.000000 0.000000 
-0.145996 0.213676 0.000000 0.002116 0.171790 0.005446 0.009493 0.000000 0.000000 
-0.145020 0.212238 0.000000 0.002101 0.171790 0.005404 0.009470 0.000000 0.000000 
-0.144043 0.210801 0.000000 0.002086 0.171790 0.005363 0.009446 0.000000 0.000000 
-0.143066 0.209364 0.000000 0.002071 0.171790 0.005322 0.009423 0.000000 0.000000 
-0.142090 0.207927 0.000000 0.002056 0.171790 0.005281 0.009400 0.000000 0.000000 
-0.141113 0.206490 0.000000 0.002042 0.171790 0.005240 0.009377 0.000000 0.000000 
-0.140137 0.205054 0.000000 0.002027 0.171790 0.005199 0.009354 0.000000 0.000000 
-0.139160 0.203617 0.000000 0.002012 0.171790 0.005158 0.009331 0.000000 0.000000 
-0.138184 0.202181 0.000000 0.001997 0.171790 0.005117 0.009309 0.000000 0.000000 
-0.137207 0.200745 0.000000 0.001982 0.171790 0.005077 0.009287 0.000000 0.000000 
-0.136230 0.199309 0.000000 0.001967 0.171790 0.005036 0.009265 0.000000 0.000000 
-0.135254 0.197873 0.000000 0.001953 0.171790 0.004996 0.009243 0.000000 0.000000 
-0.134277 0.196438 0.000000 0.001938 0.171790 0.004955 0.009221 0.000000 0.000000 
-0.133301 0.195002 0.000000 0.001923 0.171790 0.004915 0.009199 0.000000 0.000000 
-0.132324 0.193567 0.000000 0.001908 0.171790 0.004875 0.009178 0.000000 0.000000 
-0.131348 0.192132 0.000000 0.001894 0.171790 0.004835 0.009157 0.000000 0.000000 
-0.130371 0.190697 0.000000 0.001879 0.171790 0.004795 0.009136 0.000000 0.000000 
-0.129395 0.189262 0.000000 0.001864 0.171790 0.004755 0.009115 0.000000 0.000000 
-0.128418 0.187827 0.000000 0.001849 0.171790 0.004715 0.009094 0.000000 0.000000 
-0.127441 0.186393 0.000000 0.001835 0.171790 0.004676 0.009074 0.000000 0.000000 
-0.126465 0.184958 0.000000 0.001820 0.171790 0.004636 0.009053 0.000000 0.000000 
-0.125488 0.183524 0.000000 0.001805 0.171790 0.004597 0.009033 0.000000 0.000000 
-0.124512 0.182090 0.000000 0.001791 0.171790 0.004557 0.009013 0.000000 0.000000 
-0.123535 0.180656 0.000000 0.001776 0.171790 0.004518 0.008993 0.000000 0.000000 
-0.122559 0.179222 0.000000 0.001762 0.171790 0.004479 0.008974 0.000000 0.000000 
-0.121582 0.177788 0.000000 0.001747 0.171790 0.004440 0.008954 0.000000 0.000000 
-0.120605 0.176355 0.000000 0.001732 0.171790 0.004401 0.008935 0.000000 0.000000 
-0.119629 0.174921 0.000000 0.001718 0.171790 0.004362 0.008916 0.000000 0.000000 
-0.118652 0.173488 0.000000 0.001703 0.171790 0.004323 0.008897 0.000000 0.000000 
-0.117676 0.172055 0.000000 0.001689 0.171790 0.004284 0.008878 0.000000 0.000000 
-0.116699 0.170622 0.000000 0.001674 0.171790 0.004245 0.008860 0.000000 0.000000 
-0.115723 0.169189 0.000000 0.001659 0.171790 0.004206 0.008841 0.000000 0.000000 
-0.114746 0.167756 0.000000 0.001645 0.171790 0.004168 0.008823 0.000000 0.000000 
-0.113770 0.166323 0.000000 0.001630 0.171790 0.004129 0.008805 0.000000 0.000000 
-0.112793 0.164891 0.000000 0.001616 0.171790 0.004091 0.008787 0.000000 0.000000 
-0.111816 0.163458 0.000000 0.001601 0.171790 0.004053 0.008769 0.000000 0.000000 
-0.110840 0.162026 0.000000 0.001587 0.171790 0.004014 0.008751 0.000000 0.000000 
-0.109863 0.160594 0.000000 0.001572 0.171790 0.003976 0.008734 0.000000 0.000000 
-0.108887 0.159162 0.000000 0.001558 0.171790 0.003938 0.008717 0.000000 0.000000 
-0.107910 0.157730 0.000000 0.001544 0.171790 0.003900 0.008699 0.000000 0.000000 
-0.106934 0.156298 0.000000 0.001529 0.171790 0.003862 0.008683 0.000000 0.000000 
-0.105957 0.154867 0.000000 0.001515 0.171790 0.003824 0.008666 0.000000 0.000000 
-0.104980 0.153435 0.000000 0.001500 0.171790 0.003786 0.008649 0.000000 0.000000 
-0.104004 0.152004 0.000000 0.001486 0.171790 0.003749 0.008633 0.000000 0.000000 
-0.103027 0.150573 0.000000 0.001471 0.171790 0.003711 0.008616 0.000000 0.000000 
-0.102051 0.149141 0.000000 0.001457 0.171790 0.003673 0.008600 0.000000 0.000000 
-0.101074 0.147710 0.000000 0.001443 0.171790 0.003636 0.008584 0.000000 0.000000 
-0.100098 0.146279 0.000000 0.001428 0.171790 0.003598 0.008568 0.000000 0.000000 
-0.099121 0.144848 0.000000 0.001414 0.171790 0.003561 0.008553 0.000000 0.000000 
-0.098145 0.143418 0.000000 0.001400 0.171790 0.003524 0.008537 0.000000 0.000000 
-0.097168 0.141987 0.000000 0.001385 0.171790 0.003487 0.008522 0.000000 0.000000 
-0.096191 0.140557 0.000000 0.001371 0.171790 0.003449 0.008507 0.000000 0.000000 
-0.095215 0.139126 0.000000 0.001357 0.171790 0.003412 0.008492 0.000000 0.000000 
-0.094238 0.137696 0.000000 0.001342 0.171790 0.003375 0.008477 0.000000 0.000000 
-0.093262 0.136266 0.000000 0.001328 0.171790 0.003338 0.008462 0.000000 0.000000 
-0.092285 0.134836 0.000000 0.001314 0.171790 0.003301 0.008448 0.000000 0.000000 
-0.091309 0.133406 0.000000 0.001300 0.171790 0.003264 0.008434 0.000000 0.000000 
-0.090332 0.131976 0.000000 0.001285 0.171790 0.003228 0.008419 0.000000 0.000000 
-0.089355 0.130546 0.000000 0.001271 0.171790 0.003191 0.008405 0.000000 0.000000 
-0.088379 0.129116 0.000000 0.001257 0.171790 0.003154 0.008392 0.000000 0.000000 
-0.087402 0.127687 0.000000 0.001243 0.171790 0.003118 0.008378 0.000000 0.000000 
-0.086426 0.126257 0.000000 0.001229 0.171790 0.003081 0.008364 0.000000 0.000000 
-0.085449 0.124828 0.000000 0.001214 0.171790 0.003044 0.008351 0.000000 0.000000 
-0.084473 0.123399 0.000000 0.001200 0.171790 0.003008 0.008338 0.000000 0.000000 
-0.083496 0.121969 0.000000 0.001186 0.171790 0.002972 0.008325 0.000000 0.000000 
-0.082520 0.120540 0.000000 0.001172 0.171790 0.002935 0.008312 0.000000 0.000000 
-0.081543 0.119111 0.000000 0.001158 0.171790 0.002899 0.008299 0.000000 0.000000 
-0.080566 0.117682 0.000000 0.001144 0.171790 0.002863 0.008286 0.000000 0.000000 
-0.079590 0.116253 0.000000 0.001129 0.171790 0.002827 0.008274 0.000000 0.000000 
-0.078613 0.114825 0.000000 0.001115 0.171790 0.002791 0.008262 0.000000 0.000000 
-0.077637 0.113396 0.000000 0.001101 0.171790 0.002754 0.008250 0.000000 0.000000 
-0.076660 0.111967 0.000000 0.001087 0.171790 0.002718 0.008238 0.000000 0.000000 
-0.075684 0.110539 0.000000 0.001073 0.171790 0.002683 0.008226 0.000000 0.000000 
-0.074707 0.109111 0.000000 0.001059 0.171790 0.002647 0.008214 0.000000 0.000000 
-0.073730 0.107682 0.000000 0.001045 0.171790 0.002611 0.008203 0.000000 0.000000 
-0.072754 0.106254 0.000000 0.001031 0.171790 0.002575 0.008191 0.000000 0.000000 
-0.071777 0.104826 0.000000 0.001017 0.171790 0.002539 0.008180 0.000000 0.000000 
-0.070801 0.103398 0.000000 0.001003 0.171790 0.002504 0.008169 0.000000 0.000000 
-0.069824 0.101970 0.000000 0.000989 0.171790 0.002468 0.008158 0.000000 0.000000 
-0.068848 0.100542 0.000000 0.000975 0.171790 0.002432 0.008148 0.000000 0.000000 
-0.067871 0.099114 0.000000 0.000960 0.171790 0.002397 0.008137 0.000000 0.000000 
-0.066895 0.097686 0.000000 0.000946 0.171790 0.002361 0.008127 0.000000 0.000000 
-0.065918 0.096258 0.000000 0.000932 0.171790 0.002326 0.008117 0.000000 0.000000 
-0.064941 0.094831 0.000000 0.000918 0.171790 0.002290 0.008106 0.000000 0.000000 
-0.063965 0.093403 0.000000 0.000904 0.171790 0.002255 0.008097 0.000000 0.000000 
-0.062988 0.091976 0.000000 0.000890 0.171790 0.002220 0.008087 0.000000 0.000000 
-0.062012 0.090548 0.000000 0.000877 0.171790 0.002184 0.008077 0.000000 0.000000 
-0.061035 0.089121 0.000000 0.000863 0.171790 0.002149 0.008068 0.000000 0.000000 
-0.060059 0.087694 0.000000 0.000849 0.171790 0.002114 0.008058 0.000000 0.000000 
-0.059082 0.086266 0.000000 0.000835 0.171790 0.002079 0.008049 0.000000 0.000000 
-0.058105 0.084839 0.000000 0.000821 0.171790 0.002044 0.008040 0.000000 0.000000 
-0.057129 0.083412 0.000000 0.000807 0.171790 0.002008 0.008031 0.000000 0.000000 
-0.056152 0.081985 0.000000 0.000793 0.171790 0.001973 0.008023 0.000000 0.000000 
-0.055176 0.080558 0.000000 0.000779 0.171790 0.001938 0.008014 0.000000 0.000000 
-0.054199 0.079131 0.000000 0.000765 0.171790 0.001903 0.008006 0.000000 0.000000 
-0.053223 0.077704 0.000000 0.000751 0.171790 0.001868 0.007998 0.000000 0.000000 
-0.052246 0.076278 0.000000 0.000737 0.171790 0.001834 0.007989 0.000000 0.000000 
-0.051270 0.074851 0.000000 0.000723 0.171790 0.001799 0.007982 0.000000 0.000000 
-0.050293 0.073424 0.000000 0.000709 0.171790 0.001764 0.007974 0.000000 0.000000 
-0.049316 0.071998 0.000000 0.000695 0.171790 0.001729 0.007966 0.000000 0.000000 
-0.048340 0.070571 0.000000 0.000682 0.171790 0.001694 0.007959 0.000000 0.000000 
-0.047363 0.069145 0.000000 0.000668 0.171790 0.001659 0.007951 0.000000 0.000000 
-0.046387 0.067718 0.000000 0.000654 0.171790 0.001625 0.007944 0.000000 0.000000 
-0.045410 0.066292 0.000000 0.000640 0.171790 0.001590 0.007937 0.000000 0.000000 
-0.044434 0.064865 0.000000 0.000626 0.171790 0.001555 0.007930 0.000000 0.000000 
-0.043457 0.063439 0.000000 0.000612 0.171790 0.001521 0.007924 0.000000 0.000000 
-0.042480 0.062013 0.000000 0.000598 0.171790 0.001486 0.007917 0.000000 0.000000 
-0.041504 0.060586 0.000000 0.000585 0.171790 0.001452 0.007911 0.000000 0.000000 
-0.040527 0.059160 0.000000 0.000571 0.171790 0.001417 0.007904 0.000000 0.000000 
-0.039551 0.057734 0.000000 0.000557 0.171790 0.001383 0.007898 0.000000 0.000000 
-0.038574 0.056308 0.000000 0.000543 0.171790 0.001348 0.007892 0.000000 0.000000 
-0.037598 0.054882 0.000000 0.000529 0.171790 0.001314 0.007886 0.000000 0.000000 
-0.036621 0.053456 0.000000 0.000516 0.171790 0.001279 0.007881 0.000000 0.000000 
-0.035645 0.052030 0.000000 0.000502 0.171790 0.001245 0.007875 0.000000 0.000000 
-0.034668 0.050604 0.000000 0.000488 0.171790 0.001210 0.007870 0.000000 0.000000 
-0.033691 0.049178 0.000000 0.000474 0.171790 0.001176 0.007865 0.000000 0.000000 
-0.032715 0.047752 0.000000 0.000460 0.171790 0.001142 0.007860 0.000000 0.000000 
-0.031738 0.046327 0.000000 0.000447 0.171790 0.001107 0.007855 0.000000 0.000000 
-0.030762 0.044901 0.000000 0.000433 0.171790 0.001073 0.007850 0.000000 0.000000 
-0.029785 0.043475 0.000000 0.000419 0.171790 0.001039 0.007845 0.000000 0.000000 
-0.028809 0.042049 0.000000 0.000405 0.171790 0.001005 0.007841 0.000000 0.000000 
-0.027832 0.040624 0.000000 0.000391 0.171790 0.000970 0.007837 0.000000 0.000000 
-0.026855 0.039198 0.000000 0.000378 0.171790 0.000936 0.007832 0.000000 0.000000 
-0.025879 0.037772 0.000000 0.000364 0.171790 0.000902 0.007828 0.000000 0.000000 
-0.024902 0.036347 0.000000 0.000350 0.171790 0.000868 0.007825 0.000000 0.000000 
-0.023926 0.034921 0.000000 0.000336 0.171790 0.000834 0.007821 0.000000 0.000000 
-0.022949 0.033496 0.000000 0.000323 0.171790 0.000799 0.007817 0.000000 0.000000 
-0.021973 0.032070 0.000000 0.000309 0.171790 0.000765 0.007814 0.000000 0.000000 
-0.020996 0.030645 0.000000 0.000295 0.171790 0.000731 0.007811 0.000000 0.000000 
-0.020020 0.029219 0.000000 0.000281 0.171790 0.000697 0.007807 0.000000 0.000000 
-0.019043 0.027794 0.000000 0.000268 0.171790 0.000663 0.007804 0.000000 0.000000 
-0.018066 0.026368 0.000000 0.000254 0.171790 0.000629 0.007802 0.000000 0.000000 
-0.017090 0.024943 0.000000 0.000240 0.171790 0.000595 0.007799 0.000000 0.000000 
-0.016113 0.023517 0.000000 0.000226 0.171790 0.000561 0.007796 0.000000 0.000000 
-0.015137 0.022092 0.000000 0.000213 0.171790 0.000527 0.007794 0.000000 0.000000 
-0.014160 0.020667 0.000000 0.000199 0.171790 0.000493 0.007792 0.000000 0.000000 
-0.013184 0.019241 0.000000 0.000185 0.171790 0.000459 0.007790 0.000000 0.000000 
-0.012207 0.017816 0.000000 0.000172 0.171790 0.000425 0.007788 0.000000 0.000000 
-0.011230 0.016391 0.000000 0.000158 0.171790 0.000391 0.007786 0.000000 0.000000 
-0.010254 0.014965 0.000000 0.000144 0.171790 0.000357 0.007784 0.000000 0.000000 
-0.009277 0.013540 0.000000 0.000130 0.171790 0.000323 0.007783 0.000000 0.000000 
-0.008301 0.012115 0.000000 0.000117 0.171790 0.000289 0.007782 0.000000 0.000000 
-0.007324 0.010689 0.000000 0.000103 0.171790 0.000255 0.007780 0.000000 0.000000 
-0.006348 0.009264 0.000000 0.000089 0.171790 0.000221 0.007779 0.000000 0.000000 
-0.005371 0.007839 0.000000 0.000075 0.171790 0.000187 0.007778 0.000000 0.000000 
-0.004395 0.006414 0.000000 0.000062 0.171790 0.000153 0.007778 0.000000 0.000000 
-0.003418 0.004988 0.000000 0.000048 0.171790 0.000119 0.007777 0.000000 0.000000 
-0.002441 0.003563 0.000000 0.000034 0.171790 0.000085 0.007777 0.000000 0.000000 
-0.001465 0.002138 0.000000 0.000021 0.171790 0.000051 0.007776 0.000000 0.000000 
-0.000488 0.000713 0.000000 0.000007 0.171790 0.000017 0.007776 0.000000 0.000000 
0.000488 0.000713 0.000000 0.000007 0.171790 0.000017 0.007776 0.000000 0.000000 
0.001465 0.002138 0.000000 0.000021 0.171790 0.000051 0.007776 0.000000 0.000000 
0.002441 0.003563 0.000000 0.000034 0.171790 0.000085 0.007777 0.000000 0.000000 
0.003418 0.004988 0.000000 0.000048 0.171790 0.000119 0.007777 0.000000 0.000000 
0.004395 0.006414 0.000000 0.000062 0.171790 0.000153 0.007778 0.000000 0.000000 
0.005371 0.007839 0.000000 0.000075 0.171790 0.000187 0.007778 0.000000 0.000000 
0.006348 0.009264 0.000000 0.000089 0.171790 0.000221 0.007779 0.000000 0.000000 
0.007324 0.010689 0.000000 0.000103 0.171790 0.000255 0.007780 0.000000 0.000000 
0.008301 0.012115 0.000000 0.000117 0.171790 0.000289 0.007782 0.000000 0.000000 
0.009277 0.013540 0.000000 0.000130 0.171790 0.000323 0.007783 0.000000 0.000000 
0.010254 0.014965 0.000000 0.000144 0.171790 0.000357 0.007784 0.000000 0.000000 
0.011230 0.016391 0.000000 0.000158 0.171790 0.000391 0.007786 0.000000 0.000000 
0.012207 0.017816 0.000000 0.000172 0.171790 0.000425 0.007788 0.000000 0.000000 
0.013184 0.019241 0.000000 0.000185 0.171790 0.000459 0.007790 0.000000 0.000000 
0.014160 0.020667 0.000000 0.000199 0.171790 0.000493 0.007792 0.000000 0.000000 
0.015137 0.022092 0.000000 0.000213 0.171790 0.000527 0.007794 0.000000 0.000000 
0.016113 0.023517 0.000000 0.000226 0.171790 0.000561 0.007796 0.000000 0.000000 
0.017090 0.024943 0.000000 0.000240 0.171790 0.000595 0.007799 0.000000 0.000000 
0.018066 0.026368 0.000000 0.000254 0.171790 0.000629 0.007802 0.000000 0.000000 
0.019043 0.027794 0.000000 0.000268 0.171790 0.000663 0.007804 0.000000 0.000000 
0.020020 0.029219 0.000000 0.000281 0.171790 0.000697 0.007807 0.000000 0.000000 
0.020996 0.030645 0.000000 0.000295 0.171790 0.000731 0.007811 0.000000 0.000000 
0.021973 0.032070 0.000000 0.000309 0.171790 0.000765 0.007814 0.000000 0.000000 
0.022949 0.033496 0.000000 0.000323 0.171790 0.000799 0.007817 0.000000 0.000000 
0.023926 0.034921 0.000000 0.000336 0.171790 0.000834 0.007821 0.000000 0.000000 
0.024902 0.036347 0.000000 0.000350 0.171790 0.000868 0.007825 0.000000 0.000000 
0.025879 0.037772 0.000000 0.000364 0.171790 0.000902 0.007828 0.000000 0.000000 
0.026855 0.039198 0.000000 0.000378 0.171790 0.000936 0.007832 0.000000 0.000000 
0.027832 0.040624 0.000000 0.000391 0.171790 0.000970 0.007837 0.000000 0.000000 
0.028809 0.042049 0.000000 0.000405 0.171790 0.001005 0.007841 0.000000 0.000000 
0.029785 0.043475 0.000000 0.000419 0.171790 0.001039 0.007845 0.000000 0.000000 
0.030762 0.044901 0.000000 0.000433 0.171790 0.001073 0.007850 0.000000 0.000000 
0.031738 0.046327 0.000000 0.000447 0.171790 0.001107 0.007855 0.000000 0.000000 
0.032715 0.047752 0.000000 0.000460 0.171790 0.001142 0.007860 0.000000 0.000000 
0.033691 0.049178 0.000000 0.000474 0.171790 0.001176 0.007865 0.000000 0.000000 
0.034668 0.050604 0.000000 0.000488 0.171790 0.001210 0.007870 0.000000 0.000000 
0.035645 0.052030 0.000000 0.000502 0.171790 0.001245 0.007875 0.000000 0.000000 
0.036621 0.053456 0.000000 0.000516 0.171790 0.001279 0.007881 0.000000 0.000000 
0.037598 0.054882 0.000000 0.000529 0.171790 0.001314 0.007886 0.000000 0.000000 
0.038574 0.056308 0.000000 0.000543 0.171790 0.001348 0.007892 0.000000 0.000000 
0.039551 0.057734 0.000000 0.000557 0.171790 0.001383 0.007898 0.000000 0.000000 
0.040527 0.059160 0.000000 0.000571 0.171790 0.001417 0.007904 0.000000 0.000000 
0.041504 0.060586 0.000000 0.000585 0.171790 0.001452 0.007911 0.000000 0.000000 
0.042480 0.062013 0.000000 0.000598 0.171790 0.001486 0.007917 0.000000 0.000000 
0.043457 0.063439 0.000000 0.000612 0.171790 0.001521 0.007924 0.000000 0.000000 
0.044434 0.064865 0.000000 0.000626 0.171790 0.001555 0.007930 0.000000 0.000000 
0.045410 0.066292 0.000000 0.000640 0.171790 0.001590 0.007937 0.000000 0.000000 
0.046387 0.067718 0.000000 0.000654 0.171790 0.001625 0.007944 0.000000 0.000000 
0.047363 0.069145 0.000000 0.000668 0.171790 0.001659 0.007951 0.000000 0.000000 
0.048340 0.070571 0.000000 0.000682 0.171790 0.001694 0.007959 0.000000 0.000000 
0.049316 0.071998 0.000000 0.000695 0.171790 0.001729 0.007966 0.000000 0.000000 
0.050293 0.073424 0.000000 0.000709 0.171790 0.001764 0.007974 0.000000 0.000000 
0.051270 0.074851 0.000000 0.000723 0.171790 0.001799 0.007982 0.000000 0.000000 
0.052246 0.076278 0.000000 0.000737 0.171790 0.001834 0.007989 0.000000 0.000000 
0.053223 0.077704 0.000000 0.000751 0.171790 0.001868 0.007998 0.000000 0.000000 
0.054199 0.079131 0.000000 0.000765 0.171790 0.001903 0.008006 0.000000 0.000000 
0.055176 0.080558 0.000000 0.000779 0.171790 0.001938 0.008014 0.000000 0.000000 
0.056152 0.081985 0.000000 0.000793 0.171790 0.001973 0.008023 0.000000 0.000000 
0.057129 0.083412 0.000000 0.000807 0.171790 0.002008 0.008031 0.000000 0.000000 
0.058105 0.084839 0.000000 0.000821 0.171790 0.002044 0.008040 0.000000 0.000000 
0.059082 0.086266 0.000000 0.000835 0.171790 0.002079 0.008049 0.000000 0.000000 
0.060059 0.087694 0.000000 0.000849 0.171790 0.002114 0.008058 0.000000 0.000000 
0.061035 0.089121 0.000000 0.000863 0.171790 0.002149 0.008068 0.000000 0.000000 
0.062012 0.090548 0.000000 0.000877 0.171790 0.002184 0.008077 0.000000 0.000000 
0.062988 0.091976 0.000000 0.000890 0.171790 0.002220 0.008087 0.000000 0.000000 
0.063965 0.093403 0.000000 0.000904 0.171790 0.002255 0.008097 0.000000 0.000000 
0.064941 0.094831 0.000000 0.000918 0.171790 0.002290 0.008106 0.000000 0.000000 
0.065918 0.096258 0.000000 0.000932 0.171790 0.002326 0.008117 0.000000 0.000000 
0.066895 0.097686 0.000000 0.000946 0.171790 0.002361 0.008127 0.000000 0.000000 
0.067871 0.099114 0.000000 0.000960 0.171790 0.002397 0.008137 0.000000 0.000000 
0.068848 0.100542 0.000000 0.000975 0.171790 0.002432 0.008148 0.000000 0.000000 
0.069824 0.101970 0.000000 0.000989 0.171790 0.002468 0.008158 0.000000 0.000000 
0.070801 0.103398 0.000000 0.001003 0.171790 0.002504 0.008169 0.000000 0.000000 
0.071777 0.104826 0.000000 0.001017 0.171790 0.002539 0.008180 0.000000 0.000000 
0.072754 0.106254 0.000000 0.001031 0.171790 0.002575 0.008191 0.000000 0.000000 
0.073730 0.107682 0.000000 0.001045 0.171790 0.002611 0.008203 0.000000 0.000000 
0.074707 0.109111 0.000000 0.001059 0.171790 0.002647 0.008214 0.000000 0.000000 
0.075684 0.110539 0.000000 0.001073 0.171790 0.002683 0.008226 0.000000 0.000000 
0.076660 0.111967 0.000000 0.001087 0.171790 0.002718 0.008238 0.000000 0.000000 
0.077637 0.113396 0.000000 0.001101 0.171790 0.002754 0.008250 0.000000 0.000000 
0.078613 0.114825 0.000000 0.001115 0.171790 0.002791 0.008262 0.000000 0.000000 
0.079590 0.116253 0.000000 0.001129 0.171790 0.002827 0.008274 0.000000 0.000000 
0.080566 0.117682 0.000000 0.001144 0.171790 0.002863 0.008286 0.000000 0.000000 
0.081543 0.119111 0.000000 0.001158 0.171790 0.002899 0.008299 0.000000 0.000000 
0.082520 0.120540 0.000000 0.001172 0.171790 0.002935 0.008312 0.000000 0.000000 
0.083496 0.121969 0.000000 0.001186 0.171790 0.002972 0.008325 0.000000 0.000000 
0.084473 0.123399 0.000000 0.001200 0.171790 0.003008 0.008338 0.000000 0.000000 
0.085449 0.124828 0.000000 0.001214 0.171790 0.003044 0.008351 0.000000 0.000000 
0.086426 0.126257 0.000000 0.001229 0.171790 0.003081 0.008364 0.000000 0.000000 
0.087402 0.127687 0.000000 0.001243 0.171790 0.003118 0.008378 0.000000 0.000000 
0.088379 0.129116 0.000000 0.001257 0.171790 0.003154 0.008392 0.000000 0.000000 
0.089355 0.130546 0.000000 0.001271 0.171790 0.003191 0.008405 0.000000 0.000000 
0.090332 0.131976 0.000000 0.001285 0.171790 0.003228 0.008419 0.000000 0.000000 
0.091309 0.133406 0.000000 0.001300 0.171790 0.003264 0.008434 0.000000 0.000000 
0.092285 0.134836 0.000000 0.001314 0.171790 0.003301 0.008448 0.000000 0.000000 
0.093262 0.136266 0.000000 0.001328 0.171790 0.003338 0.008462 0.000000 0.000000 
0.094238 0.137696 0.000000 0.001342 0.171790 0.003375 0.008477 0.000000 0.000000 
0.095215 0.139126 0.000000 0.001357 0.171790 0.003412 0.008492 0.000000 0.000000 
0.096191 0.140557 0.000000 0.001371 0.171790 0.003449 0.008507 0.000000 0.000000 
0.097168 0.141987 0.000000 0.001385 0.171790 0.003487 0.008522 0.000000 0.000000 
0.098145 0.143418 0.000000 0.001400 0.171790 0.003524 0.008537 0.000000 0.000000 
0.099121 0.144848 0.000000 0.001414 0.171790 0.003561 0.008553 0.000000 0.000000 
0.100098 0.146279 0.000000 0.001428 0.171790 0.003598 0.008568 0.000000 0.000000 
0.101074 0.147710 0.000000 0.001443 0.171790 0.003636 0.008584 0.000000 0.000000 
0.102051 0.149141 0.000000 0.001457 0.171790 0.003673 0.008600 0.000000 0.000000 
0.103027 0.150573 0.000000 0.001471 0.171790 0.003711 0.008616 0.000000 0.000000 
0.104004 0.152004 0.000000 0.001486 0.171790 0.003749 0.008633 0.000000 0.000000 
0.104980 0.153435 0.000000 0.001500 0.171790 0.003786 0.008649 0.000000 0.000000 
0.105957 0.154867 0.000000 0.001515 0.171790 0.003824 0.008666 0.000000 0.000000 
0.106934 0.156298 0.000000 0.001529 0.171790 0.003862 0.008683 0.000000 0.000000 
0.107910 0.157730 0.000000 0.001544 0.171790 0.003900 0.008699 0.000000 0.000000 
0.108887 0.159162 0.000000 0.001558 0.171790 0.003938 0.008717 0.000000 0.000000 
0.109863 0.160594 0.000000 0.001572 0.171790 0.003976 0.008734 0.000000 0.000000 
0.110840 0.162026 0.000000 0.001587 0.171790 0.004014 0.008751 0.000000 0.000000 
0.111816 0.163458 0.000000 0.001601 0.171790 0.004053 0.008769 0.000000 0.000000 
0.112793 0.164891 0.000000 0.001616 0.171790 0.004091 0.008787 0.000000 0.000000 
0.113770 0.166323 0.000000 0.001630 0.171790 0.004129 0.008805 0.000000 0.000000 
0.114746 0.167756 0.000000 0.001645 0.171790 0.004168 0.008823 0.000000 0.000000 
0.115723 0.169189 0.000000 0.001659 0.171790 0.004206 0.008841 0.000000 0.000000 
0.116699 0.170622 0.000000 0.001674 0.171790 0.004245 0.008860 0.000000 0.000000 
0.117676 0.172055 0.000000 0.001689 0.171790 0.004284 0.008878 0.000000 0.000000 
0.118652 0.173488 0.000000 0.001703 0.171790 0.004323 0.008897 0.000000 0.000000 
0.119629 0.174921 0.000000 0.001718 0.171790 0.004362 0.008916 0.000000 0.000000 
0.120605 0.176355 0.000000 0.001732 0.171790 0.004401 0.008935 0.000000 0.000000 
0.121582 0.177788 0.000000 0.001747 0.171790 0.004440 0.008954 0.000000 0.000000 
0.122559 0.179222 0.000000 0.001762 0.171790 0.004479 0.008974 0.000000 0.000000 
0.123535 0.180656 0.000000 0.001776 0.171790 0.004518 0.008993 0.000000 0.000000 
0.124512 0.182090 0.000000 0.001791 0.171790 0.004557 0.009013 0.000000 0.000000 
0.125488 0.183524 0.000000 0.001805 0.171790 0.004597 0.009033 0.000000 0.000000 
0.126465 0.184958 0.000000 0.001820 0.171790 0.004636 0.009053 0.000000 0.000000 
0.127441 0.186393 0.000000 0.001835 0.171790 0.004676 0.009074 0.000000 0.000000 
0.128418 0.187827 0.000000 0.001849 0.171790 0.004715 0.009094 0.000000 0.000000 
0.129395 0.189262 0.000000 0.001864 0.171790 0.004755 0.009115 0.000000 0.000000 
0.130371 0.190697 0.000000 0.001879 0.171790 0.004795 0.009136 0.000000 0.000000 
0.131348 0.192132 0.000000 0.001894 0.171790 0.004835 0.009157 0.000000 0.000000 
0.132324 0.193567 0.000000 0.001908 0.171790 0.004875 0.009178 0.000000 0.000000 
0.133301 0.195002 0.000000 0.001923 0.171790 0.004915 0.009199 0.000000 0.000000 
0.134277 0.196438 0.000000 0.001938 0.171790 0.004955 0.009221 0.000000 0.000000 
0.135254 0.197873 0.000000 0.001953 0.171790 0.004996 0.009243 0.000000 0.000000 
0.136230 0.199309 0.000000 0.001967 0.171790 0.005036 0.009265 0.000000 0.000000 
0.137207 0.200745 0.000000 0.001982 0.171790 0.005077 0.009287 0.000000 0.000000 
0.138184 0.202181 0.000000 0.001997 0.171790 0.005117 0.009309 0.000000 0.000000 
0.139160 0.203617 0.000000 0.002012 0.171790 0.005158 0.009331 0.000000 0.000000 
0.140137 0.205054 0.000000 0.002027 0.171790 0.005199 0.009354 0.000000 0.000000 
0.141113 0.206490 0.000000 0.002042 0.171790 0.005240 0.009377 0.000000 0.000000 
0.142090 0.207927 0.000000 0.002056 0.171790 0.005281 0.009400 0.000000 0.000000 
0.143066 0.209364 0.000000 0.002071 0.171790 0.005322 0.009423 0.000000 0.000000 
0.144043 0.210801 0.000000 0.002086 0.171790 0.005363 0.009446 0.000000 0.000000 
0.145020 0.212238 0.000000 0.002101 0.171790 0.005404 0.009470 0.000000 0.000000 
0.145996 0.213676 0.000000 0.002116 0.171790 0.005446 0.009493 0.000000 0.000000 
0.146973 0.215113 0.000000 0.002131 0.171790 0.005487 0.009517 0.000000 0.000000 
0.147949 0.216551 0.000000 0.002146 0.171790 0.005529 0.009541 0.000000 0.000000 
0.148926 0.217989 0.000000 0.002161 0.171790 0.005571 0.009566 0.000000 0.000000 
0.149902 0.219426 0.000000 0.002175 0.171790 0.005612 0.009590 0.000000 0.000000 
0.150879 0.219403 0.000000 0.001157 0.171790 0.004759 0.009613 0.000817 0.001312 
0.151855 0.220833 0.000000 0.001166 0.171790 0.004796 0.009634 0.000822 0.001296 
0.152832 0.222263 0.000000 0.001175 0.171790 0.004833 0.009655 0.000827 0.001279 
0.153809 0.223693 0.000000 0.001184 0.171790 0.004870 0.009676 0.000832 0.001263 
0.154785 0.225124 0.000000 0.001193 0.171790 0.004907 0.009697 0.000836 0.001246 
0.155762 0.226555 0.000000 0.001202 0.171790 0.004944 0.009719 0.000841 0.001229 
0.156738 0.227986 0.000000 0.001211 0.171790 0.004982 0.009740 0.000845 0.001212 
0.157715 0.229417 0.000000 0.001220 0.171790 0.005020 0.009762 0.000850 0.001195 
0.158691 0.230849 0.000000 0.001230 0.171790 0.005057 0.009784 0.000854 0.001178 
0.159668 0.232281 0.000000 0.001239 0.171790 0.005096 0.009806 0.000858 0.001161 
0.160645 0.233713 0.000000 0.001249 0.171790 0.005134 0.009829 0.000863 0.001143 
0.161621 0.235146 0.000000 0.001258 0.171790 0.005172 0.009851 0.000867 0.001125 
0.162598 0.236578 0.000000 0.001268 0.171790 0.005211 0.009874 0.000871 0.001108 
0.163574 0.238011 0.000000 0.001278 0.171790 0.005249 0.009897 0.000875 0.001090 
0.164551 0.239445 0.000000 0.001287 0.171790 0.005288 0.009920 0.000879 0.001072 
0.165527 0.240878 0.000000 0.001297 0.171790 0.005327 0.009943 0.000883 0.001053 
0.166504 0.242312 0.000000 0.001307 0.171790 0.005367 0.009966 0.000887 0.001035 
0.167480 0.243746 0.000000 0.001317 0.171790 0.005406 0.009990 0.000891 0.001017 
0.168457 0.245181 0.000000 0.001327 0.171790 0.005446 0.010013 0.000894 0.000998 
0.169434 0.246616 0.000000 0.001337 0.171790 0.005485 0.010037 0.000898 0.000979 
0.170410 0.248051 0.000000 0.001348 0.171790 0.005525 0.010061 0.000902 0.000960 
0.171387 0.249486 0.000000 0.001358 0.171790 0.005566 0.010086 0.000905 0.000941 
0.172363 0.250922 0.000000 0.001368 0.171790 0.005606 0.010110 0.000909 0.000922 
0.173340 0.252358 0.000000 0.001379 0.171790 0.005646 0.010135 0.000912 0.000902 
0.174316 0.253794 0.000000 0.001389 0.171790 0.005687 0.010159 0.000915 0.000883 
0.175293 0.255230 0.000000 0.001400 0.171790 0.005728 0.010184 0.000918 0.000863 
0.176270 0.256667 0.000000 0.001411 0.171790 0.005769 0.010209 0.000922 0.000843 
0.177246 0.258104 0.000000 0.001422 0.171790 0.005810 0.010235 0.000925 0.000823 
0.178223 0.259542 0.000000 0.001432 0.171790 0.005852 0.010260 0.000928 0.000803 
0.179199 0.260980 0.000000 0.001443 0.171790 0.005894 0.010286 0.000931 0.000783 
0.180176 0.262418 0.000000 0.001454 0.171790 0.005935 0.010312 0.000933 0.000762 
0.181152 0.263856 0.000000 0.001466 0.171790 0.005977 0.010338 0.000936 0.000742 
0.182129 0.265295 0.000000 0.001477 0.171790 0.006020 0.010364 0.000939 0.000721 
0.183105 0.266734 0.000000 0.001488 0.171790 0.006062 0.010390 0.000942 0.000700 
0.184082 0.268174 0.000000 0.001499 0.171790 0.006105 0.010417 0.000944 0.000679 
0.185059 0.269613 0.000000 0.001511 0.171790 0.006148 0.010443 0.000947 0.000658 
0.186035 0.271054 0.000000 0.001522 0.171790 0.006191 0.010470 0.000949 0.000636 
0.187012 0.272494 0.000000 0.001534 0.171790 0.006234 0.010498 0.000951 0.000615 
0.187988 0.273935 0.000000 0.001546 0.171790 0.006277 0.010525 0.000953 0.000593 
0.188965 0.275376 0.000000 0.001557 0.171790 0.006321 0.010552 0.000956 0.000571 
0.189941 0.276817 0.000000 0.001569 0.171790 0.006365 0.010580 0.000958 0.000549 
0.190918 0.278259 0.000000 0.001581 0.171790 0.006409 0.010608 0.000960 0.000526 
0.191895 0.279701 0.000000 0.001593 0.171790 0.006453 0.010636 0.000962 0.000504 
0.192871 0.281144 0.000000 0.001605 0.171790 0.006498 0.010664 0.000963 0.000481 
0.193848 0.282587 0.000000 0.001618 0.171790 0.006543 0.010693 0.000965 0.000459 
0.194824 0.284030 0.000000 0.001630 0.171790 0.006588 0.010721 0.000967 0.000436 
0.195801 0.285473 0.000000 0.001642 0.171790 0.006633 0.010750 0.000968 0.000412 
0.196777 0.286917 0.000000 0.001655 0.171790 0.006678 0.010779 0.000970 0.000389 
0.197754 0.288361 0.000000 0.001667 0.171790 0.006724 0.010809 0.000971 0.000366 
0.198730 0.289806 0.000000 0.001680 0.171790 0.006770 0.010838 0.000973 0.000342 
0.199707 0.291251 0.000000 0.001693 0.171790 0.006816 0.010868 0.000974 0.000318 
0.200684 0.292696 0.000000 0.001705 0.171790 0.006862 0.010898 0.000975 0.000294 
0.201660 0.294142 0.000000 0.001718 0.171790 0.006908 0.010928 0.000976 0.000270 
0.202637 0.295588 0.000000 0.001731 0.171790 0.006955 0.010958 0.000977 0.000245 
0.203613 0.297035 0.000000 0.001744 0.171790 0.007002 0.010988 0.000978 0.000221 
0.204590 0.298482 0.000000 0.001758 0.171790 0.007049 0.011019 0.000978 0.000196 
0.205566 0.299929 0.000000 0.001771 0.171790 0.007097 0.011050 0.000979 0.000171 
0.206543 0.301377 0.000000 0.001784 0.171790 0.007145 0.011081 0.000980 0.000146 
0.207520 0.302825 0.000000 0.001798 0.171790 0.007192 0.011112 0.000980 0.000120 
0.208496 0.304273 0.000000 0.001811 0.171790 0.007241 0.011144 0.000981 0.000095 
0.209473 0.305722 0.000000 0.001825 0.171790 0.007289 0.011176 0.000981 0.000069 
0.210449 0.307171 0.000000 0.001839 0.171790 0.007338 0.011208 0.000981 0.000043 
0.211426 0.308621 0.000000 0.001852 0.171790 0.007387 0.011240 0.000981 0.000017 
0.212402 0.310071 0.000000 0.001866 0.171790 0.007436 0.011272 0.000981 0.000009 
0.213379 0.311521 0.000000 0.001880 0.171790 0.007485 0.011305 0.000981 0.000036 
0.214355 0.312972 0.000000 0.001895 0.171790 0.007535 0.011338 0.000981 0.000063 
0.215332 0.314423 0.000000 0.001909 0.171790 0.007585 0.011371 0.000981 0.000090 
0.216309 0.315875 0.000000 0.001923 0.171790 0.007635 0.011404 0.000980 0.000117 
0.217285 0.317327 0.000000 0.001938 0.171790 0.007685 0.011437 0.000980 0.000144 
0.218262 0.318780 0.000000 0.001952 0.171790 0.007736 0.011471 0.000979 0.000172 
0.219238 0.320233 0.000000 0.001967 0.171790 0.007787 0.011505 0.000979 0.000199 
0.220215 0.321686 0.000000 0.001981 0.171790 0.007838 0.011539 0.000978 0.000227 
0.221191 0.323140 0.000000 0.001996 0.171790 0.007889 0.011573 0.000977 0.000256 
0.222168 0.324594 0.000000 0.002011 0.171790 0.007941 0.011608 0.000976 0.000284 
0.223145 0.326049 0.000000 0.002026 0.171790 0.007993 0.011643 0.000975 0.000313 
0.224121 0.327504 0.000000 0.002041 0.171790 0.008045 0.011678 0.000974 0.000341 
0.225098 0.328959 0.000000 0.002056 0.171790 0.008098 0.011713 0.000972 0.000371 
0.226074 0.330415 0.000000 0.002072 0.171790 0.008151 0.011748 0.000971 0.000400 
0.227051 0.331872 0.000000 0.002087 0.171790 0.008204 0.011784 0.000969 0.000429 
0.228027 0.333329 0.000000 0.002103 0.171790 0.008257 0.011820 0.000968 0.000459 
0.229004 0.334786 0.000000 0.002118 0.171790 0.008311 0.011856 0.000966 0.000489 
0.229980 0.336244 0.000000 0.002134 0.171790 0.008365 0.011893 0.000964 0.000519 
0.230957 0.337702 0.000000 0.002150 0.171790 0.008419 0.011929 0.000962 0.000549 
0.231934 0.339161 0.000000 0.002166 0.171790 0.008473 0.011966 0.000960 0.000580 
0.232910 0.340620 0.000000 0.002182 0.171790 0.008528 0.012003 0.000958 0.000611 
0.233887 0.342080 0.000000 0.002198 0.171790 0.008583 0.012041 0.000956 0.000642 
0.234863 0.343540 0.000000 0.002214 0.171790 0.008638 0.012078 0.000953 0.000673 
0.235840 0.345000 0.000000 0.002230 0.171790 0.008694 0.012116 0.000951 0.000705 
0.236816 0.346462 0.000000 0.002247 0.171790 0.008750 0.012154 0.000948 0.000736 
0.237793 0.347923 0.000000 0.002263 0.171790 0.008806 0.012193 0.000945 0.000768 
0.238770 0.349385 0.000000 0.002280 0.171790 0.008863 0.012231 0.000942 0.000801 
0.239746 0.350848 0.000000 0.002297 0.171790 0.008919 0.012270 0.000939 0.000833 
0.240723 0.352311 0.000000 0.002314 0.171790 0.008976 0.012309 0.000936 0.000866 
0.241699 0.353774 0.000000 0.002331 0.171790 0.009034 0.012348 0.000933 0.000899 
0.242676 0.355238 0.000000 0.002348 0.171790 0.009092 0.012388 0.000929 0.000932 
0.243652 0.356703 0.000000 0.002365 0.171790 0.009150 0.012428 0.000926 0.000966 
0.244629 0.358168 0.000000 0.002382 0.171790 0.009208 0.012468 0.000922 0.000999 
0.245605 0.359633 0.000000 0.002399 0.171790 0.009267 0.012508 0.000919 0.001033 
0.246582 0.361100 0.000000 0.002417 0.171790 0.009326 0.012549 0.000915 0.001067 
0.247559 0.362566 0.000000 0.002434 0.171790 0.009385 0.012590 0.000911 0.001102 
0.248535 0.364033 0.000000 0.002452 0.171790 0.009444 0.012631 0.000907 0.001137 
0.249512 0.365501 0.000000 0.002470 0.171790 0.009504 0.012672 0.000902 0.001172 
0.250488 0.366969 0.000000 0.002488 0.171790 0.009565 0.012714 0.000898 0.001207 
0.251465 0.368438 0.000000 0.002506 0.171790 0.009625 0.012756 0.000893 0.001242 
0.252441 0.369907 0.000000 0.002524 0.171790 0.009686 0.012798 0.000889 0.001278 
0.253418 0.371377 0.000000 0.002542 0.171790 0.009747 0.012840 0.000884 0.001314 
0.254395 0.372847 0.000000 0.002561 0.171790 0.009809 0.012883 0.000879 0.001350 
0.255371 0.374318 0.000000 0.002579 0.171790 0.009871 0.012926 0.000874 0.001387 
0.256348 0.375789 0.000000 0.002598 0.171790 0.009933 0.012969 0.000869 0.001424 
0.257324 0.377261 0.000000 0.002616 0.171790 0.009996 0.013013 0.000863 0.001461 
0.258301 0.378734 0.000000 0.002635 0.171790 0.010058 0.013057 0.000858 0.001498 
0.259277 0.380207 0.000000 0.002654 0.171790 0.010122 0.013101 0.000852 0.001536 
0.260254 0.381680 0.000000 0.002673 0.171790 0.010185 0.013145 0.000847 0.001574 
0.261230 0.383155 0.000000 0.002692 0.171790 0.010249 0.013190 0.000841 0.001612 
0.262207 0.384629 0.000000 0.002711 0.171790 0.010314 0.013234 0.000835 0.001650 
0.263184 0.386105 0.000000 0.002730 0.171790 0.010378 0.013280 0.000829 0.001689 
0.264160 0.387581 0.000000 0.002750 0.171790 0.010443 0.013325 0.000822 0.001728 
0.265137 0.389057 0.000000 0.002769 0.171790 0.010509 0.013371 0.000816 0.001768 
0.266113 0.390534 0.000000 0.002789 0.171790 0.010574 0.013417 0.000809 0.001807 
0.267090 0.392012 0.000000 0.002809 0.171790 0.010640 0.013463 0.000802 0.001847 
0.268066 0.393490 0.000000 0.002829 0.171790 0.010707 0.013510 0.000796 0.001887 
0.269043 0.394969 0.000000 0.002849 0.171790 0.010774 0.013557 0.000789 0.001928 
0.270020 0.396449 0.000000 0.002869 0.171790 0.010841 0.013604 0.000781 0.001969 
0.270996 0.397929 0.000000 0.002889 0.171790 0.010908 0.013651 0.000774 0.002010 
0.271973 0.399410 0.000000 0.002909 0.171790 0.010976 0.013699 0.000767 0.002051 
0.272949 0.400891 0.000000 0.002929 0.171790 0.011045 0.013747 0.000759 0.002093 
0.273926 0.402373 0.000000 0.002950 0.171790 0.011113 0.013796 0.000751 0.002135 
0.274902 0.403856 0.000000 0.002970 0.171790 0.011182 0.013844 0.000743 0.002177 
0.275879 0.405339 0.000000 0.002991 0.171790 0.011252 0.013893 0.000735 0.002220 
0.276855 0.406823 0.000000 0.003012 0.171790 0.011322 0.013943 0.000727 0.002263 
0.277832 0.408307 0.000000 0.003033 0.171790 0.011392 0.013992 0.000718 0.002306 
0.278809 0.409792 0.000000 0.003054 0.171790 0.011463 0.014042 0.000710 0.002349 
0.279785 0.411278 0.000000 0.003075 0.171790 0.011534 0.014092 0.000701 0.002393 
0.280762 0.412764 0.000000 0.003096 0.171790 0.011605 0.014143 0.000692 0.002438 
0.281738 0.414251 0.000000 0.003117 0.171790 0.011677 0.014194 0.000683 0.002482 
0.282715 0.415739 0.000000 0.003139 0.171790 0.011749 0.014245 0.000674 0.002527 
0.283691 0.417228 0.000000 0.003160 0.171790 0.011822 0.014296 0.000664 0.002572 
0.284668 0.418717 0.000000 0.003182 0.171790 0.011895 0.014348 0.000655 0.002618 
0.285645 0.420206 0.000000 0.003203 0.171790 0.011968 0.014400 0.000645 0.002664 
0.286621 0.421697 0.000000 0.003225 0.171790 0.012042 0.014453 0.000635 0.002710 
0.287598 0.423188 0.000000 0.003247 0.171790 0.012116 0.014505 0.000625 0.002756 
0.288574 0.424680 0.000000 0.003269 0.171790 0.012191 0.014559 0.000615 0.002803 
0.289551 0.426172 0.000000 0.003291 0.171790 0.012266 0.014612 0.000604 0.002850 
0.290527 0.427665 0.000000 0.003313 0.171790 0.012342 0.014666 0.000594 0.002898 
0.291504 0.429159 0.000000 0.003336 0.171790 0.012418 0.014720 0.000583 0.002946 
0.292480 0.430654 0.000000 0.003358 0.171790 0.012494 0.014774 0.000572 0.002994 
0.293457 0.432149 0.000000 0.003380 0.171790 0.012571 0.014829 0.000561 0.003042 
0.294434 0.433645 0.000000 0.003403 0.171790 0.012648 0.014884 0.000549 0.003091 
0.295410 0.435142 0.000000 0.003426 0.171790 0.012726 0.014939 0.000538 0.003141 
0.296387 0.436639 0.000000 0.003448 0.171790 0.012804 0.014995 0.000526 0.003190 
0.297363 0.438137 0.000000 0.003471 0.171790 0.012883 0.015051 0.000514 0.003240 
0.298340 0.439636 0.000000 0.003494 0.171790 0.012962 0.015108 0.000502 0.003291 
0.299316 0.441136 0.000000 0.003517 0.171790 0.013041 0.015164 0.000490 0.003341 
0.300293 0.442636 0.000000 0.003540 0.171790 0.013121 0.015222 0.000478 0.003393 
0.301270 0.444137 0.000000 0.003563 0.171790 0.013202 0.015279 0.000465 0.003444 
0.302246 0.445639 0.000000 0.003586 0.171790 0.013283 0.015337 0.000452 0.003496 
0.303223 0.447142 0.000000 0.003610 0.171790 0.013364 0.015395 0.000439 0.003548 
0.304199 0.448645 0.000000 0.003633 0.171790 0.013446 0.015454 0.000426 0.003601 
0.305176 0.450149 0.000000 0.003657 0.171790 0.013528 0.015513 0.000413 0.003654 
0.306152 0.451654 0.000000 0.003680 0.171790 0.013611 0.015572 0.000399 0.003707 
0.307129 0.453160 0.000000 0.003704 0.171790 0.013694 0.015631 0.000385 0.003761 
0.308105 0.454666 0.000000 0.003727 0.171790 0.013778 0.015691 0.000371 0.003815 
0.309082 0.456174 0.000000 0.003751 0.171790 0.013862 0.015752 0.000357 0.003870 
0.310059 0.457682 0.000000 0.003775 0.171790 0.013947 0.015812 0.000343 0.003924 
0.311035 0.459191 0.000000 0.003799 0.171790 0.014032 0.015874 0.000328 0.003980 
0.312012 0.460700 0.000000 0.003823 0.171790 0.014117 0.015935 0.000313 0.004035 
0.312988 0.462211 0.000000 0.003847 0.171790 0.014204 0.015997 0.000298 0.004092 
0.313965 0.463722 0.000000 0.003871 0.171790 0.014290 0.016059 0.000283 0.004148 
0.314941 0.465234 0.000000 0.003895 0.171790 0.014377 0.016122 0.000268 0.004205 
0.315918 0.466747 0.000000 0.003919 0.171790 0.014465 0.016185 0.000252 0.004262 
0.316895 0.468261 0.000000 0.003943 0.171790 0.014553 0.016248 0.000236 0.004320 
0.317871 0.469776 0.000000 0.003967 0.171790 0.014642 0.016312 0.000220 0.004378 
0.318848 0.471291 0.000000 0.003992 0.171790 0.014731 0.016376 0.000204 0.004437 
0.319824 0.472807 0.000000 0.004016 0.171790 0.014821 0.016440 0.000188 0.004496 
0.320801 0.474324 0.000000 0.004041 0.171790 0.014911 0.016505 0.000171 0.004555 
0.321777 0.475842 0.000000 0.004065 0.171790 0.015002 0.016571 0.000154 0.004615 
0.322754 0.477361 0.000000 0.004089 0.171790 0.015093 0.016636 0.000137 0.004676 
0.323730 0.478881 0.000000 0.004114 0.171790 0.015185 0.016703 0.000119 0.004736 
0.324707 0.480402 0.000000 0.004138 0.171790 0.015277 0.016769 0.000102 0.004798 
0.325684 0.481923 0.000000 0.004163 0.171790 0.015370 0.016836 0.000084 0.004859 
0.326660 0.483446 0.000000 0.004188 0.171790 0.015464 0.016903 0.000066 0.004921 
0.327637 0.484969 0.000000 0.004212 0.171790 0.015558 0.016971 0.000048 0.004984 
0.328613 0.486493 0.000000 0.004237 0.171790 0.015652 0.017039 0.000029 0.005047 
0.329590 0.488018 0.000000 0.004261 0.171790 0.015747 0.017108 0.000010 0.005110 
0.330566 0.489544 0.000000 0.004286 0.171790 0.015843 0.017177 0.000009 0.005174 
0.331543 0.491071 0.000000 0.004311 0.171790 0.015939 0.017246 0.000028 0.005238 
0.332520 0.492599 0.000000 0.004335 0.171790 0.016036 0.017316 0.000047 0.005303 
0.333496 0.494128 0.000000 0.004360 0.171790 0.016133 0.017386 0.000067 0.005368 
0.334473 0.495657 0.000000 0.004384 0.171790 0.016231 0.017457 0.000087 0.005434 
0.335449 0.497188 0.000000 0.004409 0.171790 0.016330 0.017528 0.000107 0.005500 
0.336426 0.498720 0.000000 0.004434 0.171790 0.016429 0.017600 0.000128 0.005567 
0.337402 0.500252 0.000000 0.004458 0.171790 0.016529 0.017672 0.000148 0.005634 
0.338379 0.501786 0.000000 0.004483 0.171790 0.016629 0.017744 0.000169 0.005702 
0.339355 0.503320 0.000000 0.004507 0.171790 0.016730 0.017817 0.000190 0.005770 
0.340332 0.504855 0.000000 0.004532 0.171790 0.016831 0.017890 0.000212 0.005838 
0.341309 0.506392 0.000000 0.004556 0.171790 0.016933 0.017964 0.000233 0.005907 
0.342285 0.507929 0.000000 0.004580 0.171790 0.017036 0.018038 0.000255 0.005977 
0.343262 0.509468 0.000000 0.004605 0.171790 0.017139 0.018113 0.000278 0.006047 
0.344238 0.511007 0.000000 0.004629 0.171790 0.017243 0.018188 0.000300 0.006118 
0.345215 0.512547 0.000000 0.004653 0.171790 0.017347 0.018263 0.000323 0.006189 
0.346191 0.514089 0.000000 0.004677 0.171790 0.017452 0.018339 0.000346 0.006260 
0.347168 0.515631 0.000000 0.004701 0.171790 0.017558 0.018416 0.000369 0.006332 
0.348145 0.517175 0.000000 0.004725 0.171790 0.017665 0.018493 0.000392 0.006405 
0.349121 0.518719 0.000000 0.004749 0.171790 0.017771 0.018570 0.000416 0.006478 
0.350098 0.520265 0.000000 0.004773 0.171790 0.017879 0.018648 0.000440 0.006552 
0.351074 0.521811 0.000000 0.004796 0.171790 0.017987 0.018726 0.000465 0.006626 
0.352051 0.523359 0.000000 0.004820 0.171790 0.018096 0.018805 0.000489 0.006701 
0.353027 0.524908 0.000000 0.004843 0.171790 0.018206 0.018884 0.000514 0.006776 
0.354004 0.526457 0.000000 0.004867 0.171790 0.018316 0.018964 0.000539 0.006852 
0.354980 0.528008 0.000000 0.004890 0.171790 0.018427 0.019044 0.000565 0.006928 
0.355957 0.529560 0.000000 0.004913 0.171790 0.018538 0.019125 0.000590 0.007005 
0.356934 0.531113 0.000000 0.004936 0.171790 0.018651 0.019206 0.000616 0.007082 
0.357910 0.532667 0.000000 0.004958 0.171790 0.018763 0.019288 0.000643 0.007160 
0.358887 0.534222 0.000000 0.004981 0.171790 0.018877 0.019370 0.000669 0.007239 
0.359863 0.535778 0.000000 0.005003 0.171790 0.018991 0.019453 0.000696 0.007318 
0.360840 0.537336 0.000000 0.005025 0.171790 0.019106 0.019536 0.000723 0.007397 
0.361816 0.538894 0.000000 0.005047 0.171790 0.019222 0.019620 0.000751 0.007478 
0.362793 0.540454 0.000000 0.005069 0.171790 0.019338 0.019704 0.000778 0.007558 
0.363770 0.542015 0.000000 0.005091 0.171790 0.019455 0.019788 0.000806 0.007640 
0.364746 0.543577 0.000000 0.005112 0.171790 0.019572 0.019874 0.000835 0.007722 
0.365723 0.545140 0.000000 0.005133 0.171790 0.019691 0.019959 0.000863 0.007804 
0.366699 0.546704 0.000000 0.005154 0.171790 0.019810 0.020046 0.000892 0.007887 
0.367676 0.548269 0.000000 0.005175 0.171790 0.019930 0.020132 0.000922 0.007971 
0.368652 0.549836 0.000000 0.005195 0.171790 0.020050 0.020220 0.000951 0.008055 
0.369629 0.551404 0.000000 0.005215 0.171790 0.020171 0.020308 0.000981 0.008140 
0.370605 0.552973 0.000000 0.005235 0.171790 0.020293 0.020396 0.001011 0.008226 
0.371582 0.554543 0.000000 0.005254 0.171790 0.020416 0.020485 0.001042 0.008312 
0.372559 0.556114 0.000000 0.005273 0.171790 0.020540 0.020574 0.001073 0.008398 
0.373535 0.557687 0.000000 0.005292 0.171790 0.020664 0.020664 0.001104 0.008486 
0.374512 0.559261 0.000000 0.005311 0.171790 0.020789 0.020755 0.001135 0.008574 
0.375488 0.560836 0.000000 0.005329 0.171790 0.020914 0.020846 0.001167 0.008662 
0.376465 0.562412 0.000000 0.005346 0.171790 0.021041 0.020937 0.001199 0.008751 
0.377441 0.563990 0.000000 0.005364 0.171790 0.021168 0.021030 0.001232 0.008841 
0.378418 0.565568 0.000000 0.005381 0.171790 0.021296 0.021122 0.001265 0.008932 
0.379395 0.567148 0.000000 0.005397 0.171790 0.021425 0.021216 0.001298 0.009023 
0.380371 0.568730 0.000000 0.005414 0.171790 0.021554 0.021309 0.001331 0.009115 
0.381348 0.570312 0.000000 0.005429 0.171790 0.021685 0.021404 0.001365 0.009207 
0.382324 0.571896 0.000000 0.005445 0.171790 0.021816 0.021499 0.001399 0.009300 
0.383301 0.573481 0.000000 0.005459 0.171790 0.021948 0.021594 0.001434 0.009394 
0.384277 0.575068 0.000000 0.005474 0.171790 0.022080 0.021691 0.001468 0.009488 
0.385254 0.576656 0.000000 0.005487 0.171790 0.022214 0.021787 0.001504 0.009583 
0.386230 0.578245 0.000000 0.005501 0.171790 0.022348 0.021885 0.001539 0.009679 
0.387207 0.579835 0.000000 0.005513 0.171790 0.022483 0.021983 0.001575 0.009775 
0.388184 0.581427 0.000000 0.005526 0.171790 0.022619 0.022081 0.001611 0.009872 
0.389160 0.583020 0.000000 0.005537 0.171790 0.022756 0.022180 0.001648 0.009970 
0.390137 0.584614 0.000000 0.005548 0.171790 0.022894 0.022280 0.001685 0.010068 
0.391113 0.586210 0.000000 0.005559 0.171790 0.023032 0.022380 0.001722 0.010168 
0.392090 0.587807 0.000000 0.005568 0.171790 0.023171 0.022481 0.001760 0.010267 
0.393066 0.589406 0.000000 0.005577 0.171790 0.023311 0.022582 0.001798 0.010368 
0.394043 0.591006 0.000000 0.005586 0.171790 0.023452 0.022685 0.001837 0.010469 
0.395020 0.592607 0.000000 0.005593 0.171790 0.023594 0.022787 0.001875 0.010571 
0.395996 0.594210 0.000000 0.005600 0.171790 0.023737 0.022891 0.001915 0.010674 
0.396973 0.595815 0.000000 0.005607 0.171790 0.023880 0.022995 0.001954 0.010777 
0.397949 0.597420 0.000000 0.005612 0.171790 0.024025 0.023099 0.001994 0.010881 
0.398926 0.599027 0.000000 0.005617 0.171790 0.024170 0.023204 0.002035 0.010986 
0.399902 0.600636 0.000000 0.005621 0.171790 0.024316 0.023310 0.002075 0.011092 
0.400879 0.602246 0.000000 0.005623 0.171790 0.024463 0.023417 0.002116 0.011198 
0.401855 0.603857 0.000000 0.005626 0.171790 0.024611 0.023524 0.002158 0.011305 
0.402832 0.605470 0.000000 0.005627 0.171790 0.024760 0.023632 0.002200 0.011413 
0.403809 0.607085 0.000000 0.005627 0.171790 0.024910 0.023740 0.002242 0.011522 
0.404785 0.608701 0.000000 0.005626 0.171790 0.025061 0.023849 0.002285 0.011631 
0.405762 0.610318 0.000000 0.005625 0.171790 0.025213 0.023959 0.002328 0.011741 
0.406738 0.611937 0.000000 0.005622 0.171790 0.025365 0.024070 0.002372 0.011852 
0.407715 0.613557 0.000000 0.005618 0.171790 0.025519 0.024181 0.002416 0.011964 
0.408691 0.615179 0.000000 0.005614 0.171790 0.025673 0.024293 0.002460 0.012076 
0.409668 0.616803 0.000000 0.005608 0.171790 0.025828 0.024405 0.002505 0.012190 
0.410645 0.618428 0.000000 0.005601 0.171790 0.025985 0.024518 0.002550 0.012304 
0.411621 0.620055 0.000000 0.005593 0.171790 0.026142 0.024632 0.002596 0.012419 
0.412598 0.621683 0.000000 0.005583 0.171790 0.026300 0.024746 0.002642 0.012534 
0.413574 0.623313 0.000000 0.005572 0.171790 0.026460 0.024862 0.002688 0.012651 
0.414551 0.624944 0.000000 0.005561 0.171790 0.026620 0.024978 0.002735 0.012768 
0.415527 0.626577 0.000000 0.005547 0.171790 0.026781 0.025094 0.002782 0.012886 
0.416504 0.628212 0.000000 0.005533 0.171790 0.026943 0.025212 0.002830 0.013005 
0.417480 0.629848 0.000000 0.005517 0.171790 0.027106 0.025330 0.002878 0.013125 
0.418457 0.631486 0.000000 0.005499 0.171790 0.027271 0.025448 0.002927 0.013246 
0.419434 0.633126 0.000000 0.005481 0.171790 0.027436 0.025568 0.002976 0.013367 
0.420410 0.634767 0.000000 0.005460 0.171790 0.027602 0.025688 0.003026 0.013490 
0.421387 0.636410 0.000000 0.005438 0.171790 0.027769 0.025809 0.003076 0.013613 
0.422363 0.638054 0.000000 0.005415 0.171790 0.027938 0.025930 0.003126 0.013737 
0.423340 0.639701 0.000000 0.005390 0.171790 0.028107 0.026053 0.003177 0.013862 
0.424316 0.641349 0.000000 0.005363 0.171790 0.028277 0.026176 0.003229 0.013988 
0.425293 0.642998 0.000000 0.005334 0.171790 0.028449 0.026300 0.003280 0.014114 
0.426270 0.644650 0.000000 0.005304 0.171790 0.028621 0.026424 0.003333 0.014242 
0.427246 0.646303 0.000000 0.005272 0.171790 0.028795 0.026550 0.003385 0.014370 
0.428223 0.647958 0.000000 0.005238 0.171790 0.028969 0.026676 0.003439 0.014500 
0.429199 0.649614 0.000000 0.005202 0.171790 0.029145 0.026803 0.003493 0.014630 
0.430176 0.651273 0.000000 0.005164 0.171790 0.029322 0.026931 0.003547 0.014761 
0.431152 0.652933 0.000000 0.005124 0.171790 0.029500 0.027059 0.003602 0.014893 
0.432129 0.654595 0.000000 0.005082 0.171790 0.029678 0.027188 0.003657 0.015026 
0.433105 0.656259 0.000000 0.005038 0.171790 0.029859 0.027318 0.003712 0.015160 
0.434082 0.657924 0.000000 0.004992 0.171790 0.030040 0.027449 0.003769 0.015295 
0.435059 0.659592 0.000000 0.004943 0.171790 0.030222 0.027581 0.003825 0.015431 
0.436035 0.661261 0.000000 0.004892 0.171790 0.030405 0.027713 0.003883 0.015568 
0.437012 0.662932 0.000000 0.004839 0.171790 0.030590 0.027846 0.003940 0.015706 
0.437988 0.664605 0.000000 0.004783 0.171790 0.030776 0.027980 0.003999 0.015844 
0.438965 0.666280 0.000000 0.004725 0.171790 0.030962 0.028115 0.004057 0.015984 
0.439941 0.667957 0.000000 0.004664 0.171790 0.031150 0.028251 0.004116 0.016125 
0.440918 0.669636 0.000000 0.004601 0.171790 0.031340 0.028387 0.004176 0.016266 
0.441895 0.671316 0.000000 0.004535 0.171790 0.031530 0.028524 0.004237 0.016409 
0.442871 0.672999 0.000000 0.004466 0.171790 0.031721 0.028663 0.004297 0.016553 
0.443848 0.674683 0.000000 0.004394 0.171790 0.031914 0.028801 0.004359 0.016697 
0.444824 0.676370 0.000000 0.004320 0.171790 0.032108 0.028941 0.004421 0.016843 
0.445801 0.678058 0.000000 0.004242 0.171790 0.032303 0.029082 0.004483 0.016989 
0.446777 0.679748 0.000000 0.004161 0.171790 0.032499 0.029223 0.004546 0.017137 
0.447754 0.681441 0.000000 0.004077 0.171790 0.032697 0.029366 0.004610 0.017286 
0.448730 0.683135 0.000000 0.003990 0.171790 0.032896 0.029509 0.004674 0.017436 
0.449707 0.684832 0.000000 0.003900 0.171790 0.033096 0.029653 0.004738 0.017586 
0.450684 0.686530 0.000000 0.003806 0.171790 0.033297 0.029798 0.004804 0.017738 
0.451660 0.688230 0.000000 0.003708 0.171790 0.033499 0.029944 0.004869 0.017891 
0.452637 0.689933 0.000000 0.003608 0.171790 0.033703 0.030091 0.004936 0.018045 
0.453613 0.691637 0.000000 0.003503 0.171790 0.033908 0.030238 0.005002 0.018200 
0.454590 0.693344 0.000000 0.003395 0.171790 0.034115 0.030387 0.005070 0.018356 
0.455566 0.695053 0.000000 0.003282 0.171790 0.034322 0.030536 0.005138 0.018513 
0.456543 0.696764 0.000000 0.003166 0.171790 0.034531 0.030687 0.005207 0.018672 
0.457520 0.698477 0.000000 0.003046 0.171790 0.034741 0.030838 0.005276 0.018831 
0.458496 0.700192 0.000000 0.002922 0.171790 0.034953 0.030990 0.005346 0.018992 
0.459473 0.701909 0.000000 0.002793 0.171790 0.035165 0.031143 0.005416 0.019153 
0.460449 0.703629 0.000000 0.002660 0.171790 0.035380 0.031297 0.005487 0.019316 
0.461426 0.705350 0.000000 0.002522 0.171790 0.035595 0.031452 0.005559 0.019480 
0.462402 0.707074 0.000000 0.002380 0.171790 0.035812 0.031608 0.005631 0.019645 
0.463379 0.708800 0.000000 0.002233 0.171790 0.036030 0.031765 0.005704 0.019811 
0.464355 0.710528 0.000000 0.002082 0.171790 0.036249 0.031923 0.005777 0.019978 
0.465332 0.712259 0.000000 0.001925 0.171790 0.036470 0.032082 0.005851 0.020147 
0.466309 0.713992 0.000000 0.001763 0.171790 0.036693 0.032242 0.005926 0.020316 
0.467285 0.715727 0.000000 0.001596 0.171790 0.036916 0.032402 0.006001 0.020487 
0.468262 0.717464 0.000000 0.001424 0.171790 0.037141 0.032564 0.006077 0.020659 
0.469238 0.719203 0.000000 0.001247 0.171790 0.037368 0.032727 0.006154 0.020832 
0.470215 0.720945 0.000000 0.001063 0.171790 0.037596 0.032890 0.006231 0.021007 
0.471191 0.722690 0.000000 0.000874 0.171790 0.037825 0.033055 0.006309 0.021182 
0.472168 0.724436 0.000000 0.000679 0.171790 0.038056 0.033221 0.006387 0.021359 
0.473145 0.726185 0.000000 0.000478 0.171790 0.038288 0.033387 0.006466 0.021537 
0.474121 0.727936 0.000000 0.000271 0.171790 0.038521 0.033555 0.006546 0.021717 
0.475098 0.729690 0.000000 0.000058 0.171790 0.038757 0.033724 0.006627 0.021897 
0.476074 0.731446 0.000000 0.000162 0.171790 0.038993 0.033894 0.006708 0.022079 
0.477051 0.733205 0.000000 0.000389 0.171790 0.039231 0.034065 0.006790 0.022262 
0.478027 0.734965 0.000000 0.000622 0.171790 0.039471 0.034236 0.006872 0.022446 
0.479004 0.736729 0.000000 0.000862 0.171790 0.039712 0.034409 0.006955 0.022632 
0.479980 0.738495 0.000000 0.001110 0.171790 0.039954 0.034583 0.007039 0.022819 
0.480957 0.740263 0.000000 0.001365 0.171790 0.040198 0.034758 0.007124 0.023007 
0.481934 0.742034 0.000000 0.001627 0.171790 0.040444 0.034934 0.007209 0.023197 
0.482910 0.743807 0.000000 0.001897 0.171790 0.040691 0.035112 0.007295 0.023387 
0.483887 0.745583 0.000000 0.002175 0.171790 0.040940 0.035290 0.007382 0.023579 
0.484863 0.747362 0.000000 0.002460 0.171790 0.041190 0.035469 0.007469 0.023773 
0.485840 0.749143 0.000000 0.002755 0.171790 0.041442 0.035650 0.007557 0.023968 
0.486816 0.750926 0.000000 0.003057 0.171790 0.041695 0.035831 0.007646 0.024164 
0.487793 0.752712 0.000000 0.003368 0.171790 0.041950 0.036014 0.007736 0.024361 
0.488770 0.754501 0.000000 0.003689 0.171790 0.042207 0.036198 0.007826 0.024560 
0.489746 0.756293 0.000000 0.004018 0.171790 0.042465 0.036382 0.007917 0.024760 
0.490723 0.758087 0.000000 0.004356 0.171790 0.042725 0.036568 0.008009 0.024962 
0.491699 0.759883 0.000000 0.004704 0.171790 0.042986 0.036756 0.008101 0.025165 
0.492676 0.761683 0.000000 0.005062 0.171790 0.043249 0.036944 0.008194 0.025369 
0.493652 0.763485 0.000000 0.005430 0.171790 0.043514 0.037133 0.008289 0.025575 
0.494629 0.765290 0.000000 0.005808 0.171790 0.043780 0.037324 0.008383 0.025782 
0.495605 0.767097 0.000000 0.006196 0.171790 0.044049 0.037516 0.008479 0.025991 
0.496582 0.768908 0.000000 0.006596 0.171790 0.044318 0.037709 0.008575 0.026201 
0.497559 0.770721 0.000000 0.007006 0.171790 0.044590 0.037903 0.008672 0.026413 
0.498535 0.772537 0.000000 0.007427 0.171790 0.044863 0.038098 0.008770 0.026626 
0.499512 0.774355 0.000000 0.007860 0.171790 0.045138 0.038295 0.008869 0.026840 
