#cell coordinates and the corresponding deviation from the equilibrium 
-0.499512 0.033818 
-0.498535 0.033765 
-0.497559 0.033712 
-0.496582 0.033661 
-0.495605 0.033609 
-0.494629 0.033559 
-0.493652 0.033509 
-0.492676 0.033460 
-0.491699 0.033411 
-0.490723 0.033364 
-0.489746 0.033316 
-0.488770 0.033269 
-0.487793 0.033223 
-0.486816 0.033178 
-0.485840 0.033133 
-0.484863 0.033089 
-0.483887 0.033045 
-0.482910 0.033001 
-0.481934 0.032959 
-0.480957 0.032917 
-0.479980 0.032875 
-0.479004 0.032834 
-0.478027 0.032793 
-0.477051 0.032753 
-0.476074 0.032714 
-0.475098 0.032675 
-0.474121 0.032636 
-0.473145 0.032598 
-0.472168 0.032561 
-0.471191 0.032524 
-0.470215 0.032487 
-0.469238 0.032451 
-0.468262 0.032415 
-0.467285 0.032380 
-0.466309 0.032345 
-0.465332 0.032311 
-0.464355 0.032277 
-0.463379 0.032244 
-0.462402 0.032211 
-0.461426 0.032178 
-0.460449 0.032146 
-0.459473 0.032114 
-0.458496 0.032083 
-0.457520 0.032052 
-0.456543 0.032021 
-0.455566 0.031991 
-0.454590 0.031961 
-0.453613 0.031932 
-0.452637 0.031903 
-0.451660 0.031874 
-0.450684 0.031846 
-0.449707 0.031818 
-0.448730 0.031791 
-0.447754 0.031763 
-0.446777 0.031737 
-0.445801 0.031710 
-0.444824 0.031684 
-0.443848 0.031658 
-0.442871 0.031632 
-0.441895 0.031607 
-0.440918 0.031582 
-0.439941 0.031558 
-0.438965 0.031534 
-0.437988 0.031510 
-0.437012 0.031486 
-0.436035 0.031463 
-0.435059 0.031440 
-0.434082 0.031417 
-0.433105 0.031395 
-0.432129 0.031372 
-0.431152 0.031351 
-0.430176 0.031329 
-0.429199 0.031308 
-0.428223 0.031287 
-0.427246 0.031266 
-0.426270 0.031245 
-0.425293 0.031225 
-0.424316 0.031205 
-0.423340 0.031185 
-0.422363 0.031166 
-0.421387 0.031147 
-0.420410 0.031128 
-0.419434 0.031109 
-0.418457 0.031090 
-0.417480 0.031072 
-0.416504 0.031054 
-0.415527 0.031036 
-0.414551 0.031019 
-0.413574 0.031002 
-0.412598 0.030984 
-0.411621 0.030968 
-0.410645 0.030951 
-0.409668 0.030934 
-0.408691 0.030918 
-0.407715 0.030902 
-0.406738 0.030886 
-0.405762 0.030871 
-0.404785 0.030855 
-0.403809 0.030840 
-0.402832 0.030825 
-0.401855 0.030810 
-0.400879 0.030796 
-0.399902 0.030450 
-0.398926 0.030436 
-0.397949 0.030428 
-0.396973 0.030420 
-0.395996 0.030411 
-0.395020 0.030403 
-0.394043 0.030395 
-0.393066 0.030387 
-0.392090 0.030380 
-0.391113 0.030372 
-0.390137 0.030364 
-0.389160 0.030357 
-0.388184 0.030349 
-0.387207 0.030341 
-0.386230 0.030334 
-0.385254 0.030327 
-0.384277 0.030319 
-0.383301 0.030312 
-0.382324 0.030305 
-0.381348 0.030298 
-0.380371 0.030291 
-0.379395 0.030284 
-0.378418 0.030277 
-0.377441 0.030270 
-0.376465 0.030263 
-0.375488 0.030256 
-0.374512 0.030250 
-0.373535 0.030243 
-0.372559 0.030236 
-0.371582 0.030230 
-0.370605 0.030223 
-0.369629 0.030217 
-0.368652 0.030211 
-0.367676 0.030204 
-0.366699 0.030198 
-0.365723 0.030192 
-0.364746 0.030186 
-0.363770 0.030180 
-0.362793 0.030174 
-0.361816 0.030168 
-0.360840 0.030162 
-0.359863 0.030156 
-0.358887 0.030150 
-0.357910 0.030144 
-0.356934 0.030138 
-0.355957 0.030133 
-0.354980 0.030127 
-0.354004 0.030122 
-0.353027 0.030116 
-0.352051 0.030111 
-0.351074 0.030105 
-0.350098 0.030100 
-0.349121 0.030094 
-0.348145 0.030089 
-0.347168 0.030084 
-0.346191 0.030079 
-0.345215 0.030074 
-0.344238 0.030068 
-0.343262 0.030063 
-0.342285 0.030058 
-0.341309 0.030053 
-0.340332 0.030048 
-0.339355 0.030044 
-0.338379 0.030039 
-0.337402 0.030034 
-0.336426 0.030029 
-0.335449 0.030024 
-0.334473 0.030020 
-0.333496 0.030015 
-0.332520 0.030011 
-0.331543 0.030006 
-0.330566 0.030001 
-0.329590 0.029997 
-0.328613 0.029993 
-0.327637 0.029988 
-0.326660 0.029984 
-0.325684 0.029980 
-0.324707 0.029975 
-0.323730 0.029971 
-0.322754 0.029967 
-0.321777 0.029963 
-0.320801 0.029958 
-0.319824 0.029954 
-0.318848 0.029950 
-0.317871 0.029946 
-0.316895 0.029942 
-0.315918 0.029938 
-0.314941 0.029934 
-0.313965 0.029930 
-0.312988 0.029927 
-0.312012 0.029923 
-0.311035 0.029919 
-0.310059 0.029915 
-0.309082 0.029912 
-0.308105 0.029908 
-0.307129 0.029904 
-0.306152 0.029901 
-0.305176 0.029897 
-0.304199 0.029893 
-0.303223 0.029890 
-0.302246 0.029886 
-0.301270 0.029883 
-0.300293 0.029879 
-0.299316 0.029876 
-0.298340 0.029873 
-0.297363 0.029869 
-0.296387 0.029866 
-0.295410 0.029863 
-0.294434 0.029859 
-0.293457 0.029856 
-0.292480 0.029853 
-0.291504 0.029850 
-0.290527 0.029847 
-0.289551 0.029844 
-0.288574 0.029841 
-0.287598 0.029837 
-0.286621 0.029834 
-0.285645 0.029831 
-0.284668 0.029828 
-0.283691 0.029825 
-0.282715 0.029823 
-0.281738 0.029820 
-0.280762 0.029817 
-0.279785 0.029814 
-0.278809 0.029811 
-0.277832 0.029808 
-0.276855 0.029805 
-0.275879 0.029803 
-0.274902 0.029800 
-0.273926 0.029797 
-0.272949 0.029795 
-0.271973 0.029792 
-0.270996 0.029789 
-0.270020 0.029787 
-0.269043 0.029784 
-0.268066 0.029782 
-0.267090 0.029779 
-0.266113 0.029776 
-0.265137 0.029774 
-0.264160 0.029771 
-0.263184 0.029769 
-0.262207 0.029767 
-0.261230 0.029764 
-0.260254 0.029762 
-0.259277 0.029759 
-0.258301 0.029757 
-0.257324 0.029755 
-0.256348 0.029752 
-0.255371 0.029750 
-0.254395 0.029748 
-0.253418 0.029746 
-0.252441 0.029743 
-0.251465 0.029741 
-0.250488 0.029739 
-0.249512 0.029737 
-0.248535 0.029735 
-0.247559 0.029733 
-0.246582 0.029730 
-0.245605 0.029728 
-0.244629 0.029726 
-0.243652 0.029724 
-0.242676 0.029722 
-0.241699 0.029720 
-0.240723 0.029718 
-0.239746 0.029716 
-0.238770 0.029714 
-0.237793 0.029712 
-0.236816 0.029710 
-0.235840 0.029708 
-0.234863 0.029707 
-0.233887 0.029705 
-0.232910 0.029703 
-0.231934 0.029701 
-0.230957 0.029699 
-0.229980 0.029697 
-0.229004 0.029696 
-0.228027 0.029694 
-0.227051 0.029692 
-0.226074 0.029690 
-0.225098 0.029688 
-0.224121 0.029687 
-0.223145 0.029685 
-0.222168 0.029683 
-0.221191 0.029682 
-0.220215 0.029680 
-0.219238 0.029678 
-0.218262 0.029677 
-0.217285 0.029675 
-0.216309 0.029674 
-0.215332 0.029672 
-0.214355 0.029670 
-0.213379 0.029669 
-0.212402 0.029667 
-0.211426 0.029666 
-0.210449 0.029664 
-0.209473 0.029663 
-0.208496 0.029661 
-0.207520 0.029660 
-0.206543 0.029658 
-0.205566 0.029657 
-0.204590 0.029656 
-0.203613 0.029654 
-0.202637 0.029653 
-0.201660 0.029651 
-0.200684 0.029650 
-0.199707 0.029649 
-0.198730 0.029647 
-0.197754 0.029646 
-0.196777 0.029645 
-0.195801 0.029643 
-0.194824 0.029642 
-0.193848 0.029641 
-0.192871 0.029639 
-0.191895 0.029638 
-0.190918 0.029637 
-0.189941 0.029636 
-0.188965 0.029634 
-0.187988 0.029633 
-0.187012 0.029632 
-0.186035 0.029631 
-0.185059 0.029630 
-0.184082 0.029628 
-0.183105 0.029627 
-0.182129 0.029626 
-0.181152 0.029625 
-0.180176 0.029624 
-0.179199 0.029623 
-0.178223 0.029622 
-0.177246 0.029620 
-0.176270 0.029619 
-0.175293 0.029618 
-0.174316 0.029617 
-0.173340 0.029616 
-0.172363 0.029615 
-0.171387 0.029614 
-0.170410 0.029613 
-0.169434 0.029612 
-0.168457 0.029611 
-0.167480 0.029610 
-0.166504 0.029609 
-0.165527 0.029608 
-0.164551 0.029607 
-0.163574 0.029606 
-0.162598 0.029605 
-0.161621 0.029604 
-0.160645 0.029603 
-0.159668 0.029602 
-0.158691 0.029601 
-0.157715 0.029600 
-0.156738 0.029600 
-0.155762 0.029599 
-0.154785 0.029598 
-0.153809 0.029597 
-0.152832 0.029596 
-0.151855 0.029595 
-0.150879 0.029594 
-0.149902 0.029594 
-0.148926 0.029593 
-0.147949 0.029592 
-0.146973 0.029591 
-0.145996 0.029590 
-0.145020 0.029589 
-0.144043 0.029589 
-0.143066 0.029588 
-0.142090 0.029587 
-0.141113 0.029586 
-0.140137 0.029586 
-0.139160 0.029585 
-0.138184 0.029584 
-0.137207 0.029583 
-0.136230 0.029583 
-0.135254 0.029582 
-0.134277 0.029581 
-0.133301 0.029581 
-0.132324 0.029580 
-0.131348 0.029579 
-0.130371 0.029578 
-0.129395 0.029578 
-0.128418 0.029577 
-0.127441 0.029576 
-0.126465 0.029576 
-0.125488 0.029575 
-0.124512 0.029574 
-0.123535 0.029574 
-0.122559 0.029573 
-0.121582 0.029573 
-0.120605 0.029572 
-0.119629 0.029571 
-0.118652 0.029571 
-0.117676 0.029570 
-0.116699 0.029570 
-0.115723 0.029569 
-0.114746 0.029568 
-0.113770 0.029568 
-0.112793 0.029567 
-0.111816 0.029567 
-0.110840 0.029566 
-0.109863 0.029566 
-0.108887 0.029565 
-0.107910 0.029565 
-0.106934 0.029564 
-0.105957 0.029564 
-0.104980 0.029563 
-0.104004 0.029563 
-0.103027 0.029562 
-0.102051 0.029562 
-0.101074 0.029561 
-0.100098 0.029561 
-0.099121 0.029560 
-0.098145 0.029560 
-0.097168 0.029559 
-0.096191 0.029559 
-0.095215 0.029558 
-0.094238 0.029558 
-0.093262 0.029557 
-0.092285 0.029557 
-0.091309 0.029557 
-0.090332 0.029556 
-0.089355 0.029556 
-0.088379 0.029555 
-0.087402 0.029555 
-0.086426 0.029554 
-0.085449 0.029554 
-0.084473 0.029554 
-0.083496 0.029553 
-0.082520 0.029553 
-0.081543 0.029553 
-0.080566 0.029552 
-0.079590 0.029552 
-0.078613 0.029551 
-0.077637 0.029551 
-0.076660 0.029551 
-0.075684 0.029550 
-0.074707 0.029550 
-0.073730 0.029550 
-0.072754 0.029549 
-0.071777 0.029549 
-0.070801 0.029549 
-0.069824 0.029548 
-0.068848 0.029548 
-0.067871 0.029548 
-0.066895 0.029548 
-0.065918 0.029547 
-0.064941 0.029547 
-0.063965 0.029547 
-0.062988 0.029546 
-0.062012 0.029546 
-0.061035 0.029546 
-0.060059 0.029546 
-0.059082 0.029545 
-0.058105 0.029545 
-0.057129 0.029545 
-0.056152 0.029545 
-0.055176 0.029544 
-0.054199 0.029544 
-0.053223 0.029544 
-0.052246 0.029544 
-0.051270 0.029543 
-0.050293 0.029543 
-0.049316 0.029543 
-0.048340 0.029543 
-0.047363 0.029543 
-0.046387 0.029542 
-0.045410 0.029542 
-0.044434 0.029542 
-0.043457 0.029542 
-0.042480 0.029542 
-0.041504 0.029541 
-0.040527 0.029541 
-0.039551 0.029541 
-0.038574 0.029541 
-0.037598 0.029541 
-0.036621 0.029541 
-0.035645 0.029540 
-0.034668 0.029540 
-0.033691 0.029540 
-0.032715 0.029540 
-0.031738 0.029540 
-0.030762 0.029540 
-0.029785 0.029540 
-0.028809 0.029539 
-0.027832 0.029539 
-0.026855 0.029539 
-0.025879 0.029539 
-0.024902 0.029539 
-0.023926 0.029539 
-0.022949 0.029539 
-0.021973 0.029539 
-0.020996 0.029539 
-0.020020 0.029538 
-0.019043 0.029538 
-0.018066 0.029538 
-0.017090 0.029538 
-0.016113 0.029538 
-0.015137 0.029538 
-0.014160 0.029538 
-0.013184 0.029538 
-0.012207 0.029538 
-0.011230 0.029538 
-0.010254 0.029538 
-0.009277 0.029538 
-0.008301 0.029538 
-0.007324 0.029538 
-0.006348 0.029538 
-0.005371 0.029538 
-0.004395 0.029538 
-0.003418 0.029538 
-0.002441 0.029538 
-0.001465 0.029538 
-0.000488 0.029538 
0.000488 0.029538 
0.001465 0.029538 
0.002441 0.029538 
0.003418 0.029538 
0.004395 0.029538 
0.005371 0.029538 
0.006348 0.029538 
0.007324 0.029538 
0.008301 0.029538 
0.009277 0.029538 
0.010254 0.029538 
0.011230 0.029538 
0.012207 0.029538 
0.013184 0.029538 
0.014160 0.029538 
0.015137 0.029538 
0.016113 0.029538 
0.017090 0.029538 
0.018066 0.029538 
0.019043 0.029538 
0.020020 0.029538 
0.020996 0.029539 
0.021973 0.029539 
0.022949 0.029539 
0.023926 0.029539 
0.024902 0.029539 
0.025879 0.029539 
0.026855 0.029539 
0.027832 0.029539 
0.028809 0.029539 
0.029785 0.029540 
0.030762 0.029540 
0.031738 0.029540 
0.032715 0.029540 
0.033691 0.029540 
0.034668 0.029540 
0.035645 0.029540 
0.036621 0.029541 
0.037598 0.029541 
0.038574 0.029541 
0.039551 0.029541 
0.040527 0.029541 
0.041504 0.029541 
0.042480 0.029542 
0.043457 0.029542 
0.044434 0.029542 
0.045410 0.029542 
0.046387 0.029542 
0.047363 0.029543 
0.048340 0.029543 
0.049316 0.029543 
0.050293 0.029543 
0.051270 0.029543 
0.052246 0.029544 
0.053223 0.029544 
0.054199 0.029544 
0.055176 0.029544 
0.056152 0.029545 
0.057129 0.029545 
0.058105 0.029545 
0.059082 0.029545 
0.060059 0.029546 
0.061035 0.029546 
0.062012 0.029546 
0.062988 0.029546 
0.063965 0.029547 
0.064941 0.029547 
0.065918 0.029547 
0.066895 0.029548 
0.067871 0.029548 
0.068848 0.029548 
0.069824 0.029548 
0.070801 0.029549 
0.071777 0.029549 
0.072754 0.029549 
0.073730 0.029550 
0.074707 0.029550 
0.075684 0.029550 
0.076660 0.029551 
0.077637 0.029551 
0.078613 0.029551 
0.079590 0.029552 
0.080566 0.029552 
0.081543 0.029553 
0.082520 0.029553 
0.083496 0.029553 
0.084473 0.029554 
0.085449 0.029554 
0.086426 0.029554 
0.087402 0.029555 
0.088379 0.029555 
0.089355 0.029556 
0.090332 0.029556 
0.091309 0.029557 
0.092285 0.029557 
0.093262 0.029557 
0.094238 0.029558 
0.095215 0.029558 
0.096191 0.029559 
0.097168 0.029559 
0.098145 0.029560 
0.099121 0.029560 
0.100098 0.029561 
0.101074 0.029561 
0.102051 0.029562 
0.103027 0.029562 
0.104004 0.029563 
0.104980 0.029563 
0.105957 0.029564 
0.106934 0.029564 
0.107910 0.029565 
0.108887 0.029565 
0.109863 0.029566 
0.110840 0.029566 
0.111816 0.029567 
0.112793 0.029567 
0.113770 0.029568 
0.114746 0.029568 
0.115723 0.029569 
0.116699 0.029570 
0.117676 0.029570 
0.118652 0.029571 
0.119629 0.029571 
0.120605 0.029572 
0.121582 0.029573 
0.122559 0.029573 
0.123535 0.029574 
0.124512 0.029574 
0.125488 0.029575 
0.126465 0.029576 
0.127441 0.029576 
0.128418 0.029577 
0.129395 0.029578 
0.130371 0.029578 
0.131348 0.029579 
0.132324 0.029580 
0.133301 0.029581 
0.134277 0.029581 
0.135254 0.029582 
0.136230 0.029583 
0.137207 0.029583 
0.138184 0.029584 
0.139160 0.029585 
0.140137 0.029586 
0.141113 0.029586 
0.142090 0.029587 
0.143066 0.029588 
0.144043 0.029589 
0.145020 0.029589 
0.145996 0.029590 
0.146973 0.029591 
0.147949 0.029592 
0.148926 0.029593 
0.149902 0.029594 
0.150879 0.029594 
0.151855 0.029595 
0.152832 0.029596 
0.153809 0.029597 
0.154785 0.029598 
0.155762 0.029599 
0.156738 0.029600 
0.157715 0.029600 
0.158691 0.029601 
0.159668 0.029602 
0.160645 0.029603 
0.161621 0.029604 
0.162598 0.029605 
0.163574 0.029606 
0.164551 0.029607 
0.165527 0.029608 
0.166504 0.029609 
0.167480 0.029610 
0.168457 0.029611 
0.169434 0.029612 
0.170410 0.029613 
0.171387 0.029614 
0.172363 0.029615 
0.173340 0.029616 
0.174316 0.029617 
0.175293 0.029618 
0.176270 0.029619 
0.177246 0.029620 
0.178223 0.029622 
0.179199 0.029623 
0.180176 0.029624 
0.181152 0.029625 
0.182129 0.029626 
0.183105 0.029627 
0.184082 0.029628 
0.185059 0.029630 
0.186035 0.029631 
0.187012 0.029632 
0.187988 0.029633 
0.188965 0.029634 
0.189941 0.029636 
0.190918 0.029637 
0.191895 0.029638 
0.192871 0.029639 
0.193848 0.029641 
0.194824 0.029642 
0.195801 0.029643 
0.196777 0.029645 
0.197754 0.029646 
0.198730 0.029647 
0.199707 0.029649 
0.200684 0.029650 
0.201660 0.029651 
0.202637 0.029653 
0.203613 0.029654 
0.204590 0.029656 
0.205566 0.029657 
0.206543 0.029658 
0.207520 0.029660 
0.208496 0.029661 
0.209473 0.029663 
0.210449 0.029664 
0.211426 0.029666 
0.212402 0.029667 
0.213379 0.029669 
0.214355 0.029670 
0.215332 0.029672 
0.216309 0.029674 
0.217285 0.029675 
0.218262 0.029677 
0.219238 0.029678 
0.220215 0.029680 
0.221191 0.029682 
0.222168 0.029683 
0.223145 0.029685 
0.224121 0.029687 
0.225098 0.029688 
0.226074 0.029690 
0.227051 0.029692 
0.228027 0.029694 
0.229004 0.029696 
0.229980 0.029697 
0.230957 0.029699 
0.231934 0.029701 
0.232910 0.029703 
0.233887 0.029705 
0.234863 0.029707 
0.235840 0.029708 
0.236816 0.029710 
0.237793 0.029712 
0.238770 0.029714 
0.239746 0.029716 
0.240723 0.029718 
0.241699 0.029720 
0.242676 0.029722 
0.243652 0.029724 
0.244629 0.029726 
0.245605 0.029728 
0.246582 0.029730 
0.247559 0.029733 
0.248535 0.029735 
0.249512 0.029737 
0.250488 0.029739 
0.251465 0.029741 
0.252441 0.029743 
0.253418 0.029746 
0.254395 0.029748 
0.255371 0.029750 
0.256348 0.029752 
0.257324 0.029755 
0.258301 0.029757 
0.259277 0.029759 
0.260254 0.029762 
0.261230 0.029764 
0.262207 0.029767 
0.263184 0.029769 
0.264160 0.029771 
0.265137 0.029774 
0.266113 0.029776 
0.267090 0.029779 
0.268066 0.029782 
0.269043 0.029784 
0.270020 0.029787 
0.270996 0.029789 
0.271973 0.029792 
0.272949 0.029795 
0.273926 0.029797 
0.274902 0.029800 
0.275879 0.029803 
0.276855 0.029805 
0.277832 0.029808 
0.278809 0.029811 
0.279785 0.029814 
0.280762 0.029817 
0.281738 0.029820 
0.282715 0.029823 
0.283691 0.029825 
0.284668 0.029828 
0.285645 0.029831 
0.286621 0.029834 
0.287598 0.029837 
0.288574 0.029841 
0.289551 0.029844 
0.290527 0.029847 
0.291504 0.029850 
0.292480 0.029853 
0.293457 0.029856 
0.294434 0.029859 
0.295410 0.029863 
0.296387 0.029866 
0.297363 0.029869 
0.298340 0.029873 
0.299316 0.029876 
0.300293 0.029879 
0.301270 0.029883 
0.302246 0.029886 
0.303223 0.029890 
0.304199 0.029893 
0.305176 0.029897 
0.306152 0.029901 
0.307129 0.029904 
0.308105 0.029908 
0.309082 0.029912 
0.310059 0.029915 
0.311035 0.029919 
0.312012 0.029923 
0.312988 0.029927 
0.313965 0.029930 
0.314941 0.029934 
0.315918 0.029938 
0.316895 0.029942 
0.317871 0.029946 
0.318848 0.029950 
0.319824 0.029954 
0.320801 0.029958 
0.321777 0.029963 
0.322754 0.029967 
0.323730 0.029971 
0.324707 0.029975 
0.325684 0.029980 
0.326660 0.029984 
0.327637 0.029988 
0.328613 0.029993 
0.329590 0.029997 
0.330566 0.030001 
0.331543 0.030006 
0.332520 0.030011 
0.333496 0.030015 
0.334473 0.030020 
0.335449 0.030024 
0.336426 0.030029 
0.337402 0.030034 
0.338379 0.030039 
0.339355 0.030044 
0.340332 0.030048 
0.341309 0.030053 
0.342285 0.030058 
0.343262 0.030063 
0.344238 0.030068 
0.345215 0.030074 
0.346191 0.030079 
0.347168 0.030084 
0.348145 0.030089 
0.349121 0.030094 
0.350098 0.030100 
0.351074 0.030105 
0.352051 0.030111 
0.353027 0.030116 
0.354004 0.030122 
0.354980 0.030127 
0.355957 0.030133 
0.356934 0.030138 
0.357910 0.030144 
0.358887 0.030150 
0.359863 0.030156 
0.360840 0.030162 
0.361816 0.030168 
0.362793 0.030174 
0.363770 0.030180 
0.364746 0.030186 
0.365723 0.030192 
0.366699 0.030198 
0.367676 0.030204 
0.368652 0.030211 
0.369629 0.030217 
0.370605 0.030223 
0.371582 0.030230 
0.372559 0.030236 
0.373535 0.030243 
0.374512 0.030250 
0.375488 0.030256 
0.376465 0.030263 
0.377441 0.030270 
0.378418 0.030277 
0.379395 0.030284 
0.380371 0.030291 
0.381348 0.030298 
0.382324 0.030305 
0.383301 0.030312 
0.384277 0.030319 
0.385254 0.030327 
0.386230 0.030334 
0.387207 0.030341 
0.388184 0.030349 
0.389160 0.030357 
0.390137 0.030364 
0.391113 0.030372 
0.392090 0.030380 
0.393066 0.030387 
0.394043 0.030395 
0.395020 0.030403 
0.395996 0.030411 
0.396973 0.030420 
0.397949 0.030428 
0.398926 0.030436 
0.399902 0.030450 
0.400879 0.030796 
0.401855 0.030810 
0.402832 0.030825 
0.403809 0.030840 
0.404785 0.030855 
0.405762 0.030871 
0.406738 0.030886 
0.407715 0.030902 
0.408691 0.030918 
0.409668 0.030934 
0.410645 0.030951 
0.411621 0.030968 
0.412598 0.030984 
0.413574 0.031002 
0.414551 0.031019 
0.415527 0.031036 
0.416504 0.031054 
0.417480 0.031072 
0.418457 0.031090 
0.419434 0.031109 
0.420410 0.031128 
0.421387 0.031147 
0.422363 0.031166 
0.423340 0.031185 
0.424316 0.031205 
0.425293 0.031225 
0.426270 0.031245 
0.427246 0.031266 
0.428223 0.031287 
0.429199 0.031308 
0.430176 0.031329 
0.431152 0.031351 
0.432129 0.031372 
0.433105 0.031395 
0.434082 0.031417 
0.435059 0.031440 
0.436035 0.031463 
0.437012 0.031486 
0.437988 0.031510 
0.438965 0.031534 
0.439941 0.031558 
0.440918 0.031582 
0.441895 0.031607 
0.442871 0.031632 
0.443848 0.031658 
0.444824 0.031684 
0.445801 0.031710 
0.446777 0.031737 
0.447754 0.031763 
0.448730 0.031791 
0.449707 0.031818 
0.450684 0.031846 
0.451660 0.031874 
0.452637 0.031903 
0.453613 0.031932 
0.454590 0.031961 
0.455566 0.031991 
0.456543 0.032021 
0.457520 0.032052 
0.458496 0.032083 
0.459473 0.032114 
0.460449 0.032146 
0.461426 0.032178 
0.462402 0.032211 
0.463379 0.032244 
0.464355 0.032277 
0.465332 0.032311 
0.466309 0.032345 
0.467285 0.032380 
0.468262 0.032415 
0.469238 0.032451 
0.470215 0.032487 
0.471191 0.032524 
0.472168 0.032561 
0.473145 0.032598 
0.474121 0.032636 
0.475098 0.032675 
0.476074 0.032714 
0.477051 0.032753 
0.478027 0.032793 
0.479004 0.032834 
0.479980 0.032875 
0.480957 0.032917 
0.481934 0.032959 
0.482910 0.033001 
0.483887 0.033045 
0.484863 0.033089 
0.485840 0.033133 
0.486816 0.033178 
0.487793 0.033223 
0.488770 0.033269 
0.489746 0.033316 
0.490723 0.033364 
0.491699 0.033411 
0.492676 0.033460 
0.493652 0.033509 
0.494629 0.033559 
0.495605 0.033609 
0.496582 0.033661 
0.497559 0.033712 
0.498535 0.033765 
0.499512 0.033818 
