#cell coordinates and the corresponding deviation from the equilibrium 
-0.499512 0.033812 
-0.498535 0.033759 
-0.497559 0.033707 
-0.496582 0.033655 
-0.495605 0.033604 
-0.494629 0.033554 
-0.493652 0.033504 
-0.492676 0.033455 
-0.491699 0.033407 
-0.490723 0.033359 
-0.489746 0.033312 
-0.488770 0.033265 
-0.487793 0.033219 
-0.486816 0.033174 
-0.485840 0.033129 
-0.484863 0.033085 
-0.483887 0.033041 
-0.482910 0.032998 
-0.481934 0.032956 
-0.480957 0.032913 
-0.479980 0.032872 
-0.479004 0.032831 
-0.478027 0.032791 
-0.477051 0.032751 
-0.476074 0.032711 
-0.475098 0.032672 
-0.474121 0.032634 
-0.473145 0.032596 
-0.472168 0.032558 
-0.471191 0.032521 
-0.470215 0.032485 
-0.469238 0.032449 
-0.468262 0.032413 
-0.467285 0.032378 
-0.466309 0.032343 
-0.465332 0.032309 
-0.464355 0.032275 
-0.463379 0.032242 
-0.462402 0.032209 
-0.461426 0.032176 
-0.460449 0.032144 
-0.459473 0.032112 
-0.458496 0.032081 
-0.457520 0.032050 
-0.456543 0.032019 
-0.455566 0.031989 
-0.454590 0.031959 
-0.453613 0.031930 
-0.452637 0.031901 
-0.451660 0.031872 
-0.450684 0.031844 
-0.449707 0.031816 
-0.448730 0.031788 
-0.447754 0.031761 
-0.446777 0.031734 
-0.445801 0.031708 
-0.444824 0.031681 
-0.443848 0.031656 
-0.442871 0.031630 
-0.441895 0.031605 
-0.440918 0.031580 
-0.439941 0.031555 
-0.438965 0.031531 
-0.437988 0.031507 
-0.437012 0.031483 
-0.436035 0.031460 
-0.435059 0.031437 
-0.434082 0.031414 
-0.433105 0.031391 
-0.432129 0.031369 
-0.431152 0.031347 
-0.430176 0.031325 
-0.429199 0.031304 
-0.428223 0.031283 
-0.427246 0.031262 
-0.426270 0.031241 
-0.425293 0.031221 
-0.424316 0.031201 
-0.423340 0.031181 
-0.422363 0.031161 
-0.421387 0.031142 
-0.420410 0.031123 
-0.419434 0.031104 
-0.418457 0.031085 
-0.417480 0.031067 
-0.416504 0.031049 
-0.415527 0.031031 
-0.414551 0.031013 
-0.413574 0.030995 
-0.412598 0.030978 
-0.411621 0.030961 
-0.410645 0.030944 
-0.409668 0.030927 
-0.408691 0.030911 
-0.407715 0.030895 
-0.406738 0.030879 
-0.405762 0.030863 
-0.404785 0.030847 
-0.403809 0.030832 
-0.402832 0.030816 
-0.401855 0.030801 
-0.400879 0.030787 
-0.399902 0.030772 
-0.398926 0.030757 
-0.397949 0.030743 
-0.396973 0.030729 
-0.395996 0.030715 
-0.395020 0.030701 
-0.394043 0.030687 
-0.393066 0.030674 
-0.392090 0.030661 
-0.391113 0.030648 
-0.390137 0.030635 
-0.389160 0.030622 
-0.388184 0.030609 
-0.387207 0.030597 
-0.386230 0.030584 
-0.385254 0.030572 
-0.384277 0.030560 
-0.383301 0.030548 
-0.382324 0.030536 
-0.381348 0.030525 
-0.380371 0.030513 
-0.379395 0.030502 
-0.378418 0.030491 
-0.377441 0.030480 
-0.376465 0.030469 
-0.375488 0.030458 
-0.374512 0.030448 
-0.373535 0.030437 
-0.372559 0.030427 
-0.371582 0.030416 
-0.370605 0.030406 
-0.369629 0.030396 
-0.368652 0.030387 
-0.367676 0.030377 
-0.366699 0.030367 
-0.365723 0.030358 
-0.364746 0.030348 
-0.363770 0.030339 
-0.362793 0.030330 
-0.361816 0.030321 
-0.360840 0.030312 
-0.359863 0.030303 
-0.358887 0.030294 
-0.357910 0.030286 
-0.356934 0.030277 
-0.355957 0.030269 
-0.354980 0.030260 
-0.354004 0.030252 
-0.353027 0.030244 
-0.352051 0.030236 
-0.351074 0.030228 
-0.350098 0.030220 
-0.349121 0.030213 
-0.348145 0.030205 
-0.347168 0.030198 
-0.346191 0.030190 
-0.345215 0.030183 
-0.344238 0.030175 
-0.343262 0.030168 
-0.342285 0.030161 
-0.341309 0.030154 
-0.340332 0.030147 
-0.339355 0.030141 
-0.338379 0.030134 
-0.337402 0.030127 
-0.336426 0.030121 
-0.335449 0.030114 
-0.334473 0.030108 
-0.333496 0.030101 
-0.332520 0.030095 
-0.331543 0.030089 
-0.330566 0.030083 
-0.329590 0.030077 
-0.328613 0.030071 
-0.327637 0.030065 
-0.326660 0.030059 
-0.325684 0.030053 
-0.324707 0.030047 
-0.323730 0.030042 
-0.322754 0.030036 
-0.321777 0.030031 
-0.320801 0.030025 
-0.319824 0.030020 
-0.318848 0.030015 
-0.317871 0.030010 
-0.316895 0.030004 
-0.315918 0.029999 
-0.314941 0.029994 
-0.313965 0.029989 
-0.312988 0.029984 
-0.312012 0.029979 
-0.311035 0.029975 
-0.310059 0.029970 
-0.309082 0.029965 
-0.308105 0.029961 
-0.307129 0.029956 
-0.306152 0.029951 
-0.305176 0.029947 
-0.304199 0.029943 
-0.303223 0.029938 
-0.302246 0.029934 
-0.301270 0.029930 
-0.300293 0.029925 
-0.299316 0.029921 
-0.298340 0.029917 
-0.297363 0.029913 
-0.296387 0.029909 
-0.295410 0.029905 
-0.294434 0.029901 
-0.293457 0.029897 
-0.292480 0.029893 
-0.291504 0.029890 
-0.290527 0.029886 
-0.289551 0.029882 
-0.288574 0.029879 
-0.287598 0.029875 
-0.286621 0.029871 
-0.285645 0.029868 
-0.284668 0.029864 
-0.283691 0.029861 
-0.282715 0.029858 
-0.281738 0.029854 
-0.280762 0.029851 
-0.279785 0.029848 
-0.278809 0.029844 
-0.277832 0.029841 
-0.276855 0.029838 
-0.275879 0.029835 
-0.274902 0.029832 
-0.273926 0.029829 
-0.272949 0.029826 
-0.271973 0.029823 
-0.270996 0.029820 
-0.270020 0.029817 
-0.269043 0.029814 
-0.268066 0.029811 
-0.267090 0.029808 
-0.266113 0.029805 
-0.265137 0.029803 
-0.264160 0.029800 
-0.263184 0.029797 
-0.262207 0.029795 
-0.261230 0.029792 
-0.260254 0.029789 
-0.259277 0.029787 
-0.258301 0.029784 
-0.257324 0.029782 
-0.256348 0.029779 
-0.255371 0.029777 
-0.254395 0.029774 
-0.253418 0.029772 
-0.252441 0.029770 
-0.251465 0.029767 
-0.250488 0.029765 
-0.249512 0.029763 
-0.248535 0.029760 
-0.247559 0.029758 
-0.246582 0.029756 
-0.245605 0.029754 
-0.244629 0.029752 
-0.243652 0.029750 
-0.242676 0.029747 
-0.241699 0.029745 
-0.240723 0.029743 
-0.239746 0.029741 
-0.238770 0.029739 
-0.237793 0.029737 
-0.236816 0.029735 
-0.235840 0.029733 
-0.234863 0.029731 
-0.233887 0.029730 
-0.232910 0.029728 
-0.231934 0.029726 
-0.230957 0.029724 
-0.229980 0.029722 
-0.229004 0.029720 
-0.228027 0.029719 
-0.227051 0.029717 
-0.226074 0.029715 
-0.225098 0.029713 
-0.224121 0.029712 
-0.223145 0.029710 
-0.222168 0.029708 
-0.221191 0.029707 
-0.220215 0.029705 
-0.219238 0.029704 
-0.218262 0.029702 
-0.217285 0.029700 
-0.216309 0.029699 
-0.215332 0.029697 
-0.214355 0.029696 
-0.213379 0.029694 
-0.212402 0.029693 
-0.211426 0.029691 
-0.210449 0.029690 
-0.209473 0.029689 
-0.208496 0.029687 
-0.207520 0.029686 
-0.206543 0.029684 
-0.205566 0.029683 
-0.204590 0.029682 
-0.203613 0.029680 
-0.202637 0.029679 
-0.201660 0.029678 
-0.200684 0.029676 
-0.199707 0.029675 
-0.198730 0.029674 
-0.197754 0.029673 
-0.196777 0.029671 
-0.195801 0.029670 
-0.194824 0.029669 
-0.193848 0.029668 
-0.192871 0.029667 
-0.191895 0.029665 
-0.190918 0.029664 
-0.189941 0.029663 
-0.188965 0.029662 
-0.187988 0.029661 
-0.187012 0.029660 
-0.186035 0.029659 
-0.185059 0.029658 
-0.184082 0.029657 
-0.183105 0.029655 
-0.182129 0.029654 
-0.181152 0.029653 
-0.180176 0.029652 
-0.179199 0.029651 
-0.178223 0.029650 
-0.177246 0.029649 
-0.176270 0.029648 
-0.175293 0.029647 
-0.174316 0.029647 
-0.173340 0.029646 
-0.172363 0.029645 
-0.171387 0.029644 
-0.170410 0.029643 
-0.169434 0.029642 
-0.168457 0.029641 
-0.167480 0.029640 
-0.166504 0.029639 
-0.165527 0.029638 
-0.164551 0.029638 
-0.163574 0.029637 
-0.162598 0.029636 
-0.161621 0.029635 
-0.160645 0.029634 
-0.159668 0.029634 
-0.158691 0.029633 
-0.157715 0.029632 
-0.156738 0.029631 
-0.155762 0.029630 
-0.154785 0.029630 
-0.153809 0.029629 
-0.152832 0.029628 
-0.151855 0.029627 
-0.150879 0.029627 
-0.149902 0.029626 
-0.148926 0.029625 
-0.147949 0.029625 
-0.146973 0.029624 
-0.145996 0.029623 
-0.145020 0.029623 
-0.144043 0.029622 
-0.143066 0.029621 
-0.142090 0.029621 
-0.141113 0.029620 
-0.140137 0.029619 
-0.139160 0.029619 
-0.138184 0.029618 
-0.137207 0.029617 
-0.136230 0.029617 
-0.135254 0.029616 
-0.134277 0.029616 
-0.133301 0.029615 
-0.132324 0.029614 
-0.131348 0.029614 
-0.130371 0.029613 
-0.129395 0.029613 
-0.128418 0.029612 
-0.127441 0.029612 
-0.126465 0.029611 
-0.125488 0.029611 
-0.124512 0.029610 
-0.123535 0.029610 
-0.122559 0.029609 
-0.121582 0.029609 
-0.120605 0.029608 
-0.119629 0.029608 
-0.118652 0.029607 
-0.117676 0.029607 
-0.116699 0.029606 
-0.115723 0.029606 
-0.114746 0.029605 
-0.113770 0.029605 
-0.112793 0.029604 
-0.111816 0.029604 
-0.110840 0.029603 
-0.109863 0.029603 
-0.108887 0.029603 
-0.107910 0.029602 
-0.106934 0.029602 
-0.105957 0.029601 
-0.104980 0.029601 
-0.104004 0.029600 
-0.103027 0.029600 
-0.102051 0.029600 
-0.101074 0.029599 
-0.100098 0.029599 
-0.099121 0.029598 
-0.098145 0.029598 
-0.097168 0.029598 
-0.096191 0.029597 
-0.095215 0.029597 
-0.094238 0.029597 
-0.093262 0.029596 
-0.092285 0.029596 
-0.091309 0.029596 
-0.090332 0.029595 
-0.089355 0.029595 
-0.088379 0.029595 
-0.087402 0.029594 
-0.086426 0.029594 
-0.085449 0.029594 
-0.084473 0.029593 
-0.083496 0.029593 
-0.082520 0.029593 
-0.081543 0.029592 
-0.080566 0.029592 
-0.079590 0.029592 
-0.078613 0.029592 
-0.077637 0.029591 
-0.076660 0.029591 
-0.075684 0.029591 
-0.074707 0.029591 
-0.073730 0.029590 
-0.072754 0.029590 
-0.071777 0.029590 
-0.070801 0.029590 
-0.069824 0.029589 
-0.068848 0.029589 
-0.067871 0.029589 
-0.066895 0.029589 
-0.065918 0.029588 
-0.064941 0.029588 
-0.063965 0.029588 
-0.062988 0.029588 
-0.062012 0.029587 
-0.061035 0.029587 
-0.060059 0.029587 
-0.059082 0.029587 
-0.058105 0.029587 
-0.057129 0.029586 
-0.056152 0.029586 
-0.055176 0.029586 
-0.054199 0.029586 
-0.053223 0.029586 
-0.052246 0.029586 
-0.051270 0.029585 
-0.050293 0.029585 
-0.049316 0.029585 
-0.048340 0.029585 
-0.047363 0.029585 
-0.046387 0.029585 
-0.045410 0.029584 
-0.044434 0.029584 
-0.043457 0.029584 
-0.042480 0.029584 
-0.041504 0.029584 
-0.040527 0.029584 
-0.039551 0.029584 
-0.038574 0.029583 
-0.037598 0.029583 
-0.036621 0.029583 
-0.035645 0.029583 
-0.034668 0.029583 
-0.033691 0.029583 
-0.032715 0.029583 
-0.031738 0.029583 
-0.030762 0.029583 
-0.029785 0.029582 
-0.028809 0.029582 
-0.027832 0.029582 
-0.026855 0.029582 
-0.025879 0.029582 
-0.024902 0.029582 
-0.023926 0.029582 
-0.022949 0.029582 
-0.021973 0.029582 
-0.020996 0.029582 
-0.020020 0.029582 
-0.019043 0.029582 
-0.018066 0.029581 
-0.017090 0.029581 
-0.016113 0.029581 
-0.015137 0.029581 
-0.014160 0.029581 
-0.013184 0.029581 
-0.012207 0.029581 
-0.011230 0.029581 
-0.010254 0.029581 
-0.009277 0.029581 
-0.008301 0.029581 
-0.007324 0.029581 
-0.006348 0.029581 
-0.005371 0.029581 
-0.004395 0.029581 
-0.003418 0.029581 
-0.002441 0.029581 
-0.001465 0.029581 
-0.000488 0.029581 
0.000488 0.029581 
0.001465 0.029581 
0.002441 0.029581 
0.003418 0.029581 
0.004395 0.029581 
0.005371 0.029581 
0.006348 0.029581 
0.007324 0.029581 
0.008301 0.029581 
0.009277 0.029581 
0.010254 0.029581 
0.011230 0.029581 
0.012207 0.029581 
0.013184 0.029581 
0.014160 0.029581 
0.015137 0.029581 
0.016113 0.029581 
0.017090 0.029581 
0.018066 0.029581 
0.019043 0.029582 
0.020020 0.029582 
0.020996 0.029582 
0.021973 0.029582 
0.022949 0.029582 
0.023926 0.029582 
0.024902 0.029582 
0.025879 0.029582 
0.026855 0.029582 
0.027832 0.029582 
0.028809 0.029582 
0.029785 0.029582 
0.030762 0.029583 
0.031738 0.029583 
0.032715 0.029583 
0.033691 0.029583 
0.034668 0.029583 
0.035645 0.029583 
0.036621 0.029583 
0.037598 0.029583 
0.038574 0.029583 
0.039551 0.029584 
0.040527 0.029584 
0.041504 0.029584 
0.042480 0.029584 
0.043457 0.029584 
0.044434 0.029584 
0.045410 0.029584 
0.046387 0.029585 
0.047363 0.029585 
0.048340 0.029585 
0.049316 0.029585 
0.050293 0.029585 
0.051270 0.029585 
0.052246 0.029586 
0.053223 0.029586 
0.054199 0.029586 
0.055176 0.029586 
0.056152 0.029586 
0.057129 0.029586 
0.058105 0.029587 
0.059082 0.029587 
0.060059 0.029587 
0.061035 0.029587 
0.062012 0.029587 
0.062988 0.029588 
0.063965 0.029588 
0.064941 0.029588 
0.065918 0.029588 
0.066895 0.029589 
0.067871 0.029589 
0.068848 0.029589 
0.069824 0.029589 
0.070801 0.029590 
0.071777 0.029590 
0.072754 0.029590 
0.073730 0.029590 
0.074707 0.029591 
0.075684 0.029591 
0.076660 0.029591 
0.077637 0.029591 
0.078613 0.029592 
0.079590 0.029592 
0.080566 0.029592 
0.081543 0.029592 
0.082520 0.029593 
0.083496 0.029593 
0.084473 0.029593 
0.085449 0.029594 
0.086426 0.029594 
0.087402 0.029594 
0.088379 0.029595 
0.089355 0.029595 
0.090332 0.029595 
0.091309 0.029596 
0.092285 0.029596 
0.093262 0.029596 
0.094238 0.029597 
0.095215 0.029597 
0.096191 0.029597 
0.097168 0.029598 
0.098145 0.029598 
0.099121 0.029598 
0.100098 0.029599 
0.101074 0.029599 
0.102051 0.029600 
0.103027 0.029600 
0.104004 0.029600 
0.104980 0.029601 
0.105957 0.029601 
0.106934 0.029602 
0.107910 0.029602 
0.108887 0.029603 
0.109863 0.029603 
0.110840 0.029603 
0.111816 0.029604 
0.112793 0.029604 
0.113770 0.029605 
0.114746 0.029605 
0.115723 0.029606 
0.116699 0.029606 
0.117676 0.029607 
0.118652 0.029607 
0.119629 0.029608 
0.120605 0.029608 
0.121582 0.029609 
0.122559 0.029609 
0.123535 0.029610 
0.124512 0.029610 
0.125488 0.029611 
0.126465 0.029611 
0.127441 0.029612 
0.128418 0.029612 
0.129395 0.029613 
0.130371 0.029613 
0.131348 0.029614 
0.132324 0.029614 
0.133301 0.029615 
0.134277 0.029616 
0.135254 0.029616 
0.136230 0.029617 
0.137207 0.029617 
0.138184 0.029618 
0.139160 0.029619 
0.140137 0.029619 
0.141113 0.029620 
0.142090 0.029621 
0.143066 0.029621 
0.144043 0.029622 
0.145020 0.029623 
0.145996 0.029623 
0.146973 0.029624 
0.147949 0.029625 
0.148926 0.029625 
0.149902 0.029626 
0.150879 0.029627 
0.151855 0.029627 
0.152832 0.029628 
0.153809 0.029629 
0.154785 0.029630 
0.155762 0.029630 
0.156738 0.029631 
0.157715 0.029632 
0.158691 0.029633 
0.159668 0.029634 
0.160645 0.029634 
0.161621 0.029635 
0.162598 0.029636 
0.163574 0.029637 
0.164551 0.029638 
0.165527 0.029638 
0.166504 0.029639 
0.167480 0.029640 
0.168457 0.029641 
0.169434 0.029642 
0.170410 0.029643 
0.171387 0.029644 
0.172363 0.029645 
0.173340 0.029646 
0.174316 0.029647 
0.175293 0.029647 
0.176270 0.029648 
0.177246 0.029649 
0.178223 0.029650 
0.179199 0.029651 
0.180176 0.029652 
0.181152 0.029653 
0.182129 0.029654 
0.183105 0.029655 
0.184082 0.029657 
0.185059 0.029658 
0.186035 0.029659 
0.187012 0.029660 
0.187988 0.029661 
0.188965 0.029662 
0.189941 0.029663 
0.190918 0.029664 
0.191895 0.029665 
0.192871 0.029667 
0.193848 0.029668 
0.194824 0.029669 
0.195801 0.029670 
0.196777 0.029671 
0.197754 0.029673 
0.198730 0.029674 
0.199707 0.029675 
0.200684 0.029676 
0.201660 0.029678 
0.202637 0.029679 
0.203613 0.029680 
0.204590 0.029682 
0.205566 0.029683 
0.206543 0.029684 
0.207520 0.029686 
0.208496 0.029687 
0.209473 0.029689 
0.210449 0.029690 
0.211426 0.029691 
0.212402 0.029693 
0.213379 0.029694 
0.214355 0.029696 
0.215332 0.029697 
0.216309 0.029699 
0.217285 0.029700 
0.218262 0.029702 
0.219238 0.029704 
0.220215 0.029705 
0.221191 0.029707 
0.222168 0.029708 
0.223145 0.029710 
0.224121 0.029712 
0.225098 0.029713 
0.226074 0.029715 
0.227051 0.029717 
0.228027 0.029719 
0.229004 0.029720 
0.229980 0.029722 
0.230957 0.029724 
0.231934 0.029726 
0.232910 0.029728 
0.233887 0.029730 
0.234863 0.029731 
0.235840 0.029733 
0.236816 0.029735 
0.237793 0.029737 
0.238770 0.029739 
0.239746 0.029741 
0.240723 0.029743 
0.241699 0.029745 
0.242676 0.029747 
0.243652 0.029750 
0.244629 0.029752 
0.245605 0.029754 
0.246582 0.029756 
0.247559 0.029758 
0.248535 0.029760 
0.249512 0.029763 
0.250488 0.029765 
0.251465 0.029767 
0.252441 0.029770 
0.253418 0.029772 
0.254395 0.029774 
0.255371 0.029777 
0.256348 0.029779 
0.257324 0.029782 
0.258301 0.029784 
0.259277 0.029787 
0.260254 0.029789 
0.261230 0.029792 
0.262207 0.029795 
0.263184 0.029797 
0.264160 0.029800 
0.265137 0.029803 
0.266113 0.029805 
0.267090 0.029808 
0.268066 0.029811 
0.269043 0.029814 
0.270020 0.029817 
0.270996 0.029820 
0.271973 0.029823 
0.272949 0.029826 
0.273926 0.029829 
0.274902 0.029832 
0.275879 0.029835 
0.276855 0.029838 
0.277832 0.029841 
0.278809 0.029844 
0.279785 0.029848 
0.280762 0.029851 
0.281738 0.029854 
0.282715 0.029858 
0.283691 0.029861 
0.284668 0.029864 
0.285645 0.029868 
0.286621 0.029871 
0.287598 0.029875 
0.288574 0.029879 
0.289551 0.029882 
0.290527 0.029886 
0.291504 0.029890 
0.292480 0.029893 
0.293457 0.029897 
0.294434 0.029901 
0.295410 0.029905 
0.296387 0.029909 
0.297363 0.029913 
0.298340 0.029917 
0.299316 0.029921 
0.300293 0.029925 
0.301270 0.029930 
0.302246 0.029934 
0.303223 0.029938 
0.304199 0.029943 
0.305176 0.029947 
0.306152 0.029951 
0.307129 0.029956 
0.308105 0.029961 
0.309082 0.029965 
0.310059 0.029970 
0.311035 0.029975 
0.312012 0.029979 
0.312988 0.029984 
0.313965 0.029989 
0.314941 0.029994 
0.315918 0.029999 
0.316895 0.030004 
0.317871 0.030010 
0.318848 0.030015 
0.319824 0.030020 
0.320801 0.030025 
0.321777 0.030031 
0.322754 0.030036 
0.323730 0.030042 
0.324707 0.030047 
0.325684 0.030053 
0.326660 0.030059 
0.327637 0.030065 
0.328613 0.030071 
0.329590 0.030077 
0.330566 0.030083 
0.331543 0.030089 
0.332520 0.030095 
0.333496 0.030101 
0.334473 0.030108 
0.335449 0.030114 
0.336426 0.030121 
0.337402 0.030127 
0.338379 0.030134 
0.339355 0.030141 
0.340332 0.030147 
0.341309 0.030154 
0.342285 0.030161 
0.343262 0.030168 
0.344238 0.030175 
0.345215 0.030183 
0.346191 0.030190 
0.347168 0.030198 
0.348145 0.030205 
0.349121 0.030213 
0.350098 0.030220 
0.351074 0.030228 
0.352051 0.030236 
0.353027 0.030244 
0.354004 0.030252 
0.354980 0.030260 
0.355957 0.030269 
0.356934 0.030277 
0.357910 0.030286 
0.358887 0.030294 
0.359863 0.030303 
0.360840 0.030312 
0.361816 0.030321 
0.362793 0.030330 
0.363770 0.030339 
0.364746 0.030348 
0.365723 0.030358 
0.366699 0.030367 
0.367676 0.030377 
0.368652 0.030387 
0.369629 0.030396 
0.370605 0.030406 
0.371582 0.030416 
0.372559 0.030427 
0.373535 0.030437 
0.374512 0.030448 
0.375488 0.030458 
0.376465 0.030469 
0.377441 0.030480 
0.378418 0.030491 
0.379395 0.030502 
0.380371 0.030513 
0.381348 0.030525 
0.382324 0.030536 
0.383301 0.030548 
0.384277 0.030560 
0.385254 0.030572 
0.386230 0.030584 
0.387207 0.030597 
0.388184 0.030609 
0.389160 0.030622 
0.390137 0.030635 
0.391113 0.030648 
0.392090 0.030661 
0.393066 0.030674 
0.394043 0.030687 
0.395020 0.030701 
0.395996 0.030715 
0.396973 0.030729 
0.397949 0.030743 
0.398926 0.030757 
0.399902 0.030772 
0.400879 0.030787 
0.401855 0.030801 
0.402832 0.030816 
0.403809 0.030832 
0.404785 0.030847 
0.405762 0.030863 
0.406738 0.030879 
0.407715 0.030895 
0.408691 0.030911 
0.409668 0.030927 
0.410645 0.030944 
0.411621 0.030961 
0.412598 0.030978 
0.413574 0.030995 
0.414551 0.031013 
0.415527 0.031031 
0.416504 0.031049 
0.417480 0.031067 
0.418457 0.031085 
0.419434 0.031104 
0.420410 0.031123 
0.421387 0.031142 
0.422363 0.031161 
0.423340 0.031181 
0.424316 0.031201 
0.425293 0.031221 
0.426270 0.031241 
0.427246 0.031262 
0.428223 0.031283 
0.429199 0.031304 
0.430176 0.031325 
0.431152 0.031347 
0.432129 0.031369 
0.433105 0.031391 
0.434082 0.031414 
0.435059 0.031437 
0.436035 0.031460 
0.437012 0.031483 
0.437988 0.031507 
0.438965 0.031531 
0.439941 0.031555 
0.440918 0.031580 
0.441895 0.031605 
0.442871 0.031630 
0.443848 0.031656 
0.444824 0.031681 
0.445801 0.031708 
0.446777 0.031734 
0.447754 0.031761 
0.448730 0.031788 
0.449707 0.031816 
0.450684 0.031844 
0.451660 0.031872 
0.452637 0.031901 
0.453613 0.031930 
0.454590 0.031959 
0.455566 0.031989 
0.456543 0.032019 
0.457520 0.032050 
0.458496 0.032081 
0.459473 0.032112 
0.460449 0.032144 
0.461426 0.032176 
0.462402 0.032209 
0.463379 0.032242 
0.464355 0.032275 
0.465332 0.032309 
0.466309 0.032343 
0.467285 0.032378 
0.468262 0.032413 
0.469238 0.032449 
0.470215 0.032485 
0.471191 0.032521 
0.472168 0.032558 
0.473145 0.032596 
0.474121 0.032634 
0.475098 0.032672 
0.476074 0.032711 
0.477051 0.032751 
0.478027 0.032791 
0.479004 0.032831 
0.479980 0.032872 
0.480957 0.032913 
0.481934 0.032956 
0.482910 0.032998 
0.483887 0.033041 
0.484863 0.033085 
0.485840 0.033129 
0.486816 0.033174 
0.487793 0.033219 
0.488770 0.033265 
0.489746 0.033312 
0.490723 0.033359 
0.491699 0.033407 
0.492676 0.033455 
0.493652 0.033504 
0.494629 0.033554 
0.495605 0.033604 
0.496582 0.033655 
0.497559 0.033707 
0.498535 0.033759 
0.499512 0.033812 
