#cell coordinates and the corresponding deviation from the equilibrium 
-0.499512 0.033828 
-0.498535 0.033774 
-0.497559 0.033722 
-0.496582 0.033670 
-0.495605 0.033619 
-0.494629 0.033569 
-0.493652 0.033519 
-0.492676 0.033470 
-0.491699 0.033421 
-0.490723 0.033373 
-0.489746 0.033326 
-0.488770 0.033279 
-0.487793 0.033233 
-0.486816 0.033187 
-0.485840 0.033143 
-0.484863 0.033098 
-0.483887 0.033054 
-0.482910 0.033011 
-0.481934 0.032968 
-0.480957 0.032926 
-0.479980 0.032885 
-0.479004 0.032843 
-0.478027 0.032803 
-0.477051 0.032763 
-0.476074 0.032723 
-0.475098 0.032684 
-0.474121 0.032646 
-0.473145 0.032608 
-0.472168 0.032570 
-0.471191 0.032533 
-0.470215 0.032496 
-0.469238 0.032460 
-0.468262 0.032425 
-0.467285 0.032389 
-0.466309 0.032354 
-0.465332 0.032320 
-0.464355 0.032286 
-0.463379 0.032253 
-0.462402 0.032220 
-0.461426 0.032187 
-0.460449 0.032155 
-0.459473 0.032123 
-0.458496 0.032092 
-0.457520 0.032061 
-0.456543 0.032030 
-0.455566 0.032000 
-0.454590 0.031970 
-0.453613 0.031940 
-0.452637 0.031911 
-0.451660 0.031883 
-0.450684 0.031854 
-0.449707 0.031826 
-0.448730 0.031799 
-0.447754 0.031771 
-0.446777 0.031744 
-0.445801 0.031718 
-0.444824 0.031691 
-0.443848 0.031665 
-0.442871 0.031640 
-0.441895 0.031615 
-0.440918 0.031590 
-0.439941 0.031565 
-0.438965 0.031541 
-0.437988 0.031517 
-0.437012 0.031493 
-0.436035 0.031469 
-0.435059 0.031446 
-0.434082 0.031423 
-0.433105 0.031401 
-0.432129 0.031379 
-0.431152 0.031357 
-0.430176 0.031335 
-0.429199 0.031314 
-0.428223 0.031292 
-0.427246 0.031271 
-0.426270 0.031251 
-0.425293 0.031230 
-0.424316 0.031210 
-0.423340 0.031190 
-0.422363 0.031171 
-0.421387 0.031152 
-0.420410 0.031132 
-0.419434 0.031114 
-0.418457 0.031095 
-0.417480 0.031077 
-0.416504 0.031058 
-0.415527 0.031040 
-0.414551 0.031023 
-0.413574 0.031005 
-0.412598 0.030988 
-0.411621 0.030971 
-0.410645 0.030954 
-0.409668 0.030937 
-0.408691 0.030921 
-0.407715 0.030905 
-0.406738 0.030889 
-0.405762 0.030873 
-0.404785 0.030857 
-0.403809 0.030842 
-0.402832 0.030827 
-0.401855 0.030812 
-0.400879 0.030797 
-0.399902 0.030782 
-0.398926 0.030768 
-0.397949 0.030754 
-0.396973 0.030739 
-0.395996 0.030726 
-0.395020 0.030712 
-0.394043 0.030698 
-0.393066 0.030685 
-0.392090 0.030672 
-0.391113 0.030659 
-0.390137 0.030646 
-0.389160 0.030633 
-0.388184 0.030620 
-0.387207 0.030608 
-0.386230 0.030596 
-0.385254 0.030584 
-0.384277 0.030572 
-0.383301 0.030560 
-0.382324 0.030548 
-0.381348 0.030537 
-0.380371 0.030525 
-0.379395 0.030514 
-0.378418 0.030503 
-0.377441 0.030492 
-0.376465 0.030481 
-0.375488 0.030471 
-0.374512 0.030460 
-0.373535 0.030450 
-0.372559 0.030439 
-0.371582 0.030429 
-0.370605 0.030419 
-0.369629 0.030409 
-0.368652 0.030400 
-0.367676 0.030390 
-0.366699 0.030380 
-0.365723 0.030371 
-0.364746 0.030362 
-0.363770 0.030353 
-0.362793 0.030344 
-0.361816 0.030335 
-0.360840 0.030326 
-0.359863 0.030317 
-0.358887 0.030308 
-0.357910 0.030300 
-0.356934 0.030292 
-0.355957 0.030283 
-0.354980 0.030275 
-0.354004 0.030267 
-0.353027 0.030259 
-0.352051 0.030251 
-0.351074 0.030244 
-0.350098 0.030236 
-0.349121 0.030110 
-0.348145 0.030103 
-0.347168 0.030098 
-0.346191 0.030093 
-0.345215 0.030087 
-0.344238 0.030082 
-0.343262 0.030077 
-0.342285 0.030072 
-0.341309 0.030068 
-0.340332 0.030063 
-0.339355 0.030058 
-0.338379 0.030053 
-0.337402 0.030048 
-0.336426 0.030044 
-0.335449 0.030039 
-0.334473 0.030034 
-0.333496 0.030030 
-0.332520 0.030025 
-0.331543 0.030021 
-0.330566 0.030016 
-0.329590 0.030012 
-0.328613 0.030007 
-0.327637 0.030003 
-0.326660 0.029999 
-0.325684 0.029994 
-0.324707 0.029990 
-0.323730 0.029986 
-0.322754 0.029982 
-0.321777 0.029978 
-0.320801 0.029974 
-0.319824 0.029970 
-0.318848 0.029966 
-0.317871 0.029962 
-0.316895 0.029958 
-0.315918 0.029954 
-0.314941 0.029950 
-0.313965 0.029946 
-0.312988 0.029942 
-0.312012 0.029938 
-0.311035 0.029935 
-0.310059 0.029931 
-0.309082 0.029927 
-0.308105 0.029924 
-0.307129 0.029920 
-0.306152 0.029916 
-0.305176 0.029913 
-0.304199 0.029909 
-0.303223 0.029906 
-0.302246 0.029902 
-0.301270 0.029899 
-0.300293 0.029896 
-0.299316 0.029892 
-0.298340 0.029889 
-0.297363 0.029886 
-0.296387 0.029882 
-0.295410 0.029879 
-0.294434 0.029876 
-0.293457 0.029873 
-0.292480 0.029869 
-0.291504 0.029866 
-0.290527 0.029863 
-0.289551 0.029860 
-0.288574 0.029857 
-0.287598 0.029854 
-0.286621 0.029851 
-0.285645 0.029848 
-0.284668 0.029845 
-0.283691 0.029842 
-0.282715 0.029839 
-0.281738 0.029836 
-0.280762 0.029834 
-0.279785 0.029831 
-0.278809 0.029828 
-0.277832 0.029825 
-0.276855 0.029822 
-0.275879 0.029820 
-0.274902 0.029817 
-0.273926 0.029814 
-0.272949 0.029812 
-0.271973 0.029809 
-0.270996 0.029806 
-0.270020 0.029804 
-0.269043 0.029801 
-0.268066 0.029799 
-0.267090 0.029796 
-0.266113 0.029794 
-0.265137 0.029791 
-0.264160 0.029789 
-0.263184 0.029786 
-0.262207 0.029784 
-0.261230 0.029782 
-0.260254 0.029779 
-0.259277 0.029777 
-0.258301 0.029775 
-0.257324 0.029772 
-0.256348 0.029770 
-0.255371 0.029768 
-0.254395 0.029765 
-0.253418 0.029763 
-0.252441 0.029761 
-0.251465 0.029759 
-0.250488 0.029757 
-0.249512 0.029755 
-0.248535 0.029752 
-0.247559 0.029750 
-0.246582 0.029748 
-0.245605 0.029746 
-0.244629 0.029744 
-0.243652 0.029742 
-0.242676 0.029740 
-0.241699 0.029738 
-0.240723 0.029736 
-0.239746 0.029734 
-0.238770 0.029732 
-0.237793 0.029730 
-0.236816 0.029728 
-0.235840 0.029726 
-0.234863 0.029725 
-0.233887 0.029723 
-0.232910 0.029721 
-0.231934 0.029719 
-0.230957 0.029717 
-0.229980 0.029716 
-0.229004 0.029714 
-0.228027 0.029712 
-0.227051 0.029710 
-0.226074 0.029708 
-0.225098 0.029707 
-0.224121 0.029705 
-0.223145 0.029703 
-0.222168 0.029702 
-0.221191 0.029700 
-0.220215 0.029698 
-0.219238 0.029697 
-0.218262 0.029695 
-0.217285 0.029694 
-0.216309 0.029692 
-0.215332 0.029690 
-0.214355 0.029689 
-0.213379 0.029687 
-0.212402 0.029686 
-0.211426 0.029684 
-0.210449 0.029683 
-0.209473 0.029681 
-0.208496 0.029680 
-0.207520 0.029678 
-0.206543 0.029677 
-0.205566 0.029676 
-0.204590 0.029674 
-0.203613 0.029673 
-0.202637 0.029671 
-0.201660 0.029670 
-0.200684 0.029669 
-0.199707 0.029667 
-0.198730 0.029666 
-0.197754 0.029665 
-0.196777 0.029663 
-0.195801 0.029662 
-0.194824 0.029661 
-0.193848 0.029659 
-0.192871 0.029658 
-0.191895 0.029657 
-0.190918 0.029656 
-0.189941 0.029654 
-0.188965 0.029653 
-0.187988 0.029652 
-0.187012 0.029651 
-0.186035 0.029650 
-0.185059 0.029649 
-0.184082 0.029647 
-0.183105 0.029646 
-0.182129 0.029645 
-0.181152 0.029644 
-0.180176 0.029643 
-0.179199 0.029642 
-0.178223 0.029641 
-0.177246 0.029640 
-0.176270 0.029638 
-0.175293 0.029637 
-0.174316 0.029636 
-0.173340 0.029635 
-0.172363 0.029634 
-0.171387 0.029633 
-0.170410 0.029632 
-0.169434 0.029631 
-0.168457 0.029630 
-0.167480 0.029629 
-0.166504 0.029628 
-0.165527 0.029627 
-0.164551 0.029626 
-0.163574 0.029625 
-0.162598 0.029624 
-0.161621 0.029623 
-0.160645 0.029623 
-0.159668 0.029622 
-0.158691 0.029621 
-0.157715 0.029620 
-0.156738 0.029619 
-0.155762 0.029618 
-0.154785 0.029617 
-0.153809 0.029616 
-0.152832 0.029615 
-0.151855 0.029615 
-0.150879 0.029614 
-0.149902 0.029613 
-0.148926 0.029612 
-0.147949 0.029611 
-0.146973 0.029610 
-0.145996 0.029610 
-0.145020 0.029609 
-0.144043 0.029608 
-0.143066 0.029607 
-0.142090 0.029607 
-0.141113 0.029606 
-0.140137 0.029605 
-0.139160 0.029604 
-0.138184 0.029604 
-0.137207 0.029603 
-0.136230 0.029602 
-0.135254 0.029601 
-0.134277 0.029601 
-0.133301 0.029600 
-0.132324 0.029599 
-0.131348 0.029599 
-0.130371 0.029598 
-0.129395 0.029597 
-0.128418 0.029597 
-0.127441 0.029596 
-0.126465 0.029595 
-0.125488 0.029595 
-0.124512 0.029594 
-0.123535 0.029593 
-0.122559 0.029593 
-0.121582 0.029592 
-0.120605 0.029592 
-0.119629 0.029591 
-0.118652 0.029590 
-0.117676 0.029590 
-0.116699 0.029589 
-0.115723 0.029589 
-0.114746 0.029588 
-0.113770 0.029588 
-0.112793 0.029587 
-0.111816 0.029586 
-0.110840 0.029586 
-0.109863 0.029585 
-0.108887 0.029585 
-0.107910 0.029584 
-0.106934 0.029584 
-0.105957 0.029583 
-0.104980 0.029583 
-0.104004 0.029582 
-0.103027 0.029582 
-0.102051 0.029581 
-0.101074 0.029581 
-0.100098 0.029580 
-0.099121 0.029580 
-0.098145 0.029579 
-0.097168 0.029579 
-0.096191 0.029579 
-0.095215 0.029578 
-0.094238 0.029578 
-0.093262 0.029577 
-0.092285 0.029577 
-0.091309 0.029576 
-0.090332 0.029576 
-0.089355 0.029576 
-0.088379 0.029575 
-0.087402 0.029575 
-0.086426 0.029574 
-0.085449 0.029574 
-0.084473 0.029574 
-0.083496 0.029573 
-0.082520 0.029573 
-0.081543 0.029572 
-0.080566 0.029572 
-0.079590 0.029572 
-0.078613 0.029571 
-0.077637 0.029571 
-0.076660 0.029571 
-0.075684 0.029570 
-0.074707 0.029570 
-0.073730 0.029570 
-0.072754 0.029569 
-0.071777 0.029569 
-0.070801 0.029569 
-0.069824 0.029568 
-0.068848 0.029568 
-0.067871 0.029568 
-0.066895 0.029567 
-0.065918 0.029567 
-0.064941 0.029567 
-0.063965 0.029567 
-0.062988 0.029566 
-0.062012 0.029566 
-0.061035 0.029566 
-0.060059 0.029565 
-0.059082 0.029565 
-0.058105 0.029565 
-0.057129 0.029565 
-0.056152 0.029564 
-0.055176 0.029564 
-0.054199 0.029564 
-0.053223 0.029564 
-0.052246 0.029564 
-0.051270 0.029563 
-0.050293 0.029563 
-0.049316 0.029563 
-0.048340 0.029563 
-0.047363 0.029562 
-0.046387 0.029562 
-0.045410 0.029562 
-0.044434 0.029562 
-0.043457 0.029562 
-0.042480 0.029562 
-0.041504 0.029561 
-0.040527 0.029561 
-0.039551 0.029561 
-0.038574 0.029561 
-0.037598 0.029561 
-0.036621 0.029561 
-0.035645 0.029560 
-0.034668 0.029560 
-0.033691 0.029560 
-0.032715 0.029560 
-0.031738 0.029560 
-0.030762 0.029560 
-0.029785 0.029560 
-0.028809 0.029559 
-0.027832 0.029559 
-0.026855 0.029559 
-0.025879 0.029559 
-0.024902 0.029559 
-0.023926 0.029559 
-0.022949 0.029559 
-0.021973 0.029559 
-0.020996 0.029559 
-0.020020 0.029559 
-0.019043 0.029558 
-0.018066 0.029558 
-0.017090 0.029558 
-0.016113 0.029558 
-0.015137 0.029558 
-0.014160 0.029558 
-0.013184 0.029558 
-0.012207 0.029558 
-0.011230 0.029558 
-0.010254 0.029558 
-0.009277 0.029558 
-0.008301 0.029558 
-0.007324 0.029558 
-0.006348 0.029558 
-0.005371 0.029558 
-0.004395 0.029558 
-0.003418 0.029558 
-0.002441 0.029558 
-0.001465 0.029558 
-0.000488 0.029558 
0.000488 0.029558 
0.001465 0.029558 
0.002441 0.029558 
0.003418 0.029558 
0.004395 0.029558 
0.005371 0.029558 
0.006348 0.029558 
0.007324 0.029558 
0.008301 0.029558 
0.009277 0.029558 
0.010254 0.029558 
0.011230 0.029558 
0.012207 0.029558 
0.013184 0.029558 
0.014160 0.029558 
0.015137 0.029558 
0.016113 0.029558 
0.017090 0.029558 
0.018066 0.029558 
0.019043 0.029558 
0.020020 0.029559 
0.020996 0.029559 
0.021973 0.029559 
0.022949 0.029559 
0.023926 0.029559 
0.024902 0.029559 
0.025879 0.029559 
0.026855 0.029559 
0.027832 0.029559 
0.028809 0.029559 
0.029785 0.029560 
0.030762 0.029560 
0.031738 0.029560 
0.032715 0.029560 
0.033691 0.029560 
0.034668 0.029560 
0.035645 0.029560 
0.036621 0.029561 
0.037598 0.029561 
0.038574 0.029561 
0.039551 0.029561 
0.040527 0.029561 
0.041504 0.029561 
0.042480 0.029562 
0.043457 0.029562 
0.044434 0.029562 
0.045410 0.029562 
0.046387 0.029562 
0.047363 0.029562 
0.048340 0.029563 
0.049316 0.029563 
0.050293 0.029563 
0.051270 0.029563 
0.052246 0.029564 
0.053223 0.029564 
0.054199 0.029564 
0.055176 0.029564 
0.056152 0.029564 
0.057129 0.029565 
0.058105 0.029565 
0.059082 0.029565 
0.060059 0.029565 
0.061035 0.029566 
0.062012 0.029566 
0.062988 0.029566 
0.063965 0.029567 
0.064941 0.029567 
0.065918 0.029567 
0.066895 0.029567 
0.067871 0.029568 
0.068848 0.029568 
0.069824 0.029568 
0.070801 0.029569 
0.071777 0.029569 
0.072754 0.029569 
0.073730 0.029570 
0.074707 0.029570 
0.075684 0.029570 
0.076660 0.029571 
0.077637 0.029571 
0.078613 0.029571 
0.079590 0.029572 
0.080566 0.029572 
0.081543 0.029572 
0.082520 0.029573 
0.083496 0.029573 
0.084473 0.029574 
0.085449 0.029574 
0.086426 0.029574 
0.087402 0.029575 
0.088379 0.029575 
0.089355 0.029576 
0.090332 0.029576 
0.091309 0.029576 
0.092285 0.029577 
0.093262 0.029577 
0.094238 0.029578 
0.095215 0.029578 
0.096191 0.029579 
0.097168 0.029579 
0.098145 0.029579 
0.099121 0.029580 
0.100098 0.029580 
0.101074 0.029581 
0.102051 0.029581 
0.103027 0.029582 
0.104004 0.029582 
0.104980 0.029583 
0.105957 0.029583 
0.106934 0.029584 
0.107910 0.029584 
0.108887 0.029585 
0.109863 0.029585 
0.110840 0.029586 
0.111816 0.029586 
0.112793 0.029587 
0.113770 0.029588 
0.114746 0.029588 
0.115723 0.029589 
0.116699 0.029589 
0.117676 0.029590 
0.118652 0.029590 
0.119629 0.029591 
0.120605 0.029592 
0.121582 0.029592 
0.122559 0.029593 
0.123535 0.029593 
0.124512 0.029594 
0.125488 0.029595 
0.126465 0.029595 
0.127441 0.029596 
0.128418 0.029597 
0.129395 0.029597 
0.130371 0.029598 
0.131348 0.029599 
0.132324 0.029599 
0.133301 0.029600 
0.134277 0.029601 
0.135254 0.029601 
0.136230 0.029602 
0.137207 0.029603 
0.138184 0.029604 
0.139160 0.029604 
0.140137 0.029605 
0.141113 0.029606 
0.142090 0.029607 
0.143066 0.029607 
0.144043 0.029608 
0.145020 0.029609 
0.145996 0.029610 
0.146973 0.029610 
0.147949 0.029611 
0.148926 0.029612 
0.149902 0.029613 
0.150879 0.029614 
0.151855 0.029615 
0.152832 0.029615 
0.153809 0.029616 
0.154785 0.029617 
0.155762 0.029618 
0.156738 0.029619 
0.157715 0.029620 
0.158691 0.029621 
0.159668 0.029622 
0.160645 0.029623 
0.161621 0.029623 
0.162598 0.029624 
0.163574 0.029625 
0.164551 0.029626 
0.165527 0.029627 
0.166504 0.029628 
0.167480 0.029629 
0.168457 0.029630 
0.169434 0.029631 
0.170410 0.029632 
0.171387 0.029633 
0.172363 0.029634 
0.173340 0.029635 
0.174316 0.029636 
0.175293 0.029637 
0.176270 0.029638 
0.177246 0.029640 
0.178223 0.029641 
0.179199 0.029642 
0.180176 0.029643 
0.181152 0.029644 
0.182129 0.029645 
0.183105 0.029646 
0.184082 0.029647 
0.185059 0.029649 
0.186035 0.029650 
0.187012 0.029651 
0.187988 0.029652 
0.188965 0.029653 
0.189941 0.029654 
0.190918 0.029656 
0.191895 0.029657 
0.192871 0.029658 
0.193848 0.029659 
0.194824 0.029661 
0.195801 0.029662 
0.196777 0.029663 
0.197754 0.029665 
0.198730 0.029666 
0.199707 0.029667 
0.200684 0.029669 
0.201660 0.029670 
0.202637 0.029671 
0.203613 0.029673 
0.204590 0.029674 
0.205566 0.029676 
0.206543 0.029677 
0.207520 0.029678 
0.208496 0.029680 
0.209473 0.029681 
0.210449 0.029683 
0.211426 0.029684 
0.212402 0.029686 
0.213379 0.029687 
0.214355 0.029689 
0.215332 0.029690 
0.216309 0.029692 
0.217285 0.029694 
0.218262 0.029695 
0.219238 0.029697 
0.220215 0.029698 
0.221191 0.029700 
0.222168 0.029702 
0.223145 0.029703 
0.224121 0.029705 
0.225098 0.029707 
0.226074 0.029708 
0.227051 0.029710 
0.228027 0.029712 
0.229004 0.029714 
0.229980 0.029716 
0.230957 0.029717 
0.231934 0.029719 
0.232910 0.029721 
0.233887 0.029723 
0.234863 0.029725 
0.235840 0.029726 
0.236816 0.029728 
0.237793 0.029730 
0.238770 0.029732 
0.239746 0.029734 
0.240723 0.029736 
0.241699 0.029738 
0.242676 0.029740 
0.243652 0.029742 
0.244629 0.029744 
0.245605 0.029746 
0.246582 0.029748 
0.247559 0.029750 
0.248535 0.029752 
0.249512 0.029755 
0.250488 0.029757 
0.251465 0.029759 
0.252441 0.029761 
0.253418 0.029763 
0.254395 0.029765 
0.255371 0.029768 
0.256348 0.029770 
0.257324 0.029772 
0.258301 0.029775 
0.259277 0.029777 
0.260254 0.029779 
0.261230 0.029782 
0.262207 0.029784 
0.263184 0.029786 
0.264160 0.029789 
0.265137 0.029791 
0.266113 0.029794 
0.267090 0.029796 
0.268066 0.029799 
0.269043 0.029801 
0.270020 0.029804 
0.270996 0.029806 
0.271973 0.029809 
0.272949 0.029812 
0.273926 0.029814 
0.274902 0.029817 
0.275879 0.029820 
0.276855 0.029822 
0.277832 0.029825 
0.278809 0.029828 
0.279785 0.029831 
0.280762 0.029834 
0.281738 0.029836 
0.282715 0.029839 
0.283691 0.029842 
0.284668 0.029845 
0.285645 0.029848 
0.286621 0.029851 
0.287598 0.029854 
0.288574 0.029857 
0.289551 0.029860 
0.290527 0.029863 
0.291504 0.029866 
0.292480 0.029869 
0.293457 0.029873 
0.294434 0.029876 
0.295410 0.029879 
0.296387 0.029882 
0.297363 0.029886 
0.298340 0.029889 
0.299316 0.029892 
0.300293 0.029896 
0.301270 0.029899 
0.302246 0.029902 
0.303223 0.029906 
0.304199 0.029909 
0.305176 0.029913 
0.306152 0.029916 
0.307129 0.029920 
0.308105 0.029924 
0.309082 0.029927 
0.310059 0.029931 
0.311035 0.029935 
0.312012 0.029938 
0.312988 0.029942 
0.313965 0.029946 
0.314941 0.029950 
0.315918 0.029954 
0.316895 0.029958 
0.317871 0.029962 
0.318848 0.029966 
0.319824 0.029970 
0.320801 0.029974 
0.321777 0.029978 
0.322754 0.029982 
0.323730 0.029986 
0.324707 0.029990 
0.325684 0.029994 
0.326660 0.029999 
0.327637 0.030003 
0.328613 0.030007 
0.329590 0.030012 
0.330566 0.030016 
0.331543 0.030021 
0.332520 0.030025 
0.333496 0.030030 
0.334473 0.030034 
0.335449 0.030039 
0.336426 0.030044 
0.337402 0.030048 
0.338379 0.030053 
0.339355 0.030058 
0.340332 0.030063 
0.341309 0.030068 
0.342285 0.030072 
0.343262 0.030077 
0.344238 0.030082 
0.345215 0.030087 
0.346191 0.030093 
0.347168 0.030098 
0.348145 0.030103 
0.349121 0.030110 
0.350098 0.030236 
0.351074 0.030244 
0.352051 0.030251 
0.353027 0.030259 
0.354004 0.030267 
0.354980 0.030275 
0.355957 0.030283 
0.356934 0.030292 
0.357910 0.030300 
0.358887 0.030308 
0.359863 0.030317 
0.360840 0.030326 
0.361816 0.030335 
0.362793 0.030344 
0.363770 0.030353 
0.364746 0.030362 
0.365723 0.030371 
0.366699 0.030380 
0.367676 0.030390 
0.368652 0.030400 
0.369629 0.030409 
0.370605 0.030419 
0.371582 0.030429 
0.372559 0.030439 
0.373535 0.030450 
0.374512 0.030460 
0.375488 0.030471 
0.376465 0.030481 
0.377441 0.030492 
0.378418 0.030503 
0.379395 0.030514 
0.380371 0.030525 
0.381348 0.030537 
0.382324 0.030548 
0.383301 0.030560 
0.384277 0.030572 
0.385254 0.030584 
0.386230 0.030596 
0.387207 0.030608 
0.388184 0.030620 
0.389160 0.030633 
0.390137 0.030646 
0.391113 0.030659 
0.392090 0.030672 
0.393066 0.030685 
0.394043 0.030698 
0.395020 0.030712 
0.395996 0.030726 
0.396973 0.030739 
0.397949 0.030754 
0.398926 0.030768 
0.399902 0.030782 
0.400879 0.030797 
0.401855 0.030812 
0.402832 0.030827 
0.403809 0.030842 
0.404785 0.030857 
0.405762 0.030873 
0.406738 0.030889 
0.407715 0.030905 
0.408691 0.030921 
0.409668 0.030937 
0.410645 0.030954 
0.411621 0.030971 
0.412598 0.030988 
0.413574 0.031005 
0.414551 0.031023 
0.415527 0.031040 
0.416504 0.031058 
0.417480 0.031077 
0.418457 0.031095 
0.419434 0.031114 
0.420410 0.031132 
0.421387 0.031152 
0.422363 0.031171 
0.423340 0.031190 
0.424316 0.031210 
0.425293 0.031230 
0.426270 0.031251 
0.427246 0.031271 
0.428223 0.031292 
0.429199 0.031314 
0.430176 0.031335 
0.431152 0.031357 
0.432129 0.031379 
0.433105 0.031401 
0.434082 0.031423 
0.435059 0.031446 
0.436035 0.031469 
0.437012 0.031493 
0.437988 0.031517 
0.438965 0.031541 
0.439941 0.031565 
0.440918 0.031590 
0.441895 0.031615 
0.442871 0.031640 
0.443848 0.031665 
0.444824 0.031691 
0.445801 0.031718 
0.446777 0.031744 
0.447754 0.031771 
0.448730 0.031799 
0.449707 0.031826 
0.450684 0.031854 
0.451660 0.031883 
0.452637 0.031911 
0.453613 0.031940 
0.454590 0.031970 
0.455566 0.032000 
0.456543 0.032030 
0.457520 0.032061 
0.458496 0.032092 
0.459473 0.032123 
0.460449 0.032155 
0.461426 0.032187 
0.462402 0.032220 
0.463379 0.032253 
0.464355 0.032286 
0.465332 0.032320 
0.466309 0.032354 
0.467285 0.032389 
0.468262 0.032425 
0.469238 0.032460 
0.470215 0.032496 
0.471191 0.032533 
0.472168 0.032570 
0.473145 0.032608 
0.474121 0.032646 
0.475098 0.032684 
0.476074 0.032723 
0.477051 0.032763 
0.478027 0.032803 
0.479004 0.032843 
0.479980 0.032885 
0.480957 0.032926 
0.481934 0.032968 
0.482910 0.033011 
0.483887 0.033054 
0.484863 0.033098 
0.485840 0.033143 
0.486816 0.033187 
0.487793 0.033233 
0.488770 0.033279 
0.489746 0.033326 
0.490723 0.033373 
0.491699 0.033421 
0.492676 0.033470 
0.493652 0.033519 
0.494629 0.033569 
0.495605 0.033619 
0.496582 0.033670 
0.497559 0.033722 
0.498535 0.033774 
0.499512 0.033828 
