#x y at the midpoint of each cell and the error in every component
-0.499512 0.775018 0.000000 0.007392 0.171769 0.045597 0.038442 0.010008 0.025807 
-0.498535 0.773205 0.000000 0.006954 0.171769 0.045325 0.038244 0.009913 0.025586 
-0.497559 0.771396 0.000000 0.006529 0.171769 0.045056 0.038046 0.009819 0.025367 
-0.496582 0.769589 0.000000 0.006114 0.171769 0.044788 0.037850 0.009726 0.025149 
-0.495605 0.767784 0.000000 0.005711 0.171769 0.044522 0.037655 0.009633 0.024933 
-0.494629 0.765983 0.000000 0.005318 0.171769 0.044257 0.037461 0.009542 0.024718 
-0.493652 0.764184 0.000000 0.004935 0.171769 0.043995 0.037268 0.009451 0.024504 
-0.492676 0.762389 0.000000 0.004563 0.171769 0.043734 0.037077 0.009361 0.024292 
-0.491699 0.760595 0.000000 0.004201 0.171769 0.043474 0.036886 0.009271 0.024082 
-0.490723 0.758805 0.000000 0.003848 0.171769 0.043217 0.036697 0.009183 0.023872 
-0.489746 0.757018 0.000000 0.003505 0.171769 0.042961 0.036509 0.009095 0.023664 
-0.488770 0.755233 0.000000 0.003171 0.171769 0.042706 0.036322 0.009008 0.023458 
-0.487793 0.753450 0.000000 0.002846 0.171769 0.042454 0.036136 0.008922 0.023253 
-0.486816 0.751671 0.000000 0.002531 0.171769 0.042203 0.035951 0.008837 0.023049 
-0.485840 0.749894 0.000000 0.002223 0.171769 0.041953 0.035767 0.008752 0.022846 
-0.484863 0.748120 0.000000 0.001924 0.171769 0.041706 0.035585 0.008668 0.022645 
-0.483887 0.746348 0.000000 0.001634 0.171769 0.041459 0.035403 0.008585 0.022445 
-0.482910 0.744579 0.000000 0.001351 0.171769 0.041215 0.035222 0.008502 0.022246 
-0.481934 0.742813 0.000000 0.001076 0.171769 0.040972 0.035043 0.008421 0.022049 
-0.480957 0.741049 0.000000 0.000809 0.171769 0.040730 0.034865 0.008339 0.021853 
-0.479980 0.739288 0.000000 0.000549 0.171769 0.040491 0.034687 0.008259 0.021658 
-0.479004 0.737529 0.000000 0.000297 0.171769 0.040252 0.034511 0.008180 0.021464 
-0.478027 0.735773 0.000000 0.000051 0.171769 0.040016 0.034336 0.008101 0.021272 
-0.477051 0.734019 0.000000 0.000187 0.171769 0.039780 0.034161 0.008023 0.021081 
-0.476074 0.732268 0.000000 0.000419 0.171769 0.039547 0.033988 0.007945 0.020891 
-0.475098 0.730519 0.000000 0.000644 0.171769 0.039315 0.033816 0.007868 0.020702 
-0.474121 0.728773 0.000000 0.000863 0.171769 0.039084 0.033645 0.007792 0.020515 
-0.473145 0.727029 0.000000 0.001075 0.171769 0.038855 0.033475 0.007717 0.020329 
-0.472168 0.725288 0.000000 0.001282 0.171769 0.038627 0.033305 0.007642 0.020144 
-0.471191 0.723549 0.000000 0.001482 0.171769 0.038401 0.033137 0.007568 0.019960 
-0.470215 0.721812 0.000000 0.001676 0.171769 0.038176 0.032970 0.007495 0.019777 
-0.469238 0.720078 0.000000 0.001865 0.171769 0.037953 0.032804 0.007422 0.019596 
-0.468262 0.718346 0.000000 0.002048 0.171769 0.037731 0.032638 0.007350 0.019416 
-0.467285 0.716617 0.000000 0.002226 0.171769 0.037511 0.032474 0.007279 0.019237 
-0.466309 0.714890 0.000000 0.002399 0.171769 0.037292 0.032311 0.007208 0.019059 
-0.465332 0.713165 0.000000 0.002566 0.171769 0.037075 0.032148 0.007138 0.018882 
-0.464355 0.711443 0.000000 0.002728 0.171769 0.036859 0.031987 0.007069 0.018706 
-0.463379 0.709723 0.000000 0.002886 0.171769 0.036644 0.031826 0.007000 0.018532 
-0.462402 0.708005 0.000000 0.003038 0.171769 0.036431 0.031667 0.006932 0.018358 
-0.461426 0.706289 0.000000 0.003186 0.171769 0.036219 0.031508 0.006865 0.018186 
-0.460449 0.704576 0.000000 0.003330 0.171769 0.036008 0.031351 0.006798 0.018015 
-0.459473 0.702865 0.000000 0.003469 0.171769 0.035799 0.031194 0.006732 0.017844 
-0.458496 0.701156 0.000000 0.003603 0.171769 0.035592 0.031038 0.006666 0.017675 
-0.457520 0.699450 0.000000 0.003734 0.171769 0.035385 0.030883 0.006601 0.017507 
-0.456543 0.697745 0.000000 0.003860 0.171769 0.035180 0.030729 0.006537 0.017340 
-0.455566 0.696043 0.000000 0.003983 0.171769 0.034977 0.030576 0.006473 0.017175 
-0.454590 0.694343 0.000000 0.004101 0.171769 0.034774 0.030423 0.006410 0.017010 
-0.453613 0.692645 0.000000 0.004216 0.171769 0.034573 0.030272 0.006348 0.016846 
-0.452637 0.690950 0.000000 0.004327 0.171769 0.034374 0.030121 0.006286 0.016683 
-0.451660 0.689256 0.000000 0.004434 0.171769 0.034175 0.029972 0.006224 0.016522 
-0.450684 0.687565 0.000000 0.004538 0.171769 0.033978 0.029823 0.006164 0.016361 
-0.449707 0.685875 0.000000 0.004638 0.171769 0.033783 0.029675 0.006104 0.016201 
-0.448730 0.684188 0.000000 0.004735 0.171769 0.033588 0.029528 0.006044 0.016043 
-0.447754 0.682503 0.000000 0.004828 0.171769 0.033395 0.029381 0.005985 0.015885 
-0.446777 0.680820 0.000000 0.004919 0.171769 0.033203 0.029236 0.005927 0.015729 
-0.445801 0.679139 0.000000 0.005006 0.171769 0.033012 0.029091 0.005869 0.015573 
-0.444824 0.677460 0.000000 0.005091 0.171769 0.032823 0.028948 0.005812 0.015418 
-0.443848 0.675783 0.000000 0.005172 0.171769 0.032635 0.028805 0.005755 0.015265 
-0.442871 0.674109 0.000000 0.005251 0.171769 0.032448 0.028663 0.005699 0.015112 
-0.441895 0.672436 0.000000 0.005327 0.171769 0.032262 0.028521 0.005644 0.014960 
-0.440918 0.670765 0.000000 0.005400 0.171769 0.032078 0.028381 0.005589 0.014809 
-0.439941 0.669096 0.000000 0.005470 0.171769 0.031895 0.028241 0.005534 0.014659 
-0.438965 0.667429 0.000000 0.005538 0.171769 0.031713 0.028102 0.005480 0.014511 
-0.437988 0.665765 0.000000 0.005603 0.171769 0.031532 0.027964 0.005427 0.014363 
-0.437012 0.664102 0.000000 0.005666 0.171769 0.031352 0.027827 0.005374 0.014215 
-0.436035 0.662441 0.000000 0.005726 0.171769 0.031174 0.027690 0.005322 0.014069 
-0.435059 0.660782 0.000000 0.005785 0.171769 0.030997 0.027554 0.005271 0.013924 
-0.434082 0.659125 0.000000 0.005840 0.171769 0.030821 0.027419 0.005219 0.013780 
-0.433105 0.657469 0.000000 0.005894 0.171769 0.030646 0.027285 0.005169 0.013636 
-0.432129 0.655816 0.000000 0.005946 0.171769 0.030472 0.027152 0.005119 0.013494 
-0.431152 0.654165 0.000000 0.005995 0.171769 0.030299 0.027019 0.005069 0.013352 
-0.430176 0.652515 0.000000 0.006043 0.171769 0.030128 0.026887 0.005020 0.013211 
-0.429199 0.650867 0.000000 0.006088 0.171769 0.029958 0.026756 0.004972 0.013071 
-0.428223 0.649222 0.000000 0.006132 0.171769 0.029789 0.026625 0.004924 0.012932 
-0.427246 0.647578 0.000000 0.006173 0.171769 0.029621 0.026496 0.004876 0.012794 
-0.426270 0.645935 0.000000 0.006213 0.171769 0.029454 0.026367 0.004829 0.012657 
-0.425293 0.644295 0.000000 0.006252 0.171769 0.029288 0.026238 0.004783 0.012520 
-0.424316 0.642657 0.000000 0.006288 0.171769 0.029123 0.026111 0.004737 0.012385 
-0.423340 0.641020 0.000000 0.006323 0.171769 0.028960 0.025984 0.004691 0.012250 
-0.422363 0.639385 0.000000 0.006356 0.171769 0.028797 0.025858 0.004646 0.012116 
-0.421387 0.637752 0.000000 0.006387 0.171769 0.028636 0.025733 0.004602 0.011983 
-0.420410 0.636120 0.000000 0.006417 0.171769 0.028475 0.025608 0.004558 0.011850 
-0.419434 0.634491 0.000000 0.006446 0.171769 0.028316 0.025484 0.004514 0.011719 
-0.418457 0.632863 0.000000 0.006473 0.171769 0.028158 0.025361 0.004471 0.011588 
-0.417480 0.631237 0.000000 0.006499 0.171769 0.028001 0.025238 0.004429 0.011458 
-0.416504 0.629612 0.000000 0.006523 0.171769 0.027845 0.025116 0.004387 0.011329 
-0.415527 0.627990 0.000000 0.006546 0.171769 0.027690 0.024995 0.004345 0.011200 
-0.414551 0.626369 0.000000 0.006568 0.171769 0.027536 0.024874 0.004304 0.011073 
-0.413574 0.624750 0.000000 0.006588 0.171769 0.027383 0.024754 0.004264 0.010946 
-0.412598 0.623132 0.000000 0.006608 0.171769 0.027231 0.024635 0.004223 0.010820 
-0.411621 0.621516 0.000000 0.006626 0.171769 0.027081 0.024516 0.004184 0.010695 
-0.410645 0.619902 0.000000 0.006643 0.171769 0.026931 0.024398 0.004144 0.010570 
-0.409668 0.618289 0.000000 0.006659 0.171769 0.026782 0.024281 0.004106 0.010446 
-0.408691 0.616678 0.000000 0.006673 0.171769 0.026634 0.024164 0.004067 0.010323 
-0.407715 0.615069 0.000000 0.006687 0.171769 0.026487 0.024048 0.004029 0.010201 
-0.406738 0.613461 0.000000 0.006700 0.171769 0.026342 0.023933 0.003992 0.010079 
-0.405762 0.611855 0.000000 0.006712 0.171769 0.026197 0.023818 0.003955 0.009958 
-0.404785 0.610251 0.000000 0.006723 0.171769 0.026053 0.023704 0.003919 0.009838 
-0.403809 0.608648 0.000000 0.006733 0.171769 0.025910 0.023591 0.003882 0.009719 
-0.402832 0.607047 0.000000 0.006742 0.171769 0.025768 0.023478 0.003847 0.009600 
-0.401855 0.605447 0.000000 0.006750 0.171769 0.025628 0.023366 0.003812 0.009482 
-0.400879 0.603849 0.000000 0.006757 0.171769 0.025488 0.023254 0.003777 0.009365 
-0.399902 0.602253 0.000000 0.006764 0.171769 0.025349 0.023143 0.003742 0.009248 
-0.398926 0.600658 0.000000 0.006769 0.171769 0.025211 0.023033 0.003708 0.009132 
-0.397949 0.599064 0.000000 0.006775 0.171769 0.025074 0.022923 0.003675 0.009017 
-0.396973 0.597472 0.000000 0.006779 0.171769 0.024938 0.022814 0.003642 0.008902 
-0.395996 0.595882 0.000000 0.006782 0.171769 0.024802 0.022705 0.003609 0.008788 
-0.395020 0.594293 0.000000 0.006785 0.171769 0.024668 0.022597 0.003577 0.008675 
-0.394043 0.592706 0.000000 0.006788 0.171769 0.024535 0.022490 0.003545 0.008562 
-0.393066 0.591120 0.000000 0.006789 0.171769 0.024403 0.022383 0.003514 0.008450 
-0.392090 0.589536 0.000000 0.006790 0.171769 0.024271 0.022276 0.003483 0.008339 
-0.391113 0.587953 0.000000 0.006791 0.171769 0.024140 0.022171 0.003452 0.008228 
-0.390137 0.586372 0.000000 0.006791 0.171769 0.024011 0.022066 0.003422 0.008118 
-0.389160 0.584792 0.000000 0.006790 0.171769 0.023882 0.021961 0.003392 0.008009 
-0.388184 0.583213 0.000000 0.006789 0.171769 0.023754 0.021857 0.003363 0.007900 
-0.387207 0.581636 0.000000 0.006787 0.171769 0.023627 0.021753 0.003334 0.007792 
-0.386230 0.580061 0.000000 0.006785 0.171769 0.023501 0.021651 0.003305 0.007684 
-0.385254 0.578487 0.000000 0.006782 0.171769 0.023376 0.021548 0.003277 0.007578 
-0.384277 0.576914 0.000000 0.006779 0.171769 0.023252 0.021446 0.003250 0.007471 
-0.383301 0.575343 0.000000 0.006776 0.171769 0.023128 0.021345 0.003222 0.007366 
-0.382324 0.573773 0.000000 0.006772 0.171769 0.023006 0.021244 0.003195 0.007260 
-0.381348 0.572205 0.000000 0.006768 0.171769 0.022884 0.021144 0.003169 0.007156 
-0.380371 0.570638 0.000000 0.006763 0.171769 0.022763 0.021044 0.003142 0.007052 
-0.379395 0.569072 0.000000 0.006758 0.171769 0.022643 0.020945 0.003116 0.006949 
-0.378418 0.567508 0.000000 0.006753 0.171769 0.022524 0.020847 0.003091 0.006846 
-0.377441 0.565945 0.000000 0.006747 0.171769 0.022406 0.020749 0.003066 0.006744 
-0.376465 0.564384 0.000000 0.006741 0.171769 0.022288 0.020651 0.003041 0.006642 
-0.375488 0.562824 0.000000 0.006735 0.171769 0.022172 0.020554 0.003017 0.006541 
-0.374512 0.561265 0.000000 0.006728 0.171769 0.022056 0.020457 0.002993 0.006440 
-0.373535 0.559708 0.000000 0.006721 0.171769 0.021941 0.020361 0.002969 0.006341 
-0.372559 0.558152 0.000000 0.006714 0.171769 0.021827 0.020266 0.002946 0.006241 
-0.371582 0.556597 0.000000 0.006707 0.171769 0.021713 0.020171 0.002923 0.006142 
-0.370605 0.555044 0.000000 0.006699 0.171769 0.021601 0.020076 0.002901 0.006044 
-0.369629 0.553492 0.000000 0.006691 0.171769 0.021489 0.019982 0.002879 0.005946 
-0.368652 0.551941 0.000000 0.006683 0.171769 0.021378 0.019888 0.002857 0.005849 
-0.367676 0.550392 0.000000 0.006675 0.171769 0.021268 0.019795 0.002836 0.005752 
-0.366699 0.548843 0.000000 0.006667 0.171769 0.021159 0.019703 0.002814 0.005656 
-0.365723 0.547297 0.000000 0.006658 0.171769 0.021050 0.019610 0.002794 0.005560 
-0.364746 0.545751 0.000000 0.006649 0.171769 0.020943 0.019519 0.002773 0.005465 
-0.363770 0.544207 0.000000 0.006641 0.171769 0.020836 0.019427 0.002753 0.005370 
-0.362793 0.542664 0.000000 0.006632 0.171769 0.020729 0.019337 0.002734 0.005276 
-0.361816 0.541122 0.000000 0.006623 0.171769 0.020624 0.019246 0.002714 0.005183 
-0.360840 0.539582 0.000000 0.006613 0.171769 0.020519 0.019157 0.002695 0.005089 
-0.359863 0.538042 0.000000 0.006604 0.171769 0.020416 0.019067 0.002677 0.004997 
-0.358887 0.536504 0.000000 0.006595 0.171769 0.020312 0.018978 0.002659 0.004905 
-0.357910 0.534968 0.000000 0.006585 0.171769 0.020210 0.018890 0.002641 0.004813 
-0.356934 0.533432 0.000000 0.006576 0.171769 0.020109 0.018802 0.002623 0.004722 
-0.355957 0.531898 0.000000 0.006566 0.171769 0.020008 0.018714 0.002606 0.004631 
-0.354980 0.530365 0.000000 0.006556 0.171769 0.019908 0.018627 0.002589 0.004541 
-0.354004 0.528833 0.000000 0.006546 0.171769 0.019808 0.018540 0.002572 0.004451 
-0.353027 0.527302 0.000000 0.006537 0.171769 0.019710 0.018454 0.002556 0.004361 
-0.352051 0.525773 0.000000 0.006527 0.171769 0.019612 0.018368 0.002540 0.004273 
-0.351074 0.524245 0.000000 0.006517 0.171769 0.019515 0.018283 0.002524 0.004184 
-0.350098 0.522718 0.000000 0.006507 0.171769 0.019418 0.018198 0.002509 0.004096 
-0.349121 0.516734 0.000000 0.003345 0.171769 0.016592 0.018118 0.000000 0.000000 
-0.348145 0.515231 0.000000 0.003351 0.171769 0.016511 0.018047 0.000000 0.000000 
-0.347168 0.513733 0.000000 0.003359 0.171769 0.016433 0.017975 0.000000 0.000000 
-0.346191 0.512236 0.000000 0.003367 0.171769 0.016354 0.017903 0.000000 0.000000 
-0.345215 0.510739 0.000000 0.003374 0.171769 0.016276 0.017832 0.000000 0.000000 
-0.344238 0.509242 0.000000 0.003381 0.171769 0.016199 0.017761 0.000000 0.000000 
-0.343262 0.507746 0.000000 0.003387 0.171769 0.016121 0.017690 0.000000 0.000000 
-0.342285 0.506251 0.000000 0.003393 0.171769 0.016044 0.017620 0.000000 0.000000 
-0.341309 0.504756 0.000000 0.003399 0.171769 0.015967 0.017550 0.000000 0.000000 
-0.340332 0.503261 0.000000 0.003404 0.171769 0.015891 0.017481 0.000000 0.000000 
-0.339355 0.501767 0.000000 0.003409 0.171769 0.015815 0.017411 0.000000 0.000000 
-0.338379 0.500274 0.000000 0.003413 0.171769 0.015739 0.017343 0.000000 0.000000 
-0.337402 0.498780 0.000000 0.003418 0.171769 0.015663 0.017274 0.000000 0.000000 
-0.336426 0.497288 0.000000 0.003421 0.171769 0.015588 0.017206 0.000000 0.000000 
-0.335449 0.495796 0.000000 0.003425 0.171769 0.015513 0.017138 0.000000 0.000000 
-0.334473 0.494304 0.000000 0.003428 0.171769 0.015438 0.017070 0.000000 0.000000 
-0.333496 0.492813 0.000000 0.003430 0.171769 0.015364 0.017003 0.000000 0.000000 
-0.332520 0.491322 0.000000 0.003433 0.171769 0.015290 0.016936 0.000000 0.000000 
-0.331543 0.489832 0.000000 0.003435 0.171769 0.015216 0.016869 0.000000 0.000000 
-0.330566 0.488343 0.000000 0.003436 0.171769 0.015142 0.016803 0.000000 0.000000 
-0.329590 0.486853 0.000000 0.003438 0.171769 0.015069 0.016737 0.000000 0.000000 
-0.328613 0.485365 0.000000 0.003439 0.171769 0.014996 0.016672 0.000000 0.000000 
-0.327637 0.483876 0.000000 0.003440 0.171769 0.014923 0.016606 0.000000 0.000000 
-0.326660 0.482389 0.000000 0.003440 0.171769 0.014851 0.016541 0.000000 0.000000 
-0.325684 0.480901 0.000000 0.003440 0.171769 0.014779 0.016476 0.000000 0.000000 
-0.324707 0.479414 0.000000 0.003440 0.171769 0.014707 0.016412 0.000000 0.000000 
-0.323730 0.477928 0.000000 0.003440 0.171769 0.014636 0.016348 0.000000 0.000000 
-0.322754 0.476442 0.000000 0.003439 0.171769 0.014564 0.016284 0.000000 0.000000 
-0.321777 0.474956 0.000000 0.003438 0.171769 0.014493 0.016221 0.000000 0.000000 
-0.320801 0.473471 0.000000 0.003437 0.171769 0.014423 0.016158 0.000000 0.000000 
-0.319824 0.471987 0.000000 0.003436 0.171769 0.014352 0.016095 0.000000 0.000000 
-0.318848 0.470502 0.000000 0.003434 0.171769 0.014282 0.016032 0.000000 0.000000 
-0.317871 0.469019 0.000000 0.003432 0.171769 0.014212 0.015970 0.000000 0.000000 
-0.316895 0.467535 0.000000 0.003430 0.171769 0.014143 0.015908 0.000000 0.000000 
-0.315918 0.466053 0.000000 0.003428 0.171769 0.014073 0.015847 0.000000 0.000000 
-0.314941 0.464570 0.000000 0.003425 0.171769 0.014004 0.015785 0.000000 0.000000 
-0.313965 0.463088 0.000000 0.003423 0.171769 0.013935 0.015724 0.000000 0.000000 
-0.312988 0.461607 0.000000 0.003420 0.171769 0.013867 0.015663 0.000000 0.000000 
-0.312012 0.460126 0.000000 0.003416 0.171769 0.013798 0.015603 0.000000 0.000000 
-0.311035 0.458645 0.000000 0.003413 0.171769 0.013730 0.015543 0.000000 0.000000 
-0.310059 0.457165 0.000000 0.003409 0.171769 0.013663 0.015483 0.000000 0.000000 
-0.309082 0.455685 0.000000 0.003405 0.171769 0.013595 0.015424 0.000000 0.000000 
-0.308105 0.454205 0.000000 0.003401 0.171769 0.013528 0.015364 0.000000 0.000000 
-0.307129 0.452726 0.000000 0.003397 0.171769 0.013461 0.015305 0.000000 0.000000 
-0.306152 0.451248 0.000000 0.003393 0.171769 0.013394 0.015247 0.000000 0.000000 
-0.305176 0.449770 0.000000 0.003388 0.171769 0.013328 0.015188 0.000000 0.000000 
-0.304199 0.448292 0.000000 0.003383 0.171769 0.013262 0.015130 0.000000 0.000000 
-0.303223 0.446815 0.000000 0.003378 0.171769 0.013196 0.015073 0.000000 0.000000 
-0.302246 0.445338 0.000000 0.003373 0.171769 0.013130 0.015015 0.000000 0.000000 
-0.301270 0.443861 0.000000 0.003368 0.171769 0.013065 0.014958 0.000000 0.000000 
-0.300293 0.442385 0.000000 0.003363 0.171769 0.012999 0.014901 0.000000 0.000000 
-0.299316 0.440909 0.000000 0.003357 0.171769 0.012934 0.014844 0.000000 0.000000 
-0.298340 0.439434 0.000000 0.003351 0.171769 0.012870 0.014788 0.000000 0.000000 
-0.297363 0.437959 0.000000 0.003345 0.171769 0.012805 0.014732 0.000000 0.000000 
-0.296387 0.436485 0.000000 0.003339 0.171769 0.012741 0.014676 0.000000 0.000000 
-0.295410 0.435011 0.000000 0.003333 0.171769 0.012677 0.014621 0.000000 0.000000 
-0.294434 0.433537 0.000000 0.003327 0.171769 0.012613 0.014565 0.000000 0.000000 
-0.293457 0.432064 0.000000 0.003320 0.171769 0.012550 0.014511 0.000000 0.000000 
-0.292480 0.430591 0.000000 0.003314 0.171769 0.012487 0.014456 0.000000 0.000000 
-0.291504 0.429118 0.000000 0.003307 0.171769 0.012424 0.014401 0.000000 0.000000 
-0.290527 0.427646 0.000000 0.003300 0.171769 0.012361 0.014347 0.000000 0.000000 
-0.289551 0.426174 0.000000 0.003293 0.171769 0.012298 0.014293 0.000000 0.000000 
-0.288574 0.424703 0.000000 0.003286 0.171769 0.012236 0.014240 0.000000 0.000000 
-0.287598 0.423232 0.000000 0.003278 0.171769 0.012174 0.014187 0.000000 0.000000 
-0.286621 0.421761 0.000000 0.003271 0.171769 0.012112 0.014134 0.000000 0.000000 
-0.285645 0.420291 0.000000 0.003264 0.171769 0.012050 0.014081 0.000000 0.000000 
-0.284668 0.418821 0.000000 0.003256 0.171769 0.011989 0.014028 0.000000 0.000000 
-0.283691 0.417352 0.000000 0.003248 0.171769 0.011928 0.013976 0.000000 0.000000 
-0.282715 0.415883 0.000000 0.003240 0.171769 0.011867 0.013924 0.000000 0.000000 
-0.281738 0.414414 0.000000 0.003232 0.171769 0.011806 0.013872 0.000000 0.000000 
-0.280762 0.412946 0.000000 0.003224 0.171769 0.011746 0.013821 0.000000 0.000000 
-0.279785 0.411478 0.000000 0.003216 0.171769 0.011686 0.013770 0.000000 0.000000 
-0.278809 0.410010 0.000000 0.003208 0.171769 0.011625 0.013719 0.000000 0.000000 
-0.277832 0.408543 0.000000 0.003199 0.171769 0.011566 0.013668 0.000000 0.000000 
-0.276855 0.407076 0.000000 0.003191 0.171769 0.011506 0.013618 0.000000 0.000000 
-0.275879 0.405609 0.000000 0.003182 0.171769 0.011447 0.013568 0.000000 0.000000 
-0.274902 0.404143 0.000000 0.003174 0.171769 0.011388 0.013518 0.000000 0.000000 
-0.273926 0.402677 0.000000 0.003165 0.171769 0.011329 0.013468 0.000000 0.000000 
-0.272949 0.401212 0.000000 0.003156 0.171769 0.011270 0.013419 0.000000 0.000000 
-0.271973 0.399747 0.000000 0.003147 0.171769 0.011211 0.013370 0.000000 0.000000 
-0.270996 0.398282 0.000000 0.003138 0.171769 0.011153 0.013321 0.000000 0.000000 
-0.270020 0.396817 0.000000 0.003129 0.171769 0.011095 0.013272 0.000000 0.000000 
-0.269043 0.395353 0.000000 0.003120 0.171769 0.011037 0.013224 0.000000 0.000000 
-0.268066 0.393890 0.000000 0.003111 0.171769 0.010980 0.013176 0.000000 0.000000 
-0.267090 0.392426 0.000000 0.003102 0.171769 0.010922 0.013128 0.000000 0.000000 
-0.266113 0.390963 0.000000 0.003092 0.171769 0.010865 0.013081 0.000000 0.000000 
-0.265137 0.389500 0.000000 0.003083 0.171769 0.010808 0.013033 0.000000 0.000000 
-0.264160 0.388038 0.000000 0.003073 0.171769 0.010751 0.012986 0.000000 0.000000 
-0.263184 0.386576 0.000000 0.003064 0.171769 0.010694 0.012939 0.000000 0.000000 
-0.262207 0.385114 0.000000 0.003054 0.171769 0.010638 0.012893 0.000000 0.000000 
-0.261230 0.383653 0.000000 0.003044 0.171769 0.010582 0.012847 0.000000 0.000000 
-0.260254 0.382192 0.000000 0.003034 0.171769 0.010526 0.012800 0.000000 0.000000 
-0.259277 0.380731 0.000000 0.003024 0.171769 0.010470 0.012755 0.000000 0.000000 
-0.258301 0.379270 0.000000 0.003015 0.171769 0.010414 0.012709 0.000000 0.000000 
-0.257324 0.377810 0.000000 0.003005 0.171769 0.010359 0.012664 0.000000 0.000000 
-0.256348 0.376351 0.000000 0.002995 0.171769 0.010304 0.012618 0.000000 0.000000 
-0.255371 0.374891 0.000000 0.002984 0.171769 0.010249 0.012574 0.000000 0.000000 
-0.254395 0.373432 0.000000 0.002974 0.171769 0.010194 0.012529 0.000000 0.000000 
-0.253418 0.371973 0.000000 0.002964 0.171769 0.010139 0.012485 0.000000 0.000000 
-0.252441 0.370515 0.000000 0.002954 0.171769 0.010085 0.012440 0.000000 0.000000 
-0.251465 0.369057 0.000000 0.002943 0.171769 0.010031 0.012396 0.000000 0.000000 
-0.250488 0.367599 0.000000 0.002933 0.171769 0.009977 0.012353 0.000000 0.000000 
-0.249512 0.366141 0.000000 0.002923 0.171769 0.009923 0.012309 0.000000 0.000000 
-0.248535 0.364684 0.000000 0.002912 0.171769 0.009869 0.012266 0.000000 0.000000 
-0.247559 0.363227 0.000000 0.002902 0.171769 0.009816 0.012223 0.000000 0.000000 
-0.246582 0.361770 0.000000 0.002891 0.171769 0.009762 0.012180 0.000000 0.000000 
-0.245605 0.360314 0.000000 0.002881 0.171769 0.009709 0.012138 0.000000 0.000000 
-0.244629 0.358858 0.000000 0.002870 0.171769 0.009656 0.012096 0.000000 0.000000 
-0.243652 0.357402 0.000000 0.002859 0.171769 0.009604 0.012054 0.000000 0.000000 
-0.242676 0.355947 0.000000 0.002849 0.171769 0.009551 0.012012 0.000000 0.000000 
-0.241699 0.354492 0.000000 0.002838 0.171769 0.009499 0.011970 0.000000 0.000000 
-0.240723 0.353037 0.000000 0.002827 0.171769 0.009447 0.011929 0.000000 0.000000 
-0.239746 0.351582 0.000000 0.002816 0.171769 0.009395 0.011888 0.000000 0.000000 
-0.238770 0.350128 0.000000 0.002805 0.171769 0.009343 0.011847 0.000000 0.000000 
-0.237793 0.348674 0.000000 0.002794 0.171769 0.009291 0.011806 0.000000 0.000000 
-0.236816 0.347220 0.000000 0.002783 0.171769 0.009240 0.011766 0.000000 0.000000 
-0.235840 0.345767 0.000000 0.002772 0.171769 0.009188 0.011725 0.000000 0.000000 
-0.234863 0.344314 0.000000 0.002761 0.171769 0.009137 0.011685 0.000000 0.000000 
-0.233887 0.342861 0.000000 0.002750 0.171769 0.009086 0.011645 0.000000 0.000000 
-0.232910 0.341409 0.000000 0.002739 0.171769 0.009035 0.011606 0.000000 0.000000 
-0.231934 0.339956 0.000000 0.002728 0.171769 0.008985 0.011567 0.000000 0.000000 
-0.230957 0.338504 0.000000 0.002717 0.171769 0.008934 0.011527 0.000000 0.000000 
-0.229980 0.337053 0.000000 0.002706 0.171769 0.008884 0.011489 0.000000 0.000000 
-0.229004 0.335601 0.000000 0.002695 0.171769 0.008834 0.011450 0.000000 0.000000 
-0.228027 0.334150 0.000000 0.002683 0.171769 0.008784 0.011411 0.000000 0.000000 
-0.227051 0.332699 0.000000 0.002672 0.171769 0.008734 0.011373 0.000000 0.000000 
-0.226074 0.331249 0.000000 0.002661 0.171769 0.008685 0.011335 0.000000 0.000000 
-0.225098 0.329798 0.000000 0.002650 0.171769 0.008635 0.011297 0.000000 0.000000 
-0.224121 0.328348 0.000000 0.002638 0.171769 0.008586 0.011260 0.000000 0.000000 
-0.223145 0.326898 0.000000 0.002627 0.171769 0.008537 0.011222 0.000000 0.000000 
-0.222168 0.325449 0.000000 0.002616 0.171769 0.008488 0.011185 0.000000 0.000000 
-0.221191 0.324000 0.000000 0.002604 0.171769 0.008439 0.011148 0.000000 0.000000 
-0.220215 0.322551 0.000000 0.002593 0.171769 0.008391 0.011111 0.000000 0.000000 
-0.219238 0.321102 0.000000 0.002581 0.171769 0.008342 0.011075 0.000000 0.000000 
-0.218262 0.319653 0.000000 0.002570 0.171769 0.008294 0.011038 0.000000 0.000000 
-0.217285 0.318205 0.000000 0.002558 0.171769 0.008246 0.011002 0.000000 0.000000 
-0.216309 0.316757 0.000000 0.002547 0.171769 0.008198 0.010966 0.000000 0.000000 
-0.215332 0.315310 0.000000 0.002535 0.171769 0.008150 0.010931 0.000000 0.000000 
-0.214355 0.313862 0.000000 0.002524 0.171769 0.008102 0.010895 0.000000 0.000000 
-0.213379 0.312415 0.000000 0.002512 0.171769 0.008055 0.010860 0.000000 0.000000 
-0.212402 0.310968 0.000000 0.002501 0.171769 0.008008 0.010825 0.000000 0.000000 
-0.211426 0.309521 0.000000 0.002489 0.171769 0.007960 0.010790 0.000000 0.000000 
-0.210449 0.308075 0.000000 0.002478 0.171769 0.007913 0.010755 0.000000 0.000000 
-0.209473 0.306629 0.000000 0.002466 0.171769 0.007866 0.010721 0.000000 0.000000 
-0.208496 0.305183 0.000000 0.002454 0.171769 0.007820 0.010687 0.000000 0.000000 
-0.207520 0.303737 0.000000 0.002443 0.171769 0.007773 0.010653 0.000000 0.000000 
-0.206543 0.302292 0.000000 0.002431 0.171769 0.007727 0.010619 0.000000 0.000000 
-0.205566 0.300846 0.000000 0.002419 0.171769 0.007680 0.010585 0.000000 0.000000 
-0.204590 0.299401 0.000000 0.002408 0.171769 0.007634 0.010552 0.000000 0.000000 
-0.203613 0.297957 0.000000 0.002396 0.171769 0.007588 0.010518 0.000000 0.000000 
-0.202637 0.296512 0.000000 0.002384 0.171769 0.007542 0.010485 0.000000 0.000000 
-0.201660 0.295068 0.000000 0.002373 0.171769 0.007497 0.010453 0.000000 0.000000 
-0.200684 0.293624 0.000000 0.002361 0.171769 0.007451 0.010420 0.000000 0.000000 
-0.199707 0.292180 0.000000 0.002349 0.171769 0.007406 0.010387 0.000000 0.000000 
-0.198730 0.290736 0.000000 0.002338 0.171769 0.007360 0.010355 0.000000 0.000000 
-0.197754 0.289293 0.000000 0.002326 0.171769 0.007315 0.010323 0.000000 0.000000 
-0.196777 0.287850 0.000000 0.002314 0.171769 0.007270 0.010291 0.000000 0.000000 
-0.195801 0.286407 0.000000 0.002302 0.171769 0.007225 0.010260 0.000000 0.000000 
-0.194824 0.284964 0.000000 0.002291 0.171769 0.007180 0.010228 0.000000 0.000000 
-0.193848 0.283522 0.000000 0.002279 0.171769 0.007136 0.010197 0.000000 0.000000 
-0.192871 0.282080 0.000000 0.002267 0.171769 0.007091 0.010166 0.000000 0.000000 
-0.191895 0.280638 0.000000 0.002255 0.171769 0.007047 0.010135 0.000000 0.000000 
-0.190918 0.279196 0.000000 0.002244 0.171769 0.007003 0.010104 0.000000 0.000000 
-0.189941 0.277754 0.000000 0.002232 0.171769 0.006959 0.010074 0.000000 0.000000 
-0.188965 0.276313 0.000000 0.002220 0.171769 0.006915 0.010044 0.000000 0.000000 
-0.187988 0.274872 0.000000 0.002208 0.171769 0.006871 0.010013 0.000000 0.000000 
-0.187012 0.273431 0.000000 0.002196 0.171769 0.006827 0.009984 0.000000 0.000000 
-0.186035 0.271990 0.000000 0.002185 0.171769 0.006784 0.009954 0.000000 0.000000 
-0.185059 0.270550 0.000000 0.002173 0.171769 0.006740 0.009924 0.000000 0.000000 
-0.184082 0.269109 0.000000 0.002161 0.171769 0.006697 0.009895 0.000000 0.000000 
-0.183105 0.267669 0.000000 0.002149 0.171769 0.006654 0.009866 0.000000 0.000000 
-0.182129 0.266229 0.000000 0.002137 0.171769 0.006611 0.009837 0.000000 0.000000 
-0.181152 0.264790 0.000000 0.002125 0.171769 0.006568 0.009808 0.000000 0.000000 
-0.180176 0.263350 0.000000 0.002114 0.171769 0.006525 0.009779 0.000000 0.000000 
-0.179199 0.261911 0.000000 0.002102 0.171769 0.006483 0.009751 0.000000 0.000000 
-0.178223 0.260472 0.000000 0.002090 0.171769 0.006440 0.009723 0.000000 0.000000 
-0.177246 0.259033 0.000000 0.002078 0.171769 0.006398 0.009695 0.000000 0.000000 
-0.176270 0.257594 0.000000 0.002066 0.171769 0.006355 0.009667 0.000000 0.000000 
-0.175293 0.256156 0.000000 0.002055 0.171769 0.006313 0.009639 0.000000 0.000000 
-0.174316 0.254718 0.000000 0.002043 0.171769 0.006271 0.009612 0.000000 0.000000 
-0.173340 0.253280 0.000000 0.002031 0.171769 0.006229 0.009585 0.000000 0.000000 
-0.172363 0.251842 0.000000 0.002019 0.171769 0.006188 0.009557 0.000000 0.000000 
-0.171387 0.250404 0.000000 0.002007 0.171769 0.006146 0.009530 0.000000 0.000000 
-0.170410 0.248967 0.000000 0.001995 0.171769 0.006104 0.009504 0.000000 0.000000 
-0.169434 0.247529 0.000000 0.001984 0.171769 0.006063 0.009477 0.000000 0.000000 
-0.168457 0.246092 0.000000 0.001972 0.171769 0.006022 0.009451 0.000000 0.000000 
-0.167480 0.244655 0.000000 0.001960 0.171769 0.005980 0.009425 0.000000 0.000000 
-0.166504 0.243218 0.000000 0.001948 0.171769 0.005939 0.009399 0.000000 0.000000 
-0.165527 0.241782 0.000000 0.001936 0.171769 0.005898 0.009373 0.000000 0.000000 
-0.164551 0.240346 0.000000 0.001924 0.171769 0.005857 0.009347 0.000000 0.000000 
-0.163574 0.238909 0.000000 0.001913 0.171769 0.005817 0.009322 0.000000 0.000000 
-0.162598 0.237473 0.000000 0.001901 0.171769 0.005776 0.009296 0.000000 0.000000 
-0.161621 0.236038 0.000000 0.001889 0.171769 0.005735 0.009271 0.000000 0.000000 
-0.160645 0.234602 0.000000 0.001877 0.171769 0.005695 0.009246 0.000000 0.000000 
-0.159668 0.233166 0.000000 0.001865 0.171769 0.005655 0.009221 0.000000 0.000000 
-0.158691 0.231731 0.000000 0.001853 0.171769 0.005614 0.009197 0.000000 0.000000 
-0.157715 0.230296 0.000000 0.001842 0.171769 0.005574 0.009172 0.000000 0.000000 
-0.156738 0.228861 0.000000 0.001830 0.171769 0.005534 0.009148 0.000000 0.000000 
-0.155762 0.227426 0.000000 0.001818 0.171769 0.005494 0.009124 0.000000 0.000000 
-0.154785 0.225992 0.000000 0.001806 0.171769 0.005455 0.009100 0.000000 0.000000 
-0.153809 0.224557 0.000000 0.001794 0.171769 0.005415 0.009076 0.000000 0.000000 
-0.152832 0.223123 0.000000 0.001783 0.171769 0.005375 0.009053 0.000000 0.000000 
-0.151855 0.221689 0.000000 0.001771 0.171769 0.005336 0.009029 0.000000 0.000000 
-0.150879 0.220255 0.000000 0.001759 0.171769 0.005296 0.009006 0.000000 0.000000 
-0.149902 0.218821 0.000000 0.001747 0.171769 0.005257 0.008983 0.000000 0.000000 
-0.148926 0.217388 0.000000 0.001735 0.171769 0.005218 0.008960 0.000000 0.000000 
-0.147949 0.215954 0.000000 0.001724 0.171769 0.005179 0.008937 0.000000 0.000000 
-0.146973 0.214521 0.000000 0.001712 0.171769 0.005140 0.008915 0.000000 0.000000 
-0.145996 0.213088 0.000000 0.001700 0.171769 0.005101 0.008893 0.000000 0.000000 
-0.145020 0.211655 0.000000 0.001688 0.171769 0.005062 0.008870 0.000000 0.000000 
-0.144043 0.210222 0.000000 0.001677 0.171769 0.005024 0.008848 0.000000 0.000000 
-0.143066 0.208789 0.000000 0.001665 0.171769 0.004985 0.008827 0.000000 0.000000 
-0.142090 0.207357 0.000000 0.001653 0.171769 0.004946 0.008805 0.000000 0.000000 
-0.141113 0.205925 0.000000 0.001641 0.171769 0.004908 0.008783 0.000000 0.000000 
-0.140137 0.204492 0.000000 0.001630 0.171769 0.004870 0.008762 0.000000 0.000000 
-0.139160 0.203060 0.000000 0.001618 0.171769 0.004832 0.008741 0.000000 0.000000 
-0.138184 0.201628 0.000000 0.001606 0.171769 0.004793 0.008720 0.000000 0.000000 
-0.137207 0.200197 0.000000 0.001594 0.171769 0.004755 0.008699 0.000000 0.000000 
-0.136230 0.198765 0.000000 0.001583 0.171769 0.004717 0.008678 0.000000 0.000000 
-0.135254 0.197334 0.000000 0.001571 0.171769 0.004680 0.008658 0.000000 0.000000 
-0.134277 0.195902 0.000000 0.001559 0.171769 0.004642 0.008637 0.000000 0.000000 
-0.133301 0.194471 0.000000 0.001548 0.171769 0.004604 0.008617 0.000000 0.000000 
-0.132324 0.193040 0.000000 0.001536 0.171769 0.004567 0.008597 0.000000 0.000000 
-0.131348 0.191609 0.000000 0.001524 0.171769 0.004529 0.008577 0.000000 0.000000 
-0.130371 0.190179 0.000000 0.001513 0.171769 0.004492 0.008558 0.000000 0.000000 
-0.129395 0.188748 0.000000 0.001501 0.171769 0.004454 0.008538 0.000000 0.000000 
-0.128418 0.187318 0.000000 0.001489 0.171769 0.004417 0.008519 0.000000 0.000000 
-0.127441 0.185887 0.000000 0.001477 0.171769 0.004380 0.008499 0.000000 0.000000 
-0.126465 0.184457 0.000000 0.001466 0.171769 0.004343 0.008480 0.000000 0.000000 
-0.125488 0.183027 0.000000 0.001454 0.171769 0.004306 0.008462 0.000000 0.000000 
-0.124512 0.181597 0.000000 0.001443 0.171769 0.004269 0.008443 0.000000 0.000000 
-0.123535 0.180168 0.000000 0.001431 0.171769 0.004232 0.008424 0.000000 0.000000 
-0.122559 0.178738 0.000000 0.001419 0.171769 0.004195 0.008406 0.000000 0.000000 
-0.121582 0.177308 0.000000 0.001408 0.171769 0.004159 0.008388 0.000000 0.000000 
-0.120605 0.175879 0.000000 0.001396 0.171769 0.004122 0.008370 0.000000 0.000000 
-0.119629 0.174450 0.000000 0.001384 0.171769 0.004086 0.008352 0.000000 0.000000 
-0.118652 0.173021 0.000000 0.001373 0.171769 0.004049 0.008334 0.000000 0.000000 
-0.117676 0.171592 0.000000 0.001361 0.171769 0.004013 0.008316 0.000000 0.000000 
-0.116699 0.170163 0.000000 0.001350 0.171769 0.003976 0.008299 0.000000 0.000000 
-0.115723 0.168734 0.000000 0.001338 0.171769 0.003940 0.008282 0.000000 0.000000 
-0.114746 0.167305 0.000000 0.001326 0.171769 0.003904 0.008264 0.000000 0.000000 
-0.113770 0.165877 0.000000 0.001315 0.171769 0.003868 0.008247 0.000000 0.000000 
-0.112793 0.164449 0.000000 0.001303 0.171769 0.003832 0.008231 0.000000 0.000000 
-0.111816 0.163020 0.000000 0.001292 0.171769 0.003796 0.008214 0.000000 0.000000 
-0.110840 0.161592 0.000000 0.001280 0.171769 0.003760 0.008197 0.000000 0.000000 
-0.109863 0.160164 0.000000 0.001268 0.171769 0.003725 0.008181 0.000000 0.000000 
-0.108887 0.158736 0.000000 0.001257 0.171769 0.003689 0.008165 0.000000 0.000000 
-0.107910 0.157308 0.000000 0.001245 0.171769 0.003653 0.008149 0.000000 0.000000 
-0.106934 0.155881 0.000000 0.001234 0.171769 0.003618 0.008133 0.000000 0.000000 
-0.105957 0.154453 0.000000 0.001222 0.171769 0.003582 0.008117 0.000000 0.000000 
-0.104980 0.153026 0.000000 0.001211 0.171769 0.003547 0.008102 0.000000 0.000000 
-0.104004 0.151598 0.000000 0.001199 0.171769 0.003511 0.008086 0.000000 0.000000 
-0.103027 0.150171 0.000000 0.001188 0.171769 0.003476 0.008071 0.000000 0.000000 
-0.102051 0.148744 0.000000 0.001176 0.171769 0.003441 0.008056 0.000000 0.000000 
-0.101074 0.147317 0.000000 0.001165 0.171769 0.003406 0.008041 0.000000 0.000000 
-0.100098 0.145890 0.000000 0.001153 0.171769 0.003371 0.008026 0.000000 0.000000 
-0.099121 0.144463 0.000000 0.001142 0.171769 0.003336 0.008012 0.000000 0.000000 
-0.098145 0.143037 0.000000 0.001130 0.171769 0.003301 0.007997 0.000000 0.000000 
-0.097168 0.141610 0.000000 0.001119 0.171769 0.003266 0.007983 0.000000 0.000000 
-0.096191 0.140184 0.000000 0.001107 0.171769 0.003231 0.007969 0.000000 0.000000 
-0.095215 0.138757 0.000000 0.001096 0.171769 0.003196 0.007954 0.000000 0.000000 
-0.094238 0.137331 0.000000 0.001084 0.171769 0.003162 0.007941 0.000000 0.000000 
-0.093262 0.135905 0.000000 0.001073 0.171769 0.003127 0.007927 0.000000 0.000000 
-0.092285 0.134479 0.000000 0.001061 0.171769 0.003092 0.007913 0.000000 0.000000 
-0.091309 0.133053 0.000000 0.001050 0.171769 0.003058 0.007900 0.000000 0.000000 
-0.090332 0.131627 0.000000 0.001039 0.171769 0.003023 0.007887 0.000000 0.000000 
-0.089355 0.130201 0.000000 0.001027 0.171769 0.002989 0.007873 0.000000 0.000000 
-0.088379 0.128775 0.000000 0.001016 0.171769 0.002955 0.007860 0.000000 0.000000 
-0.087402 0.127349 0.000000 0.001004 0.171769 0.002920 0.007848 0.000000 0.000000 
-0.086426 0.125924 0.000000 0.000993 0.171769 0.002886 0.007835 0.000000 0.000000 
-0.085449 0.124498 0.000000 0.000981 0.171769 0.002852 0.007822 0.000000 0.000000 
-0.084473 0.123073 0.000000 0.000970 0.171769 0.002818 0.007810 0.000000 0.000000 
-0.083496 0.121648 0.000000 0.000959 0.171769 0.002784 0.007798 0.000000 0.000000 
-0.082520 0.120223 0.000000 0.000947 0.171769 0.002750 0.007786 0.000000 0.000000 
-0.081543 0.118798 0.000000 0.000936 0.171769 0.002716 0.007774 0.000000 0.000000 
-0.080566 0.117373 0.000000 0.000924 0.171769 0.002682 0.007762 0.000000 0.000000 
-0.079590 0.115948 0.000000 0.000913 0.171769 0.002648 0.007750 0.000000 0.000000 
-0.078613 0.114523 0.000000 0.000902 0.171769 0.002614 0.007739 0.000000 0.000000 
-0.077637 0.113098 0.000000 0.000890 0.171769 0.002580 0.007728 0.000000 0.000000 
-0.076660 0.111673 0.000000 0.000879 0.171769 0.002546 0.007716 0.000000 0.000000 
-0.075684 0.110249 0.000000 0.000868 0.171769 0.002513 0.007705 0.000000 0.000000 
-0.074707 0.108824 0.000000 0.000856 0.171769 0.002479 0.007694 0.000000 0.000000 
-0.073730 0.107400 0.000000 0.000845 0.171769 0.002446 0.007684 0.000000 0.000000 
-0.072754 0.105975 0.000000 0.000834 0.171769 0.002412 0.007673 0.000000 0.000000 
-0.071777 0.104551 0.000000 0.000822 0.171769 0.002379 0.007663 0.000000 0.000000 
-0.070801 0.103127 0.000000 0.000811 0.171769 0.002345 0.007652 0.000000 0.000000 
-0.069824 0.101703 0.000000 0.000800 0.171769 0.002312 0.007642 0.000000 0.000000 
-0.068848 0.100279 0.000000 0.000788 0.171769 0.002278 0.007632 0.000000 0.000000 
-0.067871 0.098855 0.000000 0.000777 0.171769 0.002245 0.007622 0.000000 0.000000 
-0.066895 0.097431 0.000000 0.000766 0.171769 0.002212 0.007612 0.000000 0.000000 
-0.065918 0.096007 0.000000 0.000754 0.171769 0.002179 0.007603 0.000000 0.000000 
-0.064941 0.094583 0.000000 0.000743 0.171769 0.002145 0.007593 0.000000 0.000000 
-0.063965 0.093159 0.000000 0.000732 0.171769 0.002112 0.007584 0.000000 0.000000 
-0.062988 0.091735 0.000000 0.000721 0.171769 0.002079 0.007575 0.000000 0.000000 
-0.062012 0.090312 0.000000 0.000709 0.171769 0.002046 0.007566 0.000000 0.000000 
-0.061035 0.088888 0.000000 0.000698 0.171769 0.002013 0.007557 0.000000 0.000000 
-0.060059 0.087465 0.000000 0.000687 0.171769 0.001980 0.007548 0.000000 0.000000 
-0.059082 0.086041 0.000000 0.000676 0.171769 0.001947 0.007540 0.000000 0.000000 
-0.058105 0.084618 0.000000 0.000664 0.171769 0.001914 0.007531 0.000000 0.000000 
-0.057129 0.083195 0.000000 0.000653 0.171769 0.001881 0.007523 0.000000 0.000000 
-0.056152 0.081772 0.000000 0.000642 0.171769 0.001848 0.007515 0.000000 0.000000 
-0.055176 0.080348 0.000000 0.000630 0.171769 0.001816 0.007507 0.000000 0.000000 
-0.054199 0.078925 0.000000 0.000619 0.171769 0.001783 0.007499 0.000000 0.000000 
-0.053223 0.077502 0.000000 0.000608 0.171769 0.001750 0.007491 0.000000 0.000000 
-0.052246 0.076079 0.000000 0.000597 0.171769 0.001717 0.007484 0.000000 0.000000 
-0.051270 0.074656 0.000000 0.000586 0.171769 0.001685 0.007476 0.000000 0.000000 
-0.050293 0.073233 0.000000 0.000574 0.171769 0.001652 0.007469 0.000000 0.000000 
-0.049316 0.071810 0.000000 0.000563 0.171769 0.001620 0.007462 0.000000 0.000000 
-0.048340 0.070388 0.000000 0.000552 0.171769 0.001587 0.007455 0.000000 0.000000 
-0.047363 0.068965 0.000000 0.000541 0.171769 0.001554 0.007448 0.000000 0.000000 
-0.046387 0.067542 0.000000 0.000529 0.171769 0.001522 0.007441 0.000000 0.000000 
-0.045410 0.066119 0.000000 0.000518 0.171769 0.001489 0.007435 0.000000 0.000000 
-0.044434 0.064697 0.000000 0.000507 0.171769 0.001457 0.007428 0.000000 0.000000 
-0.043457 0.063274 0.000000 0.000496 0.171769 0.001425 0.007422 0.000000 0.000000 
-0.042480 0.061852 0.000000 0.000485 0.171769 0.001392 0.007416 0.000000 0.000000 
-0.041504 0.060429 0.000000 0.000473 0.171769 0.001360 0.007410 0.000000 0.000000 
-0.040527 0.059007 0.000000 0.000462 0.171769 0.001327 0.007404 0.000000 0.000000 
-0.039551 0.057584 0.000000 0.000451 0.171769 0.001295 0.007398 0.000000 0.000000 
-0.038574 0.056162 0.000000 0.000440 0.171769 0.001263 0.007393 0.000000 0.000000 
-0.037598 0.054740 0.000000 0.000429 0.171769 0.001231 0.007387 0.000000 0.000000 
-0.036621 0.053317 0.000000 0.000418 0.171769 0.001198 0.007382 0.000000 0.000000 
-0.035645 0.051895 0.000000 0.000406 0.171769 0.001166 0.007377 0.000000 0.000000 
-0.034668 0.050473 0.000000 0.000395 0.171769 0.001134 0.007372 0.000000 0.000000 
-0.033691 0.049051 0.000000 0.000384 0.171769 0.001102 0.007367 0.000000 0.000000 
-0.032715 0.047629 0.000000 0.000373 0.171769 0.001070 0.007362 0.000000 0.000000 
-0.031738 0.046207 0.000000 0.000362 0.171769 0.001037 0.007358 0.000000 0.000000 
-0.030762 0.044784 0.000000 0.000351 0.171769 0.001005 0.007353 0.000000 0.000000 
-0.029785 0.043362 0.000000 0.000339 0.171769 0.000973 0.007349 0.000000 0.000000 
-0.028809 0.041940 0.000000 0.000328 0.171769 0.000941 0.007345 0.000000 0.000000 
-0.027832 0.040518 0.000000 0.000317 0.171769 0.000909 0.007341 0.000000 0.000000 
-0.026855 0.039096 0.000000 0.000306 0.171769 0.000877 0.007337 0.000000 0.000000 
-0.025879 0.037675 0.000000 0.000295 0.171769 0.000845 0.007333 0.000000 0.000000 
-0.024902 0.036253 0.000000 0.000284 0.171769 0.000813 0.007329 0.000000 0.000000 
-0.023926 0.034831 0.000000 0.000273 0.171769 0.000781 0.007326 0.000000 0.000000 
-0.022949 0.033409 0.000000 0.000261 0.171769 0.000749 0.007322 0.000000 0.000000 
-0.021973 0.031987 0.000000 0.000250 0.171769 0.000717 0.007319 0.000000 0.000000 
-0.020996 0.030565 0.000000 0.000239 0.171769 0.000685 0.007316 0.000000 0.000000 
-0.020020 0.029144 0.000000 0.000228 0.171769 0.000653 0.007313 0.000000 0.000000 
-0.019043 0.027722 0.000000 0.000217 0.171769 0.000621 0.007311 0.000000 0.000000 
-0.018066 0.026300 0.000000 0.000206 0.171769 0.000589 0.007308 0.000000 0.000000 
-0.017090 0.024878 0.000000 0.000195 0.171769 0.000557 0.007305 0.000000 0.000000 
-0.016113 0.023457 0.000000 0.000183 0.171769 0.000525 0.007303 0.000000 0.000000 
-0.015137 0.022035 0.000000 0.000172 0.171769 0.000493 0.007301 0.000000 0.000000 
-0.014160 0.020613 0.000000 0.000161 0.171769 0.000462 0.007299 0.000000 0.000000 
-0.013184 0.019192 0.000000 0.000150 0.171769 0.000430 0.007297 0.000000 0.000000 
-0.012207 0.017770 0.000000 0.000139 0.171769 0.000398 0.007295 0.000000 0.000000 
-0.011230 0.016348 0.000000 0.000128 0.171769 0.000366 0.007293 0.000000 0.000000 
-0.010254 0.014927 0.000000 0.000117 0.171769 0.000334 0.007292 0.000000 0.000000 
-0.009277 0.013505 0.000000 0.000106 0.171769 0.000302 0.007290 0.000000 0.000000 
-0.008301 0.012083 0.000000 0.000094 0.171769 0.000270 0.007289 0.000000 0.000000 
-0.007324 0.010662 0.000000 0.000083 0.171769 0.000239 0.007288 0.000000 0.000000 
-0.006348 0.009240 0.000000 0.000072 0.171769 0.000207 0.007287 0.000000 0.000000 
-0.005371 0.007819 0.000000 0.000061 0.171769 0.000175 0.007286 0.000000 0.000000 
-0.004395 0.006397 0.000000 0.000050 0.171769 0.000143 0.007285 0.000000 0.000000 
-0.003418 0.004975 0.000000 0.000039 0.171769 0.000111 0.007285 0.000000 0.000000 
-0.002441 0.003554 0.000000 0.000028 0.171769 0.000080 0.007285 0.000000 0.000000 
-0.001465 0.002132 0.000000 0.000017 0.171769 0.000048 0.007284 0.000000 0.000000 
-0.000488 0.000711 0.000000 0.000006 0.171769 0.000016 0.007284 0.000000 0.000000 
0.000488 0.000711 0.000000 0.000006 0.171769 0.000016 0.007284 0.000000 0.000000 
0.001465 0.002132 0.000000 0.000017 0.171769 0.000048 0.007284 0.000000 0.000000 
0.002441 0.003554 0.000000 0.000028 0.171769 0.000080 0.007285 0.000000 0.000000 
0.003418 0.004975 0.000000 0.000039 0.171769 0.000111 0.007285 0.000000 0.000000 
0.004395 0.006397 0.000000 0.000050 0.171769 0.000143 0.007285 0.000000 0.000000 
0.005371 0.007819 0.000000 0.000061 0.171769 0.000175 0.007286 0.000000 0.000000 
0.006348 0.009240 0.000000 0.000072 0.171769 0.000207 0.007287 0.000000 0.000000 
0.007324 0.010662 0.000000 0.000083 0.171769 0.000239 0.007288 0.000000 0.000000 
0.008301 0.012083 0.000000 0.000094 0.171769 0.000270 0.007289 0.000000 0.000000 
0.009277 0.013505 0.000000 0.000106 0.171769 0.000302 0.007290 0.000000 0.000000 
0.010254 0.014927 0.000000 0.000117 0.171769 0.000334 0.007292 0.000000 0.000000 
0.011230 0.016348 0.000000 0.000128 0.171769 0.000366 0.007293 0.000000 0.000000 
0.012207 0.017770 0.000000 0.000139 0.171769 0.000398 0.007295 0.000000 0.000000 
0.013184 0.019192 0.000000 0.000150 0.171769 0.000430 0.007297 0.000000 0.000000 
0.014160 0.020613 0.000000 0.000161 0.171769 0.000462 0.007299 0.000000 0.000000 
0.015137 0.022035 0.000000 0.000172 0.171769 0.000493 0.007301 0.000000 0.000000 
0.016113 0.023457 0.000000 0.000183 0.171769 0.000525 0.007303 0.000000 0.000000 
0.017090 0.024878 0.000000 0.000195 0.171769 0.000557 0.007305 0.000000 0.000000 
0.018066 0.026300 0.000000 0.000206 0.171769 0.000589 0.007308 0.000000 0.000000 
0.019043 0.027722 0.000000 0.000217 0.171769 0.000621 0.007311 0.000000 0.000000 
0.020020 0.029144 0.000000 0.000228 0.171769 0.000653 0.007313 0.000000 0.000000 
0.020996 0.030565 0.000000 0.000239 0.171769 0.000685 0.007316 0.000000 0.000000 
0.021973 0.031987 0.000000 0.000250 0.171769 0.000717 0.007319 0.000000 0.000000 
0.022949 0.033409 0.000000 0.000261 0.171769 0.000749 0.007322 0.000000 0.000000 
0.023926 0.034831 0.000000 0.000273 0.171769 0.000781 0.007326 0.000000 0.000000 
0.024902 0.036253 0.000000 0.000284 0.171769 0.000813 0.007329 0.000000 0.000000 
0.025879 0.037675 0.000000 0.000295 0.171769 0.000845 0.007333 0.000000 0.000000 
0.026855 0.039096 0.000000 0.000306 0.171769 0.000877 0.007337 0.000000 0.000000 
0.027832 0.040518 0.000000 0.000317 0.171769 0.000909 0.007341 0.000000 0.000000 
0.028809 0.041940 0.000000 0.000328 0.171769 0.000941 0.007345 0.000000 0.000000 
0.029785 0.043362 0.000000 0.000339 0.171769 0.000973 0.007349 0.000000 0.000000 
0.030762 0.044784 0.000000 0.000351 0.171769 0.001005 0.007353 0.000000 0.000000 
0.031738 0.046207 0.000000 0.000362 0.171769 0.001037 0.007358 0.000000 0.000000 
0.032715 0.047629 0.000000 0.000373 0.171769 0.001070 0.007362 0.000000 0.000000 
0.033691 0.049051 0.000000 0.000384 0.171769 0.001102 0.007367 0.000000 0.000000 
0.034668 0.050473 0.000000 0.000395 0.171769 0.001134 0.007372 0.000000 0.000000 
0.035645 0.051895 0.000000 0.000406 0.171769 0.001166 0.007377 0.000000 0.000000 
0.036621 0.053317 0.000000 0.000418 0.171769 0.001198 0.007382 0.000000 0.000000 
0.037598 0.054740 0.000000 0.000429 0.171769 0.001231 0.007387 0.000000 0.000000 
0.038574 0.056162 0.000000 0.000440 0.171769 0.001263 0.007393 0.000000 0.000000 
0.039551 0.057584 0.000000 0.000451 0.171769 0.001295 0.007398 0.000000 0.000000 
0.040527 0.059007 0.000000 0.000462 0.171769 0.001327 0.007404 0.000000 0.000000 
0.041504 0.060429 0.000000 0.000473 0.171769 0.001360 0.007410 0.000000 0.000000 
0.042480 0.061852 0.000000 0.000485 0.171769 0.001392 0.007416 0.000000 0.000000 
0.043457 0.063274 0.000000 0.000496 0.171769 0.001425 0.007422 0.000000 0.000000 
0.044434 0.064697 0.000000 0.000507 0.171769 0.001457 0.007428 0.000000 0.000000 
0.045410 0.066119 0.000000 0.000518 0.171769 0.001489 0.007435 0.000000 0.000000 
0.046387 0.067542 0.000000 0.000529 0.171769 0.001522 0.007441 0.000000 0.000000 
0.047363 0.068965 0.000000 0.000541 0.171769 0.001554 0.007448 0.000000 0.000000 
0.048340 0.070388 0.000000 0.000552 0.171769 0.001587 0.007455 0.000000 0.000000 
0.049316 0.071810 0.000000 0.000563 0.171769 0.001620 0.007462 0.000000 0.000000 
0.050293 0.073233 0.000000 0.000574 0.171769 0.001652 0.007469 0.000000 0.000000 
0.051270 0.074656 0.000000 0.000586 0.171769 0.001685 0.007476 0.000000 0.000000 
0.052246 0.076079 0.000000 0.000597 0.171769 0.001717 0.007484 0.000000 0.000000 
0.053223 0.077502 0.000000 0.000608 0.171769 0.001750 0.007491 0.000000 0.000000 
0.054199 0.078925 0.000000 0.000619 0.171769 0.001783 0.007499 0.000000 0.000000 
0.055176 0.080348 0.000000 0.000630 0.171769 0.001816 0.007507 0.000000 0.000000 
0.056152 0.081772 0.000000 0.000642 0.171769 0.001848 0.007515 0.000000 0.000000 
0.057129 0.083195 0.000000 0.000653 0.171769 0.001881 0.007523 0.000000 0.000000 
0.058105 0.084618 0.000000 0.000664 0.171769 0.001914 0.007531 0.000000 0.000000 
0.059082 0.086041 0.000000 0.000676 0.171769 0.001947 0.007540 0.000000 0.000000 
0.060059 0.087465 0.000000 0.000687 0.171769 0.001980 0.007548 0.000000 0.000000 
0.061035 0.088888 0.000000 0.000698 0.171769 0.002013 0.007557 0.000000 0.000000 
0.062012 0.090312 0.000000 0.000709 0.171769 0.002046 0.007566 0.000000 0.000000 
0.062988 0.091735 0.000000 0.000721 0.171769 0.002079 0.007575 0.000000 0.000000 
0.063965 0.093159 0.000000 0.000732 0.171769 0.002112 0.007584 0.000000 0.000000 
0.064941 0.094583 0.000000 0.000743 0.171769 0.002145 0.007593 0.000000 0.000000 
0.065918 0.096007 0.000000 0.000754 0.171769 0.002179 0.007603 0.000000 0.000000 
0.066895 0.097431 0.000000 0.000766 0.171769 0.002212 0.007612 0.000000 0.000000 
0.067871 0.098855 0.000000 0.000777 0.171769 0.002245 0.007622 0.000000 0.000000 
0.068848 0.100279 0.000000 0.000788 0.171769 0.002278 0.007632 0.000000 0.000000 
0.069824 0.101703 0.000000 0.000800 0.171769 0.002312 0.007642 0.000000 0.000000 
0.070801 0.103127 0.000000 0.000811 0.171769 0.002345 0.007652 0.000000 0.000000 
0.071777 0.104551 0.000000 0.000822 0.171769 0.002379 0.007663 0.000000 0.000000 
0.072754 0.105975 0.000000 0.000834 0.171769 0.002412 0.007673 0.000000 0.000000 
0.073730 0.107400 0.000000 0.000845 0.171769 0.002446 0.007684 0.000000 0.000000 
0.074707 0.108824 0.000000 0.000856 0.171769 0.002479 0.007694 0.000000 0.000000 
0.075684 0.110249 0.000000 0.000868 0.171769 0.002513 0.007705 0.000000 0.000000 
0.076660 0.111673 0.000000 0.000879 0.171769 0.002546 0.007716 0.000000 0.000000 
0.077637 0.113098 0.000000 0.000890 0.171769 0.002580 0.007728 0.000000 0.000000 
0.078613 0.114523 0.000000 0.000902 0.171769 0.002614 0.007739 0.000000 0.000000 
0.079590 0.115948 0.000000 0.000913 0.171769 0.002648 0.007750 0.000000 0.000000 
0.080566 0.117373 0.000000 0.000924 0.171769 0.002682 0.007762 0.000000 0.000000 
0.081543 0.118798 0.000000 0.000936 0.171769 0.002716 0.007774 0.000000 0.000000 
0.082520 0.120223 0.000000 0.000947 0.171769 0.002750 0.007786 0.000000 0.000000 
0.083496 0.121648 0.000000 0.000959 0.171769 0.002784 0.007798 0.000000 0.000000 
0.084473 0.123073 0.000000 0.000970 0.171769 0.002818 0.007810 0.000000 0.000000 
0.085449 0.124498 0.000000 0.000981 0.171769 0.002852 0.007822 0.000000 0.000000 
0.086426 0.125924 0.000000 0.000993 0.171769 0.002886 0.007835 0.000000 0.000000 
0.087402 0.127349 0.000000 0.001004 0.171769 0.002920 0.007848 0.000000 0.000000 
0.088379 0.128775 0.000000 0.001016 0.171769 0.002955 0.007860 0.000000 0.000000 
0.089355 0.130201 0.000000 0.001027 0.171769 0.002989 0.007873 0.000000 0.000000 
0.090332 0.131627 0.000000 0.001039 0.171769 0.003023 0.007887 0.000000 0.000000 
0.091309 0.133053 0.000000 0.001050 0.171769 0.003058 0.007900 0.000000 0.000000 
0.092285 0.134479 0.000000 0.001061 0.171769 0.003092 0.007913 0.000000 0.000000 
0.093262 0.135905 0.000000 0.001073 0.171769 0.003127 0.007927 0.000000 0.000000 
0.094238 0.137331 0.000000 0.001084 0.171769 0.003162 0.007941 0.000000 0.000000 
0.095215 0.138757 0.000000 0.001096 0.171769 0.003196 0.007954 0.000000 0.000000 
0.096191 0.140184 0.000000 0.001107 0.171769 0.003231 0.007969 0.000000 0.000000 
0.097168 0.141610 0.000000 0.001119 0.171769 0.003266 0.007983 0.000000 0.000000 
0.098145 0.143037 0.000000 0.001130 0.171769 0.003301 0.007997 0.000000 0.000000 
0.099121 0.144463 0.000000 0.001142 0.171769 0.003336 0.008012 0.000000 0.000000 
0.100098 0.145890 0.000000 0.001153 0.171769 0.003371 0.008026 0.000000 0.000000 
0.101074 0.147317 0.000000 0.001165 0.171769 0.003406 0.008041 0.000000 0.000000 
0.102051 0.148744 0.000000 0.001176 0.171769 0.003441 0.008056 0.000000 0.000000 
0.103027 0.150171 0.000000 0.001188 0.171769 0.003476 0.008071 0.000000 0.000000 
0.104004 0.151598 0.000000 0.001199 0.171769 0.003511 0.008086 0.000000 0.000000 
0.104980 0.153026 0.000000 0.001211 0.171769 0.003547 0.008102 0.000000 0.000000 
0.105957 0.154453 0.000000 0.001222 0.171769 0.003582 0.008117 0.000000 0.000000 
0.106934 0.155881 0.000000 0.001234 0.171769 0.003618 0.008133 0.000000 0.000000 
0.107910 0.157308 0.000000 0.001245 0.171769 0.003653 0.008149 0.000000 0.000000 
0.108887 0.158736 0.000000 0.001257 0.171769 0.003689 0.008165 0.000000 0.000000 
0.109863 0.160164 0.000000 0.001268 0.171769 0.003725 0.008181 0.000000 0.000000 
0.110840 0.161592 0.000000 0.001280 0.171769 0.003760 0.008197 0.000000 0.000000 
0.111816 0.163020 0.000000 0.001292 0.171769 0.003796 0.008214 0.000000 0.000000 
0.112793 0.164449 0.000000 0.001303 0.171769 0.003832 0.008231 0.000000 0.000000 
0.113770 0.165877 0.000000 0.001315 0.171769 0.003868 0.008247 0.000000 0.000000 
0.114746 0.167305 0.000000 0.001326 0.171769 0.003904 0.008264 0.000000 0.000000 
0.115723 0.168734 0.000000 0.001338 0.171769 0.003940 0.008282 0.000000 0.000000 
0.116699 0.170163 0.000000 0.001350 0.171769 0.003976 0.008299 0.000000 0.000000 
0.117676 0.171592 0.000000 0.001361 0.171769 0.004013 0.008316 0.000000 0.000000 
0.118652 0.173021 0.000000 0.001373 0.171769 0.004049 0.008334 0.000000 0.000000 
0.119629 0.174450 0.000000 0.001384 0.171769 0.004086 0.008352 0.000000 0.000000 
0.120605 0.175879 0.000000 0.001396 0.171769 0.004122 0.008370 0.000000 0.000000 
0.121582 0.177308 0.000000 0.001408 0.171769 0.004159 0.008388 0.000000 0.000000 
0.122559 0.178738 0.000000 0.001419 0.171769 0.004195 0.008406 0.000000 0.000000 
0.123535 0.180168 0.000000 0.001431 0.171769 0.004232 0.008424 0.000000 0.000000 
0.124512 0.181597 0.000000 0.001443 0.171769 0.004269 0.008443 0.000000 0.000000 
0.125488 0.183027 0.000000 0.001454 0.171769 0.004306 0.008462 0.000000 0.000000 
0.126465 0.184457 0.000000 0.001466 0.171769 0.004343 0.008480 0.000000 0.000000 
0.127441 0.185887 0.000000 0.001477 0.171769 0.004380 0.008499 0.000000 0.000000 
0.128418 0.187318 0.000000 0.001489 0.171769 0.004417 0.008519 0.000000 0.000000 
0.129395 0.188748 0.000000 0.001501 0.171769 0.004454 0.008538 0.000000 0.000000 
0.130371 0.190179 0.000000 0.001513 0.171769 0.004492 0.008558 0.000000 0.000000 
0.131348 0.191609 0.000000 0.001524 0.171769 0.004529 0.008577 0.000000 0.000000 
0.132324 0.193040 0.000000 0.001536 0.171769 0.004567 0.008597 0.000000 0.000000 
0.133301 0.194471 0.000000 0.001548 0.171769 0.004604 0.008617 0.000000 0.000000 
0.134277 0.195902 0.000000 0.001559 0.171769 0.004642 0.008637 0.000000 0.000000 
0.135254 0.197334 0.000000 0.001571 0.171769 0.004680 0.008658 0.000000 0.000000 
0.136230 0.198765 0.000000 0.001583 0.171769 0.004717 0.008678 0.000000 0.000000 
0.137207 0.200197 0.000000 0.001594 0.171769 0.004755 0.008699 0.000000 0.000000 
0.138184 0.201628 0.000000 0.001606 0.171769 0.004793 0.008720 0.000000 0.000000 
0.139160 0.203060 0.000000 0.001618 0.171769 0.004832 0.008741 0.000000 0.000000 
0.140137 0.204492 0.000000 0.001630 0.171769 0.004870 0.008762 0.000000 0.000000 
0.141113 0.205925 0.000000 0.001641 0.171769 0.004908 0.008783 0.000000 0.000000 
0.142090 0.207357 0.000000 0.001653 0.171769 0.004946 0.008805 0.000000 0.000000 
0.143066 0.208789 0.000000 0.001665 0.171769 0.004985 0.008827 0.000000 0.000000 
0.144043 0.210222 0.000000 0.001677 0.171769 0.005024 0.008848 0.000000 0.000000 
0.145020 0.211655 0.000000 0.001688 0.171769 0.005062 0.008870 0.000000 0.000000 
0.145996 0.213088 0.000000 0.001700 0.171769 0.005101 0.008893 0.000000 0.000000 
0.146973 0.214521 0.000000 0.001712 0.171769 0.005140 0.008915 0.000000 0.000000 
0.147949 0.215954 0.000000 0.001724 0.171769 0.005179 0.008937 0.000000 0.000000 
0.148926 0.217388 0.000000 0.001735 0.171769 0.005218 0.008960 0.000000 0.000000 
0.149902 0.218821 0.000000 0.001747 0.171769 0.005257 0.008983 0.000000 0.000000 
0.150879 0.220255 0.000000 0.001759 0.171769 0.005296 0.009006 0.000000 0.000000 
0.151855 0.221689 0.000000 0.001771 0.171769 0.005336 0.009029 0.000000 0.000000 
0.152832 0.223123 0.000000 0.001783 0.171769 0.005375 0.009053 0.000000 0.000000 
0.153809 0.224557 0.000000 0.001794 0.171769 0.005415 0.009076 0.000000 0.000000 
0.154785 0.225992 0.000000 0.001806 0.171769 0.005455 0.009100 0.000000 0.000000 
0.155762 0.227426 0.000000 0.001818 0.171769 0.005494 0.009124 0.000000 0.000000 
0.156738 0.228861 0.000000 0.001830 0.171769 0.005534 0.009148 0.000000 0.000000 
0.157715 0.230296 0.000000 0.001842 0.171769 0.005574 0.009172 0.000000 0.000000 
0.158691 0.231731 0.000000 0.001853 0.171769 0.005614 0.009197 0.000000 0.000000 
0.159668 0.233166 0.000000 0.001865 0.171769 0.005655 0.009221 0.000000 0.000000 
0.160645 0.234602 0.000000 0.001877 0.171769 0.005695 0.009246 0.000000 0.000000 
0.161621 0.236038 0.000000 0.001889 0.171769 0.005735 0.009271 0.000000 0.000000 
0.162598 0.237473 0.000000 0.001901 0.171769 0.005776 0.009296 0.000000 0.000000 
0.163574 0.238909 0.000000 0.001913 0.171769 0.005817 0.009322 0.000000 0.000000 
0.164551 0.240346 0.000000 0.001924 0.171769 0.005857 0.009347 0.000000 0.000000 
0.165527 0.241782 0.000000 0.001936 0.171769 0.005898 0.009373 0.000000 0.000000 
0.166504 0.243218 0.000000 0.001948 0.171769 0.005939 0.009399 0.000000 0.000000 
0.167480 0.244655 0.000000 0.001960 0.171769 0.005980 0.009425 0.000000 0.000000 
0.168457 0.246092 0.000000 0.001972 0.171769 0.006022 0.009451 0.000000 0.000000 
0.169434 0.247529 0.000000 0.001984 0.171769 0.006063 0.009477 0.000000 0.000000 
0.170410 0.248967 0.000000 0.001995 0.171769 0.006104 0.009504 0.000000 0.000000 
0.171387 0.250404 0.000000 0.002007 0.171769 0.006146 0.009530 0.000000 0.000000 
0.172363 0.251842 0.000000 0.002019 0.171769 0.006188 0.009557 0.000000 0.000000 
0.173340 0.253280 0.000000 0.002031 0.171769 0.006229 0.009585 0.000000 0.000000 
0.174316 0.254718 0.000000 0.002043 0.171769 0.006271 0.009612 0.000000 0.000000 
0.175293 0.256156 0.000000 0.002055 0.171769 0.006313 0.009639 0.000000 0.000000 
0.176270 0.257594 0.000000 0.002066 0.171769 0.006355 0.009667 0.000000 0.000000 
0.177246 0.259033 0.000000 0.002078 0.171769 0.006398 0.009695 0.000000 0.000000 
0.178223 0.260472 0.000000 0.002090 0.171769 0.006440 0.009723 0.000000 0.000000 
0.179199 0.261911 0.000000 0.002102 0.171769 0.006483 0.009751 0.000000 0.000000 
0.180176 0.263350 0.000000 0.002114 0.171769 0.006525 0.009779 0.000000 0.000000 
0.181152 0.264790 0.000000 0.002125 0.171769 0.006568 0.009808 0.000000 0.000000 
0.182129 0.266229 0.000000 0.002137 0.171769 0.006611 0.009837 0.000000 0.000000 
0.183105 0.267669 0.000000 0.002149 0.171769 0.006654 0.009866 0.000000 0.000000 
0.184082 0.269109 0.000000 0.002161 0.171769 0.006697 0.009895 0.000000 0.000000 
0.185059 0.270550 0.000000 0.002173 0.171769 0.006740 0.009924 0.000000 0.000000 
0.186035 0.271990 0.000000 0.002185 0.171769 0.006784 0.009954 0.000000 0.000000 
0.187012 0.273431 0.000000 0.002196 0.171769 0.006827 0.009984 0.000000 0.000000 
0.187988 0.274872 0.000000 0.002208 0.171769 0.006871 0.010013 0.000000 0.000000 
0.188965 0.276313 0.000000 0.002220 0.171769 0.006915 0.010044 0.000000 0.000000 
0.189941 0.277754 0.000000 0.002232 0.171769 0.006959 0.010074 0.000000 0.000000 
0.190918 0.279196 0.000000 0.002244 0.171769 0.007003 0.010104 0.000000 0.000000 
0.191895 0.280638 0.000000 0.002255 0.171769 0.007047 0.010135 0.000000 0.000000 
0.192871 0.282080 0.000000 0.002267 0.171769 0.007091 0.010166 0.000000 0.000000 
0.193848 0.283522 0.000000 0.002279 0.171769 0.007136 0.010197 0.000000 0.000000 
0.194824 0.284964 0.000000 0.002291 0.171769 0.007180 0.010228 0.000000 0.000000 
0.195801 0.286407 0.000000 0.002302 0.171769 0.007225 0.010260 0.000000 0.000000 
0.196777 0.287850 0.000000 0.002314 0.171769 0.007270 0.010291 0.000000 0.000000 
0.197754 0.289293 0.000000 0.002326 0.171769 0.007315 0.010323 0.000000 0.000000 
0.198730 0.290736 0.000000 0.002338 0.171769 0.007360 0.010355 0.000000 0.000000 
0.199707 0.292180 0.000000 0.002349 0.171769 0.007406 0.010387 0.000000 0.000000 
0.200684 0.293624 0.000000 0.002361 0.171769 0.007451 0.010420 0.000000 0.000000 
0.201660 0.295068 0.000000 0.002373 0.171769 0.007497 0.010453 0.000000 0.000000 
0.202637 0.296512 0.000000 0.002384 0.171769 0.007542 0.010485 0.000000 0.000000 
0.203613 0.297957 0.000000 0.002396 0.171769 0.007588 0.010518 0.000000 0.000000 
0.204590 0.299401 0.000000 0.002408 0.171769 0.007634 0.010552 0.000000 0.000000 
0.205566 0.300846 0.000000 0.002419 0.171769 0.007680 0.010585 0.000000 0.000000 
0.206543 0.302292 0.000000 0.002431 0.171769 0.007727 0.010619 0.000000 0.000000 
0.207520 0.303737 0.000000 0.002443 0.171769 0.007773 0.010653 0.000000 0.000000 
0.208496 0.305183 0.000000 0.002454 0.171769 0.007820 0.010687 0.000000 0.000000 
0.209473 0.306629 0.000000 0.002466 0.171769 0.007866 0.010721 0.000000 0.000000 
0.210449 0.308075 0.000000 0.002478 0.171769 0.007913 0.010755 0.000000 0.000000 
0.211426 0.309521 0.000000 0.002489 0.171769 0.007960 0.010790 0.000000 0.000000 
0.212402 0.310968 0.000000 0.002501 0.171769 0.008008 0.010825 0.000000 0.000000 
0.213379 0.312415 0.000000 0.002512 0.171769 0.008055 0.010860 0.000000 0.000000 
0.214355 0.313862 0.000000 0.002524 0.171769 0.008102 0.010895 0.000000 0.000000 
0.215332 0.315310 0.000000 0.002535 0.171769 0.008150 0.010931 0.000000 0.000000 
0.216309 0.316757 0.000000 0.002547 0.171769 0.008198 0.010966 0.000000 0.000000 
0.217285 0.318205 0.000000 0.002558 0.171769 0.008246 0.011002 0.000000 0.000000 
0.218262 0.319653 0.000000 0.002570 0.171769 0.008294 0.011038 0.000000 0.000000 
0.219238 0.321102 0.000000 0.002581 0.171769 0.008342 0.011075 0.000000 0.000000 
0.220215 0.322551 0.000000 0.002593 0.171769 0.008391 0.011111 0.000000 0.000000 
0.221191 0.324000 0.000000 0.002604 0.171769 0.008439 0.011148 0.000000 0.000000 
0.222168 0.325449 0.000000 0.002616 0.171769 0.008488 0.011185 0.000000 0.000000 
0.223145 0.326898 0.000000 0.002627 0.171769 0.008537 0.011222 0.000000 0.000000 
0.224121 0.328348 0.000000 0.002638 0.171769 0.008586 0.011260 0.000000 0.000000 
0.225098 0.329798 0.000000 0.002650 0.171769 0.008635 0.011297 0.000000 0.000000 
0.226074 0.331249 0.000000 0.002661 0.171769 0.008685 0.011335 0.000000 0.000000 
0.227051 0.332699 0.000000 0.002672 0.171769 0.008734 0.011373 0.000000 0.000000 
0.228027 0.334150 0.000000 0.002683 0.171769 0.008784 0.011411 0.000000 0.000000 
0.229004 0.335601 0.000000 0.002695 0.171769 0.008834 0.011450 0.000000 0.000000 
0.229980 0.337053 0.000000 0.002706 0.171769 0.008884 0.011489 0.000000 0.000000 
0.230957 0.338504 0.000000 0.002717 0.171769 0.008934 0.011527 0.000000 0.000000 
0.231934 0.339956 0.000000 0.002728 0.171769 0.008985 0.011567 0.000000 0.000000 
0.232910 0.341409 0.000000 0.002739 0.171769 0.009035 0.011606 0.000000 0.000000 
0.233887 0.342861 0.000000 0.002750 0.171769 0.009086 0.011645 0.000000 0.000000 
0.234863 0.344314 0.000000 0.002761 0.171769 0.009137 0.011685 0.000000 0.000000 
0.235840 0.345767 0.000000 0.002772 0.171769 0.009188 0.011725 0.000000 0.000000 
0.236816 0.347220 0.000000 0.002783 0.171769 0.009240 0.011766 0.000000 0.000000 
0.237793 0.348674 0.000000 0.002794 0.171769 0.009291 0.011806 0.000000 0.000000 
0.238770 0.350128 0.000000 0.002805 0.171769 0.009343 0.011847 0.000000 0.000000 
0.239746 0.351582 0.000000 0.002816 0.171769 0.009395 0.011888 0.000000 0.000000 
0.240723 0.353037 0.000000 0.002827 0.171769 0.009447 0.011929 0.000000 0.000000 
0.241699 0.354492 0.000000 0.002838 0.171769 0.009499 0.011970 0.000000 0.000000 
0.242676 0.355947 0.000000 0.002849 0.171769 0.009551 0.012012 0.000000 0.000000 
0.243652 0.357402 0.000000 0.002859 0.171769 0.009604 0.012054 0.000000 0.000000 
0.244629 0.358858 0.000000 0.002870 0.171769 0.009656 0.012096 0.000000 0.000000 
0.245605 0.360314 0.000000 0.002881 0.171769 0.009709 0.012138 0.000000 0.000000 
0.246582 0.361770 0.000000 0.002891 0.171769 0.009762 0.012180 0.000000 0.000000 
0.247559 0.363227 0.000000 0.002902 0.171769 0.009816 0.012223 0.000000 0.000000 
0.248535 0.364684 0.000000 0.002912 0.171769 0.009869 0.012266 0.000000 0.000000 
0.249512 0.366141 0.000000 0.002923 0.171769 0.009923 0.012309 0.000000 0.000000 
0.250488 0.367599 0.000000 0.002933 0.171769 0.009977 0.012353 0.000000 0.000000 
0.251465 0.369057 0.000000 0.002943 0.171769 0.010031 0.012396 0.000000 0.000000 
0.252441 0.370515 0.000000 0.002954 0.171769 0.010085 0.012440 0.000000 0.000000 
0.253418 0.371973 0.000000 0.002964 0.171769 0.010139 0.012485 0.000000 0.000000 
0.254395 0.373432 0.000000 0.002974 0.171769 0.010194 0.012529 0.000000 0.000000 
0.255371 0.374891 0.000000 0.002984 0.171769 0.010249 0.012574 0.000000 0.000000 
0.256348 0.376351 0.000000 0.002995 0.171769 0.010304 0.012618 0.000000 0.000000 
0.257324 0.377810 0.000000 0.003005 0.171769 0.010359 0.012664 0.000000 0.000000 
0.258301 0.379270 0.000000 0.003015 0.171769 0.010414 0.012709 0.000000 0.000000 
0.259277 0.380731 0.000000 0.003024 0.171769 0.010470 0.012755 0.000000 0.000000 
0.260254 0.382192 0.000000 0.003034 0.171769 0.010526 0.012800 0.000000 0.000000 
0.261230 0.383653 0.000000 0.003044 0.171769 0.010582 0.012847 0.000000 0.000000 
0.262207 0.385114 0.000000 0.003054 0.171769 0.010638 0.012893 0.000000 0.000000 
0.263184 0.386576 0.000000 0.003064 0.171769 0.010694 0.012939 0.000000 0.000000 
0.264160 0.388038 0.000000 0.003073 0.171769 0.010751 0.012986 0.000000 0.000000 
0.265137 0.389500 0.000000 0.003083 0.171769 0.010808 0.013033 0.000000 0.000000 
0.266113 0.390963 0.000000 0.003092 0.171769 0.010865 0.013081 0.000000 0.000000 
0.267090 0.392426 0.000000 0.003102 0.171769 0.010922 0.013128 0.000000 0.000000 
0.268066 0.393890 0.000000 0.003111 0.171769 0.010980 0.013176 0.000000 0.000000 
0.269043 0.395353 0.000000 0.003120 0.171769 0.011037 0.013224 0.000000 0.000000 
0.270020 0.396817 0.000000 0.003129 0.171769 0.011095 0.013272 0.000000 0.000000 
0.270996 0.398282 0.000000 0.003138 0.171769 0.011153 0.013321 0.000000 0.000000 
0.271973 0.399747 0.000000 0.003147 0.171769 0.011211 0.013370 0.000000 0.000000 
0.272949 0.401212 0.000000 0.003156 0.171769 0.011270 0.013419 0.000000 0.000000 
0.273926 0.402677 0.000000 0.003165 0.171769 0.011329 0.013468 0.000000 0.000000 
0.274902 0.404143 0.000000 0.003174 0.171769 0.011388 0.013518 0.000000 0.000000 
0.275879 0.405609 0.000000 0.003182 0.171769 0.011447 0.013568 0.000000 0.000000 
0.276855 0.407076 0.000000 0.003191 0.171769 0.011506 0.013618 0.000000 0.000000 
0.277832 0.408543 0.000000 0.003199 0.171769 0.011566 0.013668 0.000000 0.000000 
0.278809 0.410010 0.000000 0.003208 0.171769 0.011625 0.013719 0.000000 0.000000 
0.279785 0.411478 0.000000 0.003216 0.171769 0.011686 0.013770 0.000000 0.000000 
0.280762 0.412946 0.000000 0.003224 0.171769 0.011746 0.013821 0.000000 0.000000 
0.281738 0.414414 0.000000 0.003232 0.171769 0.011806 0.013872 0.000000 0.000000 
0.282715 0.415883 0.000000 0.003240 0.171769 0.011867 0.013924 0.000000 0.000000 
0.283691 0.417352 0.000000 0.003248 0.171769 0.011928 0.013976 0.000000 0.000000 
0.284668 0.418821 0.000000 0.003256 0.171769 0.011989 0.014028 0.000000 0.000000 
0.285645 0.420291 0.000000 0.003264 0.171769 0.012050 0.014081 0.000000 0.000000 
0.286621 0.421761 0.000000 0.003271 0.171769 0.012112 0.014134 0.000000 0.000000 
0.287598 0.423232 0.000000 0.003278 0.171769 0.012174 0.014187 0.000000 0.000000 
0.288574 0.424703 0.000000 0.003286 0.171769 0.012236 0.014240 0.000000 0.000000 
0.289551 0.426174 0.000000 0.003293 0.171769 0.012298 0.014293 0.000000 0.000000 
0.290527 0.427646 0.000000 0.003300 0.171769 0.012361 0.014347 0.000000 0.000000 
0.291504 0.429118 0.000000 0.003307 0.171769 0.012424 0.014401 0.000000 0.000000 
0.292480 0.430591 0.000000 0.003314 0.171769 0.012487 0.014456 0.000000 0.000000 
0.293457 0.432064 0.000000 0.003320 0.171769 0.012550 0.014511 0.000000 0.000000 
0.294434 0.433537 0.000000 0.003327 0.171769 0.012613 0.014565 0.000000 0.000000 
0.295410 0.435011 0.000000 0.003333 0.171769 0.012677 0.014621 0.000000 0.000000 
0.296387 0.436485 0.000000 0.003339 0.171769 0.012741 0.014676 0.000000 0.000000 
0.297363 0.437959 0.000000 0.003345 0.171769 0.012805 0.014732 0.000000 0.000000 
0.298340 0.439434 0.000000 0.003351 0.171769 0.012870 0.014788 0.000000 0.000000 
0.299316 0.440909 0.000000 0.003357 0.171769 0.012934 0.014844 0.000000 0.000000 
0.300293 0.442385 0.000000 0.003363 0.171769 0.012999 0.014901 0.000000 0.000000 
0.301270 0.443861 0.000000 0.003368 0.171769 0.013065 0.014958 0.000000 0.000000 
0.302246 0.445338 0.000000 0.003373 0.171769 0.013130 0.015015 0.000000 0.000000 
0.303223 0.446815 0.000000 0.003378 0.171769 0.013196 0.015073 0.000000 0.000000 
0.304199 0.448292 0.000000 0.003383 0.171769 0.013262 0.015130 0.000000 0.000000 
0.305176 0.449770 0.000000 0.003388 0.171769 0.013328 0.015188 0.000000 0.000000 
0.306152 0.451248 0.000000 0.003393 0.171769 0.013394 0.015247 0.000000 0.000000 
0.307129 0.452726 0.000000 0.003397 0.171769 0.013461 0.015305 0.000000 0.000000 
0.308105 0.454205 0.000000 0.003401 0.171769 0.013528 0.015364 0.000000 0.000000 
0.309082 0.455685 0.000000 0.003405 0.171769 0.013595 0.015424 0.000000 0.000000 
0.310059 0.457165 0.000000 0.003409 0.171769 0.013663 0.015483 0.000000 0.000000 
0.311035 0.458645 0.000000 0.003413 0.171769 0.013730 0.015543 0.000000 0.000000 
0.312012 0.460126 0.000000 0.003416 0.171769 0.013798 0.015603 0.000000 0.000000 
0.312988 0.461607 0.000000 0.003420 0.171769 0.013867 0.015663 0.000000 0.000000 
0.313965 0.463088 0.000000 0.003423 0.171769 0.013935 0.015724 0.000000 0.000000 
0.314941 0.464570 0.000000 0.003425 0.171769 0.014004 0.015785 0.000000 0.000000 
0.315918 0.466053 0.000000 0.003428 0.171769 0.014073 0.015847 0.000000 0.000000 
0.316895 0.467535 0.000000 0.003430 0.171769 0.014143 0.015908 0.000000 0.000000 
0.317871 0.469019 0.000000 0.003432 0.171769 0.014212 0.015970 0.000000 0.000000 
0.318848 0.470502 0.000000 0.003434 0.171769 0.014282 0.016032 0.000000 0.000000 
0.319824 0.471987 0.000000 0.003436 0.171769 0.014352 0.016095 0.000000 0.000000 
0.320801 0.473471 0.000000 0.003437 0.171769 0.014423 0.016158 0.000000 0.000000 
0.321777 0.474956 0.000000 0.003438 0.171769 0.014493 0.016221 0.000000 0.000000 
0.322754 0.476442 0.000000 0.003439 0.171769 0.014564 0.016284 0.000000 0.000000 
0.323730 0.477928 0.000000 0.003440 0.171769 0.014636 0.016348 0.000000 0.000000 
0.324707 0.479414 0.000000 0.003440 0.171769 0.014707 0.016412 0.000000 0.000000 
0.325684 0.480901 0.000000 0.003440 0.171769 0.014779 0.016476 0.000000 0.000000 
0.326660 0.482389 0.000000 0.003440 0.171769 0.014851 0.016541 0.000000 0.000000 
0.327637 0.483876 0.000000 0.003440 0.171769 0.014923 0.016606 0.000000 0.000000 
0.328613 0.485365 0.000000 0.003439 0.171769 0.014996 0.016672 0.000000 0.000000 
0.329590 0.486853 0.000000 0.003438 0.171769 0.015069 0.016737 0.000000 0.000000 
0.330566 0.488343 0.000000 0.003436 0.171769 0.015142 0.016803 0.000000 0.000000 
0.331543 0.489832 0.000000 0.003435 0.171769 0.015216 0.016869 0.000000 0.000000 
0.332520 0.491322 0.000000 0.003433 0.171769 0.015290 0.016936 0.000000 0.000000 
0.333496 0.492813 0.000000 0.003430 0.171769 0.015364 0.017003 0.000000 0.000000 
0.334473 0.494304 0.000000 0.003428 0.171769 0.015438 0.017070 0.000000 0.000000 
0.335449 0.495796 0.000000 0.003425 0.171769 0.015513 0.017138 0.000000 0.000000 
0.336426 0.497288 0.000000 0.003421 0.171769 0.015588 0.017206 0.000000 0.000000 
0.337402 0.498780 0.000000 0.003418 0.171769 0.015663 0.017274 0.000000 0.000000 
0.338379 0.500274 0.000000 0.003413 0.171769 0.015739 0.017343 0.000000 0.000000 
0.339355 0.501767 0.000000 0.003409 0.171769 0.015815 0.017411 0.000000 0.000000 
0.340332 0.503261 0.000000 0.003404 0.171769 0.015891 0.017481 0.000000 0.000000 
0.341309 0.504756 0.000000 0.003399 0.171769 0.015967 0.017550 0.000000 0.000000 
0.342285 0.506251 0.000000 0.003393 0.171769 0.016044 0.017620 0.000000 0.000000 
0.343262 0.507746 0.000000 0.003387 0.171769 0.016121 0.017690 0.000000 0.000000 
0.344238 0.509242 0.000000 0.003381 0.171769 0.016199 0.017761 0.000000 0.000000 
0.345215 0.510739 0.000000 0.003374 0.171769 0.016276 0.017832 0.000000 0.000000 
0.346191 0.512236 0.000000 0.003367 0.171769 0.016354 0.017903 0.000000 0.000000 
0.347168 0.513733 0.000000 0.003359 0.171769 0.016433 0.017975 0.000000 0.000000 
0.348145 0.515231 0.000000 0.003351 0.171769 0.016511 0.018047 0.000000 0.000000 
0.349121 0.516734 0.000000 0.003345 0.171769 0.016592 0.018118 0.000000 0.000000 
0.350098 0.522718 0.000000 0.006507 0.171769 0.019418 0.018198 0.002509 0.004096 
0.351074 0.524245 0.000000 0.006517 0.171769 0.019515 0.018283 0.002524 0.004184 
0.352051 0.525773 0.000000 0.006527 0.171769 0.019612 0.018368 0.002540 0.004273 
0.353027 0.527302 0.000000 0.006537 0.171769 0.019710 0.018454 0.002556 0.004361 
0.354004 0.528833 0.000000 0.006546 0.171769 0.019808 0.018540 0.002572 0.004451 
0.354980 0.530365 0.000000 0.006556 0.171769 0.019908 0.018627 0.002589 0.004541 
0.355957 0.531898 0.000000 0.006566 0.171769 0.020008 0.018714 0.002606 0.004631 
0.356934 0.533432 0.000000 0.006576 0.171769 0.020109 0.018802 0.002623 0.004722 
0.357910 0.534968 0.000000 0.006585 0.171769 0.020210 0.018890 0.002641 0.004813 
0.358887 0.536504 0.000000 0.006595 0.171769 0.020312 0.018978 0.002659 0.004905 
0.359863 0.538042 0.000000 0.006604 0.171769 0.020416 0.019067 0.002677 0.004997 
0.360840 0.539582 0.000000 0.006613 0.171769 0.020519 0.019157 0.002695 0.005089 
0.361816 0.541122 0.000000 0.006623 0.171769 0.020624 0.019246 0.002714 0.005183 
0.362793 0.542664 0.000000 0.006632 0.171769 0.020729 0.019337 0.002734 0.005276 
0.363770 0.544207 0.000000 0.006641 0.171769 0.020836 0.019427 0.002753 0.005370 
0.364746 0.545751 0.000000 0.006649 0.171769 0.020943 0.019519 0.002773 0.005465 
0.365723 0.547297 0.000000 0.006658 0.171769 0.021050 0.019610 0.002794 0.005560 
0.366699 0.548843 0.000000 0.006667 0.171769 0.021159 0.019703 0.002814 0.005656 
0.367676 0.550392 0.000000 0.006675 0.171769 0.021268 0.019795 0.002836 0.005752 
0.368652 0.551941 0.000000 0.006683 0.171769 0.021378 0.019888 0.002857 0.005849 
0.369629 0.553492 0.000000 0.006691 0.171769 0.021489 0.019982 0.002879 0.005946 
0.370605 0.555044 0.000000 0.006699 0.171769 0.021601 0.020076 0.002901 0.006044 
0.371582 0.556597 0.000000 0.006707 0.171769 0.021713 0.020171 0.002923 0.006142 
0.372559 0.558152 0.000000 0.006714 0.171769 0.021827 0.020266 0.002946 0.006241 
0.373535 0.559708 0.000000 0.006721 0.171769 0.021941 0.020361 0.002969 0.006341 
0.374512 0.561265 0.000000 0.006728 0.171769 0.022056 0.020457 0.002993 0.006440 
0.375488 0.562824 0.000000 0.006735 0.171769 0.022172 0.020554 0.003017 0.006541 
0.376465 0.564384 0.000000 0.006741 0.171769 0.022288 0.020651 0.003041 0.006642 
0.377441 0.565945 0.000000 0.006747 0.171769 0.022406 0.020749 0.003066 0.006744 
0.378418 0.567508 0.000000 0.006753 0.171769 0.022524 0.020847 0.003091 0.006846 
0.379395 0.569072 0.000000 0.006758 0.171769 0.022643 0.020945 0.003116 0.006949 
0.380371 0.570638 0.000000 0.006763 0.171769 0.022763 0.021044 0.003142 0.007052 
0.381348 0.572205 0.000000 0.006768 0.171769 0.022884 0.021144 0.003169 0.007156 
0.382324 0.573773 0.000000 0.006772 0.171769 0.023006 0.021244 0.003195 0.007260 
0.383301 0.575343 0.000000 0.006776 0.171769 0.023128 0.021345 0.003222 0.007366 
0.384277 0.576914 0.000000 0.006779 0.171769 0.023252 0.021446 0.003250 0.007471 
0.385254 0.578487 0.000000 0.006782 0.171769 0.023376 0.021548 0.003277 0.007578 
0.386230 0.580061 0.000000 0.006785 0.171769 0.023501 0.021651 0.003305 0.007684 
0.387207 0.581636 0.000000 0.006787 0.171769 0.023627 0.021753 0.003334 0.007792 
0.388184 0.583213 0.000000 0.006789 0.171769 0.023754 0.021857 0.003363 0.007900 
0.389160 0.584792 0.000000 0.006790 0.171769 0.023882 0.021961 0.003392 0.008009 
0.390137 0.586372 0.000000 0.006791 0.171769 0.024011 0.022066 0.003422 0.008118 
0.391113 0.587953 0.000000 0.006791 0.171769 0.024140 0.022171 0.003452 0.008228 
0.392090 0.589536 0.000000 0.006790 0.171769 0.024271 0.022276 0.003483 0.008339 
0.393066 0.591120 0.000000 0.006789 0.171769 0.024403 0.022383 0.003514 0.008450 
0.394043 0.592706 0.000000 0.006788 0.171769 0.024535 0.022490 0.003545 0.008562 
0.395020 0.594293 0.000000 0.006785 0.171769 0.024668 0.022597 0.003577 0.008675 
0.395996 0.595882 0.000000 0.006782 0.171769 0.024802 0.022705 0.003609 0.008788 
0.396973 0.597472 0.000000 0.006779 0.171769 0.024938 0.022814 0.003642 0.008902 
0.397949 0.599064 0.000000 0.006775 0.171769 0.025074 0.022923 0.003675 0.009017 
0.398926 0.600658 0.000000 0.006769 0.171769 0.025211 0.023033 0.003708 0.009132 
0.399902 0.602253 0.000000 0.006764 0.171769 0.025349 0.023143 0.003742 0.009248 
0.400879 0.603849 0.000000 0.006757 0.171769 0.025488 0.023254 0.003777 0.009365 
0.401855 0.605447 0.000000 0.006750 0.171769 0.025628 0.023366 0.003812 0.009482 
0.402832 0.607047 0.000000 0.006742 0.171769 0.025768 0.023478 0.003847 0.009600 
0.403809 0.608648 0.000000 0.006733 0.171769 0.025910 0.023591 0.003882 0.009719 
0.404785 0.610251 0.000000 0.006723 0.171769 0.026053 0.023704 0.003919 0.009838 
0.405762 0.611855 0.000000 0.006712 0.171769 0.026197 0.023818 0.003955 0.009958 
0.406738 0.613461 0.000000 0.006700 0.171769 0.026342 0.023933 0.003992 0.010079 
0.407715 0.615069 0.000000 0.006687 0.171769 0.026487 0.024048 0.004029 0.010201 
0.408691 0.616678 0.000000 0.006673 0.171769 0.026634 0.024164 0.004067 0.010323 
0.409668 0.618289 0.000000 0.006659 0.171769 0.026782 0.024281 0.004106 0.010446 
0.410645 0.619902 0.000000 0.006643 0.171769 0.026931 0.024398 0.004144 0.010570 
0.411621 0.621516 0.000000 0.006626 0.171769 0.027081 0.024516 0.004184 0.010695 
0.412598 0.623132 0.000000 0.006608 0.171769 0.027231 0.024635 0.004223 0.010820 
0.413574 0.624750 0.000000 0.006588 0.171769 0.027383 0.024754 0.004264 0.010946 
0.414551 0.626369 0.000000 0.006568 0.171769 0.027536 0.024874 0.004304 0.011073 
0.415527 0.627990 0.000000 0.006546 0.171769 0.027690 0.024995 0.004345 0.011200 
0.416504 0.629612 0.000000 0.006523 0.171769 0.027845 0.025116 0.004387 0.011329 
0.417480 0.631237 0.000000 0.006499 0.171769 0.028001 0.025238 0.004429 0.011458 
0.418457 0.632863 0.000000 0.006473 0.171769 0.028158 0.025361 0.004471 0.011588 
0.419434 0.634491 0.000000 0.006446 0.171769 0.028316 0.025484 0.004514 0.011719 
0.420410 0.636120 0.000000 0.006417 0.171769 0.028475 0.025608 0.004558 0.011850 
0.421387 0.637752 0.000000 0.006387 0.171769 0.028636 0.025733 0.004602 0.011983 
0.422363 0.639385 0.000000 0.006356 0.171769 0.028797 0.025858 0.004646 0.012116 
0.423340 0.641020 0.000000 0.006323 0.171769 0.028960 0.025984 0.004691 0.012250 
0.424316 0.642657 0.000000 0.006288 0.171769 0.029123 0.026111 0.004737 0.012385 
0.425293 0.644295 0.000000 0.006252 0.171769 0.029288 0.026238 0.004783 0.012520 
0.426270 0.645935 0.000000 0.006213 0.171769 0.029454 0.026367 0.004829 0.012657 
0.427246 0.647578 0.000000 0.006173 0.171769 0.029621 0.026496 0.004876 0.012794 
0.428223 0.649222 0.000000 0.006132 0.171769 0.029789 0.026625 0.004924 0.012932 
0.429199 0.650867 0.000000 0.006088 0.171769 0.029958 0.026756 0.004972 0.013071 
0.430176 0.652515 0.000000 0.006043 0.171769 0.030128 0.026887 0.005020 0.013211 
0.431152 0.654165 0.000000 0.005995 0.171769 0.030299 0.027019 0.005069 0.013352 
0.432129 0.655816 0.000000 0.005946 0.171769 0.030472 0.027152 0.005119 0.013494 
0.433105 0.657469 0.000000 0.005894 0.171769 0.030646 0.027285 0.005169 0.013636 
0.434082 0.659125 0.000000 0.005840 0.171769 0.030821 0.027419 0.005219 0.013780 
0.435059 0.660782 0.000000 0.005785 0.171769 0.030997 0.027554 0.005271 0.013924 
0.436035 0.662441 0.000000 0.005726 0.171769 0.031174 0.027690 0.005322 0.014069 
0.437012 0.664102 0.000000 0.005666 0.171769 0.031352 0.027827 0.005374 0.014215 
0.437988 0.665765 0.000000 0.005603 0.171769 0.031532 0.027964 0.005427 0.014363 
0.438965 0.667429 0.000000 0.005538 0.171769 0.031713 0.028102 0.005480 0.014511 
0.439941 0.669096 0.000000 0.005470 0.171769 0.031895 0.028241 0.005534 0.014659 
0.440918 0.670765 0.000000 0.005400 0.171769 0.032078 0.028381 0.005589 0.014809 
0.441895 0.672436 0.000000 0.005327 0.171769 0.032262 0.028521 0.005644 0.014960 
0.442871 0.674109 0.000000 0.005251 0.171769 0.032448 0.028663 0.005699 0.015112 
0.443848 0.675783 0.000000 0.005172 0.171769 0.032635 0.028805 0.005755 0.015265 
0.444824 0.677460 0.000000 0.005091 0.171769 0.032823 0.028948 0.005812 0.015418 
0.445801 0.679139 0.000000 0.005006 0.171769 0.033012 0.029091 0.005869 0.015573 
0.446777 0.680820 0.000000 0.004919 0.171769 0.033203 0.029236 0.005927 0.015729 
0.447754 0.682503 0.000000 0.004828 0.171769 0.033395 0.029381 0.005985 0.015885 
0.448730 0.684188 0.000000 0.004735 0.171769 0.033588 0.029528 0.006044 0.016043 
0.449707 0.685875 0.000000 0.004638 0.171769 0.033783 0.029675 0.006104 0.016201 
0.450684 0.687565 0.000000 0.004538 0.171769 0.033978 0.029823 0.006164 0.016361 
0.451660 0.689256 0.000000 0.004434 0.171769 0.034175 0.029972 0.006224 0.016522 
0.452637 0.690950 0.000000 0.004327 0.171769 0.034374 0.030121 0.006286 0.016683 
0.453613 0.692645 0.000000 0.004216 0.171769 0.034573 0.030272 0.006348 0.016846 
0.454590 0.694343 0.000000 0.004101 0.171769 0.034774 0.030423 0.006410 0.017010 
0.455566 0.696043 0.000000 0.003983 0.171769 0.034977 0.030576 0.006473 0.017175 
0.456543 0.697745 0.000000 0.003860 0.171769 0.035180 0.030729 0.006537 0.017340 
0.457520 0.699450 0.000000 0.003734 0.171769 0.035385 0.030883 0.006601 0.017507 
0.458496 0.701156 0.000000 0.003603 0.171769 0.035592 0.031038 0.006666 0.017675 
0.459473 0.702865 0.000000 0.003469 0.171769 0.035799 0.031194 0.006732 0.017844 
0.460449 0.704576 0.000000 0.003330 0.171769 0.036008 0.031351 0.006798 0.018015 
0.461426 0.706289 0.000000 0.003186 0.171769 0.036219 0.031508 0.006865 0.018186 
0.462402 0.708005 0.000000 0.003038 0.171769 0.036431 0.031667 0.006932 0.018358 
0.463379 0.709723 0.000000 0.002886 0.171769 0.036644 0.031826 0.007000 0.018532 
0.464355 0.711443 0.000000 0.002728 0.171769 0.036859 0.031987 0.007069 0.018706 
0.465332 0.713165 0.000000 0.002566 0.171769 0.037075 0.032148 0.007138 0.018882 
0.466309 0.714890 0.000000 0.002399 0.171769 0.037292 0.032311 0.007208 0.019059 
0.467285 0.716617 0.000000 0.002226 0.171769 0.037511 0.032474 0.007279 0.019237 
0.468262 0.718346 0.000000 0.002048 0.171769 0.037731 0.032638 0.007350 0.019416 
0.469238 0.720078 0.000000 0.001865 0.171769 0.037953 0.032804 0.007422 0.019596 
0.470215 0.721812 0.000000 0.001676 0.171769 0.038176 0.032970 0.007495 0.019777 
0.471191 0.723549 0.000000 0.001482 0.171769 0.038401 0.033137 0.007568 0.019960 
0.472168 0.725288 0.000000 0.001282 0.171769 0.038627 0.033305 0.007642 0.020144 
0.473145 0.727029 0.000000 0.001075 0.171769 0.038855 0.033475 0.007717 0.020329 
0.474121 0.728773 0.000000 0.000863 0.171769 0.039084 0.033645 0.007792 0.020515 
0.475098 0.730519 0.000000 0.000644 0.171769 0.039315 0.033816 0.007868 0.020702 
0.476074 0.732268 0.000000 0.000419 0.171769 0.039547 0.033988 0.007945 0.020891 
0.477051 0.734019 0.000000 0.000187 0.171769 0.039780 0.034161 0.008023 0.021081 
0.478027 0.735773 0.000000 0.000051 0.171769 0.040016 0.034336 0.008101 0.021272 
0.479004 0.737529 0.000000 0.000297 0.171769 0.040252 0.034511 0.008180 0.021464 
0.479980 0.739288 0.000000 0.000549 0.171769 0.040491 0.034687 0.008259 0.021658 
0.480957 0.741049 0.000000 0.000809 0.171769 0.040730 0.034865 0.008339 0.021853 
0.481934 0.742813 0.000000 0.001076 0.171769 0.040972 0.035043 0.008421 0.022049 
0.482910 0.744579 0.000000 0.001351 0.171769 0.041215 0.035222 0.008502 0.022246 
0.483887 0.746348 0.000000 0.001634 0.171769 0.041459 0.035403 0.008585 0.022445 
0.484863 0.748120 0.000000 0.001924 0.171769 0.041706 0.035585 0.008668 0.022645 
0.485840 0.749894 0.000000 0.002223 0.171769 0.041953 0.035767 0.008752 0.022846 
0.486816 0.751671 0.000000 0.002531 0.171769 0.042203 0.035951 0.008837 0.023049 
0.487793 0.753450 0.000000 0.002846 0.171769 0.042454 0.036136 0.008922 0.023253 
0.488770 0.755233 0.000000 0.003171 0.171769 0.042706 0.036322 0.009008 0.023458 
0.489746 0.757018 0.000000 0.003505 0.171769 0.042961 0.036509 0.009095 0.023664 
0.490723 0.758805 0.000000 0.003848 0.171769 0.043217 0.036697 0.009183 0.023872 
0.491699 0.760595 0.000000 0.004201 0.171769 0.043474 0.036886 0.009271 0.024082 
0.492676 0.762389 0.000000 0.004563 0.171769 0.043734 0.037077 0.009361 0.024292 
0.493652 0.764184 0.000000 0.004935 0.171769 0.043995 0.037268 0.009451 0.024504 
0.494629 0.765983 0.000000 0.005318 0.171769 0.044257 0.037461 0.009542 0.024718 
0.495605 0.767784 0.000000 0.005711 0.171769 0.044522 0.037655 0.009633 0.024933 
0.496582 0.769589 0.000000 0.006114 0.171769 0.044788 0.037850 0.009726 0.025149 
0.497559 0.771396 0.000000 0.006529 0.171769 0.045056 0.038046 0.009819 0.025367 
0.498535 0.773205 0.000000 0.006954 0.171769 0.045325 0.038244 0.009913 0.025586 
0.499512 0.775018 0.000000 0.007392 0.171769 0.045597 0.038442 0.010008 0.025807 
