#x y at the midpoint of each cell and the error in every component
-0.499512 0.774551 0.000000 0.007722 0.171795 0.045246 0.038463 0.009384 0.026421 
-0.498535 0.772734 0.000000 0.007288 0.171795 0.044972 0.038266 0.009287 0.026204 
-0.497559 0.770920 0.000000 0.006865 0.171795 0.044700 0.038070 0.009191 0.025989 
-0.496582 0.769108 0.000000 0.006454 0.171795 0.044429 0.037875 0.009095 0.025775 
-0.495605 0.767300 0.000000 0.006053 0.171795 0.044160 0.037682 0.009001 0.025562 
-0.494629 0.765494 0.000000 0.005664 0.171795 0.043893 0.037490 0.008907 0.025351 
-0.493652 0.763691 0.000000 0.005284 0.171795 0.043628 0.037298 0.008813 0.025142 
-0.492676 0.761890 0.000000 0.004916 0.171795 0.043364 0.037109 0.008721 0.024933 
-0.491699 0.760092 0.000000 0.004557 0.171795 0.043102 0.036920 0.008629 0.024726 
-0.490723 0.758297 0.000000 0.004207 0.171795 0.042842 0.036732 0.008538 0.024521 
-0.489746 0.756505 0.000000 0.003868 0.171795 0.042583 0.036546 0.008448 0.024317 
-0.488770 0.754715 0.000000 0.003537 0.171795 0.042326 0.036360 0.008359 0.024114 
-0.487793 0.752928 0.000000 0.003216 0.171795 0.042070 0.036176 0.008270 0.023913 
-0.486816 0.751144 0.000000 0.002903 0.171795 0.041817 0.035993 0.008182 0.023713 
-0.485840 0.749362 0.000000 0.002599 0.171795 0.041564 0.035811 0.008095 0.023514 
-0.484863 0.747583 0.000000 0.002304 0.171795 0.041314 0.035630 0.008009 0.023317 
-0.483887 0.745806 0.000000 0.002017 0.171795 0.041064 0.035450 0.007923 0.023121 
-0.482910 0.744032 0.000000 0.001738 0.171795 0.040817 0.035271 0.007838 0.022927 
-0.481934 0.742261 0.000000 0.001466 0.171795 0.040571 0.035093 0.007754 0.022733 
-0.480957 0.740492 0.000000 0.001203 0.171795 0.040327 0.034917 0.007670 0.022541 
-0.479980 0.738725 0.000000 0.000947 0.171795 0.040084 0.034741 0.007588 0.022351 
-0.479004 0.736961 0.000000 0.000698 0.171795 0.039842 0.034566 0.007505 0.022161 
-0.478027 0.735200 0.000000 0.000456 0.171795 0.039603 0.034393 0.007424 0.021973 
-0.477051 0.733441 0.000000 0.000221 0.171795 0.039364 0.034220 0.007343 0.021786 
-0.476074 0.731685 0.000000 0.000007 0.171795 0.039128 0.034049 0.007263 0.021600 
-0.475098 0.729930 0.000000 0.000228 0.171795 0.038892 0.033879 0.007184 0.021416 
-0.474121 0.728179 0.000000 0.000443 0.171795 0.038658 0.033709 0.007105 0.021233 
-0.473145 0.726430 0.000000 0.000651 0.171795 0.038426 0.033541 0.007027 0.021051 
-0.472168 0.724683 0.000000 0.000854 0.171795 0.038195 0.033374 0.006950 0.020870 
-0.471191 0.722938 0.000000 0.001050 0.171795 0.037966 0.033207 0.006873 0.020691 
-0.470215 0.721196 0.000000 0.001241 0.171795 0.037738 0.033042 0.006797 0.020512 
-0.469238 0.719457 0.000000 0.001426 0.171795 0.037511 0.032878 0.006721 0.020335 
-0.468262 0.717719 0.000000 0.001605 0.171795 0.037286 0.032714 0.006647 0.020160 
-0.467285 0.715984 0.000000 0.001779 0.171795 0.037063 0.032552 0.006573 0.019985 
-0.466309 0.714251 0.000000 0.001947 0.171795 0.036840 0.032391 0.006499 0.019811 
-0.465332 0.712521 0.000000 0.002110 0.171795 0.036619 0.032230 0.006426 0.019639 
-0.464355 0.710793 0.000000 0.002269 0.171795 0.036400 0.032071 0.006354 0.019468 
-0.463379 0.709067 0.000000 0.002422 0.171795 0.036182 0.031912 0.006283 0.019298 
-0.462402 0.707343 0.000000 0.002570 0.171795 0.035965 0.031755 0.006212 0.019129 
-0.461426 0.705621 0.000000 0.002714 0.171795 0.035750 0.031598 0.006141 0.018961 
-0.460449 0.703902 0.000000 0.002853 0.171795 0.035536 0.031443 0.006072 0.018794 
-0.459473 0.702185 0.000000 0.002988 0.171795 0.035323 0.031288 0.006003 0.018629 
-0.458496 0.700470 0.000000 0.003118 0.171795 0.035112 0.031134 0.005934 0.018464 
-0.457520 0.698757 0.000000 0.003244 0.171795 0.034902 0.030981 0.005866 0.018301 
-0.456543 0.697047 0.000000 0.003366 0.171795 0.034693 0.030829 0.005799 0.018139 
-0.455566 0.695339 0.000000 0.003484 0.171795 0.034486 0.030678 0.005733 0.017978 
-0.454590 0.693632 0.000000 0.003598 0.171795 0.034280 0.030528 0.005666 0.017818 
-0.453613 0.691928 0.000000 0.003709 0.171795 0.034075 0.030379 0.005601 0.017659 
-0.452637 0.690226 0.000000 0.003815 0.171795 0.033872 0.030230 0.005536 0.017501 
-0.451660 0.688526 0.000000 0.003918 0.171795 0.033670 0.030083 0.005472 0.017344 
-0.450684 0.686828 0.000000 0.004017 0.171795 0.033469 0.029936 0.005408 0.017188 
-0.449707 0.685133 0.000000 0.004113 0.171795 0.033269 0.029790 0.005345 0.017033 
-0.448730 0.683439 0.000000 0.004205 0.171795 0.033071 0.029646 0.005282 0.016879 
-0.447754 0.681747 0.000000 0.004294 0.171795 0.032874 0.029502 0.005220 0.016727 
-0.446777 0.680057 0.000000 0.004380 0.171795 0.032678 0.029358 0.005159 0.016575 
-0.445801 0.678370 0.000000 0.004462 0.171795 0.032483 0.029216 0.005098 0.016424 
-0.444824 0.676684 0.000000 0.004542 0.171795 0.032290 0.029075 0.005038 0.016275 
-0.443848 0.675001 0.000000 0.004619 0.171795 0.032098 0.028934 0.004978 0.016126 
-0.442871 0.673319 0.000000 0.004692 0.171795 0.031907 0.028794 0.004919 0.015978 
-0.441895 0.671639 0.000000 0.004763 0.171795 0.031717 0.028655 0.004860 0.015832 
-0.440918 0.669961 0.000000 0.004831 0.171795 0.031528 0.028517 0.004802 0.015686 
-0.439941 0.668286 0.000000 0.004897 0.171795 0.031341 0.028380 0.004744 0.015541 
-0.438965 0.666612 0.000000 0.004960 0.171795 0.031155 0.028244 0.004687 0.015398 
-0.437988 0.664940 0.000000 0.005020 0.171795 0.030970 0.028108 0.004630 0.015255 
-0.437012 0.663270 0.000000 0.005078 0.171795 0.030786 0.027973 0.004574 0.015113 
-0.436035 0.661602 0.000000 0.005133 0.171795 0.030603 0.027839 0.004519 0.014972 
-0.435059 0.659935 0.000000 0.005186 0.171795 0.030422 0.027706 0.004464 0.014832 
-0.434082 0.658271 0.000000 0.005237 0.171795 0.030241 0.027573 0.004409 0.014693 
-0.433105 0.656608 0.000000 0.005285 0.171795 0.030062 0.027442 0.004355 0.014555 
-0.432129 0.654948 0.000000 0.005332 0.171795 0.029884 0.027311 0.004302 0.014418 
-0.431152 0.653289 0.000000 0.005376 0.171795 0.029707 0.027181 0.004249 0.014282 
-0.430176 0.651632 0.000000 0.005418 0.171795 0.029531 0.027051 0.004196 0.014146 
-0.429199 0.649976 0.000000 0.005458 0.171795 0.029356 0.026923 0.004144 0.014012 
-0.428223 0.648323 0.000000 0.005496 0.171795 0.029182 0.026795 0.004093 0.013878 
-0.427246 0.646671 0.000000 0.005533 0.171795 0.029010 0.026668 0.004042 0.013746 
-0.426270 0.645021 0.000000 0.005567 0.171795 0.028838 0.026541 0.003992 0.013614 
-0.425293 0.643373 0.000000 0.005600 0.171795 0.028668 0.026416 0.003942 0.013483 
-0.424316 0.641727 0.000000 0.005631 0.171795 0.028499 0.026291 0.003892 0.013353 
-0.423340 0.640082 0.000000 0.005660 0.171795 0.028330 0.026167 0.003843 0.013224 
-0.422363 0.638439 0.000000 0.005687 0.171795 0.028163 0.026044 0.003794 0.013095 
-0.421387 0.636798 0.000000 0.005713 0.171795 0.027997 0.025921 0.003746 0.012968 
-0.420410 0.635159 0.000000 0.005737 0.171795 0.027832 0.025799 0.003699 0.012841 
-0.419434 0.633521 0.000000 0.005760 0.171795 0.027668 0.025678 0.003651 0.012716 
-0.418457 0.631885 0.000000 0.005782 0.171795 0.027505 0.025557 0.003605 0.012591 
-0.417480 0.630251 0.000000 0.005801 0.171795 0.027343 0.025438 0.003559 0.012467 
-0.416504 0.628618 0.000000 0.005820 0.171795 0.027182 0.025319 0.003513 0.012343 
-0.415527 0.626987 0.000000 0.005837 0.171795 0.027022 0.025200 0.003467 0.012221 
-0.414551 0.625357 0.000000 0.005853 0.171795 0.026863 0.025083 0.003423 0.012099 
-0.413574 0.623730 0.000000 0.005867 0.171795 0.026705 0.024966 0.003378 0.011978 
-0.412598 0.622103 0.000000 0.005880 0.171795 0.026548 0.024849 0.003334 0.011858 
-0.411621 0.620479 0.000000 0.005892 0.171795 0.026392 0.024734 0.003291 0.011739 
-0.410645 0.618856 0.000000 0.005903 0.171795 0.026237 0.024619 0.003247 0.011621 
-0.409668 0.617235 0.000000 0.005913 0.171795 0.026083 0.024504 0.003205 0.011503 
-0.408691 0.615615 0.000000 0.005922 0.171795 0.025930 0.024391 0.003162 0.011386 
-0.407715 0.613997 0.000000 0.005929 0.171795 0.025778 0.024278 0.003121 0.011270 
-0.406738 0.612380 0.000000 0.005935 0.171795 0.025627 0.024166 0.003079 0.011155 
-0.405762 0.610765 0.000000 0.005941 0.171795 0.025476 0.024054 0.003038 0.011040 
-0.404785 0.609152 0.000000 0.005945 0.171795 0.025327 0.023943 0.002998 0.010926 
-0.403809 0.607540 0.000000 0.005949 0.171795 0.025179 0.023833 0.002958 0.010813 
-0.402832 0.605929 0.000000 0.005951 0.171795 0.025032 0.023723 0.002918 0.010701 
-0.401855 0.604320 0.000000 0.005953 0.171795 0.024885 0.023614 0.002879 0.010589 
-0.400879 0.602713 0.000000 0.005954 0.171795 0.024740 0.023506 0.002840 0.010478 
-0.399902 0.601107 0.000000 0.005954 0.171795 0.024595 0.023398 0.002801 0.010368 
-0.398926 0.599503 0.000000 0.005953 0.171795 0.024451 0.023291 0.002763 0.010259 
-0.397949 0.597900 0.000000 0.005951 0.171795 0.024309 0.023185 0.002726 0.010150 
-0.396973 0.596298 0.000000 0.005949 0.171795 0.024167 0.023079 0.002688 0.010042 
-0.395996 0.594698 0.000000 0.005945 0.171795 0.024026 0.022974 0.002651 0.009935 
-0.395020 0.593100 0.000000 0.005941 0.171795 0.023886 0.022869 0.002615 0.009828 
-0.394043 0.591503 0.000000 0.005937 0.171795 0.023747 0.022765 0.002579 0.009722 
-0.393066 0.589907 0.000000 0.005931 0.171795 0.023608 0.022661 0.002543 0.009617 
-0.392090 0.588313 0.000000 0.005925 0.171795 0.023471 0.022559 0.002508 0.009512 
-0.391113 0.586720 0.000000 0.005919 0.171795 0.023334 0.022456 0.002473 0.009409 
-0.390137 0.585128 0.000000 0.005912 0.171795 0.023199 0.022355 0.002438 0.009305 
-0.389160 0.583538 0.000000 0.005904 0.171795 0.023064 0.022254 0.002404 0.009203 
-0.388184 0.581950 0.000000 0.005895 0.171795 0.022930 0.022153 0.002371 0.009101 
-0.387207 0.580363 0.000000 0.005886 0.171795 0.022797 0.022054 0.002337 0.009000 
-0.386230 0.578777 0.000000 0.005877 0.171795 0.022665 0.021954 0.002304 0.008900 
-0.385254 0.577192 0.000000 0.005867 0.171795 0.022533 0.021856 0.002271 0.008800 
-0.384277 0.575609 0.000000 0.005857 0.171795 0.022402 0.021757 0.002239 0.008701 
-0.383301 0.574027 0.000000 0.005846 0.171795 0.022273 0.021660 0.002207 0.008602 
-0.382324 0.572447 0.000000 0.005834 0.171795 0.022144 0.021563 0.002176 0.008504 
-0.381348 0.570868 0.000000 0.005822 0.171795 0.022016 0.021466 0.002144 0.008407 
-0.380371 0.569290 0.000000 0.005810 0.171795 0.021888 0.021371 0.002114 0.008310 
-0.379395 0.567714 0.000000 0.005797 0.171795 0.021762 0.021275 0.002083 0.008214 
-0.378418 0.566139 0.000000 0.005784 0.171795 0.021636 0.021181 0.002053 0.008119 
-0.377441 0.564565 0.000000 0.005771 0.171795 0.021511 0.021086 0.002023 0.008024 
-0.376465 0.562992 0.000000 0.005757 0.171795 0.021387 0.020993 0.001994 0.007930 
-0.375488 0.561421 0.000000 0.005742 0.171795 0.021264 0.020899 0.001965 0.007837 
-0.374512 0.559851 0.000000 0.005728 0.171795 0.021141 0.020807 0.001936 0.007744 
-0.373535 0.558282 0.000000 0.005713 0.171795 0.021019 0.020715 0.001907 0.007651 
-0.372559 0.556715 0.000000 0.005698 0.171795 0.020898 0.020623 0.001879 0.007560 
-0.371582 0.555149 0.000000 0.005682 0.171795 0.020778 0.020532 0.001852 0.007468 
-0.370605 0.553584 0.000000 0.005667 0.171795 0.020658 0.020442 0.001824 0.007378 
-0.369629 0.552020 0.000000 0.005651 0.171795 0.020540 0.020352 0.001797 0.007288 
-0.368652 0.550457 0.000000 0.005634 0.171795 0.020422 0.020262 0.001770 0.007199 
-0.367676 0.548896 0.000000 0.005618 0.171795 0.020305 0.020173 0.001744 0.007110 
-0.366699 0.547336 0.000000 0.005601 0.171795 0.020188 0.020085 0.001718 0.007021 
-0.365723 0.545777 0.000000 0.005584 0.171795 0.020072 0.019997 0.001692 0.006934 
-0.364746 0.544220 0.000000 0.005567 0.171795 0.019957 0.019910 0.001667 0.006847 
-0.363770 0.542663 0.000000 0.005549 0.171795 0.019843 0.019823 0.001642 0.006760 
-0.362793 0.541108 0.000000 0.005531 0.171795 0.019729 0.019736 0.001617 0.006674 
-0.361816 0.539554 0.000000 0.005514 0.171795 0.019617 0.019650 0.001592 0.006589 
-0.360840 0.538001 0.000000 0.005496 0.171795 0.019505 0.019565 0.001568 0.006504 
-0.359863 0.536449 0.000000 0.005478 0.171795 0.019393 0.019480 0.001544 0.006419 
-0.358887 0.534899 0.000000 0.005459 0.171795 0.019282 0.019396 0.001521 0.006335 
-0.357910 0.533349 0.000000 0.005441 0.171795 0.019173 0.019312 0.001498 0.006252 
-0.356934 0.531801 0.000000 0.005422 0.171795 0.019063 0.019228 0.001475 0.006169 
-0.355957 0.530254 0.000000 0.005403 0.171795 0.018955 0.019145 0.001452 0.006087 
-0.354980 0.528708 0.000000 0.005385 0.171795 0.018847 0.019063 0.001430 0.006005 
-0.354004 0.527163 0.000000 0.005366 0.171795 0.018740 0.018981 0.001408 0.005924 
-0.353027 0.525619 0.000000 0.005347 0.171795 0.018633 0.018899 0.001386 0.005843 
-0.352051 0.524077 0.000000 0.005327 0.171795 0.018527 0.018818 0.001365 0.005763 
-0.351074 0.522535 0.000000 0.005308 0.171795 0.018422 0.018737 0.001343 0.005684 
-0.350098 0.520995 0.000000 0.005289 0.171795 0.018318 0.018657 0.001323 0.005604 
-0.349121 0.519455 0.000000 0.005270 0.171795 0.018214 0.018577 0.001302 0.005526 
-0.348145 0.517917 0.000000 0.005250 0.171795 0.018111 0.018498 0.001282 0.005447 
-0.347168 0.516380 0.000000 0.005231 0.171795 0.018008 0.018419 0.001262 0.005370 
-0.346191 0.514844 0.000000 0.005211 0.171795 0.017906 0.018341 0.001242 0.005292 
-0.345215 0.513309 0.000000 0.005191 0.171795 0.017805 0.018263 0.001223 0.005216 
-0.344238 0.511775 0.000000 0.005172 0.171795 0.017705 0.018185 0.001204 0.005139 
-0.343262 0.510242 0.000000 0.005152 0.171795 0.017605 0.018108 0.001185 0.005064 
-0.342285 0.508710 0.000000 0.005132 0.171795 0.017506 0.018031 0.001166 0.004988 
-0.341309 0.507179 0.000000 0.005113 0.171795 0.017407 0.017955 0.001148 0.004913 
-0.340332 0.505649 0.000000 0.005093 0.171795 0.017309 0.017879 0.001130 0.004839 
-0.339355 0.504121 0.000000 0.005073 0.171795 0.017212 0.017804 0.001112 0.004765 
-0.338379 0.502593 0.000000 0.005054 0.171795 0.017115 0.017729 0.001095 0.004692 
-0.337402 0.501066 0.000000 0.005034 0.171795 0.017019 0.017654 0.001078 0.004619 
-0.336426 0.499540 0.000000 0.005014 0.171795 0.016923 0.017580 0.001061 0.004546 
-0.335449 0.498016 0.000000 0.004994 0.171795 0.016829 0.017506 0.001044 0.004474 
-0.334473 0.496492 0.000000 0.004975 0.171795 0.016734 0.017433 0.001028 0.004402 
-0.333496 0.494969 0.000000 0.004955 0.171795 0.016641 0.017360 0.001012 0.004331 
-0.332520 0.493448 0.000000 0.004935 0.171795 0.016548 0.017288 0.000996 0.004260 
-0.331543 0.491927 0.000000 0.004916 0.171795 0.016455 0.017216 0.000980 0.004190 
-0.330566 0.490407 0.000000 0.004896 0.171795 0.016363 0.017144 0.000965 0.004120 
-0.329590 0.488888 0.000000 0.004877 0.171795 0.016272 0.017073 0.000950 0.004050 
-0.328613 0.487370 0.000000 0.004857 0.171795 0.016182 0.017002 0.000935 0.003981 
-0.327637 0.485853 0.000000 0.004838 0.171795 0.016091 0.016931 0.000920 0.003913 
-0.326660 0.484338 0.000000 0.004818 0.171795 0.016002 0.016861 0.000906 0.003844 
-0.325684 0.482823 0.000000 0.004799 0.171795 0.015913 0.016792 0.000892 0.003777 
-0.324707 0.481309 0.000000 0.004780 0.171795 0.015825 0.016722 0.000878 0.003709 
-0.323730 0.479795 0.000000 0.004760 0.171795 0.015737 0.016653 0.000865 0.003642 
-0.322754 0.478283 0.000000 0.004741 0.171795 0.015650 0.016585 0.000851 0.003576 
-0.321777 0.476772 0.000000 0.004722 0.171795 0.015563 0.016517 0.000838 0.003509 
-0.320801 0.475262 0.000000 0.004703 0.171795 0.015477 0.016449 0.000825 0.003443 
-0.319824 0.473752 0.000000 0.004684 0.171795 0.015392 0.016382 0.000813 0.003378 
-0.318848 0.472244 0.000000 0.004665 0.171795 0.015307 0.016315 0.000800 0.003313 
-0.317871 0.470736 0.000000 0.004647 0.171795 0.015222 0.016248 0.000788 0.003248 
-0.316895 0.469229 0.000000 0.004628 0.171795 0.015139 0.016182 0.000776 0.003184 
-0.315918 0.467724 0.000000 0.004609 0.171795 0.015055 0.016116 0.000765 0.003120 
-0.314941 0.466219 0.000000 0.004591 0.171795 0.014973 0.016050 0.000753 0.003057 
-0.313965 0.464715 0.000000 0.004573 0.171795 0.014890 0.015985 0.000742 0.002994 
-0.312988 0.463212 0.000000 0.004554 0.171795 0.014809 0.015920 0.000731 0.002931 
-0.312012 0.461709 0.000000 0.004536 0.171795 0.014728 0.015856 0.000721 0.002868 
-0.311035 0.460208 0.000000 0.004518 0.171795 0.014647 0.015791 0.000710 0.002806 
-0.310059 0.458707 0.000000 0.004500 0.171795 0.014567 0.015728 0.000700 0.002745 
-0.309082 0.457208 0.000000 0.004482 0.171795 0.014488 0.015664 0.000690 0.002683 
-0.308105 0.455709 0.000000 0.004464 0.171795 0.014409 0.015601 0.000680 0.002622 
-0.307129 0.454211 0.000000 0.004447 0.171795 0.014330 0.015538 0.000671 0.002562 
-0.306152 0.452714 0.000000 0.004429 0.171795 0.014252 0.015476 0.000661 0.002502 
-0.305176 0.451217 0.000000 0.004412 0.171795 0.014175 0.015414 0.000652 0.002442 
-0.304199 0.449722 0.000000 0.004394 0.171795 0.014098 0.015352 0.000643 0.002382 
-0.303223 0.448227 0.000000 0.004377 0.171795 0.014021 0.015291 0.000634 0.002323 
-0.302246 0.446733 0.000000 0.004360 0.171795 0.013945 0.015230 0.000626 0.002264 
-0.301270 0.445240 0.000000 0.004343 0.171795 0.013870 0.015169 0.000618 0.002206 
-0.300293 0.443748 0.000000 0.004327 0.171795 0.013795 0.015108 0.000610 0.002147 
-0.299316 0.442257 0.000000 0.004310 0.171795 0.013721 0.015048 0.000602 0.002090 
-0.298340 0.440766 0.000000 0.004293 0.171795 0.013647 0.014989 0.000594 0.002032 
-0.297363 0.439277 0.000000 0.004277 0.171795 0.013573 0.014929 0.000587 0.001975 
-0.296387 0.437788 0.000000 0.004261 0.171795 0.013500 0.014870 0.000580 0.001918 
-0.295410 0.436300 0.000000 0.004244 0.171795 0.013428 0.014811 0.000573 0.001861 
-0.294434 0.434812 0.000000 0.004228 0.171795 0.013356 0.014753 0.000566 0.001805 
-0.293457 0.433326 0.000000 0.004213 0.171795 0.013284 0.014695 0.000559 0.001749 
-0.292480 0.431840 0.000000 0.004197 0.171795 0.013213 0.014637 0.000553 0.001694 
-0.291504 0.430355 0.000000 0.004181 0.171795 0.013143 0.014579 0.000547 0.001638 
-0.290527 0.428871 0.000000 0.004166 0.171795 0.013073 0.014522 0.000541 0.001583 
-0.289551 0.427387 0.000000 0.004150 0.171795 0.013003 0.014465 0.000535 0.001529 
-0.288574 0.425905 0.000000 0.004135 0.171795 0.012934 0.014408 0.000530 0.001474 
-0.287598 0.424423 0.000000 0.004120 0.171795 0.012865 0.014352 0.000524 0.001420 
-0.286621 0.422941 0.000000 0.004105 0.171795 0.012797 0.014296 0.000519 0.001366 
-0.285645 0.421461 0.000000 0.004091 0.171795 0.012730 0.014240 0.000514 0.001313 
-0.284668 0.419981 0.000000 0.004076 0.171795 0.012662 0.014185 0.000509 0.001259 
-0.283691 0.418502 0.000000 0.004062 0.171795 0.012595 0.014130 0.000505 0.001207 
-0.282715 0.417024 0.000000 0.004047 0.171795 0.012529 0.014075 0.000501 0.001154 
-0.281738 0.415547 0.000000 0.004033 0.171795 0.012463 0.014020 0.000496 0.001102 
-0.280762 0.414070 0.000000 0.004019 0.171795 0.012398 0.013966 0.000492 0.001049 
-0.279785 0.412594 0.000000 0.004005 0.171795 0.012333 0.013912 0.000489 0.000998 
-0.278809 0.411119 0.000000 0.003992 0.171795 0.012268 0.013858 0.000485 0.000946 
-0.277832 0.409644 0.000000 0.003978 0.171795 0.012204 0.013805 0.000482 0.000895 
-0.276855 0.408170 0.000000 0.003965 0.171795 0.012140 0.013752 0.000478 0.000844 
-0.275879 0.406697 0.000000 0.003952 0.171795 0.012077 0.013699 0.000475 0.000793 
-0.274902 0.404380 0.000000 0.003341 0.171795 0.011497 0.013647 0.000000 0.000000 
-0.273926 0.402912 0.000000 0.003331 0.171795 0.011437 0.013597 0.000000 0.000000 
-0.272949 0.401446 0.000000 0.003322 0.171795 0.011378 0.013547 0.000000 0.000000 
-0.271973 0.399980 0.000000 0.003312 0.171795 0.011319 0.013498 0.000000 0.000000 
-0.270996 0.398514 0.000000 0.003302 0.171795 0.011260 0.013448 0.000000 0.000000 
-0.270020 0.397048 0.000000 0.003292 0.171795 0.011201 0.013399 0.000000 0.000000 
-0.269043 0.395583 0.000000 0.003282 0.171795 0.011143 0.013351 0.000000 0.000000 
-0.268066 0.394118 0.000000 0.003272 0.171795 0.011085 0.013302 0.000000 0.000000 
-0.267090 0.392653 0.000000 0.003262 0.171795 0.011027 0.013254 0.000000 0.000000 
-0.266113 0.391189 0.000000 0.003252 0.171795 0.010969 0.013206 0.000000 0.000000 
-0.265137 0.389725 0.000000 0.003242 0.171795 0.010911 0.013158 0.000000 0.000000 
-0.264160 0.388262 0.000000 0.003232 0.171795 0.010854 0.013110 0.000000 0.000000 
-0.263184 0.386799 0.000000 0.003221 0.171795 0.010797 0.013063 0.000000 0.000000 
-0.262207 0.385336 0.000000 0.003211 0.171795 0.010740 0.013016 0.000000 0.000000 
-0.261230 0.383873 0.000000 0.003200 0.171795 0.010683 0.012969 0.000000 0.000000 
-0.260254 0.382411 0.000000 0.003190 0.171795 0.010627 0.012923 0.000000 0.000000 
-0.259277 0.380950 0.000000 0.003179 0.171795 0.010570 0.012877 0.000000 0.000000 
-0.258301 0.379488 0.000000 0.003168 0.171795 0.010514 0.012831 0.000000 0.000000 
-0.257324 0.378027 0.000000 0.003158 0.171795 0.010458 0.012785 0.000000 0.000000 
-0.256348 0.376566 0.000000 0.003147 0.171795 0.010402 0.012739 0.000000 0.000000 
-0.255371 0.375105 0.000000 0.003136 0.171795 0.010347 0.012694 0.000000 0.000000 
-0.254395 0.373645 0.000000 0.003125 0.171795 0.010291 0.012649 0.000000 0.000000 
-0.253418 0.372185 0.000000 0.003114 0.171795 0.010236 0.012604 0.000000 0.000000 
-0.252441 0.370726 0.000000 0.003103 0.171795 0.010181 0.012559 0.000000 0.000000 
-0.251465 0.369267 0.000000 0.003092 0.171795 0.010127 0.012515 0.000000 0.000000 
-0.250488 0.367808 0.000000 0.003081 0.171795 0.010072 0.012471 0.000000 0.000000 
-0.249512 0.366349 0.000000 0.003070 0.171795 0.010018 0.012427 0.000000 0.000000 
-0.248535 0.364891 0.000000 0.003059 0.171795 0.009964 0.012383 0.000000 0.000000 
-0.247559 0.363433 0.000000 0.003047 0.171795 0.009910 0.012340 0.000000 0.000000 
-0.246582 0.361975 0.000000 0.003036 0.171795 0.009856 0.012297 0.000000 0.000000 
-0.245605 0.360518 0.000000 0.003025 0.171795 0.009802 0.012254 0.000000 0.000000 
-0.244629 0.359061 0.000000 0.003013 0.171795 0.009749 0.012211 0.000000 0.000000 
-0.243652 0.357604 0.000000 0.003002 0.171795 0.009695 0.012169 0.000000 0.000000 
-0.242676 0.356147 0.000000 0.002990 0.171795 0.009642 0.012127 0.000000 0.000000 
-0.241699 0.354691 0.000000 0.002979 0.171795 0.009590 0.012085 0.000000 0.000000 
-0.240723 0.353235 0.000000 0.002967 0.171795 0.009537 0.012043 0.000000 0.000000 
-0.239746 0.351780 0.000000 0.002956 0.171795 0.009484 0.012001 0.000000 0.000000 
-0.238770 0.350325 0.000000 0.002944 0.171795 0.009432 0.011960 0.000000 0.000000 
-0.237793 0.348870 0.000000 0.002933 0.171795 0.009380 0.011919 0.000000 0.000000 
-0.236816 0.347415 0.000000 0.002921 0.171795 0.009328 0.011878 0.000000 0.000000 
-0.235840 0.345961 0.000000 0.002909 0.171795 0.009276 0.011837 0.000000 0.000000 
-0.234863 0.344506 0.000000 0.002898 0.171795 0.009225 0.011797 0.000000 0.000000 
-0.233887 0.343053 0.000000 0.002886 0.171795 0.009173 0.011757 0.000000 0.000000 
-0.232910 0.341599 0.000000 0.002874 0.171795 0.009122 0.011717 0.000000 0.000000 
-0.231934 0.340146 0.000000 0.002862 0.171795 0.009071 0.011677 0.000000 0.000000 
-0.230957 0.338693 0.000000 0.002850 0.171795 0.009020 0.011638 0.000000 0.000000 
-0.229980 0.337240 0.000000 0.002839 0.171795 0.008969 0.011598 0.000000 0.000000 
-0.229004 0.335788 0.000000 0.002827 0.171795 0.008919 0.011559 0.000000 0.000000 
-0.228027 0.334336 0.000000 0.002815 0.171795 0.008868 0.011520 0.000000 0.000000 
-0.227051 0.332884 0.000000 0.002803 0.171795 0.008818 0.011482 0.000000 0.000000 
-0.226074 0.331432 0.000000 0.002791 0.171795 0.008768 0.011443 0.000000 0.000000 
-0.225098 0.329981 0.000000 0.002779 0.171795 0.008718 0.011405 0.000000 0.000000 
-0.224121 0.328530 0.000000 0.002767 0.171795 0.008668 0.011367 0.000000 0.000000 
-0.223145 0.327079 0.000000 0.002755 0.171795 0.008619 0.011330 0.000000 0.000000 
-0.222168 0.325629 0.000000 0.002743 0.171795 0.008569 0.011292 0.000000 0.000000 
-0.221191 0.324178 0.000000 0.002731 0.171795 0.008520 0.011255 0.000000 0.000000 
-0.220215 0.322729 0.000000 0.002719 0.171795 0.008471 0.011218 0.000000 0.000000 
-0.219238 0.321279 0.000000 0.002706 0.171795 0.008422 0.011181 0.000000 0.000000 
-0.218262 0.319829 0.000000 0.002694 0.171795 0.008373 0.011144 0.000000 0.000000 
-0.217285 0.318380 0.000000 0.002682 0.171795 0.008325 0.011108 0.000000 0.000000 
-0.216309 0.316931 0.000000 0.002670 0.171795 0.008276 0.011071 0.000000 0.000000 
-0.215332 0.315483 0.000000 0.002658 0.171795 0.008228 0.011035 0.000000 0.000000 
-0.214355 0.314034 0.000000 0.002646 0.171795 0.008180 0.010999 0.000000 0.000000 
-0.213379 0.312586 0.000000 0.002633 0.171795 0.008132 0.010964 0.000000 0.000000 
-0.212402 0.311138 0.000000 0.002621 0.171795 0.008084 0.010928 0.000000 0.000000 
-0.211426 0.309691 0.000000 0.002609 0.171795 0.008036 0.010893 0.000000 0.000000 
-0.210449 0.308243 0.000000 0.002597 0.171795 0.007989 0.010858 0.000000 0.000000 
-0.209473 0.306796 0.000000 0.002584 0.171795 0.007942 0.010823 0.000000 0.000000 
-0.208496 0.305349 0.000000 0.002572 0.171795 0.007894 0.010789 0.000000 0.000000 
-0.207520 0.303903 0.000000 0.002560 0.171795 0.007847 0.010754 0.000000 0.000000 
-0.206543 0.302456 0.000000 0.002548 0.171795 0.007801 0.010720 0.000000 0.000000 
-0.205566 0.301010 0.000000 0.002535 0.171795 0.007754 0.010686 0.000000 0.000000 
-0.204590 0.299564 0.000000 0.002523 0.171795 0.007707 0.010653 0.000000 0.000000 
-0.203613 0.298118 0.000000 0.002511 0.171795 0.007661 0.010619 0.000000 0.000000 
-0.202637 0.296673 0.000000 0.002498 0.171795 0.007614 0.010586 0.000000 0.000000 
-0.201660 0.295228 0.000000 0.002486 0.171795 0.007568 0.010553 0.000000 0.000000 
-0.200684 0.293783 0.000000 0.002474 0.171795 0.007522 0.010520 0.000000 0.000000 
-0.199707 0.292338 0.000000 0.002461 0.171795 0.007476 0.010487 0.000000 0.000000 
-0.198730 0.290894 0.000000 0.002449 0.171795 0.007431 0.010454 0.000000 0.000000 
-0.197754 0.289449 0.000000 0.002436 0.171795 0.007385 0.010422 0.000000 0.000000 
-0.196777 0.288005 0.000000 0.002424 0.171795 0.007340 0.010390 0.000000 0.000000 
-0.195801 0.286561 0.000000 0.002412 0.171795 0.007294 0.010358 0.000000 0.000000 
-0.194824 0.285118 0.000000 0.002399 0.171795 0.007249 0.010326 0.000000 0.000000 
-0.193848 0.283674 0.000000 0.002387 0.171795 0.007204 0.010294 0.000000 0.000000 
-0.192871 0.282231 0.000000 0.002374 0.171795 0.007159 0.010263 0.000000 0.000000 
-0.191895 0.280788 0.000000 0.002362 0.171795 0.007114 0.010232 0.000000 0.000000 
-0.190918 0.279346 0.000000 0.002350 0.171795 0.007070 0.010201 0.000000 0.000000 
-0.189941 0.277903 0.000000 0.002337 0.171795 0.007025 0.010170 0.000000 0.000000 
-0.188965 0.276461 0.000000 0.002325 0.171795 0.006981 0.010140 0.000000 0.000000 
-0.187988 0.275019 0.000000 0.002312 0.171795 0.006937 0.010109 0.000000 0.000000 
-0.187012 0.273577 0.000000 0.002300 0.171795 0.006893 0.010079 0.000000 0.000000 
-0.186035 0.272136 0.000000 0.002287 0.171795 0.006849 0.010049 0.000000 0.000000 
-0.185059 0.270694 0.000000 0.002275 0.171795 0.006805 0.010019 0.000000 0.000000 
-0.184082 0.269253 0.000000 0.002263 0.171795 0.006761 0.009990 0.000000 0.000000 
-0.183105 0.267812 0.000000 0.002250 0.171795 0.006718 0.009960 0.000000 0.000000 
-0.182129 0.266371 0.000000 0.002238 0.171795 0.006674 0.009931 0.000000 0.000000 
-0.181152 0.264931 0.000000 0.002225 0.171795 0.006631 0.009902 0.000000 0.000000 
-0.180176 0.263490 0.000000 0.002213 0.171795 0.006588 0.009873 0.000000 0.000000 
-0.179199 0.262050 0.000000 0.002200 0.171795 0.006545 0.009844 0.000000 0.000000 
-0.178223 0.260610 0.000000 0.002188 0.171795 0.006502 0.009816 0.000000 0.000000 
-0.177246 0.259171 0.000000 0.002175 0.171795 0.006459 0.009788 0.000000 0.000000 
-0.176270 0.257731 0.000000 0.002163 0.171795 0.006416 0.009759 0.000000 0.000000 
-0.175293 0.256292 0.000000 0.002151 0.171795 0.006374 0.009731 0.000000 0.000000 
-0.174316 0.254853 0.000000 0.002138 0.171795 0.006331 0.009704 0.000000 0.000000 
-0.173340 0.253414 0.000000 0.002126 0.171795 0.006289 0.009676 0.000000 0.000000 
-0.172363 0.251975 0.000000 0.002113 0.171795 0.006247 0.009649 0.000000 0.000000 
-0.171387 0.250536 0.000000 0.002101 0.171795 0.006205 0.009622 0.000000 0.000000 
-0.170410 0.249098 0.000000 0.002088 0.171795 0.006163 0.009595 0.000000 0.000000 
-0.169434 0.247660 0.000000 0.002076 0.171795 0.006121 0.009568 0.000000 0.000000 
-0.168457 0.246222 0.000000 0.002064 0.171795 0.006079 0.009541 0.000000 0.000000 
-0.167480 0.244784 0.000000 0.002051 0.171795 0.006038 0.009515 0.000000 0.000000 
-0.166504 0.243347 0.000000 0.002039 0.171795 0.005996 0.009488 0.000000 0.000000 
-0.165527 0.241909 0.000000 0.002026 0.171795 0.005955 0.009462 0.000000 0.000000 
-0.164551 0.240472 0.000000 0.002014 0.171795 0.005913 0.009436 0.000000 0.000000 
-0.163574 0.239035 0.000000 0.002001 0.171795 0.005872 0.009411 0.000000 0.000000 
-0.162598 0.237598 0.000000 0.001989 0.171795 0.005831 0.009385 0.000000 0.000000 
-0.161621 0.236161 0.000000 0.001977 0.171795 0.005790 0.009360 0.000000 0.000000 
-0.160645 0.234725 0.000000 0.001964 0.171795 0.005749 0.009335 0.000000 0.000000 
-0.159668 0.233289 0.000000 0.001952 0.171795 0.005709 0.009310 0.000000 0.000000 
-0.158691 0.231853 0.000000 0.001939 0.171795 0.005668 0.009285 0.000000 0.000000 
-0.157715 0.230417 0.000000 0.001927 0.171795 0.005628 0.009260 0.000000 0.000000 
-0.156738 0.228981 0.000000 0.001915 0.171795 0.005587 0.009236 0.000000 0.000000 
-0.155762 0.227545 0.000000 0.001902 0.171795 0.005547 0.009211 0.000000 0.000000 
-0.154785 0.226110 0.000000 0.001890 0.171795 0.005507 0.009187 0.000000 0.000000 
-0.153809 0.224675 0.000000 0.001877 0.171795 0.005467 0.009163 0.000000 0.000000 
-0.152832 0.223239 0.000000 0.001865 0.171795 0.005427 0.009139 0.000000 0.000000 
-0.151855 0.221804 0.000000 0.001853 0.171795 0.005387 0.009116 0.000000 0.000000 
-0.150879 0.220370 0.000000 0.001840 0.171795 0.005347 0.009092 0.000000 0.000000 
-0.149902 0.218935 0.000000 0.001828 0.171795 0.005307 0.009069 0.000000 0.000000 
-0.148926 0.217501 0.000000 0.001815 0.171795 0.005268 0.009046 0.000000 0.000000 
-0.147949 0.216066 0.000000 0.001803 0.171795 0.005228 0.009023 0.000000 0.000000 
-0.146973 0.214632 0.000000 0.001791 0.171795 0.005189 0.009000 0.000000 0.000000 
-0.145996 0.213198 0.000000 0.001778 0.171795 0.005150 0.008978 0.000000 0.000000 
-0.145020 0.211765 0.000000 0.001766 0.171795 0.005111 0.008955 0.000000 0.000000 
-0.144043 0.210331 0.000000 0.001754 0.171795 0.005072 0.008933 0.000000 0.000000 
-0.143066 0.208898 0.000000 0.001741 0.171795 0.005033 0.008911 0.000000 0.000000 
-0.142090 0.207464 0.000000 0.001729 0.171795 0.004994 0.008889 0.000000 0.000000 
-0.141113 0.206031 0.000000 0.001717 0.171795 0.004955 0.008867 0.000000 0.000000 
-0.140137 0.204598 0.000000 0.001704 0.171795 0.004916 0.008846 0.000000 0.000000 
-0.139160 0.203165 0.000000 0.001692 0.171795 0.004878 0.008824 0.000000 0.000000 
-0.138184 0.201733 0.000000 0.001680 0.171795 0.004839 0.008803 0.000000 0.000000 
-0.137207 0.200300 0.000000 0.001668 0.171795 0.004801 0.008782 0.000000 0.000000 
-0.136230 0.198868 0.000000 0.001655 0.171795 0.004763 0.008761 0.000000 0.000000 
-0.135254 0.197436 0.000000 0.001643 0.171795 0.004724 0.008741 0.000000 0.000000 
-0.134277 0.196003 0.000000 0.001631 0.171795 0.004686 0.008720 0.000000 0.000000 
-0.133301 0.194571 0.000000 0.001618 0.171795 0.004648 0.008700 0.000000 0.000000 
-0.132324 0.193140 0.000000 0.001606 0.171795 0.004610 0.008679 0.000000 0.000000 
-0.131348 0.191708 0.000000 0.001594 0.171795 0.004572 0.008659 0.000000 0.000000 
-0.130371 0.190277 0.000000 0.001582 0.171795 0.004535 0.008639 0.000000 0.000000 
-0.129395 0.188845 0.000000 0.001569 0.171795 0.004497 0.008620 0.000000 0.000000 
-0.128418 0.187414 0.000000 0.001557 0.171795 0.004459 0.008600 0.000000 0.000000 
-0.127441 0.185983 0.000000 0.001545 0.171795 0.004422 0.008581 0.000000 0.000000 
-0.126465 0.184552 0.000000 0.001533 0.171795 0.004384 0.008562 0.000000 0.000000 
-0.125488 0.183121 0.000000 0.001521 0.171795 0.004347 0.008542 0.000000 0.000000 
-0.124512 0.181690 0.000000 0.001508 0.171795 0.004310 0.008524 0.000000 0.000000 
-0.123535 0.180260 0.000000 0.001496 0.171795 0.004273 0.008505 0.000000 0.000000 
-0.122559 0.178829 0.000000 0.001484 0.171795 0.004235 0.008486 0.000000 0.000000 
-0.121582 0.177399 0.000000 0.001472 0.171795 0.004198 0.008468 0.000000 0.000000 
-0.120605 0.175969 0.000000 0.001460 0.171795 0.004161 0.008450 0.000000 0.000000 
-0.119629 0.174539 0.000000 0.001447 0.171795 0.004125 0.008431 0.000000 0.000000 
-0.118652 0.173109 0.000000 0.001435 0.171795 0.004088 0.008414 0.000000 0.000000 
-0.117676 0.171679 0.000000 0.001423 0.171795 0.004051 0.008396 0.000000 0.000000 
-0.116699 0.170250 0.000000 0.001411 0.171795 0.004014 0.008378 0.000000 0.000000 
-0.115723 0.168820 0.000000 0.001399 0.171795 0.003978 0.008361 0.000000 0.000000 
-0.114746 0.167391 0.000000 0.001387 0.171795 0.003941 0.008343 0.000000 0.000000 
-0.113770 0.165962 0.000000 0.001375 0.171795 0.003905 0.008326 0.000000 0.000000 
-0.112793 0.164532 0.000000 0.001362 0.171795 0.003869 0.008309 0.000000 0.000000 
-0.111816 0.163103 0.000000 0.001350 0.171795 0.003832 0.008292 0.000000 0.000000 
-0.110840 0.161674 0.000000 0.001338 0.171795 0.003796 0.008276 0.000000 0.000000 
-0.109863 0.160246 0.000000 0.001326 0.171795 0.003760 0.008259 0.000000 0.000000 
-0.108887 0.158817 0.000000 0.001314 0.171795 0.003724 0.008243 0.000000 0.000000 
-0.107910 0.157388 0.000000 0.001302 0.171795 0.003688 0.008227 0.000000 0.000000 
-0.106934 0.155960 0.000000 0.001290 0.171795 0.003652 0.008211 0.000000 0.000000 
-0.105957 0.154532 0.000000 0.001278 0.171795 0.003616 0.008195 0.000000 0.000000 
-0.104980 0.153103 0.000000 0.001266 0.171795 0.003581 0.008179 0.000000 0.000000 
-0.104004 0.151675 0.000000 0.001254 0.171795 0.003545 0.008164 0.000000 0.000000 
-0.103027 0.150247 0.000000 0.001242 0.171795 0.003509 0.008148 0.000000 0.000000 
-0.102051 0.148819 0.000000 0.001230 0.171795 0.003474 0.008133 0.000000 0.000000 
-0.101074 0.147392 0.000000 0.001217 0.171795 0.003438 0.008118 0.000000 0.000000 
-0.100098 0.145964 0.000000 0.001205 0.171795 0.003403 0.008103 0.000000 0.000000 
-0.099121 0.144536 0.000000 0.001193 0.171795 0.003368 0.008088 0.000000 0.000000 
-0.098145 0.143109 0.000000 0.001181 0.171795 0.003332 0.008074 0.000000 0.000000 
-0.097168 0.141682 0.000000 0.001169 0.171795 0.003297 0.008059 0.000000 0.000000 
-0.096191 0.140254 0.000000 0.001157 0.171795 0.003262 0.008045 0.000000 0.000000 
-0.095215 0.138827 0.000000 0.001145 0.171795 0.003227 0.008031 0.000000 0.000000 
-0.094238 0.137400 0.000000 0.001133 0.171795 0.003192 0.008017 0.000000 0.000000 
-0.093262 0.135973 0.000000 0.001121 0.171795 0.003157 0.008003 0.000000 0.000000 
-0.092285 0.134546 0.000000 0.001109 0.171795 0.003122 0.007989 0.000000 0.000000 
-0.091309 0.133120 0.000000 0.001097 0.171795 0.003087 0.007975 0.000000 0.000000 
-0.090332 0.131693 0.000000 0.001085 0.171795 0.003052 0.007962 0.000000 0.000000 
-0.089355 0.130266 0.000000 0.001074 0.171795 0.003017 0.007949 0.000000 0.000000 
-0.088379 0.128840 0.000000 0.001062 0.171795 0.002983 0.007936 0.000000 0.000000 
-0.087402 0.127414 0.000000 0.001050 0.171795 0.002948 0.007923 0.000000 0.000000 
-0.086426 0.125987 0.000000 0.001038 0.171795 0.002914 0.007910 0.000000 0.000000 
-0.085449 0.124561 0.000000 0.001026 0.171795 0.002879 0.007897 0.000000 0.000000 
-0.084473 0.123135 0.000000 0.001014 0.171795 0.002845 0.007885 0.000000 0.000000 
-0.083496 0.121709 0.000000 0.001002 0.171795 0.002810 0.007872 0.000000 0.000000 
-0.082520 0.120283 0.000000 0.000990 0.171795 0.002776 0.007860 0.000000 0.000000 
-0.081543 0.118857 0.000000 0.000978 0.171795 0.002742 0.007848 0.000000 0.000000 
-0.080566 0.117432 0.000000 0.000966 0.171795 0.002707 0.007836 0.000000 0.000000 
-0.079590 0.116006 0.000000 0.000954 0.171795 0.002673 0.007824 0.000000 0.000000 
-0.078613 0.114580 0.000000 0.000942 0.171795 0.002639 0.007813 0.000000 0.000000 
-0.077637 0.113155 0.000000 0.000931 0.171795 0.002605 0.007801 0.000000 0.000000 
-0.076660 0.111729 0.000000 0.000919 0.171795 0.002571 0.007790 0.000000 0.000000 
-0.075684 0.110304 0.000000 0.000907 0.171795 0.002537 0.007779 0.000000 0.000000 
-0.074707 0.108879 0.000000 0.000895 0.171795 0.002503 0.007768 0.000000 0.000000 
-0.073730 0.107454 0.000000 0.000883 0.171795 0.002469 0.007757 0.000000 0.000000 
-0.072754 0.106028 0.000000 0.000871 0.171795 0.002435 0.007746 0.000000 0.000000 
-0.071777 0.104603 0.000000 0.000859 0.171795 0.002401 0.007736 0.000000 0.000000 
-0.070801 0.103178 0.000000 0.000848 0.171795 0.002368 0.007725 0.000000 0.000000 
-0.069824 0.101754 0.000000 0.000836 0.171795 0.002334 0.007715 0.000000 0.000000 
-0.068848 0.100329 0.000000 0.000824 0.171795 0.002300 0.007705 0.000000 0.000000 
-0.067871 0.098904 0.000000 0.000812 0.171795 0.002267 0.007695 0.000000 0.000000 
-0.066895 0.097479 0.000000 0.000800 0.171795 0.002233 0.007685 0.000000 0.000000 
-0.065918 0.096055 0.000000 0.000788 0.171795 0.002199 0.007676 0.000000 0.000000 
-0.064941 0.094630 0.000000 0.000777 0.171795 0.002166 0.007666 0.000000 0.000000 
-0.063965 0.093206 0.000000 0.000765 0.171795 0.002132 0.007657 0.000000 0.000000 
-0.062988 0.091781 0.000000 0.000753 0.171795 0.002099 0.007647 0.000000 0.000000 
-0.062012 0.090357 0.000000 0.000741 0.171795 0.002066 0.007638 0.000000 0.000000 
-0.061035 0.088933 0.000000 0.000729 0.171795 0.002032 0.007629 0.000000 0.000000 
-0.060059 0.087509 0.000000 0.000718 0.171795 0.001999 0.007621 0.000000 0.000000 
-0.059082 0.086084 0.000000 0.000706 0.171795 0.001966 0.007612 0.000000 0.000000 
-0.058105 0.084660 0.000000 0.000694 0.171795 0.001932 0.007603 0.000000 0.000000 
-0.057129 0.083236 0.000000 0.000682 0.171795 0.001899 0.007595 0.000000 0.000000 
-0.056152 0.081812 0.000000 0.000671 0.171795 0.001866 0.007587 0.000000 0.000000 
-0.055176 0.080388 0.000000 0.000659 0.171795 0.001833 0.007579 0.000000 0.000000 
-0.054199 0.078965 0.000000 0.000647 0.171795 0.001800 0.007571 0.000000 0.000000 
-0.053223 0.077541 0.000000 0.000635 0.171795 0.001767 0.007563 0.000000 0.000000 
-0.052246 0.076117 0.000000 0.000624 0.171795 0.001734 0.007555 0.000000 0.000000 
-0.051270 0.074693 0.000000 0.000612 0.171795 0.001701 0.007548 0.000000 0.000000 
-0.050293 0.073270 0.000000 0.000600 0.171795 0.001668 0.007541 0.000000 0.000000 
-0.049316 0.071846 0.000000 0.000588 0.171795 0.001635 0.007533 0.000000 0.000000 
-0.048340 0.070423 0.000000 0.000577 0.171795 0.001602 0.007526 0.000000 0.000000 
-0.047363 0.068999 0.000000 0.000565 0.171795 0.001569 0.007519 0.000000 0.000000 
-0.046387 0.067576 0.000000 0.000553 0.171795 0.001536 0.007513 0.000000 0.000000 
-0.045410 0.066152 0.000000 0.000542 0.171795 0.001504 0.007506 0.000000 0.000000 
-0.044434 0.064729 0.000000 0.000530 0.171795 0.001471 0.007499 0.000000 0.000000 
-0.043457 0.063306 0.000000 0.000518 0.171795 0.001438 0.007493 0.000000 0.000000 
-0.042480 0.061883 0.000000 0.000506 0.171795 0.001405 0.007487 0.000000 0.000000 
-0.041504 0.060459 0.000000 0.000495 0.171795 0.001373 0.007481 0.000000 0.000000 
-0.040527 0.059036 0.000000 0.000483 0.171795 0.001340 0.007475 0.000000 0.000000 
-0.039551 0.057613 0.000000 0.000471 0.171795 0.001307 0.007469 0.000000 0.000000 
-0.038574 0.056190 0.000000 0.000460 0.171795 0.001275 0.007463 0.000000 0.000000 
-0.037598 0.054767 0.000000 0.000448 0.171795 0.001242 0.007458 0.000000 0.000000 
-0.036621 0.053344 0.000000 0.000436 0.171795 0.001210 0.007453 0.000000 0.000000 
-0.035645 0.051921 0.000000 0.000425 0.171795 0.001177 0.007447 0.000000 0.000000 
-0.034668 0.050498 0.000000 0.000413 0.171795 0.001145 0.007442 0.000000 0.000000 
-0.033691 0.049075 0.000000 0.000401 0.171795 0.001112 0.007437 0.000000 0.000000 
-0.032715 0.047652 0.000000 0.000390 0.171795 0.001080 0.007433 0.000000 0.000000 
-0.031738 0.046230 0.000000 0.000378 0.171795 0.001047 0.007428 0.000000 0.000000 
-0.030762 0.044807 0.000000 0.000366 0.171795 0.001015 0.007423 0.000000 0.000000 
-0.029785 0.043384 0.000000 0.000355 0.171795 0.000982 0.007419 0.000000 0.000000 
-0.028809 0.041961 0.000000 0.000343 0.171795 0.000950 0.007415 0.000000 0.000000 
-0.027832 0.040539 0.000000 0.000331 0.171795 0.000918 0.007411 0.000000 0.000000 
-0.026855 0.039116 0.000000 0.000320 0.171795 0.000885 0.007407 0.000000 0.000000 
-0.025879 0.037693 0.000000 0.000308 0.171795 0.000853 0.007403 0.000000 0.000000 
-0.024902 0.036271 0.000000 0.000296 0.171795 0.000821 0.007399 0.000000 0.000000 
-0.023926 0.034848 0.000000 0.000285 0.171795 0.000788 0.007396 0.000000 0.000000 
-0.022949 0.033426 0.000000 0.000273 0.171795 0.000756 0.007392 0.000000 0.000000 
-0.021973 0.032003 0.000000 0.000261 0.171795 0.000724 0.007389 0.000000 0.000000 
-0.020996 0.030580 0.000000 0.000250 0.171795 0.000692 0.007386 0.000000 0.000000 
-0.020020 0.029158 0.000000 0.000238 0.171795 0.000659 0.007383 0.000000 0.000000 
-0.019043 0.027736 0.000000 0.000227 0.171795 0.000627 0.007380 0.000000 0.000000 
-0.018066 0.026313 0.000000 0.000215 0.171795 0.000595 0.007378 0.000000 0.000000 
-0.017090 0.024891 0.000000 0.000203 0.171795 0.000563 0.007375 0.000000 0.000000 
-0.016113 0.023468 0.000000 0.000192 0.171795 0.000530 0.007373 0.000000 0.000000 
-0.015137 0.022046 0.000000 0.000180 0.171795 0.000498 0.007371 0.000000 0.000000 
-0.014160 0.020623 0.000000 0.000168 0.171795 0.000466 0.007368 0.000000 0.000000 
-0.013184 0.019201 0.000000 0.000157 0.171795 0.000434 0.007367 0.000000 0.000000 
-0.012207 0.017779 0.000000 0.000145 0.171795 0.000402 0.007365 0.000000 0.000000 
-0.011230 0.016356 0.000000 0.000134 0.171795 0.000369 0.007363 0.000000 0.000000 
-0.010254 0.014934 0.000000 0.000122 0.171795 0.000337 0.007361 0.000000 0.000000 
-0.009277 0.013512 0.000000 0.000110 0.171795 0.000305 0.007360 0.000000 0.000000 
-0.008301 0.012089 0.000000 0.000099 0.171795 0.000273 0.007359 0.000000 0.000000 
-0.007324 0.010667 0.000000 0.000087 0.171795 0.000241 0.007358 0.000000 0.000000 
-0.006348 0.009245 0.000000 0.000075 0.171795 0.000209 0.007357 0.000000 0.000000 
-0.005371 0.007823 0.000000 0.000064 0.171795 0.000177 0.007356 0.000000 0.000000 
-0.004395 0.006400 0.000000 0.000052 0.171795 0.000145 0.007355 0.000000 0.000000 
-0.003418 0.004978 0.000000 0.000041 0.171795 0.000112 0.007355 0.000000 0.000000 
-0.002441 0.003556 0.000000 0.000029 0.171795 0.000080 0.007354 0.000000 0.000000 
-0.001465 0.002133 0.000000 0.000017 0.171795 0.000048 0.007354 0.000000 0.000000 
-0.000488 0.000711 0.000000 0.000006 0.171795 0.000016 0.007354 0.000000 0.000000 
0.000488 0.000711 0.000000 0.000006 0.171795 0.000016 0.007354 0.000000 0.000000 
0.001465 0.002133 0.000000 0.000017 0.171795 0.000048 0.007354 0.000000 0.000000 
0.002441 0.003556 0.000000 0.000029 0.171795 0.000080 0.007354 0.000000 0.000000 
0.003418 0.004978 0.000000 0.000041 0.171795 0.000112 0.007355 0.000000 0.000000 
0.004395 0.006400 0.000000 0.000052 0.171795 0.000145 0.007355 0.000000 0.000000 
0.005371 0.007823 0.000000 0.000064 0.171795 0.000177 0.007356 0.000000 0.000000 
0.006348 0.009245 0.000000 0.000075 0.171795 0.000209 0.007357 0.000000 0.000000 
0.007324 0.010667 0.000000 0.000087 0.171795 0.000241 0.007358 0.000000 0.000000 
0.008301 0.012089 0.000000 0.000099 0.171795 0.000273 0.007359 0.000000 0.000000 
0.009277 0.013512 0.000000 0.000110 0.171795 0.000305 0.007360 0.000000 0.000000 
0.010254 0.014934 0.000000 0.000122 0.171795 0.000337 0.007361 0.000000 0.000000 
0.011230 0.016356 0.000000 0.000134 0.171795 0.000369 0.007363 0.000000 0.000000 
0.012207 0.017779 0.000000 0.000145 0.171795 0.000402 0.007365 0.000000 0.000000 
0.013184 0.019201 0.000000 0.000157 0.171795 0.000434 0.007367 0.000000 0.000000 
0.014160 0.020623 0.000000 0.000168 0.171795 0.000466 0.007368 0.000000 0.000000 
0.015137 0.022046 0.000000 0.000180 0.171795 0.000498 0.007371 0.000000 0.000000 
0.016113 0.023468 0.000000 0.000192 0.171795 0.000530 0.007373 0.000000 0.000000 
0.017090 0.024891 0.000000 0.000203 0.171795 0.000563 0.007375 0.000000 0.000000 
0.018066 0.026313 0.000000 0.000215 0.171795 0.000595 0.007378 0.000000 0.000000 
0.019043 0.027736 0.000000 0.000227 0.171795 0.000627 0.007380 0.000000 0.000000 
0.020020 0.029158 0.000000 0.000238 0.171795 0.000659 0.007383 0.000000 0.000000 
0.020996 0.030580 0.000000 0.000250 0.171795 0.000692 0.007386 0.000000 0.000000 
0.021973 0.032003 0.000000 0.000261 0.171795 0.000724 0.007389 0.000000 0.000000 
0.022949 0.033426 0.000000 0.000273 0.171795 0.000756 0.007392 0.000000 0.000000 
0.023926 0.034848 0.000000 0.000285 0.171795 0.000788 0.007396 0.000000 0.000000 
0.024902 0.036271 0.000000 0.000296 0.171795 0.000821 0.007399 0.000000 0.000000 
0.025879 0.037693 0.000000 0.000308 0.171795 0.000853 0.007403 0.000000 0.000000 
0.026855 0.039116 0.000000 0.000320 0.171795 0.000885 0.007407 0.000000 0.000000 
0.027832 0.040539 0.000000 0.000331 0.171795 0.000918 0.007411 0.000000 0.000000 
0.028809 0.041961 0.000000 0.000343 0.171795 0.000950 0.007415 0.000000 0.000000 
0.029785 0.043384 0.000000 0.000355 0.171795 0.000982 0.007419 0.000000 0.000000 
0.030762 0.044807 0.000000 0.000366 0.171795 0.001015 0.007423 0.000000 0.000000 
0.031738 0.046230 0.000000 0.000378 0.171795 0.001047 0.007428 0.000000 0.000000 
0.032715 0.047652 0.000000 0.000390 0.171795 0.001080 0.007433 0.000000 0.000000 
0.033691 0.049075 0.000000 0.000401 0.171795 0.001112 0.007437 0.000000 0.000000 
0.034668 0.050498 0.000000 0.000413 0.171795 0.001145 0.007442 0.000000 0.000000 
0.035645 0.051921 0.000000 0.000425 0.171795 0.001177 0.007447 0.000000 0.000000 
0.036621 0.053344 0.000000 0.000436 0.171795 0.001210 0.007453 0.000000 0.000000 
0.037598 0.054767 0.000000 0.000448 0.171795 0.001242 0.007458 0.000000 0.000000 
0.038574 0.056190 0.000000 0.000460 0.171795 0.001275 0.007463 0.000000 0.000000 
0.039551 0.057613 0.000000 0.000471 0.171795 0.001307 0.007469 0.000000 0.000000 
0.040527 0.059036 0.000000 0.000483 0.171795 0.001340 0.007475 0.000000 0.000000 
0.041504 0.060459 0.000000 0.000495 0.171795 0.001373 0.007481 0.000000 0.000000 
0.042480 0.061883 0.000000 0.000506 0.171795 0.001405 0.007487 0.000000 0.000000 
0.043457 0.063306 0.000000 0.000518 0.171795 0.001438 0.007493 0.000000 0.000000 
0.044434 0.064729 0.000000 0.000530 0.171795 0.001471 0.007499 0.000000 0.000000 
0.045410 0.066152 0.000000 0.000542 0.171795 0.001504 0.007506 0.000000 0.000000 
0.046387 0.067576 0.000000 0.000553 0.171795 0.001536 0.007513 0.000000 0.000000 
0.047363 0.068999 0.000000 0.000565 0.171795 0.001569 0.007519 0.000000 0.000000 
0.048340 0.070423 0.000000 0.000577 0.171795 0.001602 0.007526 0.000000 0.000000 
0.049316 0.071846 0.000000 0.000588 0.171795 0.001635 0.007533 0.000000 0.000000 
0.050293 0.073270 0.000000 0.000600 0.171795 0.001668 0.007541 0.000000 0.000000 
0.051270 0.074693 0.000000 0.000612 0.171795 0.001701 0.007548 0.000000 0.000000 
0.052246 0.076117 0.000000 0.000624 0.171795 0.001734 0.007555 0.000000 0.000000 
0.053223 0.077541 0.000000 0.000635 0.171795 0.001767 0.007563 0.000000 0.000000 
0.054199 0.078965 0.000000 0.000647 0.171795 0.001800 0.007571 0.000000 0.000000 
0.055176 0.080388 0.000000 0.000659 0.171795 0.001833 0.007579 0.000000 0.000000 
0.056152 0.081812 0.000000 0.000671 0.171795 0.001866 0.007587 0.000000 0.000000 
0.057129 0.083236 0.000000 0.000682 0.171795 0.001899 0.007595 0.000000 0.000000 
0.058105 0.084660 0.000000 0.000694 0.171795 0.001932 0.007603 0.000000 0.000000 
0.059082 0.086084 0.000000 0.000706 0.171795 0.001966 0.007612 0.000000 0.000000 
0.060059 0.087509 0.000000 0.000718 0.171795 0.001999 0.007621 0.000000 0.000000 
0.061035 0.088933 0.000000 0.000729 0.171795 0.002032 0.007629 0.000000 0.000000 
0.062012 0.090357 0.000000 0.000741 0.171795 0.002066 0.007638 0.000000 0.000000 
0.062988 0.091781 0.000000 0.000753 0.171795 0.002099 0.007647 0.000000 0.000000 
0.063965 0.093206 0.000000 0.000765 0.171795 0.002132 0.007657 0.000000 0.000000 
0.064941 0.094630 0.000000 0.000777 0.171795 0.002166 0.007666 0.000000 0.000000 
0.065918 0.096055 0.000000 0.000788 0.171795 0.002199 0.007676 0.000000 0.000000 
0.066895 0.097479 0.000000 0.000800 0.171795 0.002233 0.007685 0.000000 0.000000 
0.067871 0.098904 0.000000 0.000812 0.171795 0.002267 0.007695 0.000000 0.000000 
0.068848 0.100329 0.000000 0.000824 0.171795 0.002300 0.007705 0.000000 0.000000 
0.069824 0.101754 0.000000 0.000836 0.171795 0.002334 0.007715 0.000000 0.000000 
0.070801 0.103178 0.000000 0.000848 0.171795 0.002368 0.007725 0.000000 0.000000 
0.071777 0.104603 0.000000 0.000859 0.171795 0.002401 0.007736 0.000000 0.000000 
0.072754 0.106028 0.000000 0.000871 0.171795 0.002435 0.007746 0.000000 0.000000 
0.073730 0.107454 0.000000 0.000883 0.171795 0.002469 0.007757 0.000000 0.000000 
0.074707 0.108879 0.000000 0.000895 0.171795 0.002503 0.007768 0.000000 0.000000 
0.075684 0.110304 0.000000 0.000907 0.171795 0.002537 0.007779 0.000000 0.000000 
0.076660 0.111729 0.000000 0.000919 0.171795 0.002571 0.007790 0.000000 0.000000 
0.077637 0.113155 0.000000 0.000931 0.171795 0.002605 0.007801 0.000000 0.000000 
0.078613 0.114580 0.000000 0.000942 0.171795 0.002639 0.007813 0.000000 0.000000 
0.079590 0.116006 0.000000 0.000954 0.171795 0.002673 0.007824 0.000000 0.000000 
0.080566 0.117432 0.000000 0.000966 0.171795 0.002707 0.007836 0.000000 0.000000 
0.081543 0.118857 0.000000 0.000978 0.171795 0.002742 0.007848 0.000000 0.000000 
0.082520 0.120283 0.000000 0.000990 0.171795 0.002776 0.007860 0.000000 0.000000 
0.083496 0.121709 0.000000 0.001002 0.171795 0.002810 0.007872 0.000000 0.000000 
0.084473 0.123135 0.000000 0.001014 0.171795 0.002845 0.007885 0.000000 0.000000 
0.085449 0.124561 0.000000 0.001026 0.171795 0.002879 0.007897 0.000000 0.000000 
0.086426 0.125987 0.000000 0.001038 0.171795 0.002914 0.007910 0.000000 0.000000 
0.087402 0.127414 0.000000 0.001050 0.171795 0.002948 0.007923 0.000000 0.000000 
0.088379 0.128840 0.000000 0.001062 0.171795 0.002983 0.007936 0.000000 0.000000 
0.089355 0.130266 0.000000 0.001074 0.171795 0.003017 0.007949 0.000000 0.000000 
0.090332 0.131693 0.000000 0.001085 0.171795 0.003052 0.007962 0.000000 0.000000 
0.091309 0.133120 0.000000 0.001097 0.171795 0.003087 0.007975 0.000000 0.000000 
0.092285 0.134546 0.000000 0.001109 0.171795 0.003122 0.007989 0.000000 0.000000 
0.093262 0.135973 0.000000 0.001121 0.171795 0.003157 0.008003 0.000000 0.000000 
0.094238 0.137400 0.000000 0.001133 0.171795 0.003192 0.008017 0.000000 0.000000 
0.095215 0.138827 0.000000 0.001145 0.171795 0.003227 0.008031 0.000000 0.000000 
0.096191 0.140254 0.000000 0.001157 0.171795 0.003262 0.008045 0.000000 0.000000 
0.097168 0.141682 0.000000 0.001169 0.171795 0.003297 0.008059 0.000000 0.000000 
0.098145 0.143109 0.000000 0.001181 0.171795 0.003332 0.008074 0.000000 0.000000 
0.099121 0.144536 0.000000 0.001193 0.171795 0.003368 0.008088 0.000000 0.000000 
0.100098 0.145964 0.000000 0.001205 0.171795 0.003403 0.008103 0.000000 0.000000 
0.101074 0.147392 0.000000 0.001217 0.171795 0.003438 0.008118 0.000000 0.000000 
0.102051 0.148819 0.000000 0.001230 0.171795 0.003474 0.008133 0.000000 0.000000 
0.103027 0.150247 0.000000 0.001242 0.171795 0.003509 0.008148 0.000000 0.000000 
0.104004 0.151675 0.000000 0.001254 0.171795 0.003545 0.008164 0.000000 0.000000 
0.104980 0.153103 0.000000 0.001266 0.171795 0.003581 0.008179 0.000000 0.000000 
0.105957 0.154532 0.000000 0.001278 0.171795 0.003616 0.008195 0.000000 0.000000 
0.106934 0.155960 0.000000 0.001290 0.171795 0.003652 0.008211 0.000000 0.000000 
0.107910 0.157388 0.000000 0.001302 0.171795 0.003688 0.008227 0.000000 0.000000 
0.108887 0.158817 0.000000 0.001314 0.171795 0.003724 0.008243 0.000000 0.000000 
0.109863 0.160246 0.000000 0.001326 0.171795 0.003760 0.008259 0.000000 0.000000 
0.110840 0.161674 0.000000 0.001338 0.171795 0.003796 0.008276 0.000000 0.000000 
0.111816 0.163103 0.000000 0.001350 0.171795 0.003832 0.008292 0.000000 0.000000 
0.112793 0.164532 0.000000 0.001362 0.171795 0.003869 0.008309 0.000000 0.000000 
0.113770 0.165962 0.000000 0.001375 0.171795 0.003905 0.008326 0.000000 0.000000 
0.114746 0.167391 0.000000 0.001387 0.171795 0.003941 0.008343 0.000000 0.000000 
0.115723 0.168820 0.000000 0.001399 0.171795 0.003978 0.008361 0.000000 0.000000 
0.116699 0.170250 0.000000 0.001411 0.171795 0.004014 0.008378 0.000000 0.000000 
0.117676 0.171679 0.000000 0.001423 0.171795 0.004051 0.008396 0.000000 0.000000 
0.118652 0.173109 0.000000 0.001435 0.171795 0.004088 0.008414 0.000000 0.000000 
0.119629 0.174539 0.000000 0.001447 0.171795 0.004125 0.008431 0.000000 0.000000 
0.120605 0.175969 0.000000 0.001460 0.171795 0.004161 0.008450 0.000000 0.000000 
0.121582 0.177399 0.000000 0.001472 0.171795 0.004198 0.008468 0.000000 0.000000 
0.122559 0.178829 0.000000 0.001484 0.171795 0.004235 0.008486 0.000000 0.000000 
0.123535 0.180260 0.000000 0.001496 0.171795 0.004273 0.008505 0.000000 0.000000 
0.124512 0.181690 0.000000 0.001508 0.171795 0.004310 0.008524 0.000000 0.000000 
0.125488 0.183121 0.000000 0.001521 0.171795 0.004347 0.008542 0.000000 0.000000 
0.126465 0.184552 0.000000 0.001533 0.171795 0.004384 0.008562 0.000000 0.000000 
0.127441 0.185983 0.000000 0.001545 0.171795 0.004422 0.008581 0.000000 0.000000 
0.128418 0.187414 0.000000 0.001557 0.171795 0.004459 0.008600 0.000000 0.000000 
0.129395 0.188845 0.000000 0.001569 0.171795 0.004497 0.008620 0.000000 0.000000 
0.130371 0.190277 0.000000 0.001582 0.171795 0.004535 0.008639 0.000000 0.000000 
0.131348 0.191708 0.000000 0.001594 0.171795 0.004572 0.008659 0.000000 0.000000 
0.132324 0.193140 0.000000 0.001606 0.171795 0.004610 0.008679 0.000000 0.000000 
0.133301 0.194571 0.000000 0.001618 0.171795 0.004648 0.008700 0.000000 0.000000 
0.134277 0.196003 0.000000 0.001631 0.171795 0.004686 0.008720 0.000000 0.000000 
0.135254 0.197436 0.000000 0.001643 0.171795 0.004724 0.008741 0.000000 0.000000 
0.136230 0.198868 0.000000 0.001655 0.171795 0.004763 0.008761 0.000000 0.000000 
0.137207 0.200300 0.000000 0.001668 0.171795 0.004801 0.008782 0.000000 0.000000 
0.138184 0.201733 0.000000 0.001680 0.171795 0.004839 0.008803 0.000000 0.000000 
0.139160 0.203165 0.000000 0.001692 0.171795 0.004878 0.008824 0.000000 0.000000 
0.140137 0.204598 0.000000 0.001704 0.171795 0.004916 0.008846 0.000000 0.000000 
0.141113 0.206031 0.000000 0.001717 0.171795 0.004955 0.008867 0.000000 0.000000 
0.142090 0.207464 0.000000 0.001729 0.171795 0.004994 0.008889 0.000000 0.000000 
0.143066 0.208898 0.000000 0.001741 0.171795 0.005033 0.008911 0.000000 0.000000 
0.144043 0.210331 0.000000 0.001754 0.171795 0.005072 0.008933 0.000000 0.000000 
0.145020 0.211765 0.000000 0.001766 0.171795 0.005111 0.008955 0.000000 0.000000 
0.145996 0.213198 0.000000 0.001778 0.171795 0.005150 0.008978 0.000000 0.000000 
0.146973 0.214632 0.000000 0.001791 0.171795 0.005189 0.009000 0.000000 0.000000 
0.147949 0.216066 0.000000 0.001803 0.171795 0.005228 0.009023 0.000000 0.000000 
0.148926 0.217501 0.000000 0.001815 0.171795 0.005268 0.009046 0.000000 0.000000 
0.149902 0.218935 0.000000 0.001828 0.171795 0.005307 0.009069 0.000000 0.000000 
0.150879 0.220370 0.000000 0.001840 0.171795 0.005347 0.009092 0.000000 0.000000 
0.151855 0.221804 0.000000 0.001853 0.171795 0.005387 0.009116 0.000000 0.000000 
0.152832 0.223239 0.000000 0.001865 0.171795 0.005427 0.009139 0.000000 0.000000 
0.153809 0.224675 0.000000 0.001877 0.171795 0.005467 0.009163 0.000000 0.000000 
0.154785 0.226110 0.000000 0.001890 0.171795 0.005507 0.009187 0.000000 0.000000 
0.155762 0.227545 0.000000 0.001902 0.171795 0.005547 0.009211 0.000000 0.000000 
0.156738 0.228981 0.000000 0.001915 0.171795 0.005587 0.009236 0.000000 0.000000 
0.157715 0.230417 0.000000 0.001927 0.171795 0.005628 0.009260 0.000000 0.000000 
0.158691 0.231853 0.000000 0.001939 0.171795 0.005668 0.009285 0.000000 0.000000 
0.159668 0.233289 0.000000 0.001952 0.171795 0.005709 0.009310 0.000000 0.000000 
0.160645 0.234725 0.000000 0.001964 0.171795 0.005749 0.009335 0.000000 0.000000 
0.161621 0.236161 0.000000 0.001977 0.171795 0.005790 0.009360 0.000000 0.000000 
0.162598 0.237598 0.000000 0.001989 0.171795 0.005831 0.009385 0.000000 0.000000 
0.163574 0.239035 0.000000 0.002001 0.171795 0.005872 0.009411 0.000000 0.000000 
0.164551 0.240472 0.000000 0.002014 0.171795 0.005913 0.009436 0.000000 0.000000 
0.165527 0.241909 0.000000 0.002026 0.171795 0.005955 0.009462 0.000000 0.000000 
0.166504 0.243347 0.000000 0.002039 0.171795 0.005996 0.009488 0.000000 0.000000 
0.167480 0.244784 0.000000 0.002051 0.171795 0.006038 0.009515 0.000000 0.000000 
0.168457 0.246222 0.000000 0.002064 0.171795 0.006079 0.009541 0.000000 0.000000 
0.169434 0.247660 0.000000 0.002076 0.171795 0.006121 0.009568 0.000000 0.000000 
0.170410 0.249098 0.000000 0.002088 0.171795 0.006163 0.009595 0.000000 0.000000 
0.171387 0.250536 0.000000 0.002101 0.171795 0.006205 0.009622 0.000000 0.000000 
0.172363 0.251975 0.000000 0.002113 0.171795 0.006247 0.009649 0.000000 0.000000 
0.173340 0.253414 0.000000 0.002126 0.171795 0.006289 0.009676 0.000000 0.000000 
0.174316 0.254853 0.000000 0.002138 0.171795 0.006331 0.009704 0.000000 0.000000 
0.175293 0.256292 0.000000 0.002151 0.171795 0.006374 0.009731 0.000000 0.000000 
0.176270 0.257731 0.000000 0.002163 0.171795 0.006416 0.009759 0.000000 0.000000 
0.177246 0.259171 0.000000 0.002175 0.171795 0.006459 0.009788 0.000000 0.000000 
0.178223 0.260610 0.000000 0.002188 0.171795 0.006502 0.009816 0.000000 0.000000 
0.179199 0.262050 0.000000 0.002200 0.171795 0.006545 0.009844 0.000000 0.000000 
0.180176 0.263490 0.000000 0.002213 0.171795 0.006588 0.009873 0.000000 0.000000 
0.181152 0.264931 0.000000 0.002225 0.171795 0.006631 0.009902 0.000000 0.000000 
0.182129 0.266371 0.000000 0.002238 0.171795 0.006674 0.009931 0.000000 0.000000 
0.183105 0.267812 0.000000 0.002250 0.171795 0.006718 0.009960 0.000000 0.000000 
0.184082 0.269253 0.000000 0.002263 0.171795 0.006761 0.009990 0.000000 0.000000 
0.185059 0.270694 0.000000 0.002275 0.171795 0.006805 0.010019 0.000000 0.000000 
0.186035 0.272136 0.000000 0.002287 0.171795 0.006849 0.010049 0.000000 0.000000 
0.187012 0.273577 0.000000 0.002300 0.171795 0.006893 0.010079 0.000000 0.000000 
0.187988 0.275019 0.000000 0.002312 0.171795 0.006937 0.010109 0.000000 0.000000 
0.188965 0.276461 0.000000 0.002325 0.171795 0.006981 0.010140 0.000000 0.000000 
0.189941 0.277903 0.000000 0.002337 0.171795 0.007025 0.010170 0.000000 0.000000 
0.190918 0.279346 0.000000 0.002350 0.171795 0.007070 0.010201 0.000000 0.000000 
0.191895 0.280788 0.000000 0.002362 0.171795 0.007114 0.010232 0.000000 0.000000 
0.192871 0.282231 0.000000 0.002374 0.171795 0.007159 0.010263 0.000000 0.000000 
0.193848 0.283674 0.000000 0.002387 0.171795 0.007204 0.010294 0.000000 0.000000 
0.194824 0.285118 0.000000 0.002399 0.171795 0.007249 0.010326 0.000000 0.000000 
0.195801 0.286561 0.000000 0.002412 0.171795 0.007294 0.010358 0.000000 0.000000 
0.196777 0.288005 0.000000 0.002424 0.171795 0.007340 0.010390 0.000000 0.000000 
0.197754 0.289449 0.000000 0.002436 0.171795 0.007385 0.010422 0.000000 0.000000 
0.198730 0.290894 0.000000 0.002449 0.171795 0.007431 0.010454 0.000000 0.000000 
0.199707 0.292338 0.000000 0.002461 0.171795 0.007476 0.010487 0.000000 0.000000 
0.200684 0.293783 0.000000 0.002474 0.171795 0.007522 0.010520 0.000000 0.000000 
0.201660 0.295228 0.000000 0.002486 0.171795 0.007568 0.010553 0.000000 0.000000 
0.202637 0.296673 0.000000 0.002498 0.171795 0.007614 0.010586 0.000000 0.000000 
0.203613 0.298118 0.000000 0.002511 0.171795 0.007661 0.010619 0.000000 0.000000 
0.204590 0.299564 0.000000 0.002523 0.171795 0.007707 0.010653 0.000000 0.000000 
0.205566 0.301010 0.000000 0.002535 0.171795 0.007754 0.010686 0.000000 0.000000 
0.206543 0.302456 0.000000 0.002548 0.171795 0.007801 0.010720 0.000000 0.000000 
0.207520 0.303903 0.000000 0.002560 0.171795 0.007847 0.010754 0.000000 0.000000 
0.208496 0.305349 0.000000 0.002572 0.171795 0.007894 0.010789 0.000000 0.000000 
0.209473 0.306796 0.000000 0.002584 0.171795 0.007942 0.010823 0.000000 0.000000 
0.210449 0.308243 0.000000 0.002597 0.171795 0.007989 0.010858 0.000000 0.000000 
0.211426 0.309691 0.000000 0.002609 0.171795 0.008036 0.010893 0.000000 0.000000 
0.212402 0.311138 0.000000 0.002621 0.171795 0.008084 0.010928 0.000000 0.000000 
0.213379 0.312586 0.000000 0.002633 0.171795 0.008132 0.010964 0.000000 0.000000 
0.214355 0.314034 0.000000 0.002646 0.171795 0.008180 0.010999 0.000000 0.000000 
0.215332 0.315483 0.000000 0.002658 0.171795 0.008228 0.011035 0.000000 0.000000 
0.216309 0.316931 0.000000 0.002670 0.171795 0.008276 0.011071 0.000000 0.000000 
0.217285 0.318380 0.000000 0.002682 0.171795 0.008325 0.011108 0.000000 0.000000 
0.218262 0.319829 0.000000 0.002694 0.171795 0.008373 0.011144 0.000000 0.000000 
0.219238 0.321279 0.000000 0.002706 0.171795 0.008422 0.011181 0.000000 0.000000 
0.220215 0.322729 0.000000 0.002719 0.171795 0.008471 0.011218 0.000000 0.000000 
0.221191 0.324178 0.000000 0.002731 0.171795 0.008520 0.011255 0.000000 0.000000 
0.222168 0.325629 0.000000 0.002743 0.171795 0.008569 0.011292 0.000000 0.000000 
0.223145 0.327079 0.000000 0.002755 0.171795 0.008619 0.011330 0.000000 0.000000 
0.224121 0.328530 0.000000 0.002767 0.171795 0.008668 0.011367 0.000000 0.000000 
0.225098 0.329981 0.000000 0.002779 0.171795 0.008718 0.011405 0.000000 0.000000 
0.226074 0.331432 0.000000 0.002791 0.171795 0.008768 0.011443 0.000000 0.000000 
0.227051 0.332884 0.000000 0.002803 0.171795 0.008818 0.011482 0.000000 0.000000 
0.228027 0.334336 0.000000 0.002815 0.171795 0.008868 0.011520 0.000000 0.000000 
0.229004 0.335788 0.000000 0.002827 0.171795 0.008919 0.011559 0.000000 0.000000 
0.229980 0.337240 0.000000 0.002839 0.171795 0.008969 0.011598 0.000000 0.000000 
0.230957 0.338693 0.000000 0.002850 0.171795 0.009020 0.011638 0.000000 0.000000 
0.231934 0.340146 0.000000 0.002862 0.171795 0.009071 0.011677 0.000000 0.000000 
0.232910 0.341599 0.000000 0.002874 0.171795 0.009122 0.011717 0.000000 0.000000 
0.233887 0.343053 0.000000 0.002886 0.171795 0.009173 0.011757 0.000000 0.000000 
0.234863 0.344506 0.000000 0.002898 0.171795 0.009225 0.011797 0.000000 0.000000 
0.235840 0.345961 0.000000 0.002909 0.171795 0.009276 0.011837 0.000000 0.000000 
0.236816 0.347415 0.000000 0.002921 0.171795 0.009328 0.011878 0.000000 0.000000 
0.237793 0.348870 0.000000 0.002933 0.171795 0.009380 0.011919 0.000000 0.000000 
0.238770 0.350325 0.000000 0.002944 0.171795 0.009432 0.011960 0.000000 0.000000 
0.239746 0.351780 0.000000 0.002956 0.171795 0.009484 0.012001 0.000000 0.000000 
0.240723 0.353235 0.000000 0.002967 0.171795 0.009537 0.012043 0.000000 0.000000 
0.241699 0.354691 0.000000 0.002979 0.171795 0.009590 0.012085 0.000000 0.000000 
0.242676 0.356147 0.000000 0.002990 0.171795 0.009642 0.012127 0.000000 0.000000 
0.243652 0.357604 0.000000 0.003002 0.171795 0.009695 0.012169 0.000000 0.000000 
0.244629 0.359061 0.000000 0.003013 0.171795 0.009749 0.012211 0.000000 0.000000 
0.245605 0.360518 0.000000 0.003025 0.171795 0.009802 0.012254 0.000000 0.000000 
0.246582 0.361975 0.000000 0.003036 0.171795 0.009856 0.012297 0.000000 0.000000 
0.247559 0.363433 0.000000 0.003047 0.171795 0.009910 0.012340 0.000000 0.000000 
0.248535 0.364891 0.000000 0.003059 0.171795 0.009964 0.012383 0.000000 0.000000 
0.249512 0.366349 0.000000 0.003070 0.171795 0.010018 0.012427 0.000000 0.000000 
0.250488 0.367808 0.000000 0.003081 0.171795 0.010072 0.012471 0.000000 0.000000 
0.251465 0.369267 0.000000 0.003092 0.171795 0.010127 0.012515 0.000000 0.000000 
0.252441 0.370726 0.000000 0.003103 0.171795 0.010181 0.012559 0.000000 0.000000 
0.253418 0.372185 0.000000 0.003114 0.171795 0.010236 0.012604 0.000000 0.000000 
0.254395 0.373645 0.000000 0.003125 0.171795 0.010291 0.012649 0.000000 0.000000 
0.255371 0.375105 0.000000 0.003136 0.171795 0.010347 0.012694 0.000000 0.000000 
0.256348 0.376566 0.000000 0.003147 0.171795 0.010402 0.012739 0.000000 0.000000 
0.257324 0.378027 0.000000 0.003158 0.171795 0.010458 0.012785 0.000000 0.000000 
0.258301 0.379488 0.000000 0.003168 0.171795 0.010514 0.012831 0.000000 0.000000 
0.259277 0.380950 0.000000 0.003179 0.171795 0.010570 0.012877 0.000000 0.000000 
0.260254 0.382411 0.000000 0.003190 0.171795 0.010627 0.012923 0.000000 0.000000 
0.261230 0.383873 0.000000 0.003200 0.171795 0.010683 0.012969 0.000000 0.000000 
0.262207 0.385336 0.000000 0.003211 0.171795 0.010740 0.013016 0.000000 0.000000 
0.263184 0.386799 0.000000 0.003221 0.171795 0.010797 0.013063 0.000000 0.000000 
0.264160 0.388262 0.000000 0.003232 0.171795 0.010854 0.013110 0.000000 0.000000 
0.265137 0.389725 0.000000 0.003242 0.171795 0.010911 0.013158 0.000000 0.000000 
0.266113 0.391189 0.000000 0.003252 0.171795 0.010969 0.013206 0.000000 0.000000 
0.267090 0.392653 0.000000 0.003262 0.171795 0.011027 0.013254 0.000000 0.000000 
0.268066 0.394118 0.000000 0.003272 0.171795 0.011085 0.013302 0.000000 0.000000 
0.269043 0.395583 0.000000 0.003282 0.171795 0.011143 0.013351 0.000000 0.000000 
0.270020 0.397048 0.000000 0.003292 0.171795 0.011201 0.013399 0.000000 0.000000 
0.270996 0.398514 0.000000 0.003302 0.171795 0.011260 0.013448 0.000000 0.000000 
0.271973 0.399980 0.000000 0.003312 0.171795 0.011319 0.013498 0.000000 0.000000 
0.272949 0.401446 0.000000 0.003322 0.171795 0.011378 0.013547 0.000000 0.000000 
0.273926 0.402912 0.000000 0.003331 0.171795 0.011437 0.013597 0.000000 0.000000 
0.274902 0.404380 0.000000 0.003341 0.171795 0.011497 0.013647 0.000000 0.000000 
0.275879 0.406697 0.000000 0.003952 0.171795 0.012077 0.013699 0.000475 0.000793 
0.276855 0.408170 0.000000 0.003965 0.171795 0.012140 0.013752 0.000478 0.000844 
0.277832 0.409644 0.000000 0.003978 0.171795 0.012204 0.013805 0.000482 0.000895 
0.278809 0.411119 0.000000 0.003992 0.171795 0.012268 0.013858 0.000485 0.000946 
0.279785 0.412594 0.000000 0.004005 0.171795 0.012333 0.013912 0.000489 0.000998 
0.280762 0.414070 0.000000 0.004019 0.171795 0.012398 0.013966 0.000492 0.001049 
0.281738 0.415547 0.000000 0.004033 0.171795 0.012463 0.014020 0.000496 0.001102 
0.282715 0.417024 0.000000 0.004047 0.171795 0.012529 0.014075 0.000501 0.001154 
0.283691 0.418502 0.000000 0.004062 0.171795 0.012595 0.014130 0.000505 0.001207 
0.284668 0.419981 0.000000 0.004076 0.171795 0.012662 0.014185 0.000509 0.001259 
0.285645 0.421461 0.000000 0.004091 0.171795 0.012730 0.014240 0.000514 0.001313 
0.286621 0.422941 0.000000 0.004105 0.171795 0.012797 0.014296 0.000519 0.001366 
0.287598 0.424423 0.000000 0.004120 0.171795 0.012865 0.014352 0.000524 0.001420 
0.288574 0.425905 0.000000 0.004135 0.171795 0.012934 0.014408 0.000530 0.001474 
0.289551 0.427387 0.000000 0.004150 0.171795 0.013003 0.014465 0.000535 0.001529 
0.290527 0.428871 0.000000 0.004166 0.171795 0.013073 0.014522 0.000541 0.001583 
0.291504 0.430355 0.000000 0.004181 0.171795 0.013143 0.014579 0.000547 0.001638 
0.292480 0.431840 0.000000 0.004197 0.171795 0.013213 0.014637 0.000553 0.001694 
0.293457 0.433326 0.000000 0.004213 0.171795 0.013284 0.014695 0.000559 0.001749 
0.294434 0.434812 0.000000 0.004228 0.171795 0.013356 0.014753 0.000566 0.001805 
0.295410 0.436300 0.000000 0.004244 0.171795 0.013428 0.014811 0.000573 0.001861 
0.296387 0.437788 0.000000 0.004261 0.171795 0.013500 0.014870 0.000580 0.001918 
0.297363 0.439277 0.000000 0.004277 0.171795 0.013573 0.014929 0.000587 0.001975 
0.298340 0.440766 0.000000 0.004293 0.171795 0.013647 0.014989 0.000594 0.002032 
0.299316 0.442257 0.000000 0.004310 0.171795 0.013721 0.015048 0.000602 0.002090 
0.300293 0.443748 0.000000 0.004327 0.171795 0.013795 0.015108 0.000610 0.002147 
0.301270 0.445240 0.000000 0.004343 0.171795 0.013870 0.015169 0.000618 0.002206 
0.302246 0.446733 0.000000 0.004360 0.171795 0.013945 0.015230 0.000626 0.002264 
0.303223 0.448227 0.000000 0.004377 0.171795 0.014021 0.015291 0.000634 0.002323 
0.304199 0.449722 0.000000 0.004394 0.171795 0.014098 0.015352 0.000643 0.002382 
0.305176 0.451217 0.000000 0.004412 0.171795 0.014175 0.015414 0.000652 0.002442 
0.306152 0.452714 0.000000 0.004429 0.171795 0.014252 0.015476 0.000661 0.002502 
0.307129 0.454211 0.000000 0.004447 0.171795 0.014330 0.015538 0.000671 0.002562 
0.308105 0.455709 0.000000 0.004464 0.171795 0.014409 0.015601 0.000680 0.002622 
0.309082 0.457208 0.000000 0.004482 0.171795 0.014488 0.015664 0.000690 0.002683 
0.310059 0.458707 0.000000 0.004500 0.171795 0.014567 0.015728 0.000700 0.002745 
0.311035 0.460208 0.000000 0.004518 0.171795 0.014647 0.015791 0.000710 0.002806 
0.312012 0.461709 0.000000 0.004536 0.171795 0.014728 0.015856 0.000721 0.002868 
0.312988 0.463212 0.000000 0.004554 0.171795 0.014809 0.015920 0.000731 0.002931 
0.313965 0.464715 0.000000 0.004573 0.171795 0.014890 0.015985 0.000742 0.002994 
0.314941 0.466219 0.000000 0.004591 0.171795 0.014973 0.016050 0.000753 0.003057 
0.315918 0.467724 0.000000 0.004609 0.171795 0.015055 0.016116 0.000765 0.003120 
0.316895 0.469229 0.000000 0.004628 0.171795 0.015139 0.016182 0.000776 0.003184 
0.317871 0.470736 0.000000 0.004647 0.171795 0.015222 0.016248 0.000788 0.003248 
0.318848 0.472244 0.000000 0.004665 0.171795 0.015307 0.016315 0.000800 0.003313 
0.319824 0.473752 0.000000 0.004684 0.171795 0.015392 0.016382 0.000813 0.003378 
0.320801 0.475262 0.000000 0.004703 0.171795 0.015477 0.016449 0.000825 0.003443 
0.321777 0.476772 0.000000 0.004722 0.171795 0.015563 0.016517 0.000838 0.003509 
0.322754 0.478283 0.000000 0.004741 0.171795 0.015650 0.016585 0.000851 0.003576 
0.323730 0.479795 0.000000 0.004760 0.171795 0.015737 0.016653 0.000865 0.003642 
0.324707 0.481309 0.000000 0.004780 0.171795 0.015825 0.016722 0.000878 0.003709 
0.325684 0.482823 0.000000 0.004799 0.171795 0.015913 0.016792 0.000892 0.003777 
0.326660 0.484338 0.000000 0.004818 0.171795 0.016002 0.016861 0.000906 0.003844 
0.327637 0.485853 0.000000 0.004838 0.171795 0.016091 0.016931 0.000920 0.003913 
0.328613 0.487370 0.000000 0.004857 0.171795 0.016182 0.017002 0.000935 0.003981 
0.329590 0.488888 0.000000 0.004877 0.171795 0.016272 0.017073 0.000950 0.004050 
0.330566 0.490407 0.000000 0.004896 0.171795 0.016363 0.017144 0.000965 0.004120 
0.331543 0.491927 0.000000 0.004916 0.171795 0.016455 0.017216 0.000980 0.004190 
0.332520 0.493448 0.000000 0.004935 0.171795 0.016548 0.017288 0.000996 0.004260 
0.333496 0.494969 0.000000 0.004955 0.171795 0.016641 0.017360 0.001012 0.004331 
0.334473 0.496492 0.000000 0.004975 0.171795 0.016734 0.017433 0.001028 0.004402 
0.335449 0.498016 0.000000 0.004994 0.171795 0.016829 0.017506 0.001044 0.004474 
0.336426 0.499540 0.000000 0.005014 0.171795 0.016923 0.017580 0.001061 0.004546 
0.337402 0.501066 0.000000 0.005034 0.171795 0.017019 0.017654 0.001078 0.004619 
0.338379 0.502593 0.000000 0.005054 0.171795 0.017115 0.017729 0.001095 0.004692 
0.339355 0.504121 0.000000 0.005073 0.171795 0.017212 0.017804 0.001112 0.004765 
0.340332 0.505649 0.000000 0.005093 0.171795 0.017309 0.017879 0.001130 0.004839 
0.341309 0.507179 0.000000 0.005113 0.171795 0.017407 0.017955 0.001148 0.004913 
0.342285 0.508710 0.000000 0.005132 0.171795 0.017506 0.018031 0.001166 0.004988 
0.343262 0.510242 0.000000 0.005152 0.171795 0.017605 0.018108 0.001185 0.005064 
0.344238 0.511775 0.000000 0.005172 0.171795 0.017705 0.018185 0.001204 0.005139 
0.345215 0.513309 0.000000 0.005191 0.171795 0.017805 0.018263 0.001223 0.005216 
0.346191 0.514844 0.000000 0.005211 0.171795 0.017906 0.018341 0.001242 0.005292 
0.347168 0.516380 0.000000 0.005231 0.171795 0.018008 0.018419 0.001262 0.005370 
0.348145 0.517917 0.000000 0.005250 0.171795 0.018111 0.018498 0.001282 0.005447 
0.349121 0.519455 0.000000 0.005270 0.171795 0.018214 0.018577 0.001302 0.005526 
0.350098 0.520995 0.000000 0.005289 0.171795 0.018318 0.018657 0.001323 0.005604 
0.351074 0.522535 0.000000 0.005308 0.171795 0.018422 0.018737 0.001343 0.005684 
0.352051 0.524077 0.000000 0.005327 0.171795 0.018527 0.018818 0.001365 0.005763 
0.353027 0.525619 0.000000 0.005347 0.171795 0.018633 0.018899 0.001386 0.005843 
0.354004 0.527163 0.000000 0.005366 0.171795 0.018740 0.018981 0.001408 0.005924 
0.354980 0.528708 0.000000 0.005385 0.171795 0.018847 0.019063 0.001430 0.006005 
0.355957 0.530254 0.000000 0.005403 0.171795 0.018955 0.019145 0.001452 0.006087 
0.356934 0.531801 0.000000 0.005422 0.171795 0.019063 0.019228 0.001475 0.006169 
0.357910 0.533349 0.000000 0.005441 0.171795 0.019173 0.019312 0.001498 0.006252 
0.358887 0.534899 0.000000 0.005459 0.171795 0.019282 0.019396 0.001521 0.006335 
0.359863 0.536449 0.000000 0.005478 0.171795 0.019393 0.019480 0.001544 0.006419 
0.360840 0.538001 0.000000 0.005496 0.171795 0.019505 0.019565 0.001568 0.006504 
0.361816 0.539554 0.000000 0.005514 0.171795 0.019617 0.019650 0.001592 0.006589 
0.362793 0.541108 0.000000 0.005531 0.171795 0.019729 0.019736 0.001617 0.006674 
0.363770 0.542663 0.000000 0.005549 0.171795 0.019843 0.019823 0.001642 0.006760 
0.364746 0.544220 0.000000 0.005567 0.171795 0.019957 0.019910 0.001667 0.006847 
0.365723 0.545777 0.000000 0.005584 0.171795 0.020072 0.019997 0.001692 0.006934 
0.366699 0.547336 0.000000 0.005601 0.171795 0.020188 0.020085 0.001718 0.007021 
0.367676 0.548896 0.000000 0.005618 0.171795 0.020305 0.020173 0.001744 0.007110 
0.368652 0.550457 0.000000 0.005634 0.171795 0.020422 0.020262 0.001770 0.007199 
0.369629 0.552020 0.000000 0.005651 0.171795 0.020540 0.020352 0.001797 0.007288 
0.370605 0.553584 0.000000 0.005667 0.171795 0.020658 0.020442 0.001824 0.007378 
0.371582 0.555149 0.000000 0.005682 0.171795 0.020778 0.020532 0.001852 0.007468 
0.372559 0.556715 0.000000 0.005698 0.171795 0.020898 0.020623 0.001879 0.007560 
0.373535 0.558282 0.000000 0.005713 0.171795 0.021019 0.020715 0.001907 0.007651 
0.374512 0.559851 0.000000 0.005728 0.171795 0.021141 0.020807 0.001936 0.007744 
0.375488 0.561421 0.000000 0.005742 0.171795 0.021264 0.020899 0.001965 0.007837 
0.376465 0.562992 0.000000 0.005757 0.171795 0.021387 0.020993 0.001994 0.007930 
0.377441 0.564565 0.000000 0.005771 0.171795 0.021511 0.021086 0.002023 0.008024 
0.378418 0.566139 0.000000 0.005784 0.171795 0.021636 0.021181 0.002053 0.008119 
0.379395 0.567714 0.000000 0.005797 0.171795 0.021762 0.021275 0.002083 0.008214 
0.380371 0.569290 0.000000 0.005810 0.171795 0.021888 0.021371 0.002114 0.008310 
0.381348 0.570868 0.000000 0.005822 0.171795 0.022016 0.021466 0.002144 0.008407 
0.382324 0.572447 0.000000 0.005834 0.171795 0.022144 0.021563 0.002176 0.008504 
0.383301 0.574027 0.000000 0.005846 0.171795 0.022273 0.021660 0.002207 0.008602 
0.384277 0.575609 0.000000 0.005857 0.171795 0.022402 0.021757 0.002239 0.008701 
0.385254 0.577192 0.000000 0.005867 0.171795 0.022533 0.021856 0.002271 0.008800 
0.386230 0.578777 0.000000 0.005877 0.171795 0.022665 0.021954 0.002304 0.008900 
0.387207 0.580363 0.000000 0.005886 0.171795 0.022797 0.022054 0.002337 0.009000 
0.388184 0.581950 0.000000 0.005895 0.171795 0.022930 0.022153 0.002371 0.009101 
0.389160 0.583538 0.000000 0.005904 0.171795 0.023064 0.022254 0.002404 0.009203 
0.390137 0.585128 0.000000 0.005912 0.171795 0.023199 0.022355 0.002438 0.009305 
0.391113 0.586720 0.000000 0.005919 0.171795 0.023334 0.022456 0.002473 0.009409 
0.392090 0.588313 0.000000 0.005925 0.171795 0.023471 0.022559 0.002508 0.009512 
0.393066 0.589907 0.000000 0.005931 0.171795 0.023608 0.022661 0.002543 0.009617 
0.394043 0.591503 0.000000 0.005937 0.171795 0.023747 0.022765 0.002579 0.009722 
0.395020 0.593100 0.000000 0.005941 0.171795 0.023886 0.022869 0.002615 0.009828 
0.395996 0.594698 0.000000 0.005945 0.171795 0.024026 0.022974 0.002651 0.009935 
0.396973 0.596298 0.000000 0.005949 0.171795 0.024167 0.023079 0.002688 0.010042 
0.397949 0.597900 0.000000 0.005951 0.171795 0.024309 0.023185 0.002726 0.010150 
0.398926 0.599503 0.000000 0.005953 0.171795 0.024451 0.023291 0.002763 0.010259 
0.399902 0.601107 0.000000 0.005954 0.171795 0.024595 0.023398 0.002801 0.010368 
0.400879 0.602713 0.000000 0.005954 0.171795 0.024740 0.023506 0.002840 0.010478 
0.401855 0.604320 0.000000 0.005953 0.171795 0.024885 0.023614 0.002879 0.010589 
0.402832 0.605929 0.000000 0.005951 0.171795 0.025032 0.023723 0.002918 0.010701 
0.403809 0.607540 0.000000 0.005949 0.171795 0.025179 0.023833 0.002958 0.010813 
0.404785 0.609152 0.000000 0.005945 0.171795 0.025327 0.023943 0.002998 0.010926 
0.405762 0.610765 0.000000 0.005941 0.171795 0.025476 0.024054 0.003038 0.011040 
0.406738 0.612380 0.000000 0.005935 0.171795 0.025627 0.024166 0.003079 0.011155 
0.407715 0.613997 0.000000 0.005929 0.171795 0.025778 0.024278 0.003121 0.011270 
0.408691 0.615615 0.000000 0.005922 0.171795 0.025930 0.024391 0.003162 0.011386 
0.409668 0.617235 0.000000 0.005913 0.171795 0.026083 0.024504 0.003205 0.011503 
0.410645 0.618856 0.000000 0.005903 0.171795 0.026237 0.024619 0.003247 0.011621 
0.411621 0.620479 0.000000 0.005892 0.171795 0.026392 0.024734 0.003291 0.011739 
0.412598 0.622103 0.000000 0.005880 0.171795 0.026548 0.024849 0.003334 0.011858 
0.413574 0.623730 0.000000 0.005867 0.171795 0.026705 0.024966 0.003378 0.011978 
0.414551 0.625357 0.000000 0.005853 0.171795 0.026863 0.025083 0.003423 0.012099 
0.415527 0.626987 0.000000 0.005837 0.171795 0.027022 0.025200 0.003467 0.012221 
0.416504 0.628618 0.000000 0.005820 0.171795 0.027182 0.025319 0.003513 0.012343 
0.417480 0.630251 0.000000 0.005801 0.171795 0.027343 0.025438 0.003559 0.012467 
0.418457 0.631885 0.000000 0.005782 0.171795 0.027505 0.025557 0.003605 0.012591 
0.419434 0.633521 0.000000 0.005760 0.171795 0.027668 0.025678 0.003651 0.012716 
0.420410 0.635159 0.000000 0.005737 0.171795 0.027832 0.025799 0.003699 0.012841 
0.421387 0.636798 0.000000 0.005713 0.171795 0.027997 0.025921 0.003746 0.012968 
0.422363 0.638439 0.000000 0.005687 0.171795 0.028163 0.026044 0.003794 0.013095 
0.423340 0.640082 0.000000 0.005660 0.171795 0.028330 0.026167 0.003843 0.013224 
0.424316 0.641727 0.000000 0.005631 0.171795 0.028499 0.026291 0.003892 0.013353 
0.425293 0.643373 0.000000 0.005600 0.171795 0.028668 0.026416 0.003942 0.013483 
0.426270 0.645021 0.000000 0.005567 0.171795 0.028838 0.026541 0.003992 0.013614 
0.427246 0.646671 0.000000 0.005533 0.171795 0.029010 0.026668 0.004042 0.013746 
0.428223 0.648323 0.000000 0.005496 0.171795 0.029182 0.026795 0.004093 0.013878 
0.429199 0.649976 0.000000 0.005458 0.171795 0.029356 0.026923 0.004144 0.014012 
0.430176 0.651632 0.000000 0.005418 0.171795 0.029531 0.027051 0.004196 0.014146 
0.431152 0.653289 0.000000 0.005376 0.171795 0.029707 0.027181 0.004249 0.014282 
0.432129 0.654948 0.000000 0.005332 0.171795 0.029884 0.027311 0.004302 0.014418 
0.433105 0.656608 0.000000 0.005285 0.171795 0.030062 0.027442 0.004355 0.014555 
0.434082 0.658271 0.000000 0.005237 0.171795 0.030241 0.027573 0.004409 0.014693 
0.435059 0.659935 0.000000 0.005186 0.171795 0.030422 0.027706 0.004464 0.014832 
0.436035 0.661602 0.000000 0.005133 0.171795 0.030603 0.027839 0.004519 0.014972 
0.437012 0.663270 0.000000 0.005078 0.171795 0.030786 0.027973 0.004574 0.015113 
0.437988 0.664940 0.000000 0.005020 0.171795 0.030970 0.028108 0.004630 0.015255 
0.438965 0.666612 0.000000 0.004960 0.171795 0.031155 0.028244 0.004687 0.015398 
0.439941 0.668286 0.000000 0.004897 0.171795 0.031341 0.028380 0.004744 0.015541 
0.440918 0.669961 0.000000 0.004831 0.171795 0.031528 0.028517 0.004802 0.015686 
0.441895 0.671639 0.000000 0.004763 0.171795 0.031717 0.028655 0.004860 0.015832 
0.442871 0.673319 0.000000 0.004692 0.171795 0.031907 0.028794 0.004919 0.015978 
0.443848 0.675001 0.000000 0.004619 0.171795 0.032098 0.028934 0.004978 0.016126 
0.444824 0.676684 0.000000 0.004542 0.171795 0.032290 0.029075 0.005038 0.016275 
0.445801 0.678370 0.000000 0.004462 0.171795 0.032483 0.029216 0.005098 0.016424 
0.446777 0.680057 0.000000 0.004380 0.171795 0.032678 0.029358 0.005159 0.016575 
0.447754 0.681747 0.000000 0.004294 0.171795 0.032874 0.029502 0.005220 0.016727 
0.448730 0.683439 0.000000 0.004205 0.171795 0.033071 0.029646 0.005282 0.016879 
0.449707 0.685133 0.000000 0.004113 0.171795 0.033269 0.029790 0.005345 0.017033 
0.450684 0.686828 0.000000 0.004017 0.171795 0.033469 0.029936 0.005408 0.017188 
0.451660 0.688526 0.000000 0.003918 0.171795 0.033670 0.030083 0.005472 0.017344 
0.452637 0.690226 0.000000 0.003815 0.171795 0.033872 0.030230 0.005536 0.017501 
0.453613 0.691928 0.000000 0.003709 0.171795 0.034075 0.030379 0.005601 0.017659 
0.454590 0.693632 0.000000 0.003598 0.171795 0.034280 0.030528 0.005666 0.017818 
0.455566 0.695339 0.000000 0.003484 0.171795 0.034486 0.030678 0.005733 0.017978 
0.456543 0.697047 0.000000 0.003366 0.171795 0.034693 0.030829 0.005799 0.018139 
0.457520 0.698757 0.000000 0.003244 0.171795 0.034902 0.030981 0.005866 0.018301 
0.458496 0.700470 0.000000 0.003118 0.171795 0.035112 0.031134 0.005934 0.018464 
0.459473 0.702185 0.000000 0.002988 0.171795 0.035323 0.031288 0.006003 0.018629 
0.460449 0.703902 0.000000 0.002853 0.171795 0.035536 0.031443 0.006072 0.018794 
0.461426 0.705621 0.000000 0.002714 0.171795 0.035750 0.031598 0.006141 0.018961 
0.462402 0.707343 0.000000 0.002570 0.171795 0.035965 0.031755 0.006212 0.019129 
0.463379 0.709067 0.000000 0.002422 0.171795 0.036182 0.031912 0.006283 0.019298 
0.464355 0.710793 0.000000 0.002269 0.171795 0.036400 0.032071 0.006354 0.019468 
0.465332 0.712521 0.000000 0.002110 0.171795 0.036619 0.032230 0.006426 0.019639 
0.466309 0.714251 0.000000 0.001947 0.171795 0.036840 0.032391 0.006499 0.019811 
0.467285 0.715984 0.000000 0.001779 0.171795 0.037063 0.032552 0.006573 0.019985 
0.468262 0.717719 0.000000 0.001605 0.171795 0.037286 0.032714 0.006647 0.020160 
0.469238 0.719457 0.000000 0.001426 0.171795 0.037511 0.032878 0.006721 0.020335 
0.470215 0.721196 0.000000 0.001241 0.171795 0.037738 0.033042 0.006797 0.020512 
0.471191 0.722938 0.000000 0.001050 0.171795 0.037966 0.033207 0.006873 0.020691 
0.472168 0.724683 0.000000 0.000854 0.171795 0.038195 0.033374 0.006950 0.020870 
0.473145 0.726430 0.000000 0.000651 0.171795 0.038426 0.033541 0.007027 0.021051 
0.474121 0.728179 0.000000 0.000443 0.171795 0.038658 0.033709 0.007105 0.021233 
0.475098 0.729930 0.000000 0.000228 0.171795 0.038892 0.033879 0.007184 0.021416 
0.476074 0.731685 0.000000 0.000007 0.171795 0.039128 0.034049 0.007263 0.021600 
0.477051 0.733441 0.000000 0.000221 0.171795 0.039364 0.034220 0.007343 0.021786 
0.478027 0.735200 0.000000 0.000456 0.171795 0.039603 0.034393 0.007424 0.021973 
0.479004 0.736961 0.000000 0.000698 0.171795 0.039842 0.034566 0.007505 0.022161 
0.479980 0.738725 0.000000 0.000947 0.171795 0.040084 0.034741 0.007588 0.022351 
0.480957 0.740492 0.000000 0.001203 0.171795 0.040327 0.034917 0.007670 0.022541 
0.481934 0.742261 0.000000 0.001466 0.171795 0.040571 0.035093 0.007754 0.022733 
0.482910 0.744032 0.000000 0.001738 0.171795 0.040817 0.035271 0.007838 0.022927 
0.483887 0.745806 0.000000 0.002017 0.171795 0.041064 0.035450 0.007923 0.023121 
0.484863 0.747583 0.000000 0.002304 0.171795 0.041314 0.035630 0.008009 0.023317 
0.485840 0.749362 0.000000 0.002599 0.171795 0.041564 0.035811 0.008095 0.023514 
0.486816 0.751144 0.000000 0.002903 0.171795 0.041817 0.035993 0.008182 0.023713 
0.487793 0.752928 0.000000 0.003216 0.171795 0.042070 0.036176 0.008270 0.023913 
0.488770 0.754715 0.000000 0.003537 0.171795 0.042326 0.036360 0.008359 0.024114 
0.489746 0.756505 0.000000 0.003868 0.171795 0.042583 0.036546 0.008448 0.024317 
0.490723 0.758297 0.000000 0.004207 0.171795 0.042842 0.036732 0.008538 0.024521 
0.491699 0.760092 0.000000 0.004557 0.171795 0.043102 0.036920 0.008629 0.024726 
0.492676 0.761890 0.000000 0.004916 0.171795 0.043364 0.037109 0.008721 0.024933 
0.493652 0.763691 0.000000 0.005284 0.171795 0.043628 0.037298 0.008813 0.025142 
0.494629 0.765494 0.000000 0.005664 0.171795 0.043893 0.037490 0.008907 0.025351 
0.495605 0.767300 0.000000 0.006053 0.171795 0.044160 0.037682 0.009001 0.025562 
0.496582 0.769108 0.000000 0.006454 0.171795 0.044429 0.037875 0.009095 0.025775 
0.497559 0.770920 0.000000 0.006865 0.171795 0.044700 0.038070 0.009191 0.025989 
0.498535 0.772734 0.000000 0.007288 0.171795 0.044972 0.038266 0.009287 0.026204 
0.499512 0.774551 0.000000 0.007722 0.171795 0.045246 0.038463 0.009384 0.026421 
