#cell coordinates and the corresponding fe_index
-0.499512 1 
-0.498535 1 
-0.497559 1 
-0.496582 1 
-0.495605 1 
-0.494629 1 
-0.493652 1 
-0.492676 1 
-0.491699 1 
-0.490723 1 
-0.489746 1 
-0.488770 1 
-0.487793 1 
-0.486816 1 
-0.485840 1 
-0.484863 1 
-0.483887 1 
-0.482910 1 
-0.481934 1 
-0.480957 1 
-0.479980 1 
-0.479004 1 
-0.478027 1 
-0.477051 1 
-0.476074 1 
-0.475098 1 
-0.474121 1 
-0.473145 1 
-0.472168 1 
-0.471191 1 
-0.470215 1 
-0.469238 1 
-0.468262 1 
-0.467285 1 
-0.466309 1 
-0.465332 1 
-0.464355 1 
-0.463379 1 
-0.462402 1 
-0.461426 1 
-0.460449 1 
-0.459473 1 
-0.458496 1 
-0.457520 1 
-0.456543 1 
-0.455566 1 
-0.454590 1 
-0.453613 1 
-0.452637 1 
-0.451660 1 
-0.450684 1 
-0.449707 1 
-0.448730 1 
-0.447754 1 
-0.446777 1 
-0.445801 1 
-0.444824 1 
-0.443848 1 
-0.442871 1 
-0.441895 1 
-0.440918 1 
-0.439941 1 
-0.438965 1 
-0.437988 1 
-0.437012 1 
-0.436035 1 
-0.435059 1 
-0.434082 1 
-0.433105 1 
-0.432129 1 
-0.431152 1 
-0.430176 1 
-0.429199 1 
-0.428223 1 
-0.427246 1 
-0.426270 1 
-0.425293 1 
-0.424316 1 
-0.423340 1 
-0.422363 1 
-0.421387 1 
-0.420410 1 
-0.419434 1 
-0.418457 1 
-0.417480 1 
-0.416504 1 
-0.415527 1 
-0.414551 1 
-0.413574 1 
-0.412598 1 
-0.411621 1 
-0.410645 1 
-0.409668 1 
-0.408691 1 
-0.407715 1 
-0.406738 1 
-0.405762 1 
-0.404785 1 
-0.403809 1 
-0.402832 1 
-0.401855 1 
-0.400879 1 
-0.399902 1 
-0.398926 1 
-0.397949 1 
-0.396973 1 
-0.395996 1 
-0.395020 1 
-0.394043 1 
-0.393066 1 
-0.392090 1 
-0.391113 1 
-0.390137 1 
-0.389160 1 
-0.388184 1 
-0.387207 1 
-0.386230 1 
-0.385254 1 
-0.384277 1 
-0.383301 1 
-0.382324 1 
-0.381348 1 
-0.380371 1 
-0.379395 1 
-0.378418 1 
-0.377441 1 
-0.376465 1 
-0.375488 1 
-0.374512 1 
-0.373535 1 
-0.372559 1 
-0.371582 1 
-0.370605 1 
-0.369629 1 
-0.368652 1 
-0.367676 1 
-0.366699 1 
-0.365723 1 
-0.364746 1 
-0.363770 1 
-0.362793 1 
-0.361816 1 
-0.360840 1 
-0.359863 1 
-0.358887 1 
-0.357910 1 
-0.356934 1 
-0.355957 1 
-0.354980 1 
-0.354004 1 
-0.353027 1 
-0.352051 1 
-0.351074 1 
-0.350098 1 
-0.349121 1 
-0.348145 1 
-0.347168 1 
-0.346191 1 
-0.345215 1 
-0.344238 1 
-0.343262 1 
-0.342285 1 
-0.341309 1 
-0.340332 1 
-0.339355 1 
-0.338379 1 
-0.337402 1 
-0.336426 1 
-0.335449 1 
-0.334473 1 
-0.333496 1 
-0.332520 1 
-0.331543 1 
-0.330566 1 
-0.329590 1 
-0.328613 1 
-0.327637 1 
-0.326660 1 
-0.325684 1 
-0.324707 1 
-0.323730 1 
-0.322754 1 
-0.321777 1 
-0.320801 1 
-0.319824 1 
-0.318848 1 
-0.317871 1 
-0.316895 1 
-0.315918 1 
-0.314941 1 
-0.313965 1 
-0.312988 1 
-0.312012 1 
-0.311035 1 
-0.310059 1 
-0.309082 1 
-0.308105 1 
-0.307129 1 
-0.306152 1 
-0.305176 1 
-0.304199 1 
-0.303223 1 
-0.302246 1 
-0.301270 1 
-0.300293 1 
-0.299316 1 
-0.298340 1 
-0.297363 1 
-0.296387 1 
-0.295410 1 
-0.294434 1 
-0.293457 1 
-0.292480 1 
-0.291504 1 
-0.290527 1 
-0.289551 1 
-0.288574 1 
-0.287598 1 
-0.286621 1 
-0.285645 1 
-0.284668 1 
-0.283691 1 
-0.282715 1 
-0.281738 1 
-0.280762 1 
-0.279785 1 
-0.278809 1 
-0.277832 1 
-0.276855 1 
-0.275879 1 
-0.274902 1 
-0.273926 1 
-0.272949 1 
-0.271973 1 
-0.270996 1 
-0.270020 1 
-0.269043 1 
-0.268066 1 
-0.267090 1 
-0.266113 1 
-0.265137 1 
-0.264160 1 
-0.263184 1 
-0.262207 1 
-0.261230 1 
-0.260254 1 
-0.259277 1 
-0.258301 1 
-0.257324 1 
-0.256348 1 
-0.255371 1 
-0.254395 1 
-0.253418 1 
-0.252441 1 
-0.251465 1 
-0.250488 1 
-0.249512 1 
-0.248535 1 
-0.247559 1 
-0.246582 1 
-0.245605 1 
-0.244629 1 
-0.243652 1 
-0.242676 1 
-0.241699 1 
-0.240723 1 
-0.239746 1 
-0.238770 1 
-0.237793 1 
-0.236816 1 
-0.235840 1 
-0.234863 1 
-0.233887 1 
-0.232910 1 
-0.231934 1 
-0.230957 1 
-0.229980 1 
-0.229004 1 
-0.228027 1 
-0.227051 1 
-0.226074 1 
-0.225098 1 
-0.224121 1 
-0.223145 1 
-0.222168 1 
-0.221191 1 
-0.220215 1 
-0.219238 1 
-0.218262 1 
-0.217285 1 
-0.216309 1 
-0.215332 1 
-0.214355 1 
-0.213379 1 
-0.212402 1 
-0.211426 1 
-0.210449 1 
-0.209473 1 
-0.208496 1 
-0.207520 1 
-0.206543 1 
-0.205566 1 
-0.204590 1 
-0.203613 1 
-0.202637 1 
-0.201660 1 
-0.200684 1 
-0.199707 1 
-0.198730 1 
-0.197754 1 
-0.196777 1 
-0.195801 1 
-0.194824 1 
-0.193848 1 
-0.192871 1 
-0.191895 1 
-0.190918 1 
-0.189941 1 
-0.188965 1 
-0.187988 1 
-0.187012 1 
-0.186035 1 
-0.185059 1 
-0.184082 1 
-0.183105 1 
-0.182129 1 
-0.181152 1 
-0.180176 1 
-0.179199 1 
-0.178223 1 
-0.177246 1 
-0.176270 1 
-0.175293 1 
-0.174316 0 
-0.173340 0 
-0.172363 0 
-0.171387 0 
-0.170410 0 
-0.169434 0 
-0.168457 0 
-0.167480 0 
-0.166504 0 
-0.165527 0 
-0.164551 0 
-0.163574 0 
-0.162598 0 
-0.161621 0 
-0.160645 0 
-0.159668 0 
-0.158691 0 
-0.157715 0 
-0.156738 0 
-0.155762 0 
-0.154785 0 
-0.153809 0 
-0.152832 0 
-0.151855 0 
-0.150879 0 
-0.149902 0 
-0.148926 0 
-0.147949 0 
-0.146973 0 
-0.145996 0 
-0.145020 0 
-0.144043 0 
-0.143066 0 
-0.142090 0 
-0.141113 0 
-0.140137 0 
-0.139160 0 
-0.138184 0 
-0.137207 0 
-0.136230 0 
-0.135254 0 
-0.134277 0 
-0.133301 0 
-0.132324 0 
-0.131348 0 
-0.130371 0 
-0.129395 0 
-0.128418 0 
-0.127441 0 
-0.126465 0 
-0.125488 0 
-0.124512 0 
-0.123535 0 
-0.122559 0 
-0.121582 0 
-0.120605 0 
-0.119629 0 
-0.118652 0 
-0.117676 0 
-0.116699 0 
-0.115723 0 
-0.114746 0 
-0.113770 0 
-0.112793 0 
-0.111816 0 
-0.110840 0 
-0.109863 0 
-0.108887 0 
-0.107910 0 
-0.106934 0 
-0.105957 0 
-0.104980 0 
-0.104004 0 
-0.103027 0 
-0.102051 0 
-0.101074 0 
-0.100098 0 
-0.099121 0 
-0.098145 0 
-0.097168 0 
-0.096191 0 
-0.095215 0 
-0.094238 0 
-0.093262 0 
-0.092285 0 
-0.091309 0 
-0.090332 0 
-0.089355 0 
-0.088379 0 
-0.087402 0 
-0.086426 0 
-0.085449 0 
-0.084473 0 
-0.083496 0 
-0.082520 0 
-0.081543 0 
-0.080566 0 
-0.079590 0 
-0.078613 0 
-0.077637 0 
-0.076660 0 
-0.075684 0 
-0.074707 0 
-0.073730 0 
-0.072754 0 
-0.071777 0 
-0.070801 0 
-0.069824 0 
-0.068848 0 
-0.067871 0 
-0.066895 0 
-0.065918 0 
-0.064941 0 
-0.063965 0 
-0.062988 0 
-0.062012 0 
-0.061035 0 
-0.060059 0 
-0.059082 0 
-0.058105 0 
-0.057129 0 
-0.056152 0 
-0.055176 0 
-0.054199 0 
-0.053223 0 
-0.052246 0 
-0.051270 0 
-0.050293 0 
-0.049316 0 
-0.048340 0 
-0.047363 0 
-0.046387 0 
-0.045410 0 
-0.044434 0 
-0.043457 0 
-0.042480 0 
-0.041504 0 
-0.040527 0 
-0.039551 0 
-0.038574 0 
-0.037598 0 
-0.036621 0 
-0.035645 0 
-0.034668 0 
-0.033691 0 
-0.032715 0 
-0.031738 0 
-0.030762 0 
-0.029785 0 
-0.028809 0 
-0.027832 0 
-0.026855 0 
-0.025879 0 
-0.024902 0 
-0.023926 0 
-0.022949 0 
-0.021973 0 
-0.020996 0 
-0.020020 0 
-0.019043 0 
-0.018066 0 
-0.017090 0 
-0.016113 0 
-0.015137 0 
-0.014160 0 
-0.013184 0 
-0.012207 0 
-0.011230 0 
-0.010254 0 
-0.009277 0 
-0.008301 0 
-0.007324 0 
-0.006348 0 
-0.005371 0 
-0.004395 0 
-0.003418 0 
-0.002441 0 
-0.001465 0 
-0.000488 0 
0.000488 0 
0.001465 0 
0.002441 0 
0.003418 0 
0.004395 0 
0.005371 0 
0.006348 0 
0.007324 0 
0.008301 0 
0.009277 0 
0.010254 0 
0.011230 0 
0.012207 0 
0.013184 0 
0.014160 0 
0.015137 0 
0.016113 0 
0.017090 0 
0.018066 0 
0.019043 0 
0.020020 0 
0.020996 0 
0.021973 0 
0.022949 0 
0.023926 0 
0.024902 0 
0.025879 0 
0.026855 0 
0.027832 0 
0.028809 0 
0.029785 0 
0.030762 0 
0.031738 0 
0.032715 0 
0.033691 0 
0.034668 0 
0.035645 0 
0.036621 0 
0.037598 0 
0.038574 0 
0.039551 0 
0.040527 0 
0.041504 0 
0.042480 0 
0.043457 0 
0.044434 0 
0.045410 0 
0.046387 0 
0.047363 0 
0.048340 0 
0.049316 0 
0.050293 0 
0.051270 0 
0.052246 0 
0.053223 0 
0.054199 0 
0.055176 0 
0.056152 0 
0.057129 0 
0.058105 0 
0.059082 0 
0.060059 0 
0.061035 0 
0.062012 0 
0.062988 0 
0.063965 0 
0.064941 0 
0.065918 0 
0.066895 0 
0.067871 0 
0.068848 0 
0.069824 0 
0.070801 0 
0.071777 0 
0.072754 0 
0.073730 0 
0.074707 0 
0.075684 0 
0.076660 0 
0.077637 0 
0.078613 0 
0.079590 0 
0.080566 0 
0.081543 0 
0.082520 0 
0.083496 0 
0.084473 0 
0.085449 0 
0.086426 0 
0.087402 0 
0.088379 0 
0.089355 0 
0.090332 0 
0.091309 0 
0.092285 0 
0.093262 0 
0.094238 0 
0.095215 0 
0.096191 0 
0.097168 0 
0.098145 0 
0.099121 0 
0.100098 0 
0.101074 0 
0.102051 0 
0.103027 0 
0.104004 0 
0.104980 0 
0.105957 0 
0.106934 0 
0.107910 0 
0.108887 0 
0.109863 0 
0.110840 0 
0.111816 0 
0.112793 0 
0.113770 0 
0.114746 0 
0.115723 0 
0.116699 0 
0.117676 0 
0.118652 0 
0.119629 0 
0.120605 0 
0.121582 0 
0.122559 0 
0.123535 0 
0.124512 0 
0.125488 0 
0.126465 0 
0.127441 0 
0.128418 0 
0.129395 0 
0.130371 0 
0.131348 0 
0.132324 0 
0.133301 0 
0.134277 0 
0.135254 0 
0.136230 0 
0.137207 0 
0.138184 0 
0.139160 0 
0.140137 0 
0.141113 0 
0.142090 0 
0.143066 0 
0.144043 0 
0.145020 0 
0.145996 0 
0.146973 0 
0.147949 0 
0.148926 0 
0.149902 0 
0.150879 0 
0.151855 0 
0.152832 0 
0.153809 0 
0.154785 0 
0.155762 0 
0.156738 0 
0.157715 0 
0.158691 0 
0.159668 0 
0.160645 0 
0.161621 0 
0.162598 0 
0.163574 0 
0.164551 0 
0.165527 0 
0.166504 0 
0.167480 0 
0.168457 0 
0.169434 0 
0.170410 0 
0.171387 0 
0.172363 0 
0.173340 0 
0.174316 0 
0.175293 1 
0.176270 1 
0.177246 1 
0.178223 1 
0.179199 1 
0.180176 1 
0.181152 1 
0.182129 1 
0.183105 1 
0.184082 1 
0.185059 1 
0.186035 1 
0.187012 1 
0.187988 1 
0.188965 1 
0.189941 1 
0.190918 1 
0.191895 1 
0.192871 1 
0.193848 1 
0.194824 1 
0.195801 1 
0.196777 1 
0.197754 1 
0.198730 1 
0.199707 1 
0.200684 1 
0.201660 1 
0.202637 1 
0.203613 1 
0.204590 1 
0.205566 1 
0.206543 1 
0.207520 1 
0.208496 1 
0.209473 1 
0.210449 1 
0.211426 1 
0.212402 1 
0.213379 1 
0.214355 1 
0.215332 1 
0.216309 1 
0.217285 1 
0.218262 1 
0.219238 1 
0.220215 1 
0.221191 1 
0.222168 1 
0.223145 1 
0.224121 1 
0.225098 1 
0.226074 1 
0.227051 1 
0.228027 1 
0.229004 1 
0.229980 1 
0.230957 1 
0.231934 1 
0.232910 1 
0.233887 1 
0.234863 1 
0.235840 1 
0.236816 1 
0.237793 1 
0.238770 1 
0.239746 1 
0.240723 1 
0.241699 1 
0.242676 1 
0.243652 1 
0.244629 1 
0.245605 1 
0.246582 1 
0.247559 1 
0.248535 1 
0.249512 1 
0.250488 1 
0.251465 1 
0.252441 1 
0.253418 1 
0.254395 1 
0.255371 1 
0.256348 1 
0.257324 1 
0.258301 1 
0.259277 1 
0.260254 1 
0.261230 1 
0.262207 1 
0.263184 1 
0.264160 1 
0.265137 1 
0.266113 1 
0.267090 1 
0.268066 1 
0.269043 1 
0.270020 1 
0.270996 1 
0.271973 1 
0.272949 1 
0.273926 1 
0.274902 1 
0.275879 1 
0.276855 1 
0.277832 1 
0.278809 1 
0.279785 1 
0.280762 1 
0.281738 1 
0.282715 1 
0.283691 1 
0.284668 1 
0.285645 1 
0.286621 1 
0.287598 1 
0.288574 1 
0.289551 1 
0.290527 1 
0.291504 1 
0.292480 1 
0.293457 1 
0.294434 1 
0.295410 1 
0.296387 1 
0.297363 1 
0.298340 1 
0.299316 1 
0.300293 1 
0.301270 1 
0.302246 1 
0.303223 1 
0.304199 1 
0.305176 1 
0.306152 1 
0.307129 1 
0.308105 1 
0.309082 1 
0.310059 1 
0.311035 1 
0.312012 1 
0.312988 1 
0.313965 1 
0.314941 1 
0.315918 1 
0.316895 1 
0.317871 1 
0.318848 1 
0.319824 1 
0.320801 1 
0.321777 1 
0.322754 1 
0.323730 1 
0.324707 1 
0.325684 1 
0.326660 1 
0.327637 1 
0.328613 1 
0.329590 1 
0.330566 1 
0.331543 1 
0.332520 1 
0.333496 1 
0.334473 1 
0.335449 1 
0.336426 1 
0.337402 1 
0.338379 1 
0.339355 1 
0.340332 1 
0.341309 1 
0.342285 1 
0.343262 1 
0.344238 1 
0.345215 1 
0.346191 1 
0.347168 1 
0.348145 1 
0.349121 1 
0.350098 1 
0.351074 1 
0.352051 1 
0.353027 1 
0.354004 1 
0.354980 1 
0.355957 1 
0.356934 1 
0.357910 1 
0.358887 1 
0.359863 1 
0.360840 1 
0.361816 1 
0.362793 1 
0.363770 1 
0.364746 1 
0.365723 1 
0.366699 1 
0.367676 1 
0.368652 1 
0.369629 1 
0.370605 1 
0.371582 1 
0.372559 1 
0.373535 1 
0.374512 1 
0.375488 1 
0.376465 1 
0.377441 1 
0.378418 1 
0.379395 1 
0.380371 1 
0.381348 1 
0.382324 1 
0.383301 1 
0.384277 1 
0.385254 1 
0.386230 1 
0.387207 1 
0.388184 1 
0.389160 1 
0.390137 1 
0.391113 1 
0.392090 1 
0.393066 1 
0.394043 1 
0.395020 1 
0.395996 1 
0.396973 1 
0.397949 1 
0.398926 1 
0.399902 1 
0.400879 1 
0.401855 1 
0.402832 1 
0.403809 1 
0.404785 1 
0.405762 1 
0.406738 1 
0.407715 1 
0.408691 1 
0.409668 1 
0.410645 1 
0.411621 1 
0.412598 1 
0.413574 1 
0.414551 1 
0.415527 1 
0.416504 1 
0.417480 1 
0.418457 1 
0.419434 1 
0.420410 1 
0.421387 1 
0.422363 1 
0.423340 1 
0.424316 1 
0.425293 1 
0.426270 1 
0.427246 1 
0.428223 1 
0.429199 1 
0.430176 1 
0.431152 1 
0.432129 1 
0.433105 1 
0.434082 1 
0.435059 1 
0.436035 1 
0.437012 1 
0.437988 1 
0.438965 1 
0.439941 1 
0.440918 1 
0.441895 1 
0.442871 1 
0.443848 1 
0.444824 1 
0.445801 1 
0.446777 1 
0.447754 1 
0.448730 1 
0.449707 1 
0.450684 1 
0.451660 1 
0.452637 1 
0.453613 1 
0.454590 1 
0.455566 1 
0.456543 1 
0.457520 1 
0.458496 1 
0.459473 1 
0.460449 1 
0.461426 1 
0.462402 1 
0.463379 1 
0.464355 1 
0.465332 1 
0.466309 1 
0.467285 1 
0.468262 1 
0.469238 1 
0.470215 1 
0.471191 1 
0.472168 1 
0.473145 1 
0.474121 1 
0.475098 1 
0.476074 1 
0.477051 1 
0.478027 1 
0.479004 1 
0.479980 1 
0.480957 1 
0.481934 1 
0.482910 1 
0.483887 1 
0.484863 1 
0.485840 1 
0.486816 1 
0.487793 1 
0.488770 1 
0.489746 1 
0.490723 1 
0.491699 1 
0.492676 1 
0.493652 1 
0.494629 1 
0.495605 1 
0.496582 1 
0.497559 1 
0.498535 1 
0.499512 1 
