 Tensors 8 Optimal Error 0.00494228
 #error
0.061449
0.0621541
0.0628272
0.0634706
0.0640861
0.0646754
0.0652403
0.0657822
0.0663025
0.0668025
0.0672833
0.067746
0.0681916
0.068621
0.0690352
0.0694349
0.0698208
0.0701937
0.0705541
0.0709028
0.0712403
0.0715671
0.0718837
0.0721906
0.0724882
0.0727769
0.0523174
0.053008
0.0536674
0.0542976
0.0549004
0.0554777
0.0560311
0.0565619
0.0570715
0.0575613
0.0580322
0.0584855
0.058922
0.0593427
0.0597484
0.0601399
0.0605179
0.0608832
0.0612363
0.0615779
0.0619085
0.0622286
0.0625388
0.0628394
0.0631309
0.0634138
0.0436008
0.0442776
0.0449237
0.0455412
0.046132
0.0466977
0.0472399
0.0477601
0.0482595
0.0487394
0.0492009
0.0496451
0.0500729
0.0504851
0.0508827
0.0512664
0.0516369
0.0519948
0.0523409
0.0526757
0.0529996
0.0533134
0.0536173
0.0539119
0.0541977
0.0544749
0.0352717
0.0359351
0.0365684
0.0371738
0.0377529
0.0383074
0.038839
0.0393489
0.0398385
0.040309
0.0407615
0.0411969
0.0416163
0.0420204
0.0424102
0.0427863
0.0431496
0.0435005
0.0438398
0.044168
0.0444856
0.0447932
0.0450912
0.04538
0.0456601
0.0459319
0.0273046
0.0279552
0.0285763
0.0291699
0.0297378
0.0302817
0.0308029
0.031303
0.0317832
0.0322446
0.0326883
0.0331153
0.0335266
0.033923
0.0343052
0.0346741
0.0350304
0.0353745
0.0357073
0.0360292
0.0363407
0.0366423
0.0369346
0.0372179
0.0374926
0.0377592
0.0196766
0.0203147
0.0209241
0.0215064
0.0220636
0.0225971
0.0231085
0.0235991
0.0240701
0.0245228
0.0249581
0.0253771
0.0257806
0.0261694
0.0265445
0.0269064
0.0272558
0.0275935
0.02792
0.0282358
0.0285414
0.0288374
0.0291241
0.029402
0.0296716
0.0299331
0.0123663
0.0129926
0.0135906
0.014162
0.0147088
0.0152324
0.0157343
0.0162157
0.016678
0.0171223
0.0175495
0.0179606
0.0183566
0.0187383
0.0191063
0.0194615
0.0198045
0.0201359
0.0204563
0.0207663
0.0210662
0.0213567
0.0216381
0.0219109
0.0221754
0.0224321
0.00618786
0.00641271
0.00683758
0.00730137
0.0077451
0.00817003
0.00866073
0.0091334
0.00958724
0.0100234
0.0104428
0.0108464
0.0112352
0.0116099
0.0119712
0.0123199
0.0126567
0.012982
0.0132966
0.0136008
0.0138953
0.0141805
0.0144568
0.0147246
0.0149844
0.0152364
0.00567069
0.0055349
0.00540526
0.00528136
0.00516281
0.00504929
0.00494228
0.00511204
0.00527503
0.00543166
0.0055823
0.00572727
0.00586689
0.00600146
0.00613124
0.00625648
0.00637742
0.00649428
0.00673757
0.0069846
0.0072237
0.00745523
0.00767955
0.00789699
0.00810786
0.00832758
0.00881839
0.00837935
0.00796016
0.00755951
0.00717619
0.00680911
0.00645725
0.00633553
0.00623706
0.00614243
0.00605143
0.00596385
0.0058795
0.0057982
0.00571979
0.00564413
0.00557106
0.00550046
0.0054322
0.00536618
0.00530227
0.00524039
0.00518044
0.00512232
0.00506596
0.00501127
0.0140631
0.0134804
0.012924
0.0123922
0.0118834
0.0114615
0.0111158
0.010784
0.0104655
0.0101595
0.00986513
0.00958184
0.009309
0.00904604
0.00879243
0.00854768
0.00831134
0.00808298
0.0078622
0.00764863
0.00744193
0.00724176
0.00704783
0.00685984
0.00667753
0.00650064
0.0200472
0.0194744
0.0189275
0.0184048
0.0179047
0.0174258
0.0169668
0.0165263
0.0161035
0.0156971
0.0153062
0.0149301
0.0145678
0.0142187
0.0138819
0.013557
0.0132432
0.01294
0.0126468
0.0123632
0.0120888
0.011823
0.0116
0.0114152
0.011236
0.0110621
0.0258096
0.0252465
0.0247088
0.0241949
0.0237032
0.0232323
0.022781
0.0223479
0.0219322
0.0215326
0.0211483
0.0207785
0.0204223
0.020079
0.0197479
0.0194284
0.0191198
0.0188217
0.0185334
0.0182546
0.0179847
0.0177234
0.0174702
0.0172248
0.0169867
0.0167558
0.0313626
0.0308087
0.0302799
0.0297745
0.0292909
0.0288279
0.028384
0.0279581
0.0275492
0.0271562
0.0267783
0.0264145
0.0260642
0.0257266
0.0254009
0.0250867
0.0247832
0.02449
0.0242065
0.0239323
0.0236668
0.0234098
0.0231608
0.0229194
0.0226853
0.0224581
0.0367172
0.0361723
0.0356522
0.035155
0.0346793
0.0342237
0.033787
0.0333681
0.0329658
0.0325792
0.0322074
0.0318496
0.031505
0.0311728
0.0308524
0.0305433
0.0302447
0.0299563
0.0296774
0.0294076
0.0291464
0.0288936
0.0286486
0.0284111
0.0281808
0.0279573
0.0418839
0.0413478
0.040836
0.0403467
0.0398786
0.0394304
0.0390007
0.0385884
0.0381926
0.0378122
0.0374463
0.0370942
0.0367551
0.0364282
0.036113
0.0358088
0.035515
0.0352311
0.0349567
0.0346912
0.0344342
0.0341854
0.0339443
0.0337106
0.033484
0.0332641
0.0468725
0.0463448
0.0458411
0.0453595
0.0448988
0.0444576
0.0440347
0.0436289
0.0432393
0.0428649
0.0425048
0.0421583
0.0418245
0.0415028
0.0411925
0.040893
0.0406039
0.0403245
0.0400543
0.039793
0.0395401
0.0392952
0.0390579
0.0388278
0.0386047
0.0383883
0.0516919
0.0511725
0.0506766
0.0502025
0.049749
0.0493146
0.0488982
0.0484988
0.0481152
0.0477466
0.0473921
0.0470509
0.0467223
0.0464055
0.0461001
0.0458053
0.0455206
0.0452455
0.0449795
0.0447223
0.0444733
0.0442321
0.0439985
0.043772
0.0435524
0.0433393
0.0563508
0.0558393
0.0553509
0.0548841
0.0544375
0.0540098
0.0535998
0.0532064
0.0528287
0.0524657
0.0521166
0.0517807
0.051457
0.0511451
0.0508443
0.050554
0.0502737
0.0500028
0.0497409
0.0494875
0.0492423
0.0490049
0.0487748
0.0485518
0.0483355
0.0481256
0.0608569
0.0603531
0.0598721
0.0594123
0.0589724
0.0585512
0.0581473
0.0577599
0.0573879
0.0570303
0.0566865
0.0563556
0.0560368
0.0557296
0.0554333
0.0551474
0.0548712
0.0546044
0.0543464
0.0540969
0.0538554
0.0536215
0.0533948
0.0531752
0.0529621
0.0527554
0.0652176
0.0647213
0.0642475
0.0637945
0.0633612
0.0629461
0.0625483
0.0621666
0.0618001
0.0614479
0.0611091
0.0607831
0.0604691
0.0601664
0.0598745
0.0595928
0.0593207
0.0590579
0.0588037
0.0585579
0.0583199
0.0580895
0.0578662
0.0576498
0.0574399
0.0572362
0.0694399
0.0689509
0.068484
0.0680377
0.0676107
0.0672017
0.0668097
0.0664336
0.0660724
0.0657253
0.0653915
0.0650702
0.0647608
0.0644626
0.0641749
0.0638973
0.0636292
0.0633702
0.0631198
0.0628775
0.062643
0.0624159
0.0621959
0.0619826
0.0617758
0.0615751
0.0735303
0.0730483
0.0725881
0.0721483
0.0717274
0.0713243
0.070938
0.0705673
0.0702113
0.0698692
0.0695403
0.0692236
0.0689186
0.0686247
0.0683412
0.0680676
0.0678033
0.067548
0.0673012
0.0670624
0.0668313
0.0666075
0.0663906
0.0661804
0.0659765
0.0657787
0.0774948
0.0770197
0.0765661
0.0761325
0.0757176
0.0753202
0.0749394
0.0745739
0.074223
0.0738858
0.0735615
0.0732493
0.0729487
0.0726589
0.0723794
0.0721097
0.0718492
0.0715975
0.0713542
0.0711188
0.0708909
0.0706703
0.0704565
0.0702493
0.0700483
0.0698533
0.0813392
0.0808708
0.0804235
0.079996
0.0795869
0.0791951
0.0788196
0.0784593
0.0781133
0.0777808
0.077461
0.0771532
0.0768568
0.0765711
0.0762955
0.0760295
0.0757727
0.0755245
0.0752846
0.0750525
0.0748278
0.0746103
0.0743995
0.0741951
0.073997
0.0738047
0.0850688
0.0846069
0.0841658
0.0837442
0.0833408
0.0829544
0.0825841
0.0822287
0.0818875
0.0815596
0.0812443
0.0809407
0.0806484
0.0803666
0.0800948
0.0798326
0.0795793
0.0793345
0.0790979
0.078869
0.0786474
0.0784329
0.078225
0.0780235
0.077828
0.0776384
