 Tensors 13 Optimal Error 0.00506046
 #error
0.0785351
0.0790272
0.0794969
0.0799455
0.0803746
0.0807853
0.0811787
0.0815561
0.0819182
0.0822661
0.0826006
0.0829224
0.0832322
0.0835306
0.0838184
0.084096
0.084364
0.0846229
0.0848732
0.0851151
0.0853493
0.085576
0.0857955
0.0860083
0.0862146
0.0864148
0.0689812
0.0694637
0.0699242
0.0703641
0.0707848
0.0711874
0.0715733
0.0719433
0.0722984
0.0726395
0.0729674
0.0732829
0.0735867
0.0738794
0.0741616
0.0744338
0.0746966
0.0749505
0.0751958
0.0754331
0.0756627
0.075885
0.0761003
0.076309
0.0765113
0.0767076
0.0598626
0.0603359
0.0607875
0.061219
0.0616316
0.0620266
0.062405
0.0627679
0.0631163
0.0634509
0.0637725
0.064082
0.06438
0.0646671
0.0649439
0.0652109
0.0654687
0.0657177
0.0659584
0.0661912
0.0664164
0.0666344
0.0668457
0.0670503
0.0672488
0.0674413
0.0511503
0.0516147
0.0520578
0.0524812
0.052886
0.0532736
0.0536449
0.054001
0.0543427
0.0546711
0.0549867
0.0552904
0.0555827
0.0558644
0.056136
0.0563981
0.056651
0.0568954
0.0571315
0.05736
0.057581
0.0577949
0.0580022
0.058203
0.0583978
0.0585867
0.0428177
0.0432735
0.0437084
0.0441239
0.0445213
0.0449017
0.0452661
0.0456156
0.0459511
0.0462734
0.0465832
0.0468812
0.0471682
0.0474447
0.0477113
0.0479685
0.0482168
0.0484567
0.0486885
0.0489127
0.0491296
0.0493396
0.0495431
0.0497402
0.0499314
0.0501168
0.0348405
0.035288
0.035715
0.036123
0.0365131
0.0368866
0.0372444
0.0375876
0.037917
0.0382334
0.0385375
0.0388302
0.039112
0.0393835
0.0396452
0.0398978
0.0401416
0.0403771
0.0406047
0.0408248
0.0410379
0.0412441
0.0414438
0.0416374
0.0418251
0.0420072
0.0271965
0.0276359
0.0280553
0.028456
0.0288392
0.029206
0.0295574
0.0298944
0.0302179
0.0305287
0.0308274
0.0311149
0.0313916
0.0316583
0.0319154
0.0321634
0.0324029
0.0326342
0.0328578
0.033074
0.0332832
0.0334858
0.033682
0.0338721
0.0340565
0.0342353
0.0198651
0.0202969
0.0207089
0.0211025
0.0214789
0.0218393
0.0221845
0.0225157
0.0228335
0.0231388
0.0234323
0.0237147
0.0239866
0.0242486
0.0245012
0.0247449
0.0249801
0.0252074
0.025427
0.0256395
0.025845
0.026044
0.0262368
0.0264236
0.0266048
0.0267805
0.0128277
0.0132519
0.0136568
0.0140436
0.0144136
0.0147677
0.015107
0.0154324
0.0157447
0.0160448
0.0163332
0.0166107
0.0168779
0.0171354
0.0173836
0.0176231
0.0178543
0.0180777
0.0182936
0.0185023
0.0187044
0.0188999
0.0190894
0.019273
0.019451
0.0196237
0.00654345
0.00681235
0.00714117
0.00745532
0.00775575
0.00804334
0.0083189
0.0086272
0.00893423
0.00922917
0.00951273
0.00978554
0.0100482
0.0103013
0.0105453
0.0107808
0.0110081
0.0112276
0.0114398
0.0116451
0.0118437
0.0120359
0.0122222
0.0124027
0.0125777
0.0127475
0.00555918
0.00546635
0.00537776
0.00529313
0.00521219
0.0051347
0.00506046
0.0051094
0.0052194
0.00532507
0.00542666
0.0055244
0.00561851
0.00570919
0.00579662
0.00588097
0.0059624
0.00604107
0.0061171
0.00619063
0.00626179
0.00633068
0.00639741
0.00646208
0.00652478
0.00658561
0.00800863
0.0077098
0.0074246
0.00715213
0.00689155
0.0066421
0.00650252
0.00643249
0.00636527
0.00630069
0.00623861
0.00617888
0.00612137
0.00606595
0.00601253
0.00596098
0.00591121
0.00586314
0.00581667
0.00577174
0.00572825
0.00568615
0.00564537
0.00560585
0.00556753
0.00553036
0.0127103
0.0123136
0.011935
0.0116368
0.0113805
0.0111351
0.0108999
0.0106744
0.0104579
0.01025
0.0100501
0.00985773
0.00967253
0.00949409
0.00932203
0.00915603
0.00899578
0.00884097
0.00869134
0.00854662
0.00840659
0.00827102
0.00813969
0.00801242
0.00788901
0.00776929
0.0185133
0.0181229
0.0177503
0.0173943
0.0170539
0.016728
0.0164158
0.0161163
0.0158288
0.0155527
0.0152872
0.0150318
0.0147858
0.0145488
0.0143203
0.0140999
0.0138871
0.0136815
0.0134828
0.0132906
0.0131046
0.0129246
0.0127501
0.0125811
0.0124172
0.0122582
0.0241086
0.0237243
0.0233576
0.0230072
0.0226722
0.0223514
0.022044
0.0217493
0.0214663
0.0211945
0.0209332
0.0206818
0.0204397
0.0202064
0.0199815
0.0197645
0.019555
0.0193527
0.0191571
0.0189679
0.0187849
0.0186076
0.0184359
0.0182696
0.0181082
0.0179517
0.0295071
0.0291288
0.0287678
0.0284229
0.028093
0.0277772
0.0274746
0.0271844
0.0269058
0.0266382
0.026381
0.0261334
0.0258951
0.0256654
0.025444
0.0252304
0.0250241
0.0248249
0.0246323
0.024446
0.0242658
0.0240913
0.0239223
0.0237585
0.0235997
0.0234456
0.0347192
0.0343467
0.0339912
0.0336515
0.0333267
0.0330157
0.0327177
0.0324319
0.0321576
0.0318941
0.0316407
0.031397
0.0311623
0.0309361
0.0307181
0.0305077
0.0303046
0.0301084
0.0299187
0.0297353
0.0295578
0.029386
0.0292195
0.0290582
0.0289018
0.02875
0.0397542
0.0393873
0.0390372
0.0387026
0.0383827
0.0380764
0.0377829
0.0375014
0.0372312
0.0369716
0.0367221
0.036482
0.0362508
0.036028
0.0358133
0.035606
0.035406
0.0352127
0.0350259
0.0348452
0.0346704
0.0345012
0.0343372
0.0341783
0.0340242
0.0338748
0.0446212
0.0442597
0.0439147
0.0435851
0.0432699
0.0429682
0.042679
0.0424017
0.0421355
0.0418798
0.041634
0.0413974
0.0411696
0.0409502
0.0407386
0.0405344
0.0403373
0.0401469
0.0399629
0.0397849
0.0396126
0.0394459
0.0392843
0.0391278
0.038976
0.0388287
0.0493282
0.048972
0.0486321
0.0483074
0.0479968
0.0476994
0.0474145
0.0471412
0.0468789
0.0466269
0.0463847
0.0461516
0.0459271
0.0457109
0.0455024
0.0453012
0.0451069
0.0449193
0.044738
0.0445626
0.0443928
0.0442285
0.0440693
0.043915
0.0437654
0.0436203
0.0538832
0.0535321
0.0531971
0.052877
0.0525709
0.0522778
0.051997
0.0517277
0.0514692
0.0512208
0.050982
0.0507523
0.0505311
0.0503179
0.0501124
0.0499141
0.0497227
0.0495378
0.049359
0.0491861
0.0490188
0.0488569
0.0487
0.0485479
0.0484005
0.0482574
0.0582933
0.0579472
0.057617
0.0573014
0.0569997
0.0567108
0.0564339
0.0561684
0.0559136
0.0556687
0.0554334
0.0552069
0.0549888
0.0547787
0.0545761
0.0543806
0.0541919
0.0540096
0.0538333
0.0536629
0.053498
0.0533383
0.0531836
0.0530337
0.0528884
0.0527474
0.0625653
0.0622241
0.0618985
0.0615874
0.0612898
0.061005
0.060732
0.0604703
0.060219
0.0599776
0.0597455
0.0595222
0.0593072
0.0591
0.0589002
0.0587075
0.0585214
0.0583416
0.0581679
0.0579998
0.0578372
0.0576798
0.0575272
0.0573794
0.0572361
0.0570971
0.0667057
0.0663692
0.0660481
0.0657413
0.0654479
0.0651669
0.0648978
0.0646396
0.0643918
0.0641537
0.0639249
0.0637046
0.0634926
0.0632882
0.0630912
0.0629012
0.0627176
0.0625404
0.062369
0.0622033
0.0620429
0.0618876
0.0617372
0.0615915
0.0614501
0.061313
0.0707204
0.0703885
0.0700718
0.0697691
0.0694797
0.0692026
0.0689371
0.0686825
0.0684381
0.0682033
0.0679775
0.0677603
0.0675511
0.0673496
0.0671552
0.0669677
0.0667867
0.0666119
0.0664428
0.0662794
0.0661212
0.065968
0.0658197
0.0656759
0.0655364
0.0654012
0.074615
0.0742876
0.0739752
0.0736766
0.0733911
0.0731178
0.0728558
0.0726046
0.0723635
0.0721318
0.0719091
0.0716948
0.0714884
0.0712896
0.0710979
0.0709129
0.0707343
0.0705618
0.0703951
0.0702338
0.0700777
0.0699266
0.0697802
0.0696384
0.0695008
0.0693674
