 Tensors 7 Optimal Error 0.00512803
 #error
0.0992961
0.099621
0.0999312
0.100228
0.100511
0.100783
0.101044
0.101294
0.101534
0.101765
0.101987
0.1022
0.102406
0.102604
0.102796
0.10298
0.103159
0.103331
0.103498
0.103659
0.103815
0.103966
0.104113
0.104255
0.104392
0.104526
0.0893147
0.0896344
0.0899398
0.0902317
0.0905111
0.0907786
0.0910351
0.0912813
0.0915176
0.0917448
0.0919633
0.0921736
0.0923762
0.0925715
0.0927599
0.0929417
0.0931173
0.093287
0.093451
0.0936097
0.0937634
0.0939121
0.0940563
0.0941961
0.0943316
0.0944632
0.0797855
0.0801004
0.080401
0.0806884
0.0809634
0.0812269
0.0814794
0.0817217
0.0819545
0.0821781
0.0823933
0.0826004
0.0827999
0.0829921
0.0831776
0.0833566
0.0835295
0.0836966
0.0838581
0.0840144
0.0841657
0.0843122
0.0844541
0.0845918
0.0847252
0.0848548
0.0706787
0.0709887
0.0712847
0.0715677
0.0718385
0.0720979
0.0723466
0.0725852
0.0728144
0.0730347
0.0732465
0.0734505
0.0736469
0.0738362
0.0740189
0.0741952
0.0743654
0.07453
0.074689
0.0748429
0.0749919
0.0751362
0.075276
0.0754115
0.075543
0.0756705
0.0619666
0.0622719
0.0625634
0.0628421
0.0631088
0.0633643
0.0636092
0.0638442
0.0640699
0.0642869
0.0644955
0.0646964
0.0648899
0.0650763
0.0652562
0.0654299
0.0655976
0.0657596
0.0659163
0.0660679
0.0662146
0.0663567
0.0664944
0.0666279
0.0667574
0.066883
0.0536243
0.0539249
0.0542121
0.0544866
0.0547493
0.0550009
0.0552422
0.0554737
0.055696
0.0559097
0.0561152
0.056313
0.0565036
0.0566873
0.0568645
0.0570355
0.0572007
0.0573603
0.0575147
0.057664
0.0578085
0.0579485
0.0580842
0.0582157
0.0583432
0.058467
0.0456285
0.0459247
0.0462076
0.046478
0.0467368
0.0469847
0.0472224
0.0474504
0.0476694
0.0478799
0.0480824
0.0482773
0.0484651
0.0486461
0.0488206
0.0489891
0.0491519
0.0493091
0.0494612
0.0496083
0.0497507
0.0498886
0.0500223
0.0501518
0.0502775
0.0503994
0.0379583
0.0382501
0.0385288
0.0387952
0.0390502
0.0392945
0.0395286
0.0397533
0.0399691
0.0401765
0.040376
0.0405681
0.0407531
0.0409314
0.0411034
0.0412695
0.0414298
0.0415848
0.0417346
0.0418796
0.0420199
0.0421558
0.0422875
0.0424151
0.042539
0.0426591
0.030594
0.0308816
0.0311562
0.0314188
0.03167
0.0319107
0.0321415
0.0323629
0.0325756
0.03278
0.0329766
0.0331658
0.0333481
0.0335239
0.0336934
0.033857
0.034015
0.0341678
0.0343154
0.0344583
0.0345966
0.0347305
0.0348603
0.0349861
0.0351081
0.0352265
0.0235178
0.0238012
0.0240719
0.0243306
0.0245783
0.0248155
0.0250429
0.0252612
0.0254708
0.0256722
0.025866
0.0260525
0.0262322
0.0264055
0.0265725
0.0267338
0.0268896
0.0270401
0.0271856
0.0273265
0.0274628
0.0275948
0.0277227
0.0278467
0.027967
0.0280837
0.016713
0.0169924
0.0172592
0.0175143
0.0177584
0.0179922
0.0182164
0.0184315
0.0186382
0.0188367
0.0190278
0.0192117
0.0193888
0.0195596
0.0197243
0.0198832
0.0200368
0.0201852
0.0203287
0.0204675
0.0206019
0.020732
0.0208581
0.0209804
0.0210989
0.021214
0.0101644
0.0104398
0.0107029
0.0109543
0.011195
0.0114255
0.0116466
0.0118587
0.0120624
0.0122582
0.0124465
0.0126278
0.0128025
0.0129708
0.0131332
0.01329
0.0134414
0.0135877
0.0137291
0.013866
0.0139985
0.0141268
0.0142511
0.0143717
0.0144886
0.0146021
0.00582946
0.00592806
0.00602223
0.00611227
0.00619843
0.00628097
0.00636011
0.00643605
0.00650898
0.00657908
0.00664651
0.00671142
0.00682395
0.00696104
0.00709327
0.0072209
0.00734417
0.0074633
0.00757849
0.00768993
0.00779782
0.0079023
0.00800354
0.0081017
0.0081969
0.00828928
0.00605998
0.00599898
0.00594071
0.00588501
0.00583171
0.00578064
0.00573169
0.0056847
0.00563958
0.00559621
0.00555449
0.00551433
0.00547565
0.00543835
0.00540238
0.00536766
0.00533412
0.00530171
0.00527037
0.00524005
0.0052107
0.00518228
0.00515473
0.00512803
0.00515625
0.00519631
0.00908562
0.00888971
0.0087026
0.0085237
0.0083525
0.00818849
0.00803125
0.00788036
0.00773544
0.00759614
0.00746215
0.00733316
0.0072089
0.00708912
0.00697358
0.00686205
0.00675434
0.00665413
0.00662322
0.00659331
0.00656436
0.00653631
0.00650914
0.0064828
0.00645725
0.00643246
0.0137377
0.0134771
0.0132282
0.0129902
0.0127625
0.0125444
0.0123352
0.0121345
0.0119518
0.0118144
0.0116822
0.011555
0.0114324
0.0113142
0.0112002
0.0110902
0.0109839
0.0108812
0.0107819
0.0106859
0.0105929
0.0105028
0.0104155
0.0103309
0.0102488
0.0101691
0.0191992
0.0189421
0.0186966
0.0184618
0.0182371
0.0180219
0.0178155
0.0176175
0.0174273
0.0172445
0.0170686
0.0168993
0.0167362
0.016579
0.0164274
0.016281
0.0161396
0.016003
0.0158709
0.0157431
0.0156193
0.0154995
0.0153834
0.0152708
0.0151616
0.0150556
0.0244761
0.0242224
0.02398
0.0237484
0.0235267
0.0233143
0.0231106
0.0229152
0.0227275
0.0225471
0.0223736
0.0222065
0.0220456
0.0218904
0.0217408
0.0215963
0.0214568
0.021322
0.0211916
0.0210655
0.0209434
0.0208251
0.0207105
0.0205994
0.0204916
0.020387
0.0295774
0.029327
0.0290879
0.0288592
0.0286404
0.0284308
0.0282298
0.0280369
0.0278517
0.0276736
0.0275023
0.0273375
0.0271786
0.0270255
0.0268778
0.0267352
0.0265975
0.0264644
0.0263358
0.0262113
0.0260907
0.025974
0.0258609
0.0257512
0.0256449
0.0255417
0.0345118
0.0342647
0.0340286
0.0338029
0.0335869
0.03338
0.0331816
0.0329913
0.0328084
0.0326326
0.0324636
0.0323008
0.032144
0.0319929
0.0318471
0.0317063
0.0315704
0.031439
0.031312
0.0311891
0.0310701
0.0309549
0.0308432
0.030735
0.03063
0.0305281
0.0392874
0.0390435
0.0388104
0.0385876
0.0383744
0.0381701
0.0379742
0.0377863
0.0376058
0.0374322
0.0372653
0.0371046
0.0369499
0.0368006
0.0366567
0.0365177
0.0363835
0.0362538
0.0361284
0.0360071
0.0358896
0.0357759
0.0356656
0.0355587
0.0354551
0.0353545
0.0439118
0.0436709
0.0434408
0.0432208
0.0430102
0.0428085
0.0426152
0.0424296
0.0422513
0.04208
0.0419152
0.0417565
0.0416037
0.0414563
0.0413142
0.041177
0.0410445
0.0409164
0.0407926
0.0406728
0.0405568
0.0404445
0.0403356
0.0402301
0.0401277
0.0400284
0.0483919
0.048154
0.0479268
0.0477095
0.0475016
0.0473024
0.0471115
0.0469282
0.0467522
0.046583
0.0464202
0.0462636
0.0461126
0.0459671
0.0458267
0.0456913
0.0455604
0.0454339
0.0453116
0.0451933
0.0450788
0.0449678
0.0448603
0.0447561
0.044655
0.0445569
0.0527344
0.0524995
0.0522751
0.0520605
0.0518552
0.0516585
0.0514698
0.0512888
0.051115
0.0509479
0.0507871
0.0506324
0.0504833
0.0503396
0.050201
0.0500671
0.0499379
0.049813
0.0496922
0.0495753
0.0494622
0.0493526
0.0492464
0.0491435
0.0490437
0.0489468
0.0569456
0.0567136
0.0564919
0.05628
0.0560771
0.0558828
0.0556965
0.0555177
0.055346
0.0551809
0.0550221
0.0548693
0.054722
0.0545801
0.0544431
0.0543109
0.0541833
0.0540599
0.0539405
0.0538251
0.0537134
0.0536051
0.0535002
0.0533985
0.0532999
0.0532042
0.0610314
0.0608021
0.0605832
0.0603738
0.0601734
0.0599814
0.0597974
0.0596208
0.0594511
0.059288
0.0591312
0.0589801
0.0588347
0.0586944
0.0585591
0.0584285
0.0583024
0.0581805
0.0580626
0.0579485
0.0578381
0.0577312
0.0576276
0.0575271
0.0574297
0.0573351
