#x points: 24 #c points: 100
xloc: cloc: weight: f
values below 10e-5 have been chopped
0.04 -7.99547 0.0116345 0
0.04 -7.97613 0.0270392 0
0.04 -7.94142 0.0423622 0
0.04 -7.89146 0.0575233 0
0.04 -7.82644 0.0724622 0
0.04 -7.74663 0.087121 0
0.04 -7.65231 0.101443 0
0.04 -7.54387 0.115372 0
0.04 -7.42172 0.128855 0
0.04 -7.28633 0.141839 0
0.04 -7.13822 0.154275 0
0.04 -6.97798 0.166114 0
0.04 -6.80621 0.17731 0
0.04 -6.62359 0.18782 0
0.04 -6.43081 0.197604 0
0.04 -6.22863 0.206623 0
0.04 -6.01783 0.214842 0
0.04 -5.79923 0.222231 0
0.04 -5.57366 0.22876 0
0.04 -5.342 0.234403 0
0.04 -5.10515 0.23914 0.00001058
0.04 -4.86403 0.242952 0.0000317032
0.04 -4.61956 0.245824 0.0000903214
0.04 -4.3727 0.247744 0.000242879
0.04 -4.12439 0.248706 0.000612427
0.04 -3.87561 0.248706 0.00143963
0.04 -3.6273 0.247744 0.00313856
0.04 -3.38044 0.245824 0.00631681
0.04 -3.13597 0.242952 0.0116876
0.04 -2.89485 0.23914 0.0197975
0.04 -2.658 0.234403 0.0305598
0.04 -2.42634 0.22876 0.042724
0.04 -2.20077 0.222231 0.0535684
0.04 -1.98217 0.214842 0.059128
0.04 -1.77137 0.206623 0.0550822
0.04 -1.56919 0.197604 0.038072
0.04 -1.37641 0.18782 0.00692188
0.04 -1.19379 0.17731 -0.0367816
0.04 -1.02202 0.166114 -0.0890122
0.04 -0.861777 0.154275 -0.144363
0.04 -0.713672 0.141839 -0.197378
0.04 -0.578281 0.128855 -0.243668
0.04 -0.456128 0.115372 -0.28049
0.04 -0.347686 0.101443 -0.306746
0.04 -0.253374 0.087121 -0.32249
0.04 -0.173556 0.0724622 -0.328032
0.04 -0.108542 0.0575233 -0.32233
0.04 -0.0585837 0.0423622 -0.298785
0.04 -0.0238721 0.0270392 -0.228252
0.04 -0.00453438 0.0116345 -0.00981737
0.04 0.00453438 0.0116345 0.408375
0.04 0.0238721 0.0270392 0.433334
0.04 0.0585837 0.0423622 0.435922
0.04 0.108542 0.0575233 0.43366
0.04 0.173556 0.0724622 0.42663
0.04 0.253374 0.087121 0.413119
0.04 0.347686 0.101443 0.391094
0.04 0.456128 0.115372 0.358848
0.04 0.578281 0.128855 0.315624
0.04 0.713672 0.141839 0.262193
0.04 0.861777 0.154275 0.201249
0.04 1.02202 0.166114 0.137361
0.04 1.19379 0.17731 0.0763454
0.04 1.37641 0.18782 0.0240782
0.04 1.56919 0.197604 -0.0149329
0.04 1.77137 0.206623 -0.0387073
0.04 1.98217 0.214842 -0.0481886
0.04 2.20077 0.222231 -0.0466952
0.04 2.42634 0.22876 -0.0386753
0.04 2.658 0.234403 -0.0283294
0.04 2.89485 0.23914 -0.0186502
0.04 3.13597 0.242952 -0.011137
0.04 3.38044 0.245824 -0.00607034
0.04 3.6273 0.247744 -0.00303551
0.04 3.87561 0.248706 -0.00139931
0.04 4.12439 0.248706 -0.000597629
0.04 4.3727 0.247744 -0.000237762
0.04 4.61956 0.245824 -0.0000886464
0.04 4.86403 0.242952 -0.0000311813
0.04 5.10515 0.23914 -0.0000104241
0.04 5.342 0.234403 0
0.04 5.57366 0.22876 0
0.04 5.79923 0.222231 0
0.04 6.01783 0.214842 0
0.04 6.22863 0.206623 0
0.04 6.43081 0.197604 0
0.04 6.62359 0.18782 0
0.04 6.80621 0.17731 0
0.04 6.97798 0.166114 0
0.04 7.13822 0.154275 0
0.04 7.28633 0.141839 0
0.04 7.42172 0.128855 0
0.04 7.54387 0.115372 0
0.04 7.65231 0.101443 0
0.04 7.74663 0.087121 0
0.04 7.82644 0.0724622 0
0.04 7.89146 0.0575233 0
0.04 7.94142 0.0423622 0
0.04 7.97613 0.0270392 0
0.04 7.99547 0.0116345 0
0.08 -7.99547 0.0116345 0
0.08 -7.97613 0.0270392 0
0.08 -7.94142 0.0423622 0
0.08 -7.89146 0.0575233 0
0.08 -7.82644 0.0724622 0
0.08 -7.74663 0.087121 0
0.08 -7.65231 0.101443 0
0.08 -7.54387 0.115372 0
0.08 -7.42172 0.128855 0
0.08 -7.28633 0.141839 0
0.08 -7.13822 0.154275 0
0.08 -6.97798 0.166114 0
0.08 -6.80621 0.17731 0
0.08 -6.62359 0.18782 0
0.08 -6.43081 0.197604 0
0.08 -6.22863 0.206623 0
0.08 -6.01783 0.214842 0
0.08 -5.79923 0.222231 0
0.08 -5.57366 0.22876 0
0.08 -5.342 0.234403 0
0.08 -5.10515 0.23914 0.0000105808
0.08 -4.86403 0.242952 0.0000317058
0.08 -4.61956 0.245824 0.0000903293
0.08 -4.3727 0.247744 0.000242901
0.08 -4.12439 0.248706 0.000612487
0.08 -3.87561 0.248706 0.00143977
0.08 -3.6273 0.247744 0.0031389
0.08 -3.38044 0.245824 0.00631756
0.08 -3.13597 0.242952 0.011689
0.08 -2.89485 0.23914 0.0198002
0.08 -2.658 0.234403 0.0305643
0.08 -2.42634 0.22876 0.0427308
0.08 -2.20077 0.222231 0.0535776
0.08 -1.98217 0.214842 0.0591389
0.08 -1.77137 0.206623 0.0550928
0.08 -1.56919 0.197604 0.0380786
0.08 -1.37641 0.18782 0.00691897
0.08 -1.19379 0.17731 -0.0368013
0.08 -1.02202 0.166114 -0.0890578
0.08 -0.861777 0.154275 -0.144445
0.08 -0.713672 0.141839 -0.197509
0.08 -0.578281 0.128855 -0.243865
0.08 -0.456128 0.115372 -0.280775
0.08 -0.347686 0.101443 -0.307153
0.08 -0.253374 0.087121 -0.323076
0.08 -0.173556 0.0724622 -0.328902
0.08 -0.108542 0.0575233 -0.323701
0.08 -0.0585837 0.0423622 -0.301166
0.08 -0.0238721 0.0270392 -0.232914
0.08 -0.00453438 0.0116345 -0.0151145
0.08 0.00453438 0.0116345 0.379251
0.08 0.0238721 0.0270392 0.427001
0.08 0.0585837 0.0423622 0.433298
0.08 0.108542 0.0575233 0.432247
0.08 0.173556 0.0724622 0.42576
0.08 0.253374 0.087121 0.412543
0.08 0.347686 0.101443 0.390697
0.08 0.456128 0.115372 0.358572
0.08 0.578281 0.128855 0.315434
0.08 0.713672 0.141839 0.262067
0.08 0.861777 0.154275 0.201171
0.08 1.02202 0.166114 0.137318
0.08 1.19379 0.17731 0.0763272
0.08 1.37641 0.18782 0.0240761
0.08 1.56919 0.197604 -0.014926
0.08 1.77137 0.206623 -0.0386967
0.08 1.98217 0.214842 -0.0481778
0.08 2.20077 0.222231 -0.0466861
0.08 2.42634 0.22876 -0.0386687
0.08 2.658 0.234403 -0.028325
0.08 2.89485 0.23914 -0.0186476
0.08 3.13597 0.242952 -0.0111356
0.08 3.38044 0.245824 -0.00606961
0.08 3.6273 0.247744 -0.00303517
0.08 3.87561 0.248706 -0.00139917
0.08 4.12439 0.248706 -0.000597571
0.08 4.3727 0.247744 -0.00023774
0.08 4.61956 0.245824 -0.0000886388
0.08 4.86403 0.242952 -0.0000311787
0.08 5.10515 0.23914 -0.0000104233
0.08 5.342 0.234403 0
0.08 5.57366 0.22876 0
0.08 5.79923 0.222231 0
0.08 6.01783 0.214842 0
0.08 6.22863 0.206623 0
0.08 6.43081 0.197604 0
0.08 6.62359 0.18782 0
0.08 6.80621 0.17731 0
0.08 6.97798 0.166114 0
0.08 7.13822 0.154275 0
0.08 7.28633 0.141839 0
0.08 7.42172 0.128855 0
0.08 7.54387 0.115372 0
0.08 7.65231 0.101443 0
0.08 7.74663 0.087121 0
0.08 7.82644 0.0724622 0
0.08 7.89146 0.0575233 0
0.08 7.94142 0.0423622 0
0.08 7.97613 0.0270392 0
0.08 7.99547 0.0116345 0
0.12 -7.99547 0.0116345 0
0.12 -7.97613 0.0270392 0
0.12 -7.94142 0.0423622 0
0.12 -7.89146 0.0575233 0
0.12 -7.82644 0.0724622 0
0.12 -7.74663 0.087121 0
0.12 -7.65231 0.101443 0
0.12 -7.54387 0.115372 0
0.12 -7.42172 0.128855 0
0.12 -7.28633 0.141839 0
0.12 -7.13822 0.154275 0
0.12 -6.97798 0.166114 0
0.12 -6.80621 0.17731 0
0.12 -6.62359 0.18782 0
0.12 -6.43081 0.197604 0
0.12 -6.22863 0.206623 0
0.12 -6.01783 0.214842 0
0.12 -5.79923 0.222231 0
0.12 -5.57366 0.22876 0
0.12 -5.342 0.234403 0
0.12 -5.10515 0.23914 0.0000105817
0.12 -4.86403 0.242952 0.0000317084
0.12 -4.61956 0.245824 0.0000903371
0.12 -4.3727 0.247744 0.000242923
0.12 -4.12439 0.248706 0.000612546
0.12 -3.87561 0.248706 0.00143992
0.12 -3.6273 0.247744 0.00313925
0.12 -3.38044 0.245824 0.0063183
0.12 -3.13597 0.242952 0.0116905
0.12 -2.89485 0.23914 0.0198029
0.12 -2.658 0.234403 0.0305688
0.12 -2.42634 0.22876 0.0427376
0.12 -2.20077 0.222231 0.0535868
0.12 -1.98217 0.214842 0.0591498
0.12 -1.77137 0.206623 0.0551034
0.12 -1.56919 0.197604 0.0380852
0.12 -1.37641 0.18782 0.0069161
0.12 -1.19379 0.17731 -0.036821
0.12 -1.02202 0.166114 -0.0891033
0.12 -0.861777 0.154275 -0.144527
0.12 -0.713672 0.141839 -0.197641
0.12 -0.578281 0.128855 -0.244062
0.12 -0.456128 0.115372 -0.28106
0.12 -0.347686 0.101443 -0.307559
0.12 -0.253374 0.087121 -0.323661
0.12 -0.173556 0.0724622 -0.329771
0.12 -0.108542 0.0575233 -0.325074
0.12 -0.0585837 0.0423622 -0.303557
0.12 -0.0238721 0.0270392 -0.237639
0.12 -0.00453438 0.0116345 -0.0207876
0.12 0.00453438 0.0116345 0.352413
0.12 0.0238721 0.0270392 0.420758
0.12 0.0585837 0.0423622 0.430686
0.12 0.108542 0.0575233 0.430835
0.12 0.173556 0.0724622 0.42489
0.12 0.253374 0.087121 0.411966
0.12 0.347686 0.101443 0.3903
0.12 0.456128 0.115372 0.358296
0.12 0.578281 0.128855 0.315244
0.12 0.713672 0.141839 0.261941
0.12 0.861777 0.154275 0.201092
0.12 1.02202 0.166114 0.137275
0.12 1.19379 0.17731 0.0763089
0.12 1.37641 0.18782 0.0240739
0.12 1.56919 0.197604 -0.0149191
0.12 1.77137 0.206623 -0.0386861
0.12 1.98217 0.214842 -0.0481671
0.12 2.20077 0.222231 -0.0466771
0.12 2.42634 0.22876 -0.038662
0.12 2.658 0.234403 -0.0283206
0.12 2.89485 0.23914 -0.018645
0.12 3.13597 0.242952 -0.0111341
0.12 3.38044 0.245824 -0.00606889
0.12 3.6273 0.247744 -0.00303484
0.12 3.87561 0.248706 -0.00139902
0.12 4.12439 0.248706 -0.000597513
0.12 4.3727 0.247744 -0.000237718
0.12 4.61956 0.245824 -0.0000886312
0.12 4.86403 0.242952 -0.0000311762
0.12 5.10515 0.23914 -0.0000104225
0.12 5.342 0.234403 0
0.12 5.57366 0.22876 0
0.12 5.79923 0.222231 0
0.12 6.01783 0.214842 0
0.12 6.22863 0.206623 0
0.12 6.43081 0.197604 0
0.12 6.62359 0.18782 0
0.12 6.80621 0.17731 0
0.12 6.97798 0.166114 0
0.12 7.13822 0.154275 0
0.12 7.28633 0.141839 0
0.12 7.42172 0.128855 0
0.12 7.54387 0.115372 0
0.12 7.65231 0.101443 0
0.12 7.74663 0.087121 0
0.12 7.82644 0.0724622 0
0.12 7.89146 0.0575233 0
0.12 7.94142 0.0423622 0
0.12 7.97613 0.0270392 0
0.12 7.99547 0.0116345 0
0.16 -7.99547 0.0116345 0
0.16 -7.97613 0.0270392 0
0.16 -7.94142 0.0423622 0
0.16 -7.89146 0.0575233 0
0.16 -7.82644 0.0724622 0
0.16 -7.74663 0.087121 0
0.16 -7.65231 0.101443 0
0.16 -7.54387 0.115372 0
0.16 -7.42172 0.128855 0
0.16 -7.28633 0.141839 0
0.16 -7.13822 0.154275 0
0.16 -6.97798 0.166114 0
0.16 -6.80621 0.17731 0
0.16 -6.62359 0.18782 0
0.16 -6.43081 0.197604 0
0.16 -6.22863 0.206623 0
0.16 -6.01783 0.214842 0
0.16 -5.79923 0.222231 0
0.16 -5.57366 0.22876 0
0.16 -5.342 0.234403 0
0.16 -5.10515 0.23914 0.0000105825
0.16 -4.86403 0.242952 0.0000317111
0.16 -4.61956 0.245824 0.000090345
0.16 -4.3727 0.247744 0.000242946
0.16 -4.12439 0.248706 0.000612605
0.16 -3.87561 0.248706 0.00144007
0.16 -3.6273 0.247744 0.00313959
0.16 -3.38044 0.245824 0.00631904
0.16 -3.13597 0.242952 0.011692
0.16 -2.89485 0.23914 0.0198056
0.16 -2.658 0.234403 0.0305732
0.16 -2.42634 0.22876 0.0427443
0.16 -2.20077 0.222231 0.0535959
0.16 -1.98217 0.214842 0.0591607
0.16 -1.77137 0.206623 0.055114
0.16 -1.56919 0.197604 0.0380918
0.16 -1.37641 0.18782 0.00691326
0.16 -1.19379 0.17731 -0.0368406
0.16 -1.02202 0.166114 -0.0891487
0.16 -0.861777 0.154275 -0.144609
0.16 -0.713672 0.141839 -0.197772
0.16 -0.578281 0.128855 -0.244258
0.16 -0.456128 0.115372 -0.281344
0.16 -0.347686 0.101443 -0.307965
0.16 -0.253374 0.087121 -0.324245
0.16 -0.173556 0.0724622 -0.33064
0.16 -0.108542 0.0575233 -0.326448
0.16 -0.0585837 0.0423622 -0.305958
0.16 -0.0238721 0.0270392 -0.242428
0.16 -0.00453438 0.0116345 -0.0268747
0.16 0.00453438 0.0116345 0.327678
0.16 0.0238721 0.0270392 0.414603
0.16 0.0585837 0.0423622 0.428085
0.16 0.108542 0.0575233 0.429426
0.16 0.173556 0.0724622 0.42402
0.16 0.253374 0.087121 0.411388
0.16 0.347686 0.101443 0.389902
0.16 0.456128 0.115372 0.358019
0.16 0.578281 0.128855 0.315053
0.16 0.713672 0.141839 0.261814
0.16 0.861777 0.154275 0.201013
0.16 1.02202 0.166114 0.137232
0.16 1.19379 0.17731 0.0762905
0.16 1.37641 0.18782 0.0240717
0.16 1.56919 0.197604 -0.0149123
0.16 1.77137 0.206623 -0.0386755
0.16 1.98217 0.214842 -0.0481563
0.16 2.20077 0.222231 -0.046668
0.16 2.42634 0.22876 -0.0386554
0.16 2.658 0.234403 -0.0283162
0.16 2.89485 0.23914 -0.0186424
0.16 3.13597 0.242952 -0.0111327
0.16 3.38044 0.245824 -0.00606816
0.16 3.6273 0.247744 -0.0030345
0.16 3.87561 0.248706 -0.00139888
0.16 4.12439 0.248706 -0.000597455
0.16 4.3727 0.247744 -0.000237696
0.16 4.61956 0.245824 -0.0000886235
0.16 4.86403 0.242952 -0.0000311736
0.16 5.10515 0.23914 -0.0000104217
0.16 5.342 0.234403 0
0.16 5.57366 0.22876 0
0.16 5.79923 0.222231 0
0.16 6.01783 0.214842 0
0.16 6.22863 0.206623 0
0.16 6.43081 0.197604 0
0.16 6.62359 0.18782 0
0.16 6.80621 0.17731 0
0.16 6.97798 0.166114 0
0.16 7.13822 0.154275 0
0.16 7.28633 0.141839 0
0.16 7.42172 0.128855 0
0.16 7.54387 0.115372 0
0.16 7.65231 0.101443 0
0.16 7.74663 0.087121 0
0.16 7.82644 0.0724622 0
0.16 7.89146 0.0575233 0
0.16 7.94142 0.0423622 0
0.16 7.97613 0.0270392 0
0.16 7.99547 0.0116345 0
0.2 -7.99547 0.0116345 0
0.2 -7.97613 0.0270392 0
0.2 -7.94142 0.0423622 0
0.2 -7.89146 0.0575233 0
0.2 -7.82644 0.0724622 0
0.2 -7.74663 0.087121 0
0.2 -7.65231 0.101443 0
0.2 -7.54387 0.115372 0
0.2 -7.42172 0.128855 0
0.2 -7.28633 0.141839 0
0.2 -7.13822 0.154275 0
0.2 -6.97798 0.166114 0
0.2 -6.80621 0.17731 0
0.2 -6.62359 0.18782 0
0.2 -6.43081 0.197604 0
0.2 -6.22863 0.206623 0
0.2 -6.01783 0.214842 0
0.2 -5.79923 0.222231 0
0.2 -5.57366 0.22876 0
0.2 -5.342 0.234403 0
0.2 -5.10515 0.23914 0.0000105833
0.2 -4.86403 0.242952 0.0000317137
0.2 -4.61956 0.245824 0.0000903528
0.2 -4.3727 0.247744 0.000242968
0.2 -4.12439 0.248706 0.000612665
0.2 -3.87561 0.248706 0.00144022
0.2 -3.6273 0.247744 0.00313994
0.2 -3.38044 0.245824 0.00631978
0.2 -3.13597 0.242952 0.0116935
0.2 -2.89485 0.23914 0.0198083
0.2 -2.658 0.234403 0.0305777
0.2 -2.42634 0.22876 0.0427511
0.2 -2.20077 0.222231 0.0536051
0.2 -1.98217 0.214842 0.0591715
0.2 -1.77137 0.206623 0.0551245
0.2 -1.56919 0.197604 0.0380984
0.2 -1.37641 0.18782 0.00691046
0.2 -1.19379 0.17731 -0.0368602
0.2 -1.02202 0.166114 -0.089194
0.2 -0.861777 0.154275 -0.14469
0.2 -0.713672 0.141839 -0.197903
0.2 -0.578281 0.128855 -0.244454
0.2 -0.456128 0.115372 -0.281627
0.2 -0.347686 0.101443 -0.30837
0.2 -0.253374 0.087121 -0.324829
0.2 -0.173556 0.0724622 -0.331509
0.2 -0.108542 0.0575233 -0.327824
0.2 -0.0585837 0.0423622 -0.308369
0.2 -0.0238721 0.0270392 -0.247282
0.2 -0.00453438 0.0116345 -0.0334159
0.2 0.00453438 0.0116345 0.304875
0.2 0.0238721 0.0270392 0.408535
0.2 0.0585837 0.0423622 0.425496
0.2 0.108542 0.0575233 0.428018
0.2 0.173556 0.0724622 0.42315
0.2 0.253374 0.087121 0.41081
0.2 0.347686 0.101443 0.389504
0.2 0.456128 0.115372 0.357741
0.2 0.578281 0.128855 0.314862
0.2 0.713672 0.141839 0.261687
0.2 0.861777 0.154275 0.200935
0.2 1.02202 0.166114 0.137188
0.2 1.19379 0.17731 0.0762721
0.2 1.37641 0.18782 0.0240695
0.2 1.56919 0.197604 -0.0149054
0.2 1.77137 0.206623 -0.0386649
0.2 1.98217 0.214842 -0.0481455
0.2 2.20077 0.222231 -0.046659
0.2 2.42634 0.22876 -0.0386487
0.2 2.658 0.234403 -0.0283118
0.2 2.89485 0.23914 -0.0186397
0.2 3.13597 0.242952 -0.0111313
0.2 3.38044 0.245824 -0.00606744
0.2 3.6273 0.247744 -0.00303416
0.2 3.87561 0.248706 -0.00139873
0.2 4.12439 0.248706 -0.000597397
0.2 4.3727 0.247744 -0.000237675
0.2 4.61956 0.245824 -0.0000886158
0.2 4.86403 0.242952 -0.000031171
0.2 5.10515 0.23914 -0.0000104209
0.2 5.342 0.234403 0
0.2 5.57366 0.22876 0
0.2 5.79923 0.222231 0
0.2 6.01783 0.214842 0
0.2 6.22863 0.206623 0
0.2 6.43081 0.197604 0
0.2 6.62359 0.18782 0
0.2 6.80621 0.17731 0
0.2 6.97798 0.166114 0
0.2 7.13822 0.154275 0
0.2 7.28633 0.141839 0
0.2 7.42172 0.128855 0
0.2 7.54387 0.115372 0
0.2 7.65231 0.101443 0
0.2 7.74663 0.087121 0
0.2 7.82644 0.0724622 0
0.2 7.89146 0.0575233 0
0.2 7.94142 0.0423622 0
0.2 7.97613 0.0270392 0
0.2 7.99547 0.0116345 0
0.24 -7.99547 0.0116345 0
0.24 -7.97613 0.0270392 0
0.24 -7.94142 0.0423622 0
0.24 -7.89146 0.0575233 0
0.24 -7.82644 0.0724622 0
0.24 -7.74663 0.087121 0
0.24 -7.65231 0.101443 0
0.24 -7.54387 0.115372 0
0.24 -7.42172 0.128855 0
0.24 -7.28633 0.141839 0
0.24 -7.13822 0.154275 0
0.24 -6.97798 0.166114 0
0.24 -6.80621 0.17731 0
0.24 -6.62359 0.18782 0
0.24 -6.43081 0.197604 0
0.24 -6.22863 0.206623 0
0.24 -6.01783 0.214842 0
0.24 -5.79923 0.222231 0
0.24 -5.57366 0.22876 0
0.24 -5.342 0.234403 0
0.24 -5.10515 0.23914 0.0000105841
0.24 -4.86403 0.242952 0.0000317163
0.24 -4.61956 0.245824 0.0000903606
0.24 -4.3727 0.247744 0.00024299
0.24 -4.12439 0.248706 0.000612724
0.24 -3.87561 0.248706 0.00144037
0.24 -3.6273 0.247744 0.00314028
0.24 -3.38044 0.245824 0.00632052
0.24 -3.13597 0.242952 0.0116949
0.24 -2.89485 0.23914 0.019811
0.24 -2.658 0.234403 0.0305822
0.24 -2.42634 0.22876 0.0427579
0.24 -2.20077 0.222231 0.0536143
0.24 -1.98217 0.214842 0.0591824
0.24 -1.77137 0.206623 0.0551351
0.24 -1.56919 0.197604 0.0381051
0.24 -1.37641 0.18782 0.0069077
0.24 -1.19379 0.17731 -0.0368796
0.24 -1.02202 0.166114 -0.0892392
0.24 -0.861777 0.154275 -0.144772
0.24 -0.713672 0.141839 -0.198033
0.24 -0.578281 0.128855 -0.24465
0.24 -0.456128 0.115372 -0.281911
0.24 -0.347686 0.101443 -0.308775
0.24 -0.253374 0.087121 -0.325412
0.24 -0.173556 0.0724622 -0.332379
0.24 -0.108542 0.0575233 -0.329202
0.24 -0.0585837 0.0423622 -0.310791
0.24 -0.0238721 0.0270392 -0.252203
0.24 -0.00453438 0.0116345 -0.0404537
0.24 0.00453438 0.0116345 0.28385
0.24 0.0238721 0.0270392 0.402552
0.24 0.0585837 0.0423622 0.422919
0.24 0.108542 0.0575233 0.426613
0.24 0.173556 0.0724622 0.422279
0.24 0.253374 0.087121 0.410232
0.24 0.347686 0.101443 0.389105
0.24 0.456128 0.115372 0.357463
0.24 0.578281 0.128855 0.31467
0.24 0.713672 0.141839 0.26156
0.24 0.861777 0.154275 0.200855
0.24 1.02202 0.166114 0.137145
0.24 1.19379 0.17731 0.0762536
0.24 1.37641 0.18782 0.0240672
0.24 1.56919 0.197604 -0.0148986
0.24 1.77137 0.206623 -0.0386544
0.24 1.98217 0.214842 -0.0481347
0.24 2.20077 0.222231 -0.0466499
0.24 2.42634 0.22876 -0.0386421
0.24 2.658 0.234403 -0.0283074
0.24 2.89485 0.23914 -0.0186371
0.24 3.13597 0.242952 -0.0111298
0.24 3.38044 0.245824 -0.00606671
0.24 3.6273 0.247744 -0.00303382
0.24 3.87561 0.248706 -0.00139859
0.24 4.12439 0.248706 -0.000597339
0.24 4.3727 0.247744 -0.000237653
0.24 4.61956 0.245824 -0.0000886081
0.24 4.86403 0.242952 -0.0000311685
0.24 5.10515 0.23914 -0.0000104201
0.24 5.342 0.234403 0
0.24 5.57366 0.22876 0
0.24 5.79923 0.222231 0
0.24 6.01783 0.214842 0
0.24 6.22863 0.206623 0
0.24 6.43081 0.197604 0
0.24 6.62359 0.18782 0
0.24 6.80621 0.17731 0
0.24 6.97798 0.166114 0
0.24 7.13822 0.154275 0
0.24 7.28633 0.141839 0
0.24 7.42172 0.128855 0
0.24 7.54387 0.115372 0
0.24 7.65231 0.101443 0
0.24 7.74663 0.087121 0
0.24 7.82644 0.0724622 0
0.24 7.89146 0.0575233 0
0.24 7.94142 0.0423622 0
0.24 7.97613 0.0270392 0
0.24 7.99547 0.0116345 0
0.28 -7.99547 0.0116345 0
0.28 -7.97613 0.0270392 0
0.28 -7.94142 0.0423622 0
0.28 -7.89146 0.0575233 0
0.28 -7.82644 0.0724622 0
0.28 -7.74663 0.087121 0
0.28 -7.65231 0.101443 0
0.28 -7.54387 0.115372 0
0.28 -7.42172 0.128855 0
0.28 -7.28633 0.141839 0
0.28 -7.13822 0.154275 0
0.28 -6.97798 0.166114 0
0.28 -6.80621 0.17731 0
0.28 -6.62359 0.18782 0
0.28 -6.43081 0.197604 0
0.28 -6.22863 0.206623 0
0.28 -6.01783 0.214842 0
0.28 -5.79923 0.222231 0
0.28 -5.57366 0.22876 0
0.28 -5.342 0.234403 0
0.28 -5.10515 0.23914 0.000010585
0.28 -4.86403 0.242952 0.0000317189
0.28 -4.61956 0.245824 0.0000903684
0.28 -4.3727 0.247744 0.000243012
0.28 -4.12439 0.248706 0.000612783
0.28 -3.87561 0.248706 0.00144051
0.28 -3.6273 0.247744 0.00314062
0.28 -3.38044 0.245824 0.00632126
0.28 -3.13597 0.242952 0.0116964
0.28 -2.89485 0.23914 0.0198136
0.28 -2.658 0.234403 0.0305866
0.28 -2.42634 0.22876 0.0427646
0.28 -2.20077 0.222231 0.0536234
0.28 -1.98217 0.214842 0.0591933
0.28 -1.77137 0.206623 0.0551457
0.28 -1.56919 0.197604 0.0381118
0.28 -1.37641 0.18782 0.00690497
0.28 -1.19379 0.17731 -0.036899
0.28 -1.02202 0.166114 -0.0892842
0.28 -0.861777 0.154275 -0.144853
0.28 -0.713672 0.141839 -0.198164
0.28 -0.578281 0.128855 -0.244846
0.28 -0.456128 0.115372 -0.282194
0.28 -0.347686 0.101443 -0.309179
0.28 -0.253374 0.087121 -0.325996
0.28 -0.173556 0.0724622 -0.333248
0.28 -0.108542 0.0575233 -0.330582
0.28 -0.0585837 0.0423622 -0.313223
0.28 -0.0238721 0.0270392 -0.257191
0.28 -0.00453438 0.0116345 -0.0480337
0.28 0.00453438 0.0116345 0.264458
0.28 0.0238721 0.0270392 0.396653
0.28 0.0585837 0.0423622 0.420353
0.28 0.108542 0.0575233 0.425209
0.28 0.173556 0.0724622 0.421409
0.28 0.253374 0.087121 0.409653
0.28 0.347686 0.101443 0.388706
0.28 0.456128 0.115372 0.357185
0.28 0.578281 0.128855 0.314479
0.28 0.713672 0.141839 0.261432
0.28 0.861777 0.154275 0.200776
0.28 1.02202 0.166114 0.137101
0.28 1.19379 0.17731 0.076235
0.28 1.37641 0.18782 0.0240649
0.28 1.56919 0.197604 -0.0148918
0.28 1.77137 0.206623 -0.0386438
0.28 1.98217 0.214842 -0.0481239
0.28 2.20077 0.222231 -0.0466408
0.28 2.42634 0.22876 -0.0386354
0.28 2.658 0.234403 -0.028303
0.28 2.89485 0.23914 -0.0186344
0.28 3.13597 0.242952 -0.0111284
0.28 3.38044 0.245824 -0.00606598
0.28 3.6273 0.247744 -0.00303349
0.28 3.87561 0.248706 -0.00139844
0.28 4.12439 0.248706 -0.00059728
0.28 4.3727 0.247744 -0.000237631
0.28 4.61956 0.245824 -0.0000886004
0.28 4.86403 0.242952 -0.0000311659
0.28 5.10515 0.23914 -0.0000104192
0.28 5.342 0.234403 0
0.28 5.57366 0.22876 0
0.28 5.79923 0.222231 0
0.28 6.01783 0.214842 0
0.28 6.22863 0.206623 0
0.28 6.43081 0.197604 0
0.28 6.62359 0.18782 0
0.28 6.80621 0.17731 0
0.28 6.97798 0.166114 0
0.28 7.13822 0.154275 0
0.28 7.28633 0.141839 0
0.28 7.42172 0.128855 0
0.28 7.54387 0.115372 0
0.28 7.65231 0.101443 0
0.28 7.74663 0.087121 0
0.28 7.82644 0.0724622 0
0.28 7.89146 0.0575233 0
0.28 7.94142 0.0423622 0
0.28 7.97613 0.0270392 0
0.28 7.99547 0.0116345 0
0.32 -7.99547 0.0116345 0
0.32 -7.97613 0.0270392 0
0.32 -7.94142 0.0423622 0
0.32 -7.89146 0.0575233 0
0.32 -7.82644 0.0724622 0
0.32 -7.74663 0.087121 0
0.32 -7.65231 0.101443 0
0.32 -7.54387 0.115372 0
0.32 -7.42172 0.128855 0
0.32 -7.28633 0.141839 0
0.32 -7.13822 0.154275 0
0.32 -6.97798 0.166114 0
0.32 -6.80621 0.17731 0
0.32 -6.62359 0.18782 0
0.32 -6.43081 0.197604 0
0.32 -6.22863 0.206623 0
0.32 -6.01783 0.214842 0
0.32 -5.79923 0.222231 0
0.32 -5.57366 0.22876 0
0.32 -5.342 0.234403 0
0.32 -5.10515 0.23914 0.0000105858
0.32 -4.86403 0.242952 0.0000317215
0.32 -4.61956 0.245824 0.0000903762
0.32 -4.3727 0.247744 0.000243034
0.32 -4.12439 0.248706 0.000612842
0.32 -3.87561 0.248706 0.00144066
0.32 -3.6273 0.247744 0.00314096
0.32 -3.38044 0.245824 0.006322
0.32 -3.13597 0.242952 0.0116979
0.32 -2.89485 0.23914 0.0198163
0.32 -2.658 0.234403 0.0305911
0.32 -2.42634 0.22876 0.0427713
0.32 -2.20077 0.222231 0.0536326
0.32 -1.98217 0.214842 0.0592041
0.32 -1.77137 0.206623 0.0551563
0.32 -1.56919 0.197604 0.0381184
0.32 -1.37641 0.18782 0.00690228
0.32 -1.19379 0.17731 -0.0369184
0.32 -1.02202 0.166114 -0.0893291
0.32 -0.861777 0.154275 -0.144934
0.32 -0.713672 0.141839 -0.198294
0.32 -0.578281 0.128855 -0.245041
0.32 -0.456128 0.115372 -0.282476
0.32 -0.347686 0.101443 -0.309583
0.32 -0.253374 0.087121 -0.326578
0.32 -0.173556 0.0724622 -0.334117
0.32 -0.108542 0.0575233 -0.331964
0.32 -0.0585837 0.0423622 -0.315665
0.32 -0.0238721 0.0270392 -0.262248
0.32 -0.00453438 0.0116345 -0.0562049
0.32 0.00453438 0.0116345 0.246567
0.32 0.0238721 0.0270392 0.390837
0.32 0.0585837 0.0423622 0.417798
0.32 0.108542 0.0575233 0.423808
0.32 0.173556 0.0724622 0.420539
0.32 0.253374 0.087121 0.409074
0.32 0.347686 0.101443 0.388307
0.32 0.456128 0.115372 0.356907
0.32 0.578281 0.128855 0.314287
0.32 0.713672 0.141839 0.261304
0.32 0.861777 0.154275 0.200697
0.32 1.02202 0.166114 0.137057
0.32 1.19379 0.17731 0.0762163
0.32 1.37641 0.18782 0.0240626
0.32 1.56919 0.197604 -0.014885
0.32 1.77137 0.206623 -0.0386332
0.32 1.98217 0.214842 -0.0481131
0.32 2.20077 0.222231 -0.0466318
0.32 2.42634 0.22876 -0.0386287
0.32 2.658 0.234403 -0.0282986
0.32 2.89485 0.23914 -0.0186318
0.32 3.13597 0.242952 -0.0111269
0.32 3.38044 0.245824 -0.00606525
0.32 3.6273 0.247744 -0.00303315
0.32 3.87561 0.248706 -0.0013983
0.32 4.12439 0.248706 -0.000597222
0.32 4.3727 0.247744 -0.000237609
0.32 4.61956 0.245824 -0.0000885927
0.32 4.86403 0.242952 -0.0000311633
0.32 5.10515 0.23914 -0.0000104184
0.32 5.342 0.234403 0
0.32 5.57366 0.22876 0
0.32 5.79923 0.222231 0
0.32 6.01783 0.214842 0
0.32 6.22863 0.206623 0
0.32 6.43081 0.197604 0
0.32 6.62359 0.18782 0
0.32 6.80621 0.17731 0
0.32 6.97798 0.166114 0
0.32 7.13822 0.154275 0
0.32 7.28633 0.141839 0
0.32 7.42172 0.128855 0
0.32 7.54387 0.115372 0
0.32 7.65231 0.101443 0
0.32 7.74663 0.087121 0
0.32 7.82644 0.0724622 0
0.32 7.89146 0.0575233 0
0.32 7.94142 0.0423622 0
0.32 7.97613 0.0270392 0
0.32 7.99547 0.0116345 0
0.36 -7.99547 0.0116345 0
0.36 -7.97613 0.0270392 0
0.36 -7.94142 0.0423622 0
0.36 -7.89146 0.0575233 0
0.36 -7.82644 0.0724622 0
0.36 -7.74663 0.087121 0
0.36 -7.65231 0.101443 0
0.36 -7.54387 0.115372 0
0.36 -7.42172 0.128855 0
0.36 -7.28633 0.141839 0
0.36 -7.13822 0.154275 0
0.36 -6.97798 0.166114 0
0.36 -6.80621 0.17731 0
0.36 -6.62359 0.18782 0
0.36 -6.43081 0.197604 0
0.36 -6.22863 0.206623 0
0.36 -6.01783 0.214842 0
0.36 -5.79923 0.222231 0
0.36 -5.57366 0.22876 0
0.36 -5.342 0.234403 0
0.36 -5.10515 0.23914 0.0000105866
0.36 -4.86403 0.242952 0.0000317241
0.36 -4.61956 0.245824 0.000090384
0.36 -4.3727 0.247744 0.000243056
0.36 -4.12439 0.248706 0.000612901
0.36 -3.87561 0.248706 0.00144081
0.36 -3.6273 0.247744 0.00314131
0.36 -3.38044 0.245824 0.00632273
0.36 -3.13597 0.242952 0.0116993
0.36 -2.89485 0.23914 0.019819
0.36 -2.658 0.234403 0.0305955
0.36 -2.42634 0.22876 0.0427781
0.36 -2.20077 0.222231 0.0536417
0.36 -1.98217 0.214842 0.059215
0.36 -1.77137 0.206623 0.0551669
0.36 -1.56919 0.197604 0.0381251
0.36 -1.37641 0.18782 0.00689962
0.36 -1.19379 0.17731 -0.0369376
0.36 -1.02202 0.166114 -0.0893739
0.36 -0.861777 0.154275 -0.145015
0.36 -0.713672 0.141839 -0.198424
0.36 -0.578281 0.128855 -0.245236
0.36 -0.456128 0.115372 -0.282758
0.36 -0.347686 0.101443 -0.309986
0.36 -0.253374 0.087121 -0.327161
0.36 -0.173556 0.0724622 -0.334986
0.36 -0.108542 0.0575233 -0.333348
0.36 -0.0585837 0.0423622 -0.318119
0.36 -0.0238721 0.0270392 -0.267375
0.36 -0.00453438 0.0116345 -0.0650204
0.36 0.00453438 0.0116345 0.230057
0.36 0.0238721 0.0270392 0.385103
0.36 0.0585837 0.0423622 0.415255
0.36 0.108542 0.0575233 0.422408
0.36 0.173556 0.0724622 0.41967
0.36 0.253374 0.087121 0.408495
0.36 0.347686 0.101443 0.387907
0.36 0.456128 0.115372 0.356628
0.36 0.578281 0.128855 0.314094
0.36 0.713672 0.141839 0.261176
0.36 0.861777 0.154275 0.200617
0.36 1.02202 0.166114 0.137013
0.36 1.19379 0.17731 0.0761976
0.36 1.37641 0.18782 0.0240602
0.36 1.56919 0.197604 -0.0148782
0.36 1.77137 0.206623 -0.0386226
0.36 1.98217 0.214842 -0.0481023
0.36 2.20077 0.222231 -0.0466227
0.36 2.42634 0.22876 -0.038622
0.36 2.658 0.234403 -0.0282942
0.36 2.89485 0.23914 -0.0186292
0.36 3.13597 0.242952 -0.0111255
0.36 3.38044 0.245824 -0.00606452
0.36 3.6273 0.247744 -0.00303281
0.36 3.87561 0.248706 -0.00139815
0.36 4.12439 0.248706 -0.000597164
0.36 4.3727 0.247744 -0.000237587
0.36 4.61956 0.245824 -0.000088585
0.36 4.86403 0.242952 -0.0000311608
0.36 5.10515 0.23914 -0.0000104176
0.36 5.342 0.234403 0
0.36 5.57366 0.22876 0
0.36 5.79923 0.222231 0
0.36 6.01783 0.214842 0
0.36 6.22863 0.206623 0
0.36 6.43081 0.197604 0
0.36 6.62359 0.18782 0
0.36 6.80621 0.17731 0
0.36 6.97798 0.166114 0
0.36 7.13822 0.154275 0
0.36 7.28633 0.141839 0
0.36 7.42172 0.128855 0
0.36 7.54387 0.115372 0
0.36 7.65231 0.101443 0
0.36 7.74663 0.087121 0
0.36 7.82644 0.0724622 0
0.36 7.89146 0.0575233 0
0.36 7.94142 0.0423622 0
0.36 7.97613 0.0270392 0
0.36 7.99547 0.0116345 0
0.4 -7.99547 0.0116345 0
0.4 -7.97613 0.0270392 0
0.4 -7.94142 0.0423622 0
0.4 -7.89146 0.0575233 0
0.4 -7.82644 0.0724622 0
0.4 -7.74663 0.087121 0
0.4 -7.65231 0.101443 0
0.4 -7.54387 0.115372 0
0.4 -7.42172 0.128855 0
0.4 -7.28633 0.141839 0
0.4 -7.13822 0.154275 0
0.4 -6.97798 0.166114 0
0.4 -6.80621 0.17731 0
0.4 -6.62359 0.18782 0
0.4 -6.43081 0.197604 0
0.4 -6.22863 0.206623 0
0.4 -6.01783 0.214842 0
0.4 -5.79923 0.222231 0
0.4 -5.57366 0.22876 0
0.4 -5.342 0.234403 0
0.4 -5.10515 0.23914 0.0000105875
0.4 -4.86403 0.242952 0.0000317267
0.4 -4.61956 0.245824 0.0000903918
0.4 -4.3727 0.247744 0.000243079
0.4 -4.12439 0.248706 0.00061296
0.4 -3.87561 0.248706 0.00144096
0.4 -3.6273 0.247744 0.00314165
0.4 -3.38044 0.245824 0.00632347
0.4 -3.13597 0.242952 0.0117008
0.4 -2.89485 0.23914 0.0198216
0.4 -2.658 0.234403 0.0306
0.4 -2.42634 0.22876 0.0427848
0.4 -2.20077 0.222231 0.0536509
0.4 -1.98217 0.214842 0.0592258
0.4 -1.77137 0.206623 0.0551775
0.4 -1.56919 0.197604 0.0381318
0.4 -1.37641 0.18782 0.006897
0.4 -1.19379 0.17731 -0.0369568
0.4 -1.02202 0.166114 -0.0894187
0.4 -0.861777 0.154275 -0.145096
0.4 -0.713672 0.141839 -0.198553
0.4 -0.578281 0.128855 -0.24543
0.4 -0.456128 0.115372 -0.28304
0.4 -0.347686 0.101443 -0.310389
0.4 -0.253374 0.087121 -0.327743
0.4 -0.173556 0.0724622 -0.335856
0.4 -0.108542 0.0575233 -0.334733
0.4 -0.0585837 0.0423622 -0.320583
0.4 -0.0238721 0.0270392 -0.272574
0.4 -0.00453438 0.0116345 -0.0745376
0.4 0.00453438 0.0116345 0.214815
0.4 0.0238721 0.0270392 0.379449
0.4 0.0585837 0.0423622 0.412724
0.4 0.108542 0.0575233 0.421011
0.4 0.173556 0.0724622 0.4188
0.4 0.253374 0.087121 0.407915
0.4 0.347686 0.101443 0.387506
0.4 0.456128 0.115372 0.356348
0.4 0.578281 0.128855 0.313901
0.4 0.713672 0.141839 0.261048
0.4 0.861777 0.154275 0.200537
0.4 1.02202 0.166114 0.136969
0.4 1.19379 0.17731 0.0761788
0.4 1.37641 0.18782 0.0240578
0.4 1.56919 0.197604 -0.0148714
0.4 1.77137 0.206623 -0.038612
0.4 1.98217 0.214842 -0.0480915
0.4 2.20077 0.222231 -0.0466136
0.4 2.42634 0.22876 -0.0386153
0.4 2.658 0.234403 -0.0282898
0.4 2.89485 0.23914 -0.0186265
0.4 3.13597 0.242952 -0.011124
0.4 3.38044 0.245824 -0.00606379
0.4 3.6273 0.247744 -0.00303247
0.4 3.87561 0.248706 -0.00139801
0.4 4.12439 0.248706 -0.000597105
0.4 4.3727 0.247744 -0.000237565
0.4 4.61956 0.245824 -0.0000885773
0.4 4.86403 0.242952 -0.0000311582
0.4 5.10515 0.23914 -0.0000104168
0.4 5.342 0.234403 0
0.4 5.57366 0.22876 0
0.4 5.79923 0.222231 0
0.4 6.01783 0.214842 0
0.4 6.22863 0.206623 0
0.4 6.43081 0.197604 0
0.4 6.62359 0.18782 0
0.4 6.80621 0.17731 0
0.4 6.97798 0.166114 0
0.4 7.13822 0.154275 0
0.4 7.28633 0.141839 0
0.4 7.42172 0.128855 0
0.4 7.54387 0.115372 0
0.4 7.65231 0.101443 0
0.4 7.74663 0.087121 0
0.4 7.82644 0.0724622 0
0.4 7.89146 0.0575233 0
0.4 7.94142 0.0423622 0
0.4 7.97613 0.0270392 0
0.4 7.99547 0.0116345 0
0.44 -7.99547 0.0116345 0
0.44 -7.97613 0.0270392 0
0.44 -7.94142 0.0423622 0
0.44 -7.89146 0.0575233 0
0.44 -7.82644 0.0724622 0
0.44 -7.74663 0.087121 0
0.44 -7.65231 0.101443 0
0.44 -7.54387 0.115372 0
0.44 -7.42172 0.128855 0
0.44 -7.28633 0.141839 0
0.44 -7.13822 0.154275 0
0.44 -6.97798 0.166114 0
0.44 -6.80621 0.17731 0
0.44 -6.62359 0.18782 0
0.44 -6.43081 0.197604 0
0.44 -6.22863 0.206623 0
0.44 -6.01783 0.214842 0
0.44 -5.79923 0.222231 0
0.44 -5.57366 0.22876 0
0.44 -5.342 0.234403 0
0.44 -5.10515 0.23914 0.0000105883
0.44 -4.86403 0.242952 0.0000317293
0.44 -4.61956 0.245824 0.0000903996
0.44 -4.3727 0.247744 0.000243101
0.44 -4.12439 0.248706 0.000613019
0.44 -3.87561 0.248706 0.0014411
0.44 -3.6273 0.247744 0.00314199
0.44 -3.38044 0.245824 0.0063242
0.44 -3.13597 0.242952 0.0117022
0.44 -2.89485 0.23914 0.0198243
0.44 -2.658 0.234403 0.0306044
0.44 -2.42634 0.22876 0.0427915
0.44 -2.20077 0.222231 0.05366
0.44 -1.98217 0.214842 0.0592367
0.44 -1.77137 0.206623 0.055188
0.44 -1.56919 0.197604 0.0381385
0.44 -1.37641 0.18782 0.00689441
0.44 -1.19379 0.17731 -0.036976
0.44 -1.02202 0.166114 -0.0894632
0.44 -0.861777 0.154275 -0.145177
0.44 -0.713672 0.141839 -0.198683
0.44 -0.578281 0.128855 -0.245624
0.44 -0.456128 0.115372 -0.283321
0.44 -0.347686 0.101443 -0.310792
0.44 -0.253374 0.087121 -0.328324
0.44 -0.173556 0.0724622 -0.336725
0.44 -0.108542 0.0575233 -0.336121
0.44 -0.0585837 0.0423622 -0.323059
0.44 -0.0238721 0.0270392 -0.277845
0.44 -0.00453438 0.0116345 -0.0848188
0.44 0.00453438 0.0116345 0.20074
0.44 0.0238721 0.0270392 0.373874
0.44 0.0585837 0.0423622 0.410203
0.44 0.108542 0.0575233 0.419615
0.44 0.173556 0.0724622 0.41793
0.44 0.253374 0.087121 0.407335
0.44 0.347686 0.101443 0.387105
0.44 0.456128 0.115372 0.356068
0.44 0.578281 0.128855 0.313708
0.44 0.713672 0.141839 0.26092
0.44 0.861777 0.154275 0.200457
0.44 1.02202 0.166114 0.136925
0.44 1.19379 0.17731 0.0761599
0.44 1.37641 0.18782 0.0240554
0.44 1.56919 0.197604 -0.0148646
0.44 1.77137 0.206623 -0.0386014
0.44 1.98217 0.214842 -0.0480807
0.44 2.20077 0.222231 -0.0466045
0.44 2.42634 0.22876 -0.0386086
0.44 2.658 0.234403 -0.0282853
0.44 2.89485 0.23914 -0.0186239
0.44 3.13597 0.242952 -0.0111226
0.44 3.38044 0.245824 -0.00606306
0.44 3.6273 0.247744 -0.00303213
0.44 3.87561 0.248706 -0.00139786
0.44 4.12439 0.248706 -0.000597047
0.44 4.3727 0.247744 -0.000237543
0.44 4.61956 0.245824 -0.0000885696
0.44 4.86403 0.242952 -0.0000311556
0.44 5.10515 0.23914 -0.000010416
0.44 5.342 0.234403 0
0.44 5.57366 0.22876 0
0.44 5.79923 0.222231 0
0.44 6.01783 0.214842 0
0.44 6.22863 0.206623 0
0.44 6.43081 0.197604 0
0.44 6.62359 0.18782 0
0.44 6.80621 0.17731 0
0.44 6.97798 0.166114 0
0.44 7.13822 0.154275 0
0.44 7.28633 0.141839 0
0.44 7.42172 0.128855 0
0.44 7.54387 0.115372 0
0.44 7.65231 0.101443 0
0.44 7.74663 0.087121 0
0.44 7.82644 0.0724622 0
0.44 7.89146 0.0575233 0
0.44 7.94142 0.0423622 0
0.44 7.97613 0.0270392 0
0.44 7.99547 0.0116345 0
0.48 -7.99547 0.0116345 0
0.48 -7.97613 0.0270392 0
0.48 -7.94142 0.0423622 0
0.48 -7.89146 0.0575233 0
0.48 -7.82644 0.0724622 0
0.48 -7.74663 0.087121 0
0.48 -7.65231 0.101443 0
0.48 -7.54387 0.115372 0
0.48 -7.42172 0.128855 0
0.48 -7.28633 0.141839 0
0.48 -7.13822 0.154275 0
0.48 -6.97798 0.166114 0
0.48 -6.80621 0.17731 0
0.48 -6.62359 0.18782 0
0.48 -6.43081 0.197604 0
0.48 -6.22863 0.206623 0
0.48 -6.01783 0.214842 0
0.48 -5.79923 0.222231 0
0.48 -5.57366 0.22876 0
0.48 -5.342 0.234403 0
0.48 -5.10515 0.23914 0.0000105891
0.48 -4.86403 0.242952 0.0000317319
0.48 -4.61956 0.245824 0.0000904074
0.48 -4.3727 0.247744 0.000243123
0.48 -4.12439 0.248706 0.000613078
0.48 -3.87561 0.248706 0.00144125
0.48 -3.6273 0.247744 0.00314233
0.48 -3.38044 0.245824 0.00632494
0.48 -3.13597 0.242952 0.0117037
0.48 -2.89485 0.23914 0.019827
0.48 -2.658 0.234403 0.0306089
0.48 -2.42634 0.22876 0.0427983
0.48 -2.20077 0.222231 0.0536691
0.48 -1.98217 0.214842 0.0592475
0.48 -1.77137 0.206623 0.0551986
0.48 -1.56919 0.197604 0.0381453
0.48 -1.37641 0.18782 0.00689186
0.48 -1.19379 0.17731 -0.036995
0.48 -1.02202 0.166114 -0.0895077
0.48 -0.861777 0.154275 -0.145257
0.48 -0.713672 0.141839 -0.198812
0.48 -0.578281 0.128855 -0.245818
0.48 -0.456128 0.115372 -0.283602
0.48 -0.347686 0.101443 -0.311194
0.48 -0.253374 0.087121 -0.328905
0.48 -0.173556 0.0724622 -0.337595
0.48 -0.108542 0.0575233 -0.33751
0.48 -0.0585837 0.0423622 -0.325545
0.48 -0.0238721 0.0270392 -0.28319
0.48 -0.00453438 0.0116345 -0.0959317
0.48 0.00453438 0.0116345 0.187736
0.48 0.0238721 0.0270392 0.368377
0.48 0.0585837 0.0423622 0.407695
0.48 0.108542 0.0575233 0.418222
0.48 0.173556 0.0724622 0.41706
0.48 0.253374 0.087121 0.406754
0.48 0.347686 0.101443 0.386704
0.48 0.456128 0.115372 0.355788
0.48 0.578281 0.128855 0.313515
0.48 0.713672 0.141839 0.260791
0.48 0.861777 0.154275 0.200377
0.48 1.02202 0.166114 0.136881
0.48 1.19379 0.17731 0.076141
0.48 1.37641 0.18782 0.0240529
0.48 1.56919 0.197604 -0.0148578
0.48 1.77137 0.206623 -0.0385908
0.48 1.98217 0.214842 -0.0480698
0.48 2.20077 0.222231 -0.0465954
0.48 2.42634 0.22876 -0.0386019
0.48 2.658 0.234403 -0.0282809
0.48 2.89485 0.23914 -0.0186212
0.48 3.13597 0.242952 -0.0111211
0.48 3.38044 0.245824 -0.00606233
0.48 3.6273 0.247744 -0.00303179
0.48 3.87561 0.248706 -0.00139771
0.48 4.12439 0.248706 -0.000596988
0.48 4.3727 0.247744 -0.000237521
0.48 4.61956 0.245824 -0.0000885618
0.48 4.86403 0.242952 -0.000031153
0.48 5.10515 0.23914 -0.0000104151
0.48 5.342 0.234403 0
0.48 5.57366 0.22876 0
0.48 5.79923 0.222231 0
0.48 6.01783 0.214842 0
0.48 6.22863 0.206623 0
0.48 6.43081 0.197604 0
0.48 6.62359 0.18782 0
0.48 6.80621 0.17731 0
0.48 6.97798 0.166114 0
0.48 7.13822 0.154275 0
0.48 7.28633 0.141839 0
0.48 7.42172 0.128855 0
0.48 7.54387 0.115372 0
0.48 7.65231 0.101443 0
0.48 7.74663 0.087121 0
0.48 7.82644 0.0724622 0
0.48 7.89146 0.0575233 0
0.48 7.94142 0.0423622 0
0.48 7.97613 0.0270392 0
0.48 7.99547 0.0116345 0
0.52 -7.99547 0.0116345 0
0.52 -7.97613 0.0270392 0
0.52 -7.94142 0.0423622 0
0.52 -7.89146 0.0575233 0
0.52 -7.82644 0.0724622 0
0.52 -7.74663 0.087121 0
0.52 -7.65231 0.101443 0
0.52 -7.54387 0.115372 0
0.52 -7.42172 0.128855 0
0.52 -7.28633 0.141839 0
0.52 -7.13822 0.154275 0
0.52 -6.97798 0.166114 0
0.52 -6.80621 0.17731 0
0.52 -6.62359 0.18782 0
0.52 -6.43081 0.197604 0
0.52 -6.22863 0.206623 0
0.52 -6.01783 0.214842 0
0.52 -5.79923 0.222231 0
0.52 -5.57366 0.22876 0
0.52 -5.342 0.234403 0
0.52 -5.10515 0.23914 0.0000105899
0.52 -4.86403 0.242952 0.0000317345
0.52 -4.61956 0.245824 0.0000904151
0.52 -4.3727 0.247744 0.000243145
0.52 -4.12439 0.248706 0.000613136
0.52 -3.87561 0.248706 0.0014414
0.52 -3.6273 0.247744 0.00314267
0.52 -3.38044 0.245824 0.00632567
0.52 -3.13597 0.242952 0.0117052
0.52 -2.89485 0.23914 0.0198296
0.52 -2.658 0.234403 0.0306133
0.52 -2.42634 0.22876 0.042805
0.52 -2.20077 0.222231 0.0536782
0.52 -1.98217 0.214842 0.0592583
0.52 -1.77137 0.206623 0.0552092
0.52 -1.56919 0.197604 0.038152
0.52 -1.37641 0.18782 0.00688935
0.52 -1.19379 0.17731 -0.037014
0.52 -1.02202 0.166114 -0.0895521
0.52 -0.861777 0.154275 -0.145338
0.52 -0.713672 0.141839 -0.198941
0.52 -0.578281 0.128855 -0.246012
0.52 -0.456128 0.115372 -0.283883
0.52 -0.347686 0.101443 -0.311595
0.52 -0.253374 0.087121 -0.329486
0.52 -0.173556 0.0724622 -0.338464
0.52 -0.108542 0.0575233 -0.338902
0.52 -0.0585837 0.0423622 -0.328043
0.52 -0.0238721 0.0270392 -0.288611
0.52 -0.00453438 0.0116345 -0.10795
0.52 0.00453438 0.0116345 0.175717
0.52 0.0238721 0.0270392 0.362956
0.52 0.0585837 0.0423622 0.405197
0.52 0.108542 0.0575233 0.41683
0.52 0.173556 0.0724622 0.416191
0.52 0.253374 0.087121 0.406173
0.52 0.347686 0.101443 0.386302
0.52 0.456128 0.115372 0.355508
0.52 0.578281 0.128855 0.313322
0.52 0.713672 0.141839 0.260662
0.52 0.861777 0.154275 0.200297
0.52 1.02202 0.166114 0.136836
0.52 1.19379 0.17731 0.076122
0.52 1.37641 0.18782 0.0240504
0.52 1.56919 0.197604 -0.0148511
0.52 1.77137 0.206623 -0.0385802
0.52 1.98217 0.214842 -0.048059
0.52 2.20077 0.222231 -0.0465863
0.52 2.42634 0.22876 -0.0385952
0.52 2.658 0.234403 -0.0282765
0.52 2.89485 0.23914 -0.0186185
0.52 3.13597 0.242952 -0.0111197
0.52 3.38044 0.245824 -0.0060616
0.52 3.6273 0.247744 -0.00303145
0.52 3.87561 0.248706 -0.00139757
0.52 4.12439 0.248706 -0.000596929
0.52 4.3727 0.247744 -0.000237499
0.52 4.61956 0.245824 -0.0000885541
0.52 4.86403 0.242952 -0.0000311504
0.52 5.10515 0.23914 -0.0000104143
0.52 5.342 0.234403 0
0.52 5.57366 0.22876 0
0.52 5.79923 0.222231 0
0.52 6.01783 0.214842 0
0.52 6.22863 0.206623 0
0.52 6.43081 0.197604 0
0.52 6.62359 0.18782 0
0.52 6.80621 0.17731 0
0.52 6.97798 0.166114 0
0.52 7.13822 0.154275 0
0.52 7.28633 0.141839 0
0.52 7.42172 0.128855 0
0.52 7.54387 0.115372 0
0.52 7.65231 0.101443 0
0.52 7.74663 0.087121 0
0.52 7.82644 0.0724622 0
0.52 7.89146 0.0575233 0
0.52 7.94142 0.0423622 0
0.52 7.97613 0.0270392 0
0.52 7.99547 0.0116345 0
0.56 -7.99547 0.0116345 0
0.56 -7.97613 0.0270392 0
0.56 -7.94142 0.0423622 0
0.56 -7.89146 0.0575233 0
0.56 -7.82644 0.0724622 0
0.56 -7.74663 0.087121 0
0.56 -7.65231 0.101443 0
0.56 -7.54387 0.115372 0
0.56 -7.42172 0.128855 0
0.56 -7.28633 0.141839 0
0.56 -7.13822 0.154275 0
0.56 -6.97798 0.166114 0
0.56 -6.80621 0.17731 0
0.56 -6.62359 0.18782 0
0.56 -6.43081 0.197604 0
0.56 -6.22863 0.206623 0
0.56 -6.01783 0.214842 0
0.56 -5.79923 0.222231 0
0.56 -5.57366 0.22876 0
0.56 -5.342 0.234403 0
0.56 -5.10515 0.23914 0.0000105908
0.56 -4.86403 0.242952 0.000031737
0.56 -4.61956 0.245824 0.0000904228
0.56 -4.3727 0.247744 0.000243167
0.56 -4.12439 0.248706 0.000613195
0.56 -3.87561 0.248706 0.00144154
0.56 -3.6273 0.247744 0.00314301
0.56 -3.38044 0.245824 0.0063264
0.56 -3.13597 0.242952 0.0117066
0.56 -2.89485 0.23914 0.0198323
0.56 -2.658 0.234403 0.0306177
0.56 -2.42634 0.22876 0.0428117
0.56 -2.20077 0.222231 0.0536873
0.56 -1.98217 0.214842 0.0592692
0.56 -1.77137 0.206623 0.0552198
0.56 -1.56919 0.197604 0.0381588
0.56 -1.37641 0.18782 0.00688686
0.56 -1.19379 0.17731 -0.037033
0.56 -1.02202 0.166114 -0.0895963
0.56 -0.861777 0.154275 -0.145418
0.56 -0.713672 0.141839 -0.19907
0.56 -0.578281 0.128855 -0.246205
0.56 -0.456128 0.115372 -0.284163
0.56 -0.347686 0.101443 -0.311997
0.56 -0.253374 0.087121 -0.330067
0.56 -0.173556 0.0724622 -0.339334
0.56 -0.108542 0.0575233 -0.340295
0.56 -0.0585837 0.0423622 -0.330552
0.56 -0.0238721 0.0270392 -0.294108
0.56 -0.00453438 0.0116345 -0.120953
0.56 0.00453438 0.0116345 0.164604
0.56 0.0238721 0.0270392 0.357611
0.56 0.0585837 0.0423622 0.402711
0.56 0.108542 0.0575233 0.415441
0.56 0.173556 0.0724622 0.415321
0.56 0.253374 0.087121 0.405592
0.56 0.347686 0.101443 0.3859
0.56 0.456128 0.115372 0.355227
0.56 0.578281 0.128855 0.313128
0.56 0.713672 0.141839 0.260533
0.56 0.861777 0.154275 0.200216
0.56 1.02202 0.166114 0.136792
0.56 1.19379 0.17731 0.0761029
0.56 1.37641 0.18782 0.0240478
0.56 1.56919 0.197604 -0.0148444
0.56 1.77137 0.206623 -0.0385697
0.56 1.98217 0.214842 -0.0480482
0.56 2.20077 0.222231 -0.0465771
0.56 2.42634 0.22876 -0.0385885
0.56 2.658 0.234403 -0.028272
0.56 2.89485 0.23914 -0.0186159
0.56 3.13597 0.242952 -0.0111182
0.56 3.38044 0.245824 -0.00606086
0.56 3.6273 0.247744 -0.00303111
0.56 3.87561 0.248706 -0.00139742
0.56 4.12439 0.248706 -0.00059687
0.56 4.3727 0.247744 -0.000237477
0.56 4.61956 0.245824 -0.0000885463
0.56 4.86403 0.242952 -0.0000311478
0.56 5.10515 0.23914 -0.0000104135
0.56 5.342 0.234403 0
0.56 5.57366 0.22876 0
0.56 5.79923 0.222231 0
0.56 6.01783 0.214842 0
0.56 6.22863 0.206623 0
0.56 6.43081 0.197604 0
0.56 6.62359 0.18782 0
0.56 6.80621 0.17731 0
0.56 6.97798 0.166114 0
0.56 7.13822 0.154275 0
0.56 7.28633 0.141839 0
0.56 7.42172 0.128855 0
0.56 7.54387 0.115372 0
0.56 7.65231 0.101443 0
0.56 7.74663 0.087121 0
0.56 7.82644 0.0724622 0
0.56 7.89146 0.0575233 0
0.56 7.94142 0.0423622 0
0.56 7.97613 0.0270392 0
0.56 7.99547 0.0116345 0
0.6 -7.99547 0.0116345 0
0.6 -7.97613 0.0270392 0
0.6 -7.94142 0.0423622 0
0.6 -7.89146 0.0575233 0
0.6 -7.82644 0.0724622 0
0.6 -7.74663 0.087121 0
0.6 -7.65231 0.101443 0
0.6 -7.54387 0.115372 0
0.6 -7.42172 0.128855 0
0.6 -7.28633 0.141839 0
0.6 -7.13822 0.154275 0
0.6 -6.97798 0.166114 0
0.6 -6.80621 0.17731 0
0.6 -6.62359 0.18782 0
0.6 -6.43081 0.197604 0
0.6 -6.22863 0.206623 0
0.6 -6.01783 0.214842 0
0.6 -5.79923 0.222231 0
0.6 -5.57366 0.22876 0
0.6 -5.342 0.234403 0
0.6 -5.10515 0.23914 0.0000105916
0.6 -4.86403 0.242952 0.0000317396
0.6 -4.61956 0.245824 0.0000904306
0.6 -4.3727 0.247744 0.000243189
0.6 -4.12439 0.248706 0.000613254
0.6 -3.87561 0.248706 0.00144169
0.6 -3.6273 0.247744 0.00314335
0.6 -3.38044 0.245824 0.00632713
0.6 -3.13597 0.242952 0.0117081
0.6 -2.89485 0.23914 0.0198349
0.6 -2.658 0.234403 0.0306222
0.6 -2.42634 0.22876 0.0428184
0.6 -2.20077 0.222231 0.0536964
0.6 -1.98217 0.214842 0.05928
0.6 -1.77137 0.206623 0.0552304
0.6 -1.56919 0.197604 0.0381656
0.6 -1.37641 0.18782 0.00688442
0.6 -1.19379 0.17731 -0.0370518
0.6 -1.02202 0.166114 -0.0896405
0.6 -0.861777 0.154275 -0.145498
0.6 -0.713672 0.141839 -0.199198
0.6 -0.578281 0.128855 -0.246398
0.6 -0.456128 0.115372 -0.284443
0.6 -0.347686 0.101443 -0.312397
0.6 -0.253374 0.087121 -0.330647
0.6 -0.173556 0.0724622 -0.340204
0.6 -0.108542 0.0575233 -0.341691
0.6 -0.0585837 0.0423622 -0.333072
0.6 -0.0238721 0.0270392 -0.299683
0.6 -0.00453438 0.0116345 -0.135028
0.6 0.00453438 0.0116345 0.154322
0.6 0.0238721 0.0270392 0.35234
0.6 0.0585837 0.0423622 0.400235
0.6 0.108542 0.0575233 0.414053
0.6 0.173556 0.0724622 0.414452
0.6 0.253374 0.087121 0.405011
0.6 0.347686 0.101443 0.385498
0.6 0.456128 0.115372 0.354945
0.6 0.578281 0.128855 0.312933
0.6 0.713672 0.141839 0.260404
0.6 0.861777 0.154275 0.200136
0.6 1.02202 0.166114 0.136747
0.6 1.19379 0.17731 0.0760838
0.6 1.37641 0.18782 0.0240452
0.6 1.56919 0.197604 -0.0148377
0.6 1.77137 0.206623 -0.0385591
0.6 1.98217 0.214842 -0.0480373
0.6 2.20077 0.222231 -0.046568
0.6 2.42634 0.22876 -0.0385818
0.6 2.658 0.234403 -0.0282676
0.6 2.89485 0.23914 -0.0186132
0.6 3.13597 0.242952 -0.0111167
0.6 3.38044 0.245824 -0.00606013
0.6 3.6273 0.247744 -0.00303077
0.6 3.87561 0.248706 -0.00139727
0.6 4.12439 0.248706 -0.000596812
0.6 4.3727 0.247744 -0.000237455
0.6 4.61956 0.245824 -0.0000885385
0.6 4.86403 0.242952 -0.0000311453
0.6 5.10515 0.23914 -0.0000104127
0.6 5.342 0.234403 0
0.6 5.57366 0.22876 0
0.6 5.79923 0.222231 0
0.6 6.01783 0.214842 0
0.6 6.22863 0.206623 0
0.6 6.43081 0.197604 0
0.6 6.62359 0.18782 0
0.6 6.80621 0.17731 0
0.6 6.97798 0.166114 0
0.6 7.13822 0.154275 0
0.6 7.28633 0.141839 0
0.6 7.42172 0.128855 0
0.6 7.54387 0.115372 0
0.6 7.65231 0.101443 0
0.6 7.74663 0.087121 0
0.6 7.82644 0.0724622 0
0.6 7.89146 0.0575233 0
0.6 7.94142 0.0423622 0
0.6 7.97613 0.0270392 0
0.6 7.99547 0.0116345 0
0.64 -7.99547 0.0116345 0
0.64 -7.97613 0.0270392 0
0.64 -7.94142 0.0423622 0
0.64 -7.89146 0.0575233 0
0.64 -7.82644 0.0724622 0
0.64 -7.74663 0.087121 0
0.64 -7.65231 0.101443 0
0.64 -7.54387 0.115372 0
0.64 -7.42172 0.128855 0
0.64 -7.28633 0.141839 0
0.64 -7.13822 0.154275 0
0.64 -6.97798 0.166114 0
0.64 -6.80621 0.17731 0
0.64 -6.62359 0.18782 0
0.64 -6.43081 0.197604 0
0.64 -6.22863 0.206623 0
0.64 -6.01783 0.214842 0
0.64 -5.79923 0.222231 0
0.64 -5.57366 0.22876 0
0.64 -5.342 0.234403 0
0.64 -5.10515 0.23914 0.0000105924
0.64 -4.86403 0.242952 0.0000317422
0.64 -4.61956 0.245824 0.0000904383
0.64 -4.3727 0.247744 0.00024321
0.64 -4.12439 0.248706 0.000613312
0.64 -3.87561 0.248706 0.00144184
0.64 -3.6273 0.247744 0.00314369
0.64 -3.38044 0.245824 0.00632787
0.64 -3.13597 0.242952 0.0117095
0.64 -2.89485 0.23914 0.0198376
0.64 -2.658 0.234403 0.0306266
0.64 -2.42634 0.22876 0.0428251
0.64 -2.20077 0.222231 0.0537055
0.64 -1.98217 0.214842 0.0592908
0.64 -1.77137 0.206623 0.055241
0.64 -1.56919 0.197604 0.0381723
0.64 -1.37641 0.18782 0.006882
0.64 -1.19379 0.17731 -0.0370706
0.64 -1.02202 0.166114 -0.0896845
0.64 -0.861777 0.154275 -0.145578
0.64 -0.713672 0.141839 -0.199326
0.64 -0.578281 0.128855 -0.246591
0.64 -0.456128 0.115372 -0.284722
0.64 -0.347686 0.101443 -0.312798
0.64 -0.253374 0.087121 -0.331227
0.64 -0.173556 0.0724622 -0.341074
0.64 -0.108542 0.0575233 -0.343088
0.64 -0.0585837 0.0423622 -0.335603
0.64 -0.0238721 0.0270392 -0.305337
0.64 -0.00453438 0.0116345 -0.150269
0.64 0.00453438 0.0116345 0.144803
0.64 0.0238721 0.0270392 0.347141
0.64 0.0585837 0.0423622 0.397771
0.64 0.108542 0.0575233 0.412667
0.64 0.173556 0.0724622 0.413582
0.64 0.253374 0.087121 0.404429
0.64 0.347686 0.101443 0.385095
0.64 0.456128 0.115372 0.354664
0.64 0.578281 0.128855 0.312739
0.64 0.713672 0.141839 0.260274
0.64 0.861777 0.154275 0.200055
0.64 1.02202 0.166114 0.136703
0.64 1.19379 0.17731 0.0760646
0.64 1.37641 0.18782 0.0240426
0.64 1.56919 0.197604 -0.0148309
0.64 1.77137 0.206623 -0.0385485
0.64 1.98217 0.214842 -0.0480265
0.64 2.20077 0.222231 -0.0465589
0.64 2.42634 0.22876 -0.038575
0.64 2.658 0.234403 -0.0282631
0.64 2.89485 0.23914 -0.0186106
0.64 3.13597 0.242952 -0.0111153
0.64 3.38044 0.245824 -0.00605939
0.64 3.6273 0.247744 -0.00303042
0.64 3.87561 0.248706 -0.00139713
0.64 4.12439 0.248706 -0.000596753
0.64 4.3727 0.247744 -0.000237433
0.64 4.61956 0.245824 -0.0000885308
0.64 4.86403 0.242952 -0.0000311427
0.64 5.10515 0.23914 -0.0000104118
0.64 5.342 0.234403 0
0.64 5.57366 0.22876 0
0.64 5.79923 0.222231 0
0.64 6.01783 0.214842 0
0.64 6.22863 0.206623 0
0.64 6.43081 0.197604 0
0.64 6.62359 0.18782 0
0.64 6.80621 0.17731 0
0.64 6.97798 0.166114 0
0.64 7.13822 0.154275 0
0.64 7.28633 0.141839 0
0.64 7.42172 0.128855 0
0.64 7.54387 0.115372 0
0.64 7.65231 0.101443 0
0.64 7.74663 0.087121 0
0.64 7.82644 0.0724622 0
0.64 7.89146 0.0575233 0
0.64 7.94142 0.0423622 0
0.64 7.97613 0.0270392 0
0.64 7.99547 0.0116345 0
0.68 -7.99547 0.0116345 0
0.68 -7.97613 0.0270392 0
0.68 -7.94142 0.0423622 0
0.68 -7.89146 0.0575233 0
0.68 -7.82644 0.0724622 0
0.68 -7.74663 0.087121 0
0.68 -7.65231 0.101443 0
0.68 -7.54387 0.115372 0
0.68 -7.42172 0.128855 0
0.68 -7.28633 0.141839 0
0.68 -7.13822 0.154275 0
0.68 -6.97798 0.166114 0
0.68 -6.80621 0.17731 0
0.68 -6.62359 0.18782 0
0.68 -6.43081 0.197604 0
0.68 -6.22863 0.206623 0
0.68 -6.01783 0.214842 0
0.68 -5.79923 0.222231 0
0.68 -5.57366 0.22876 0
0.68 -5.342 0.234403 0
0.68 -5.10515 0.23914 0.0000105932
0.68 -4.86403 0.242952 0.0000317448
0.68 -4.61956 0.245824 0.000090446
0.68 -4.3727 0.247744 0.000243232
0.68 -4.12439 0.248706 0.000613371
0.68 -3.87561 0.248706 0.00144198
0.68 -3.6273 0.247744 0.00314403
0.68 -3.38044 0.245824 0.0063286
0.68 -3.13597 0.242952 0.011711
0.68 -2.89485 0.23914 0.0198402
0.68 -2.658 0.234403 0.030631
0.68 -2.42634 0.22876 0.0428318
0.68 -2.20077 0.222231 0.0537146
0.68 -1.98217 0.214842 0.0593016
0.68 -1.77137 0.206623 0.0552516
0.68 -1.56919 0.197604 0.0381791
0.68 -1.37641 0.18782 0.00687963
0.68 -1.19379 0.17731 -0.0370893
0.68 -1.02202 0.166114 -0.0897284
0.68 -0.861777 0.154275 -0.145657
0.68 -0.713672 0.141839 -0.199454
0.68 -0.578281 0.128855 -0.246783
0.68 -0.456128 0.115372 -0.285001
0.68 -0.347686 0.101443 -0.313198
0.68 -0.253374 0.087121 -0.331806
0.68 -0.173556 0.0724622 -0.341944
0.68 -0.108542 0.0575233 -0.344488
0.68 -0.0585837 0.0423622 -0.338146
0.68 -0.0238721 0.0270392 -0.311071
0.68 -0.00453438 0.0116345 -0.166779
0.68 0.00453438 0.0116345 0.135986
0.68 0.0238721 0.0270392 0.342014
0.68 0.0585837 0.0423622 0.395317
0.68 0.108542 0.0575233 0.411284
0.68 0.173556 0.0724622 0.412713
0.68 0.253374 0.087121 0.403846
0.68 0.347686 0.101443 0.384691
0.68 0.456128 0.115372 0.354382
0.68 0.578281 0.128855 0.312544
0.68 0.713672 0.141839 0.260144
0.68 0.861777 0.154275 0.199974
0.68 1.02202 0.166114 0.136658
0.68 1.19379 0.17731 0.0760453
0.68 1.37641 0.18782 0.0240399
0.68 1.56919 0.197604 -0.0148243
0.68 1.77137 0.206623 -0.0385379
0.68 1.98217 0.214842 -0.0480156
0.68 2.20077 0.222231 -0.0465497
0.68 2.42634 0.22876 -0.0385683
0.68 2.658 0.234403 -0.0282587
0.68 2.89485 0.23914 -0.0186079
0.68 3.13597 0.242952 -0.0111138
0.68 3.38044 0.245824 -0.00605865
0.68 3.6273 0.247744 -0.00303008
0.68 3.87561 0.248706 -0.00139698
0.68 4.12439 0.248706 -0.000596694
0.68 4.3727 0.247744 -0.000237411
0.68 4.61956 0.245824 -0.000088523
0.68 4.86403 0.242952 -0.0000311401
0.68 5.10515 0.23914 -0.000010411
0.68 5.342 0.234403 0
0.68 5.57366 0.22876 0
0.68 5.79923 0.222231 0
0.68 6.01783 0.214842 0
0.68 6.22863 0.206623 0
0.68 6.43081 0.197604 0
0.68 6.62359 0.18782 0
0.68 6.80621 0.17731 0
0.68 6.97798 0.166114 0
0.68 7.13822 0.154275 0
0.68 7.28633 0.141839 0
0.68 7.42172 0.128855 0
0.68 7.54387 0.115372 0
0.68 7.65231 0.101443 0
0.68 7.74663 0.087121 0
0.68 7.82644 0.0724622 0
0.68 7.89146 0.0575233 0
0.68 7.94142 0.0423622 0
0.68 7.97613 0.0270392 0
0.68 7.99547 0.0116345 0
0.72 -7.99547 0.0116345 0
0.72 -7.97613 0.0270392 0
0.72 -7.94142 0.0423622 0
0.72 -7.89146 0.0575233 0
0.72 -7.82644 0.0724622 0
0.72 -7.74663 0.087121 0
0.72 -7.65231 0.101443 0
0.72 -7.54387 0.115372 0
0.72 -7.42172 0.128855 0
0.72 -7.28633 0.141839 0
0.72 -7.13822 0.154275 0
0.72 -6.97798 0.166114 0
0.72 -6.80621 0.17731 0
0.72 -6.62359 0.18782 0
0.72 -6.43081 0.197604 0
0.72 -6.22863 0.206623 0
0.72 -6.01783 0.214842 0
0.72 -5.79923 0.222231 0
0.72 -5.57366 0.22876 0
0.72 -5.342 0.234403 0
0.72 -5.10515 0.23914 0.000010594
0.72 -4.86403 0.242952 0.0000317473
0.72 -4.61956 0.245824 0.0000904537
0.72 -4.3727 0.247744 0.000243254
0.72 -4.12439 0.248706 0.000613429
0.72 -3.87561 0.248706 0.00144213
0.72 -3.6273 0.247744 0.00314437
0.72 -3.38044 0.245824 0.00632932
0.72 -3.13597 0.242952 0.0117124
0.72 -2.89485 0.23914 0.0198429
0.72 -2.658 0.234403 0.0306354
0.72 -2.42634 0.22876 0.0428384
0.72 -2.20077 0.222231 0.0537237
0.72 -1.98217 0.214842 0.0593124
0.72 -1.77137 0.206623 0.0552621
0.72 -1.56919 0.197604 0.0381859
0.72 -1.37641 0.18782 0.00687728
0.72 -1.19379 0.17731 -0.037108
0.72 -1.02202 0.166114 -0.0897722
0.72 -0.861777 0.154275 -0.145737
0.72 -0.713672 0.141839 -0.199582
0.72 -0.578281 0.128855 -0.246975
0.72 -0.456128 0.115372 -0.28528
0.72 -0.347686 0.101443 -0.313597
0.72 -0.253374 0.087121 -0.332385
0.72 -0.173556 0.0724622 -0.342814
0.72 -0.108542 0.0575233 -0.345889
0.72 -0.0585837 0.0423622 -0.340701
0.72 -0.0238721 0.0270392 -0.316887
0.72 -0.00453438 0.0116345 -0.18467
0.72 0.00453438 0.0116345 0.127814
0.72 0.0238721 0.0270392 0.336957
0.72 0.0585837 0.0423622 0.392874
0.72 0.108542 0.0575233 0.409902
0.72 0.173556 0.0724622 0.411844
0.72 0.253374 0.087121 0.403264
0.72 0.347686 0.101443 0.384288
0.72 0.456128 0.115372 0.354099
0.72 0.578281 0.128855 0.312349
0.72 0.713672 0.141839 0.260014
0.72 0.861777 0.154275 0.199893
0.72 1.02202 0.166114 0.136613
0.72 1.19379 0.17731 0.076026
0.72 1.37641 0.18782 0.0240372
0.72 1.56919 0.197604 -0.0148176
0.72 1.77137 0.206623 -0.0385273
0.72 1.98217 0.214842 -0.0480048
0.72 2.20077 0.222231 -0.0465406
0.72 2.42634 0.22876 -0.0385616
0.72 2.658 0.234403 -0.0282542
0.72 2.89485 0.23914 -0.0186052
0.72 3.13597 0.242952 -0.0111124
0.72 3.38044 0.245824 -0.00605792
0.72 3.6273 0.247744 -0.00302974
0.72 3.87561 0.248706 -0.00139683
0.72 4.12439 0.248706 -0.000596635
0.72 4.3727 0.247744 -0.000237389
0.72 4.61956 0.245824 -0.0000885152
0.72 4.86403 0.242952 -0.0000311375
0.72 5.10515 0.23914 -0.0000104102
0.72 5.342 0.234403 0
0.72 5.57366 0.22876 0
0.72 5.79923 0.222231 0
0.72 6.01783 0.214842 0
0.72 6.22863 0.206623 0
0.72 6.43081 0.197604 0
0.72 6.62359 0.18782 0
0.72 6.80621 0.17731 0
0.72 6.97798 0.166114 0
0.72 7.13822 0.154275 0
0.72 7.28633 0.141839 0
0.72 7.42172 0.128855 0
0.72 7.54387 0.115372 0
0.72 7.65231 0.101443 0
0.72 7.74663 0.087121 0
0.72 7.82644 0.0724622 0
0.72 7.89146 0.0575233 0
0.72 7.94142 0.0423622 0
0.72 7.97613 0.0270392 0
0.72 7.99547 0.0116345 0
0.76 -7.99547 0.0116345 0
0.76 -7.97613 0.0270392 0
0.76 -7.94142 0.0423622 0
0.76 -7.89146 0.0575233 0
0.76 -7.82644 0.0724622 0
0.76 -7.74663 0.087121 0
0.76 -7.65231 0.101443 0
0.76 -7.54387 0.115372 0
0.76 -7.42172 0.128855 0
0.76 -7.28633 0.141839 0
0.76 -7.13822 0.154275 0
0.76 -6.97798 0.166114 0
0.76 -6.80621 0.17731 0
0.76 -6.62359 0.18782 0
0.76 -6.43081 0.197604 0
0.76 -6.22863 0.206623 0
0.76 -6.01783 0.214842 0
0.76 -5.79923 0.222231 0
0.76 -5.57366 0.22876 0
0.76 -5.342 0.234403 0
0.76 -5.10515 0.23914 0.0000105949
0.76 -4.86403 0.242952 0.0000317499
0.76 -4.61956 0.245824 0.0000904614
0.76 -4.3727 0.247744 0.000243276
0.76 -4.12439 0.248706 0.000613487
0.76 -3.87561 0.248706 0.00144227
0.76 -3.6273 0.247744 0.00314471
0.76 -3.38044 0.245824 0.00633005
0.76 -3.13597 0.242952 0.0117139
0.76 -2.89485 0.23914 0.0198455
0.76 -2.658 0.234403 0.0306398
0.76 -2.42634 0.22876 0.0428451
0.76 -2.20077 0.222231 0.0537328
0.76 -1.98217 0.214842 0.0593232
0.76 -1.77137 0.206623 0.0552727
0.76 -1.56919 0.197604 0.0381928
0.76 -1.37641 0.18782 0.00687498
0.76 -1.19379 0.17731 -0.0371266
0.76 -1.02202 0.166114 -0.0898159
0.76 -0.861777 0.154275 -0.145816
0.76 -0.713672 0.141839 -0.199709
0.76 -0.578281 0.128855 -0.247167
0.76 -0.456128 0.115372 -0.285558
0.76 -0.347686 0.101443 -0.313996
0.76 -0.253374 0.087121 -0.332964
0.76 -0.173556 0.0724622 -0.343684
0.76 -0.108542 0.0575233 -0.347293
0.76 -0.0585837 0.0423622 -0.343267
0.76 -0.0238721 0.0270392 -0.322786
0.76 -0.00453438 0.0116345 -0.204062
0.76 0.00453438 0.0116345 0.120232
0.76 0.0238721 0.0270392 0.331969
0.76 0.0585837 0.0423622 0.390442
0.76 0.108542 0.0575233 0.408522
0.76 0.173556 0.0724622 0.410974
0.76 0.253374 0.087121 0.40268
0.76 0.347686 0.101443 0.383883
0.76 0.456128 0.115372 0.353816
0.76 0.578281 0.128855 0.312153
0.76 0.713672 0.141839 0.259884
0.76 0.861777 0.154275 0.199811
0.76 1.02202 0.166114 0.136568
0.76 1.19379 0.17731 0.0760066
0.76 1.37641 0.18782 0.0240345
0.76 1.56919 0.197604 -0.0148109
0.76 1.77137 0.206623 -0.0385167
0.76 1.98217 0.214842 -0.0479939
0.76 2.20077 0.222231 -0.0465314
0.76 2.42634 0.22876 -0.0385548
0.76 2.658 0.234403 -0.0282498
0.76 2.89485 0.23914 -0.0186025
0.76 3.13597 0.242952 -0.0111109
0.76 3.38044 0.245824 -0.00605718
0.76 3.6273 0.247744 -0.0030294
0.76 3.87561 0.248706 -0.00139668
0.76 4.12439 0.248706 -0.000596575
0.76 4.3727 0.247744 -0.000237367
0.76 4.61956 0.245824 -0.0000885073
0.76 4.86403 0.242952 -0.0000311348
0.76 5.10515 0.23914 -0.0000104094
0.76 5.342 0.234403 0
0.76 5.57366 0.22876 0
0.76 5.79923 0.222231 0
0.76 6.01783 0.214842 0
0.76 6.22863 0.206623 0
0.76 6.43081 0.197604 0
0.76 6.62359 0.18782 0
0.76 6.80621 0.17731 0
0.76 6.97798 0.166114 0
0.76 7.13822 0.154275 0
0.76 7.28633 0.141839 0
0.76 7.42172 0.128855 0
0.76 7.54387 0.115372 0
0.76 7.65231 0.101443 0
0.76 7.74663 0.087121 0
0.76 7.82644 0.0724622 0
0.76 7.89146 0.0575233 0
0.76 7.94142 0.0423622 0
0.76 7.97613 0.0270392 0
0.76 7.99547 0.0116345 0
0.8 -7.99547 0.0116345 0
0.8 -7.97613 0.0270392 0
0.8 -7.94142 0.0423622 0
0.8 -7.89146 0.0575233 0
0.8 -7.82644 0.0724622 0
0.8 -7.74663 0.087121 0
0.8 -7.65231 0.101443 0
0.8 -7.54387 0.115372 0
0.8 -7.42172 0.128855 0
0.8 -7.28633 0.141839 0
0.8 -7.13822 0.154275 0
0.8 -6.97798 0.166114 0
0.8 -6.80621 0.17731 0
0.8 -6.62359 0.18782 0
0.8 -6.43081 0.197604 0
0.8 -6.22863 0.206623 0
0.8 -6.01783 0.214842 0
0.8 -5.79923 0.222231 0
0.8 -5.57366 0.22876 0
0.8 -5.342 0.234403 0
0.8 -5.10515 0.23914 0.0000105957
0.8 -4.86403 0.242952 0.0000317525
0.8 -4.61956 0.245824 0.0000904691
0.8 -4.3727 0.247744 0.000243298
0.8 -4.12439 0.248706 0.000613545
0.8 -3.87561 0.248706 0.00144242
0.8 -3.6273 0.247744 0.00314504
0.8 -3.38044 0.245824 0.00633078
0.8 -3.13597 0.242952 0.0117153
0.8 -2.89485 0.23914 0.0198481
0.8 -2.658 0.234403 0.0306442
0.8 -2.42634 0.22876 0.0428518
0.8 -2.20077 0.222231 0.0537418
0.8 -1.98217 0.214842 0.059334
0.8 -1.77137 0.206623 0.0552833
0.8 -1.56919 0.197604 0.0381996
0.8 -1.37641 0.18782 0.00687271
0.8 -1.19379 0.17731 -0.0371451
0.8 -1.02202 0.166114 -0.0898595
0.8 -0.861777 0.154275 -0.145895
0.8 -0.713672 0.141839 -0.199837
0.8 -0.578281 0.128855 -0.247359
0.8 -0.456128 0.115372 -0.285836
0.8 -0.347686 0.101443 -0.314395
0.8 -0.253374 0.087121 -0.333542
0.8 -0.173556 0.0724622 -0.344554
0.8 -0.108542 0.0575233 -0.348699
0.8 -0.0585837 0.0423622 -0.345844
0.8 -0.0238721 0.0270392 -0.328769
0.8 -0.00453438 0.0116345 -0.225088
0.8 0.00453438 0.0116345 0.113194
0.8 0.0238721 0.0270392 0.327048
0.8 0.0585837 0.0423622 0.388021
0.8 0.108542 0.0575233 0.407144
0.8 0.173556 0.0724622 0.410105
0.8 0.253374 0.087121 0.402097
0.8 0.347686 0.101443 0.383479
0.8 0.456128 0.115372 0.353533
0.8 0.578281 0.128855 0.311957
0.8 0.713672 0.141839 0.259753
0.8 0.861777 0.154275 0.19973
0.8 1.02202 0.166114 0.136523
0.8 1.19379 0.17731 0.0759871
0.8 1.37641 0.18782 0.0240318
0.8 1.56919 0.197604 -0.0148043
0.8 1.77137 0.206623 -0.0385062
0.8 1.98217 0.214842 -0.0479831
0.8 2.20077 0.222231 -0.0465223
0.8 2.42634 0.22876 -0.038548
0.8 2.658 0.234403 -0.0282453
0.8 2.89485 0.23914 -0.0185999
0.8 3.13597 0.242952 -0.0111094
0.8 3.38044 0.245824 -0.00605644
0.8 3.6273 0.247744 -0.00302905
0.8 3.87561 0.248706 -0.00139654
0.8 4.12439 0.248706 -0.000596516
0.8 4.3727 0.247744 -0.000237345
0.8 4.61956 0.245824 -0.0000884995
0.8 4.86403 0.242952 -0.0000311322
0.8 5.10515 0.23914 -0.0000104085
0.8 5.342 0.234403 0
0.8 5.57366 0.22876 0
0.8 5.79923 0.222231 0
0.8 6.01783 0.214842 0
0.8 6.22863 0.206623 0
0.8 6.43081 0.197604 0
0.8 6.62359 0.18782 0
0.8 6.80621 0.17731 0
0.8 6.97798 0.166114 0
0.8 7.13822 0.154275 0
0.8 7.28633 0.141839 0
0.8 7.42172 0.128855 0
0.8 7.54387 0.115372 0
0.8 7.65231 0.101443 0
0.8 7.74663 0.087121 0
0.8 7.82644 0.0724622 0
0.8 7.89146 0.0575233 0
0.8 7.94142 0.0423622 0
0.8 7.97613 0.0270392 0
0.8 7.99547 0.0116345 0
0.84 -7.99547 0.0116345 0
0.84 -7.97613 0.0270392 0
0.84 -7.94142 0.0423622 0
0.84 -7.89146 0.0575233 0
0.84 -7.82644 0.0724622 0
0.84 -7.74663 0.087121 0
0.84 -7.65231 0.101443 0
0.84 -7.54387 0.115372 0
0.84 -7.42172 0.128855 0
0.84 -7.28633 0.141839 0
0.84 -7.13822 0.154275 0
0.84 -6.97798 0.166114 0
0.84 -6.80621 0.17731 0
0.84 -6.62359 0.18782 0
0.84 -6.43081 0.197604 0
0.84 -6.22863 0.206623 0
0.84 -6.01783 0.214842 0
0.84 -5.79923 0.222231 0
0.84 -5.57366 0.22876 0
0.84 -5.342 0.234403 0
0.84 -5.10515 0.23914 0.0000105965
0.84 -4.86403 0.242952 0.000031755
0.84 -4.61956 0.245824 0.0000904768
0.84 -4.3727 0.247744 0.00024332
0.84 -4.12439 0.248706 0.000613603
0.84 -3.87561 0.248706 0.00144256
0.84 -3.6273 0.247744 0.00314538
0.84 -3.38044 0.245824 0.00633151
0.84 -3.13597 0.242952 0.0117168
0.84 -2.89485 0.23914 0.0198508
0.84 -2.658 0.234403 0.0306486
0.84 -2.42634 0.22876 0.0428584
0.84 -2.20077 0.222231 0.0537509
0.84 -1.98217 0.214842 0.0593448
0.84 -1.77137 0.206623 0.0552939
0.84 -1.56919 0.197604 0.0382065
0.84 -1.37641 0.18782 0.00687047
0.84 -1.19379 0.17731 -0.0371635
0.84 -1.02202 0.166114 -0.089903
0.84 -0.861777 0.154275 -0.145974
0.84 -0.713672 0.141839 -0.199964
0.84 -0.578281 0.128855 -0.24755
0.84 -0.456128 0.115372 -0.286113
0.84 -0.347686 0.101443 -0.314793
0.84 -0.253374 0.087121 -0.33412
0.84 -0.173556 0.0724622 -0.345424
0.84 -0.108542 0.0575233 -0.350106
0.84 -0.0585837 0.0423622 -0.348433
0.84 -0.0238721 0.0270392 -0.334837
0.84 -0.00453438 0.0116345 -0.24789
0.84 0.00453438 0.0116345 0.106653
0.84 0.0238721 0.0270392 0.322194
0.84 0.0585837 0.0423622 0.385609
0.84 0.108542 0.0575233 0.405768
0.84 0.173556 0.0724622 0.409236
0.84 0.253374 0.087121 0.401513
0.84 0.347686 0.101443 0.383073
0.84 0.456128 0.115372 0.353249
0.84 0.578281 0.128855 0.311761
0.84 0.713672 0.141839 0.259622
0.84 0.861777 0.154275 0.199648
0.84 1.02202 0.166114 0.136477
0.84 1.19379 0.17731 0.0759676
0.84 1.37641 0.18782 0.024029
0.84 1.56919 0.197604 -0.0147976
0.84 1.77137 0.206623 -0.0384956
0.84 1.98217 0.214842 -0.0479722
0.84 2.20077 0.222231 -0.0465131
0.84 2.42634 0.22876 -0.0385413
0.84 2.658 0.234403 -0.0282408
0.84 2.89485 0.23914 -0.0185972
0.84 3.13597 0.242952 -0.0111079
0.84 3.38044 0.245824 -0.0060557
0.84 3.6273 0.247744 -0.00302871
0.84 3.87561 0.248706 -0.00139639
0.84 4.12439 0.248706 -0.000596457
0.84 4.3727 0.247744 -0.000237323
0.84 4.61956 0.245824 -0.0000884917
0.84 4.86403 0.242952 -0.0000311296
0.84 5.10515 0.23914 -0.0000104077
0.84 5.342 0.234403 0
0.84 5.57366 0.22876 0
0.84 5.79923 0.222231 0
0.84 6.01783 0.214842 0
0.84 6.22863 0.206623 0
0.84 6.43081 0.197604 0
0.84 6.62359 0.18782 0
0.84 6.80621 0.17731 0
0.84 6.97798 0.166114 0
0.84 7.13822 0.154275 0
0.84 7.28633 0.141839 0
0.84 7.42172 0.128855 0
0.84 7.54387 0.115372 0
0.84 7.65231 0.101443 0
0.84 7.74663 0.087121 0
0.84 7.82644 0.0724622 0
0.84 7.89146 0.0575233 0
0.84 7.94142 0.0423622 0
0.84 7.97613 0.0270392 0
0.84 7.99547 0.0116345 0
0.88 -7.99547 0.0116345 0
0.88 -7.97613 0.0270392 0
0.88 -7.94142 0.0423622 0
0.88 -7.89146 0.0575233 0
0.88 -7.82644 0.0724622 0
0.88 -7.74663 0.087121 0
0.88 -7.65231 0.101443 0
0.88 -7.54387 0.115372 0
0.88 -7.42172 0.128855 0
0.88 -7.28633 0.141839 0
0.88 -7.13822 0.154275 0
0.88 -6.97798 0.166114 0
0.88 -6.80621 0.17731 0
0.88 -6.62359 0.18782 0
0.88 -6.43081 0.197604 0
0.88 -6.22863 0.206623 0
0.88 -6.01783 0.214842 0
0.88 -5.79923 0.222231 0
0.88 -5.57366 0.22876 0
0.88 -5.342 0.234403 0
0.88 -5.10515 0.23914 0.0000105973
0.88 -4.86403 0.242952 0.0000317576
0.88 -4.61956 0.245824 0.0000904844
0.88 -4.3727 0.247744 0.000243341
0.88 -4.12439 0.248706 0.000613662
0.88 -3.87561 0.248706 0.00144271
0.88 -3.6273 0.247744 0.00314572
0.88 -3.38044 0.245824 0.00633223
0.88 -3.13597 0.242952 0.0117182
0.88 -2.89485 0.23914 0.0198534
0.88 -2.658 0.234403 0.030653
0.88 -2.42634 0.22876 0.0428651
0.88 -2.20077 0.222231 0.0537599
0.88 -1.98217 0.214842 0.0593555
0.88 -1.77137 0.206623 0.0553045
0.88 -1.56919 0.197604 0.0382133
0.88 -1.37641 0.18782 0.00686827
0.88 -1.19379 0.17731 -0.0371819
0.88 -1.02202 0.166114 -0.0899463
0.88 -0.861777 0.154275 -0.146053
0.88 -0.713672 0.141839 -0.200091
0.88 -0.578281 0.128855 -0.24774
0.88 -0.456128 0.115372 -0.28639
0.88 -0.347686 0.101443 -0.315191
0.88 -0.253374 0.087121 -0.334698
0.88 -0.173556 0.0724622 -0.346294
0.88 -0.108542 0.0575233 -0.351516
0.88 -0.0585837 0.0423622 -0.351034
0.88 -0.0238721 0.0270392 -0.340992
0.88 -0.00453438 0.0116345 -0.272626
0.88 0.00453438 0.0116345 0.100567
0.88 0.0238721 0.0270392 0.317405
0.88 0.0585837 0.0423622 0.383208
0.88 0.108542 0.0575233 0.404394
0.88 0.173556 0.0724622 0.408367
0.88 0.253374 0.087121 0.400929
0.88 0.347686 0.101443 0.382668
0.88 0.456128 0.115372 0.352965
0.88 0.578281 0.128855 0.311565
0.88 0.713672 0.141839 0.259491
0.88 0.861777 0.154275 0.199566
0.88 1.02202 0.166114 0.136432
0.88 1.19379 0.17731 0.075948
0.88 1.37641 0.18782 0.0240261
0.88 1.56919 0.197604 -0.014791
0.88 1.77137 0.206623 -0.038485
0.88 1.98217 0.214842 -0.0479613
0.88 2.20077 0.222231 -0.0465039
0.88 2.42634 0.22876 -0.0385345
0.88 2.658 0.234403 -0.0282364
0.88 2.89485 0.23914 -0.0185945
0.88 3.13597 0.242952 -0.0111065
0.88 3.38044 0.245824 -0.00605496
0.88 3.6273 0.247744 -0.00302836
0.88 3.87561 0.248706 -0.00139624
0.88 4.12439 0.248706 -0.000596397
0.88 4.3727 0.247744 -0.0002373
0.88 4.61956 0.245824 -0.0000884838
0.88 4.86403 0.242952 -0.000031127
0.88 5.10515 0.23914 -0.0000104069
0.88 5.342 0.234403 0
0.88 5.57366 0.22876 0
0.88 5.79923 0.222231 0
0.88 6.01783 0.214842 0
0.88 6.22863 0.206623 0
0.88 6.43081 0.197604 0
0.88 6.62359 0.18782 0
0.88 6.80621 0.17731 0
0.88 6.97798 0.166114 0
0.88 7.13822 0.154275 0
0.88 7.28633 0.141839 0
0.88 7.42172 0.128855 0
0.88 7.54387 0.115372 0
0.88 7.65231 0.101443 0
0.88 7.74663 0.087121 0
0.88 7.82644 0.0724622 0
0.88 7.89146 0.0575233 0
0.88 7.94142 0.0423622 0
0.88 7.97613 0.0270392 0
0.88 7.99547 0.0116345 0
0.92 -7.99547 0.0116345 0
0.92 -7.97613 0.0270392 0
0.92 -7.94142 0.0423622 0
0.92 -7.89146 0.0575233 0
0.92 -7.82644 0.0724622 0
0.92 -7.74663 0.087121 0
0.92 -7.65231 0.101443 0
0.92 -7.54387 0.115372 0
0.92 -7.42172 0.128855 0
0.92 -7.28633 0.141839 0
0.92 -7.13822 0.154275 0
0.92 -6.97798 0.166114 0
0.92 -6.80621 0.17731 0
0.92 -6.62359 0.18782 0
0.92 -6.43081 0.197604 0
0.92 -6.22863 0.206623 0
0.92 -6.01783 0.214842 0
0.92 -5.79923 0.222231 0
0.92 -5.57366 0.22876 0
0.92 -5.342 0.234403 0
0.92 -5.10515 0.23914 0.0000105981
0.92 -4.86403 0.242952 0.0000317601
0.92 -4.61956 0.245824 0.0000904921
0.92 -4.3727 0.247744 0.000243363
0.92 -4.12439 0.248706 0.000613719
0.92 -3.87561 0.248706 0.00144285
0.92 -3.6273 0.247744 0.00314606
0.92 -3.38044 0.245824 0.00633296
0.92 -3.13597 0.242952 0.0117196
0.92 -2.89485 0.23914 0.019856
0.92 -2.658 0.234403 0.0306574
0.92 -2.42634 0.22876 0.0428717
0.92 -2.20077 0.222231 0.053769
0.92 -1.98217 0.214842 0.0593663
0.92 -1.77137 0.206623 0.0553151
0.92 -1.56919 0.197604 0.0382202
0.92 -1.37641 0.18782 0.00686611
0.92 -1.19379 0.17731 -0.0372002
0.92 -1.02202 0.166114 -0.0899895
0.92 -0.861777 0.154275 -0.146131
0.92 -0.713672 0.141839 -0.200217
0.92 -0.578281 0.128855 -0.247931
0.92 -0.456128 0.115372 -0.286667
0.92 -0.347686 0.101443 -0.315588
0.92 -0.253374 0.087121 -0.335275
0.92 -0.173556 0.0724622 -0.347164
0.92 -0.108542 0.0575233 -0.352927
0.92 -0.0585837 0.0423622 -0.353647
0.92 -0.0238721 0.0270392 -0.347235
0.92 -0.00453438 0.0116345 -0.299463
0.92 0.00453438 0.0116345 0.0948996
0.92 0.0238721 0.0270392 0.31268
0.92 0.0585837 0.0423622 0.380817
0.92 0.108542 0.0575233 0.403021
0.92 0.173556 0.0724622 0.407497
0.92 0.253374 0.087121 0.400344
0.92 0.347686 0.101443 0.382262
0.92 0.456128 0.115372 0.352681
0.92 0.578281 0.128855 0.311368
0.92 0.713672 0.141839 0.25936
0.92 0.861777 0.154275 0.199484
0.92 1.02202 0.166114 0.136386
0.92 1.19379 0.17731 0.0759283
0.92 1.37641 0.18782 0.0240232
0.92 1.56919 0.197604 -0.0147844
0.92 1.77137 0.206623 -0.0384744
0.92 1.98217 0.214842 -0.0479504
0.92 2.20077 0.222231 -0.0464947
0.92 2.42634 0.22876 -0.0385277
0.92 2.658 0.234403 -0.0282319
0.92 2.89485 0.23914 -0.0185918
0.92 3.13597 0.242952 -0.011105
0.92 3.38044 0.245824 -0.00605422
0.92 3.6273 0.247744 -0.00302802
0.92 3.87561 0.248706 -0.00139609
0.92 4.12439 0.248706 -0.000596338
0.92 4.3727 0.247744 -0.000237278
0.92 4.61956 0.245824 -0.000088476
0.92 4.86403 0.242952 -0.0000311244
0.92 5.10515 0.23914 -0.000010406
0.92 5.342 0.234403 0
0.92 5.57366 0.22876 0
0.92 5.79923 0.222231 0
0.92 6.01783 0.214842 0
0.92 6.22863 0.206623 0
0.92 6.43081 0.197604 0
0.92 6.62359 0.18782 0
0.92 6.80621 0.17731 0
0.92 6.97798 0.166114 0
0.92 7.13822 0.154275 0
0.92 7.28633 0.141839 0
0.92 7.42172 0.128855 0
0.92 7.54387 0.115372 0
0.92 7.65231 0.101443 0
0.92 7.74663 0.087121 0
0.92 7.82644 0.0724622 0
0.92 7.89146 0.0575233 0
0.92 7.94142 0.0423622 0
0.92 7.97613 0.0270392 0
0.92 7.99547 0.0116345 0
0.96 -7.99547 0.0116345 0
0.96 -7.97613 0.0270392 0
0.96 -7.94142 0.0423622 0
0.96 -7.89146 0.0575233 0
0.96 -7.82644 0.0724622 0
0.96 -7.74663 0.087121 0
0.96 -7.65231 0.101443 0
0.96 -7.54387 0.115372 0
0.96 -7.42172 0.128855 0
0.96 -7.28633 0.141839 0
0.96 -7.13822 0.154275 0
0.96 -6.97798 0.166114 0
0.96 -6.80621 0.17731 0
0.96 -6.62359 0.18782 0
0.96 -6.43081 0.197604 0
0.96 -6.22863 0.206623 0
0.96 -6.01783 0.214842 0
0.96 -5.79923 0.222231 0
0.96 -5.57366 0.22876 0
0.96 -5.342 0.234403 0
0.96 -5.10515 0.23914 0.0000105989
0.96 -4.86403 0.242952 0.0000317627
0.96 -4.61956 0.245824 0.0000904997
0.96 -4.3727 0.247744 0.000243385
0.96 -4.12439 0.248706 0.000613777
0.96 -3.87561 0.248706 0.001443
0.96 -3.6273 0.247744 0.00314639
0.96 -3.38044 0.245824 0.00633368
0.96 -3.13597 0.242952 0.0117211
0.96 -2.89485 0.23914 0.0198587
0.96 -2.658 0.234403 0.0306618
0.96 -2.42634 0.22876 0.0428784
0.96 -2.20077 0.222231 0.053778
0.96 -1.98217 0.214842 0.0593771
0.96 -1.77137 0.206623 0.0553257
0.96 -1.56919 0.197604 0.0382271
0.96 -1.37641 0.18782 0.00686399
0.96 -1.19379 0.17731 -0.0372185
0.96 -1.02202 0.166114 -0.0900326
0.96 -0.861777 0.154275 -0.14621
0.96 -0.713672 0.141839 -0.200343
0.96 -0.578281 0.128855 -0.248121
0.96 -0.456128 0.115372 -0.286943
0.96 -0.347686 0.101443 -0.315985
0.96 -0.253374 0.087121 -0.335851
0.96 -0.173556 0.0724622 -0.348034
0.96 -0.108542 0.0575233 -0.35434
0.96 -0.0585837 0.0423622 -0.35627
0.96 -0.0238721 0.0270392 -0.353568
0.96 -0.00453438 0.0116345 -0.328588
0.96 0.00453438 0.0116345 0.0896134
0.96 0.0238721 0.0270392 0.308017
0.96 0.0585837 0.0423622 0.378436
0.96 0.108542 0.0575233 0.40165
0.96 0.173556 0.0724622 0.406628
0.96 0.253374 0.087121 0.399759
0.96 0.347686 0.101443 0.381855
0.96 0.456128 0.115372 0.352396
0.96 0.578281 0.128855 0.311171
0.96 0.713672 0.141839 0.259228
0.96 0.861777 0.154275 0.199402
0.96 1.02202 0.166114 0.136341
0.96 1.19379 0.17731 0.0759085
0.96 1.37641 0.18782 0.0240203
0.96 1.56919 0.197604 -0.0147778
0.96 1.77137 0.206623 -0.0384638
0.96 1.98217 0.214842 -0.0479395
0.96 2.20077 0.222231 -0.0464855
0.96 2.42634 0.22876 -0.038521
0.96 2.658 0.234403 -0.0282274
0.96 2.89485 0.23914 -0.0185891
0.96 3.13597 0.242952 -0.0111035
0.96 3.38044 0.245824 -0.00605347
0.96 3.6273 0.247744 -0.00302767
0.96 3.87561 0.248706 -0.00139594
0.96 4.12439 0.248706 -0.000596279
0.96 4.3727 0.247744 -0.000237256
0.96 4.61956 0.245824 -0.0000884681
0.96 4.86403 0.242952 -0.0000311218
0.96 5.10515 0.23914 -0.0000104052
0.96 5.342 0.234403 0
0.96 5.57366 0.22876 0
0.96 5.79923 0.222231 0
0.96 6.01783 0.214842 0
0.96 6.22863 0.206623 0
0.96 6.43081 0.197604 0
0.96 6.62359 0.18782 0
0.96 6.80621 0.17731 0
0.96 6.97798 0.166114 0
0.96 7.13822 0.154275 0
0.96 7.28633 0.141839 0
0.96 7.42172 0.128855 0
0.96 7.54387 0.115372 0
0.96 7.65231 0.101443 0
0.96 7.74663 0.087121 0
0.96 7.82644 0.0724622 0
0.96 7.89146 0.0575233 0
0.96 7.94142 0.0423622 0
0.96 7.97613 0.0270392 0
0.96 7.99547 0.0116345 0
