#x y at the midpoint of each cell all the solution components
-0.500000 0.775231 -0.000410 -0.548171 -0.171225 0.045255 
-0.437500 0.662656 0.000410 -0.468568 -0.172355 0.029943 
-0.437500 0.662656 0.000410 -0.468568 -0.172355 0.029943 
-0.375000 0.559696 0.000169 -0.395811 -0.172028 0.020801 
-0.375000 0.559696 0.000169 -0.395811 -0.172028 0.020801 
-0.312500 0.461201 0.000111 -0.326149 -0.171947 0.014116 
-0.312500 0.461201 0.000111 -0.326149 -0.171947 0.014116 
-0.250000 0.366030 0.000073 -0.258842 -0.171892 0.009485 
-0.250000 0.366030 0.000073 -0.258842 -0.171892 0.009485 
-0.187500 0.273014 0.000047 -0.193064 -0.171856 0.006186 
-0.187500 0.273014 0.000047 -0.193064 -0.171856 0.006186 
-0.125000 0.181359 0.000029 -0.128250 -0.171830 0.003729 
-0.125000 0.181359 0.000029 -0.128250 -0.171830 0.003729 
-0.062500 0.090498 0.000015 -0.064000 -0.171812 0.001765 
-0.062500 0.090498 0.000015 -0.064000 -0.171812 0.001765 
0.000000 0.000005 0.000005 -0.000010 -0.171797 0.000030 
0.000000 0.000005 0.000005 -0.000010 -0.171797 0.000030 
0.062500 -0.090487 -0.000005 0.063978 -0.171783 -0.001700 
0.062500 -0.090487 -0.000005 0.063978 -0.171783 -0.001700 
0.125000 -0.181345 -0.000015 0.128223 -0.171768 -0.003649 
0.125000 -0.181345 -0.000015 0.128223 -0.171768 -0.003649 
0.187500 -0.272996 -0.000029 0.193027 -0.171749 -0.006079 
0.187500 -0.272996 -0.000029 0.193027 -0.171749 -0.006079 
0.250000 -0.366003 -0.000047 0.258789 -0.171724 -0.009333 
0.250000 -0.366003 -0.000047 0.258789 -0.171724 -0.009333 
0.312500 -0.461162 -0.000073 0.326070 -0.171687 -0.013895 
0.312500 -0.461162 -0.000073 0.326070 -0.171687 -0.013895 
0.375000 -0.559639 -0.000111 0.395694 -0.171633 -0.020474 
0.375000 -0.559639 -0.000111 0.395694 -0.171633 -0.020474 
0.437500 -0.663174 -0.000169 0.468889 -0.171552 -0.030130 
0.437500 -0.663174 -0.000169 0.468889 -0.171552 -0.030130 
0.500000 -0.775231 -0.000410 0.548171 -0.171225 -0.045255 
