#x y at the midpoint of each cell all the solution components
-0.500000 1.665186 0.329997 0.590303 -0.032199 0.020656 
-0.496094 1.663443 0.329998 0.591535 -0.032201 0.020218 
-0.496094 1.663443 0.329998 0.591535 -0.032201 0.020218 
-0.492188 1.661719 0.329998 0.592754 -0.032200 0.019792 
-0.492188 1.661719 0.329998 0.592754 -0.032200 0.019792 
-0.488281 1.660008 0.329998 0.593964 -0.032200 0.019373 
-0.488281 1.660008 0.329998 0.593964 -0.032200 0.019373 
-0.484375 1.658312 0.329998 0.595163 -0.032200 0.018963 
-0.484375 1.658312 0.329998 0.595163 -0.032200 0.018963 
-0.480469 1.656631 0.329998 0.596352 -0.032200 0.018562 
-0.480469 1.656631 0.329998 0.596352 -0.032200 0.018562 
-0.476562 1.654963 0.329998 0.597532 -0.032200 0.018170 
-0.476562 1.654963 0.329998 0.597532 -0.032200 0.018170 
-0.472656 1.653308 0.329998 0.598701 -0.032200 0.017786 
-0.472656 1.653308 0.329998 0.598701 -0.032200 0.017786 
-0.468750 1.651667 0.329998 0.599862 -0.032200 0.017410 
-0.468750 1.651667 0.329998 0.599862 -0.032200 0.017410 
-0.464844 1.650039 0.329998 0.601013 -0.032200 0.017041 
-0.464844 1.650039 0.329998 0.601013 -0.032200 0.017041 
-0.460938 1.648424 0.329998 0.602155 -0.032200 0.016681 
-0.460938 1.648424 0.329998 0.602155 -0.032200 0.016681 
-0.457031 1.646821 0.329998 0.603289 -0.032200 0.016328 
-0.457031 1.646821 0.329998 0.603289 -0.032200 0.016328 
-0.453125 1.645230 0.329998 0.604414 -0.032200 0.015983 
-0.453125 1.645230 0.329998 0.604414 -0.032200 0.015983 
-0.449219 1.643651 0.329998 0.605530 -0.032200 0.015645 
-0.449219 1.643651 0.329998 0.605530 -0.032200 0.015645 
-0.445312 1.642083 0.329998 0.606639 -0.032200 0.015314 
-0.445312 1.642083 0.329998 0.606639 -0.032200 0.015314 
-0.441406 1.640527 0.329998 0.607739 -0.032200 0.014990 
-0.441406 1.640527 0.329998 0.607739 -0.032200 0.014990 
-0.437500 1.638982 0.329998 0.608831 -0.032200 0.014673 
-0.437500 1.638982 0.329998 0.608831 -0.032200 0.014673 
-0.433594 1.637448 0.329998 0.609916 -0.032200 0.014362 
-0.433594 1.637448 0.329998 0.609916 -0.032200 0.014362 
-0.429688 1.635925 0.329998 0.610993 -0.032200 0.014058 
-0.429688 1.635925 0.329998 0.610993 -0.032200 0.014058 
-0.425781 1.634412 0.329998 0.612063 -0.032200 0.013761 
-0.425781 1.634412 0.329998 0.612063 -0.032200 0.013761 
-0.421875 1.632909 0.329998 0.613126 -0.032200 0.013469 
-0.421875 1.632909 0.329998 0.613126 -0.032200 0.013469 
-0.417969 1.631415 0.329998 0.614182 -0.032200 0.013183 
-0.417969 1.631415 0.329998 0.614182 -0.032200 0.013183 
-0.414062 1.629932 0.329998 0.615231 -0.032200 0.012904 
-0.414062 1.629932 0.329998 0.615231 -0.032200 0.012904 
-0.410156 1.628458 0.329998 0.616273 -0.032200 0.012630 
-0.410156 1.628458 0.329998 0.616273 -0.032200 0.012630 
-0.406250 1.626993 0.329998 0.617309 -0.032200 0.012362 
-0.406250 1.626993 0.329998 0.617309 -0.032200 0.012362 
-0.402344 1.625537 0.329998 0.618338 -0.032200 0.012100 
-0.402344 1.625537 0.329998 0.618338 -0.032200 0.012100 
-0.398438 1.624091 0.329998 0.619361 -0.032200 0.011842 
-0.398438 1.624091 0.329998 0.619361 -0.032200 0.011842 
-0.394531 1.622652 0.329998 0.620378 -0.032200 0.011591 
-0.394531 1.622652 0.329998 0.620378 -0.032200 0.011591 
-0.390625 1.621222 0.329998 0.621389 -0.032200 0.011344 
-0.390625 1.621222 0.329998 0.621389 -0.032200 0.011344 
-0.386719 1.619801 0.329998 0.622395 -0.032200 0.011102 
-0.386719 1.619801 0.329998 0.622395 -0.032200 0.011102 
-0.382812 1.618387 0.329998 0.623394 -0.032200 0.010866 
-0.382812 1.618387 0.329998 0.623394 -0.032200 0.010866 
-0.378906 1.616982 0.329998 0.624388 -0.032200 0.010634 
-0.378906 1.616982 0.329998 0.624388 -0.032200 0.010634 
-0.375000 1.615584 0.329998 0.625376 -0.032200 0.010407 
-0.375000 1.615584 0.329998 0.625376 -0.032200 0.010407 
-0.371094 1.614194 0.329998 0.626360 -0.032200 0.010184 
-0.371094 1.614194 0.329998 0.626360 -0.032200 0.010184 
-0.367188 1.612811 0.329998 0.627337 -0.032200 0.009966 
-0.367188 1.612811 0.329998 0.627337 -0.032200 0.009966 
-0.363281 1.611435 0.329998 0.628310 -0.032200 0.009753 
-0.363281 1.611435 0.329998 0.628310 -0.032200 0.009753 
-0.359375 1.610066 0.329998 0.629278 -0.032200 0.009543 
-0.359375 1.610066 0.329998 0.629278 -0.032200 0.009543 
-0.355469 1.608705 0.329998 0.630241 -0.032200 0.009338 
-0.355469 1.608705 0.329998 0.630241 -0.032200 0.009338 
-0.351562 1.607349 0.329998 0.631199 -0.032200 0.009137 
-0.351562 1.607349 0.329998 0.631199 -0.032200 0.009137 
-0.347656 1.606001 0.329998 0.632153 -0.032200 0.008940 
-0.347656 1.606001 0.329998 0.632153 -0.032200 0.008940 
-0.343750 1.604659 0.329998 0.633102 -0.032200 0.008747 
-0.343750 1.604659 0.329998 0.633102 -0.032200 0.008747 
-0.339844 1.603323 0.329998 0.634046 -0.032200 0.008558 
-0.339844 1.603323 0.329998 0.634046 -0.032200 0.008558 
-0.335938 1.601993 0.329998 0.634987 -0.032200 0.008373 
-0.335938 1.601993 0.329998 0.634987 -0.032200 0.008373 
-0.332031 1.600669 0.329998 0.635923 -0.032200 0.008191 
-0.332031 1.600669 0.329998 0.635923 -0.032200 0.008191 
-0.328125 1.599352 0.329998 0.636855 -0.032200 0.008013 
-0.328125 1.599352 0.329998 0.636855 -0.032200 0.008013 
-0.324219 1.598039 0.329998 0.637782 -0.032200 0.007838 
-0.324219 1.598039 0.329998 0.637782 -0.032200 0.007838 
-0.320312 1.596733 0.329998 0.638706 -0.032200 0.007667 
-0.320312 1.596733 0.329998 0.638706 -0.032200 0.007667 
-0.316406 1.595432 0.329998 0.639626 -0.032200 0.007499 
-0.316406 1.595432 0.329998 0.639626 -0.032200 0.007499 
-0.312500 1.594136 0.329998 0.640543 -0.032200 0.007335 
-0.312500 1.594136 0.329998 0.640543 -0.032200 0.007335 
-0.308594 1.592845 0.329998 0.641455 -0.032200 0.007173 
-0.308594 1.592845 0.329998 0.641455 -0.032200 0.007173 
-0.304688 1.591560 0.329998 0.642364 -0.032200 0.007015 
-0.304688 1.591560 0.329998 0.642364 -0.032200 0.007015 
-0.300781 1.590279 0.329998 0.643270 -0.032200 0.006860 
-0.300781 1.590279 0.329998 0.643270 -0.032200 0.006860 
-0.296875 1.589004 0.329998 0.644172 -0.032200 0.006707 
-0.296875 1.589004 0.329998 0.644172 -0.032200 0.006707 
-0.292969 1.587733 0.329998 0.645070 -0.032200 0.006558 
-0.292969 1.587733 0.329998 0.645070 -0.032200 0.006558 
-0.289062 1.586466 0.329998 0.645966 -0.032200 0.006411 
-0.289062 1.586466 0.329998 0.645966 -0.032200 0.006411 
-0.285156 1.585205 0.329998 0.646858 -0.032200 0.006268 
-0.285156 1.585205 0.329998 0.646858 -0.032200 0.006268 
-0.281250 1.583947 0.329998 0.647747 -0.032200 0.006127 
-0.281250 1.583947 0.329998 0.647747 -0.032200 0.006127 
-0.277344 1.582694 0.329998 0.648633 -0.032200 0.005988 
-0.277344 1.582694 0.329998 0.648633 -0.032200 0.005988 
-0.273438 1.581445 0.329998 0.649516 -0.032200 0.005852 
-0.273438 1.581445 0.329998 0.649516 -0.032200 0.005852 
-0.269531 1.580201 0.329998 0.650396 -0.032200 0.005719 
-0.269531 1.580201 0.329998 0.650396 -0.032200 0.005719 
-0.265625 1.578960 0.329998 0.651274 -0.032200 0.005588 
-0.265625 1.578960 0.329998 0.651274 -0.032200 0.005588 
-0.261719 1.577723 0.329998 0.652148 -0.032200 0.005459 
-0.261719 1.577723 0.329998 0.652148 -0.032200 0.005459 
-0.257812 1.576490 0.329998 0.653020 -0.032200 0.005333 
-0.257812 1.576490 0.329998 0.653020 -0.032200 0.005333 
-0.253906 1.575261 0.329997 0.653889 -0.032200 0.005209 
-0.253906 1.575261 0.329997 0.653889 -0.032200 0.005209 
-0.250000 1.574035 0.329997 0.654756 -0.032200 0.005088 
-0.250000 1.574035 0.329997 0.654756 -0.032200 0.005088 
-0.246094 1.572813 0.329997 0.655620 -0.032200 0.004968 
-0.246094 1.572813 0.329997 0.655620 -0.032200 0.004968 
-0.242188 1.571594 0.329997 0.656482 -0.032200 0.004851 
-0.242188 1.571594 0.329997 0.656482 -0.032200 0.004851 
-0.238281 1.570379 0.329997 0.657341 -0.032200 0.004736 
-0.238281 1.570379 0.329997 0.657341 -0.032200 0.004736 
-0.234375 1.569167 0.329997 0.658198 -0.032200 0.004622 
-0.234375 1.569167 0.329997 0.658198 -0.032200 0.004622 
-0.230469 1.567958 0.329997 0.659053 -0.032200 0.004511 
-0.230469 1.567958 0.329997 0.659053 -0.032200 0.004511 
-0.226562 1.566752 0.329997 0.659906 -0.032200 0.004401 
-0.226562 1.566752 0.329997 0.659906 -0.032200 0.004401 
-0.222656 1.565550 0.329997 0.660756 -0.032200 0.004294 
-0.222656 1.565550 0.329997 0.660756 -0.032200 0.004294 
-0.218750 1.564350 0.329997 0.661604 -0.032200 0.004188 
-0.218750 1.564350 0.329997 0.661604 -0.032200 0.004188 
-0.214844 1.563153 0.329997 0.662451 -0.032200 0.004084 
-0.214844 1.563153 0.329997 0.662451 -0.032200 0.004084 
-0.210938 1.561959 0.329997 0.663295 -0.032200 0.003982 
-0.210938 1.561959 0.329997 0.663295 -0.032200 0.003982 
-0.207031 1.560768 0.329997 0.664137 -0.032200 0.003881 
-0.207031 1.560768 0.329997 0.664137 -0.032200 0.003881 
-0.203125 1.559579 0.329997 0.664978 -0.032200 0.003782 
-0.203125 1.559579 0.329997 0.664978 -0.032200 0.003782 
-0.199219 1.558393 0.329997 0.665816 -0.032200 0.003685 
-0.199219 1.558393 0.329997 0.665816 -0.032200 0.003685 
-0.195312 1.557210 0.329997 0.666653 -0.032200 0.003589 
-0.195312 1.557210 0.329997 0.666653 -0.032200 0.003589 
-0.191406 1.556029 0.329997 0.667488 -0.032200 0.003495 
-0.191406 1.556029 0.329997 0.667488 -0.032200 0.003495 
-0.187500 1.554850 0.329997 0.668322 -0.032200 0.003402 
-0.187500 1.554850 0.329997 0.668322 -0.032200 0.003402 
-0.183594 1.553674 0.329997 0.669153 -0.032200 0.003310 
-0.183594 1.553674 0.329997 0.669153 -0.032200 0.003310 
-0.179688 1.552500 0.329997 0.669984 -0.032200 0.003220 
-0.179688 1.552500 0.329997 0.669984 -0.032200 0.003220 
-0.175781 1.551328 0.329997 0.670812 -0.032200 0.003132 
-0.175781 1.551328 0.329997 0.670812 -0.032200 0.003132 
-0.171875 1.550159 0.329997 0.671639 -0.032200 0.003044 
-0.171875 1.550159 0.329997 0.671639 -0.032200 0.003044 
-0.167969 1.548991 0.329997 0.672465 -0.032200 0.002958 
-0.167969 1.548991 0.329997 0.672465 -0.032200 0.002958 
-0.164062 1.547825 0.329997 0.673289 -0.032200 0.002873 
-0.164062 1.547825 0.329997 0.673289 -0.032200 0.002873 
-0.160156 1.546662 0.329997 0.674112 -0.032200 0.002790 
-0.160156 1.546662 0.329997 0.674112 -0.032200 0.002790 
-0.156250 1.545500 0.329997 0.674933 -0.032200 0.002707 
-0.156250 1.545500 0.329997 0.674933 -0.032200 0.002707 
-0.152344 1.544340 0.329997 0.675754 -0.032200 0.002626 
-0.152344 1.544340 0.329997 0.675754 -0.032200 0.002626 
-0.148438 1.543182 0.329997 0.676572 -0.032200 0.002545 
-0.148438 1.543182 0.329997 0.676572 -0.032200 0.002545 
-0.144531 1.542026 0.329997 0.677390 -0.032200 0.002466 
-0.144531 1.542026 0.329997 0.677390 -0.032200 0.002466 
-0.140625 1.540871 0.329997 0.678207 -0.032200 0.002388 
-0.140625 1.540871 0.329997 0.678207 -0.032200 0.002388 
-0.136719 1.539718 0.329997 0.679022 -0.032200 0.002311 
-0.136719 1.539718 0.329997 0.679022 -0.032200 0.002311 
-0.132812 1.538566 0.329997 0.679836 -0.032200 0.002234 
-0.132812 1.538566 0.329997 0.679836 -0.032200 0.002234 
-0.128906 1.537416 0.329997 0.680650 -0.032200 0.002159 
-0.128906 1.537416 0.329997 0.680650 -0.032200 0.002159 
-0.125000 1.536268 0.329997 0.681462 -0.032200 0.002085 
-0.125000 1.536268 0.329997 0.681462 -0.032200 0.002085 
-0.121094 1.535120 0.329997 0.682273 -0.032200 0.002011 
-0.121094 1.535120 0.329997 0.682273 -0.032200 0.002011 
-0.117188 1.533975 0.329997 0.683083 -0.032200 0.001938 
-0.117188 1.533975 0.329997 0.683083 -0.032200 0.001938 
-0.113281 1.532830 0.329997 0.683892 -0.032200 0.001866 
-0.113281 1.532830 0.329997 0.683892 -0.032200 0.001866 
-0.109375 1.531687 0.329997 0.684701 -0.032200 0.001795 
-0.109375 1.531687 0.329997 0.684701 -0.032200 0.001795 
-0.105469 1.530545 0.329997 0.685508 -0.032200 0.001725 
-0.105469 1.530545 0.329997 0.685508 -0.032200 0.001725 
-0.101562 1.529404 0.329997 0.686315 -0.032200 0.001655 
-0.101562 1.529404 0.329997 0.686315 -0.032200 0.001655 
-0.097656 1.528264 0.329997 0.687121 -0.032200 0.001586 
-0.097656 1.528264 0.329997 0.687121 -0.032200 0.001586 
-0.093750 1.527125 0.329997 0.687926 -0.032200 0.001517 
-0.093750 1.527125 0.329997 0.687926 -0.032200 0.001517 
-0.089844 1.525988 0.329997 0.688731 -0.032200 0.001450 
-0.089844 1.525988 0.329997 0.688731 -0.032200 0.001450 
-0.085938 1.524851 0.329997 0.689535 -0.032200 0.001382 
-0.085938 1.524851 0.329997 0.689535 -0.032200 0.001382 
-0.082031 1.523715 0.329997 0.690338 -0.032200 0.001316 
-0.082031 1.523715 0.329997 0.690338 -0.032200 0.001316 
-0.078125 1.522580 0.329997 0.691140 -0.032200 0.001250 
-0.078125 1.522580 0.329997 0.691140 -0.032200 0.001250 
-0.074219 1.521446 0.329997 0.691942 -0.032200 0.001184 
-0.074219 1.521446 0.329997 0.691942 -0.032200 0.001184 
-0.070312 1.520313 0.329997 0.692744 -0.032200 0.001119 
-0.070312 1.520313 0.329997 0.692744 -0.032200 0.001119 
-0.066406 1.519180 0.329997 0.693544 -0.032200 0.001054 
-0.066406 1.519180 0.329997 0.693544 -0.032200 0.001054 
-0.062500 1.518048 0.329997 0.694345 -0.032200 0.000990 
-0.062500 1.518048 0.329997 0.694345 -0.032200 0.000990 
-0.058594 1.516917 0.329997 0.695145 -0.032200 0.000926 
-0.058594 1.516917 0.329997 0.695145 -0.032200 0.000926 
-0.054688 1.515787 0.329997 0.695944 -0.032200 0.000863 
-0.054688 1.515787 0.329997 0.695944 -0.032200 0.000863 
-0.050781 1.514657 0.329997 0.696743 -0.032200 0.000800 
-0.050781 1.514657 0.329997 0.696743 -0.032200 0.000800 
-0.046875 1.513527 0.329997 0.697542 -0.032200 0.000737 
-0.046875 1.513527 0.329997 0.697542 -0.032200 0.000737 
-0.042969 1.512398 0.329997 0.698340 -0.032200 0.000674 
-0.042969 1.512398 0.329997 0.698340 -0.032200 0.000674 
-0.039062 1.511270 0.329997 0.699138 -0.032200 0.000612 
-0.039062 1.511270 0.329997 0.699138 -0.032200 0.000612 
-0.035156 1.510141 0.329997 0.699936 -0.032200 0.000550 
-0.035156 1.510141 0.329997 0.699936 -0.032200 0.000550 
-0.031250 1.509014 0.329997 0.700733 -0.032200 0.000489 
-0.031250 1.509014 0.329997 0.700733 -0.032200 0.000489 
-0.027344 1.507886 0.329997 0.701530 -0.032200 0.000427 
-0.027344 1.507886 0.329997 0.701530 -0.032200 0.000427 
-0.023438 1.506759 0.329997 0.702327 -0.032200 0.000366 
-0.023438 1.506759 0.329997 0.702327 -0.032200 0.000366 
-0.019531 1.505632 0.329997 0.703124 -0.032200 0.000305 
-0.019531 1.505632 0.329997 0.703124 -0.032200 0.000305 
-0.015625 1.504506 0.329997 0.703921 -0.032200 0.000244 
-0.015625 1.504506 0.329997 0.703921 -0.032200 0.000244 
-0.011719 1.503379 0.329997 0.704717 -0.032200 0.000183 
-0.011719 1.503379 0.329997 0.704717 -0.032200 0.000183 
-0.007812 1.502253 0.329997 0.705514 -0.032200 0.000122 
-0.007812 1.502253 0.329997 0.705514 -0.032200 0.000122 
-0.003906 1.501126 0.329997 0.706310 -0.032200 0.000061 
-0.003906 1.501126 0.329997 0.706310 -0.032200 0.000061 
0.000000 1.500000 0.329997 0.707107 -0.032200 0.000000 
0.000000 1.500000 0.329997 0.707107 -0.032200 0.000000 
0.003906 1.498874 0.329997 0.707903 -0.032200 -0.000061 
0.003906 1.498874 0.329997 0.707903 -0.032200 -0.000061 
0.007812 1.497747 0.329997 0.708700 -0.032200 -0.000122 
0.007812 1.497747 0.329997 0.708700 -0.032200 -0.000122 
0.011719 1.496621 0.329997 0.709496 -0.032200 -0.000182 
0.011719 1.496621 0.329997 0.709496 -0.032200 -0.000182 
0.015625 1.495495 0.329997 0.710293 -0.032200 -0.000243 
0.015625 1.495495 0.329997 0.710293 -0.032200 -0.000243 
0.019531 1.494368 0.329997 0.711089 -0.032200 -0.000304 
0.019531 1.494368 0.329997 0.711089 -0.032200 -0.000304 
0.023438 1.493241 0.329997 0.711886 -0.032200 -0.000366 
0.023438 1.493241 0.329997 0.711886 -0.032200 -0.000366 
0.027344 1.492114 0.329997 0.712683 -0.032200 -0.000427 
0.027344 1.492114 0.329997 0.712683 -0.032200 -0.000427 
0.031250 1.490986 0.329997 0.713480 -0.032200 -0.000488 
0.031250 1.490986 0.329997 0.713480 -0.032200 -0.000488 
0.035156 1.489859 0.329997 0.714278 -0.032200 -0.000550 
0.035156 1.489859 0.329997 0.714278 -0.032200 -0.000550 
0.039062 1.488731 0.329997 0.715075 -0.032200 -0.000612 
0.039062 1.488731 0.329997 0.715075 -0.032200 -0.000612 
0.042969 1.487602 0.329997 0.715873 -0.032200 -0.000674 
0.042969 1.487602 0.329997 0.715873 -0.032200 -0.000674 
0.046875 1.486473 0.329997 0.716672 -0.032200 -0.000737 
0.046875 1.486473 0.329997 0.716672 -0.032200 -0.000737 
0.050781 1.485344 0.329997 0.717470 -0.032199 -0.000799 
0.050781 1.485344 0.329997 0.717470 -0.032199 -0.000799 
0.054688 1.484214 0.329997 0.718269 -0.032199 -0.000863 
0.054688 1.484214 0.329997 0.718269 -0.032199 -0.000863 
0.058594 1.483083 0.329997 0.719069 -0.032199 -0.000926 
0.058594 1.483083 0.329997 0.719069 -0.032199 -0.000926 
0.062500 1.481952 0.329997 0.719869 -0.032199 -0.000990 
0.062500 1.481952 0.329997 0.719869 -0.032199 -0.000990 
0.066406 1.480820 0.329997 0.720669 -0.032199 -0.001054 
0.066406 1.480820 0.329997 0.720669 -0.032199 -0.001054 
0.070312 1.479687 0.329997 0.721470 -0.032199 -0.001119 
0.070312 1.479687 0.329997 0.721470 -0.032199 -0.001119 
0.074219 1.478554 0.329997 0.722271 -0.032199 -0.001184 
0.074219 1.478554 0.329997 0.722271 -0.032199 -0.001184 
0.078125 1.477420 0.329997 0.723073 -0.032199 -0.001249 
0.078125 1.477420 0.329997 0.723073 -0.032199 -0.001249 
0.082031 1.476285 0.329997 0.723876 -0.032199 -0.001315 
0.082031 1.476285 0.329997 0.723876 -0.032199 -0.001315 
0.085938 1.475149 0.329997 0.724679 -0.032199 -0.001382 
0.085938 1.475149 0.329997 0.724679 -0.032199 -0.001382 
0.089844 1.474013 0.329997 0.725483 -0.032199 -0.001449 
0.089844 1.474013 0.329997 0.725483 -0.032199 -0.001449 
0.093750 1.472875 0.329997 0.726287 -0.032199 -0.001517 
0.093750 1.472875 0.329997 0.726287 -0.032199 -0.001517 
0.097656 1.471736 0.329997 0.727092 -0.032199 -0.001586 
0.097656 1.471736 0.329997 0.727092 -0.032199 -0.001586 
0.101562 1.470596 0.329997 0.727898 -0.032199 -0.001655 
0.101562 1.470596 0.329997 0.727898 -0.032199 -0.001655 
0.105469 1.469455 0.329997 0.728705 -0.032199 -0.001724 
0.105469 1.469455 0.329997 0.728705 -0.032199 -0.001724 
0.109375 1.468313 0.329997 0.729513 -0.032199 -0.001795 
0.109375 1.468313 0.329997 0.729513 -0.032199 -0.001795 
0.113281 1.467170 0.329997 0.730321 -0.032199 -0.001866 
0.113281 1.467170 0.329997 0.730321 -0.032199 -0.001866 
0.117188 1.466026 0.329997 0.731130 -0.032199 -0.001938 
0.117188 1.466026 0.329997 0.731130 -0.032199 -0.001938 
0.121094 1.464880 0.329997 0.731941 -0.032199 -0.002011 
0.121094 1.464880 0.329997 0.731941 -0.032199 -0.002011 
0.125000 1.463733 0.329997 0.732752 -0.032199 -0.002084 
0.125000 1.463733 0.329997 0.732752 -0.032199 -0.002084 
0.128906 1.462584 0.329997 0.733564 -0.032199 -0.002159 
0.128906 1.462584 0.329997 0.733564 -0.032199 -0.002159 
0.132812 1.461434 0.329997 0.734377 -0.032199 -0.002234 
0.132812 1.461434 0.329997 0.734377 -0.032199 -0.002234 
0.136719 1.460282 0.329997 0.735191 -0.032199 -0.002311 
0.136719 1.460282 0.329997 0.735191 -0.032199 -0.002311 
0.140625 1.459129 0.329997 0.736007 -0.032199 -0.002388 
0.140625 1.459129 0.329997 0.736007 -0.032199 -0.002388 
0.144531 1.457975 0.329997 0.736823 -0.032199 -0.002466 
0.144531 1.457975 0.329997 0.736823 -0.032199 -0.002466 
0.148438 1.456818 0.329997 0.737641 -0.032199 -0.002545 
0.148438 1.456818 0.329997 0.737641 -0.032199 -0.002545 
0.152344 1.455660 0.329997 0.738460 -0.032199 -0.002626 
0.152344 1.455660 0.329997 0.738460 -0.032199 -0.002626 
0.156250 1.454500 0.329997 0.739280 -0.032199 -0.002707 
0.156250 1.454500 0.329997 0.739280 -0.032199 -0.002707 
0.160156 1.453338 0.329997 0.740102 -0.032199 -0.002789 
0.160156 1.453338 0.329997 0.740102 -0.032199 -0.002789 
0.164062 1.452175 0.329997 0.740924 -0.032199 -0.002873 
0.164062 1.452175 0.329997 0.740924 -0.032199 -0.002873 
0.167969 1.451009 0.329997 0.741749 -0.032199 -0.002958 
0.167969 1.451009 0.329997 0.741749 -0.032199 -0.002958 
0.171875 1.449842 0.329997 0.742574 -0.032199 -0.003044 
0.171875 1.449842 0.329997 0.742574 -0.032199 -0.003044 
0.175781 1.448672 0.329997 0.743401 -0.032199 -0.003131 
0.175781 1.448672 0.329997 0.743401 -0.032199 -0.003131 
0.179688 1.447500 0.329997 0.744230 -0.032199 -0.003220 
0.179688 1.447500 0.329997 0.744230 -0.032199 -0.003220 
0.183594 1.446326 0.329997 0.745060 -0.032199 -0.003310 
0.183594 1.446326 0.329997 0.745060 -0.032199 -0.003310 
0.187500 1.445150 0.329997 0.745892 -0.032199 -0.003402 
0.187500 1.445150 0.329997 0.745892 -0.032199 -0.003402 
0.191406 1.443971 0.329997 0.746725 -0.032199 -0.003494 
0.191406 1.443971 0.329997 0.746725 -0.032199 -0.003494 
0.195312 1.442790 0.329997 0.747560 -0.032199 -0.003589 
0.195312 1.442790 0.329997 0.747560 -0.032199 -0.003589 
0.199219 1.441607 0.329997 0.748397 -0.032199 -0.003685 
0.199219 1.441607 0.329997 0.748397 -0.032199 -0.003685 
0.203125 1.440421 0.329997 0.749236 -0.032199 -0.003782 
0.203125 1.440421 0.329997 0.749236 -0.032199 -0.003782 
0.207031 1.439232 0.329997 0.750076 -0.032199 -0.003881 
0.207031 1.439232 0.329997 0.750076 -0.032199 -0.003881 
0.210938 1.438041 0.329997 0.750918 -0.032199 -0.003981 
0.210938 1.438041 0.329997 0.750918 -0.032199 -0.003981 
0.214844 1.436847 0.329997 0.751763 -0.032199 -0.004084 
0.214844 1.436847 0.329997 0.751763 -0.032199 -0.004084 
0.218750 1.435650 0.329997 0.752609 -0.032199 -0.004188 
0.218750 1.435650 0.329997 0.752609 -0.032199 -0.004188 
0.222656 1.434450 0.329997 0.753457 -0.032199 -0.004293 
0.222656 1.434450 0.329997 0.753457 -0.032199 -0.004293 
0.226562 1.433248 0.329997 0.754308 -0.032199 -0.004401 
0.226562 1.433248 0.329997 0.754308 -0.032199 -0.004401 
0.230469 1.432042 0.329997 0.755160 -0.032199 -0.004511 
0.230469 1.432042 0.329997 0.755160 -0.032199 -0.004511 
0.234375 1.430833 0.329997 0.756015 -0.032199 -0.004622 
0.234375 1.430833 0.329997 0.756015 -0.032199 -0.004622 
0.238281 1.429621 0.329997 0.756872 -0.032199 -0.004735 
0.238281 1.429621 0.329997 0.756872 -0.032199 -0.004735 
0.242188 1.428406 0.329997 0.757731 -0.032199 -0.004850 
0.242188 1.428406 0.329997 0.757731 -0.032199 -0.004850 
0.246094 1.427187 0.329997 0.758593 -0.032199 -0.004968 
0.246094 1.427187 0.329997 0.758593 -0.032199 -0.004968 
0.250000 1.425965 0.329997 0.759457 -0.032199 -0.005087 
0.250000 1.425965 0.329997 0.759457 -0.032199 -0.005087 
0.253906 1.424740 0.329997 0.760324 -0.032199 -0.005209 
0.253906 1.424740 0.329997 0.760324 -0.032199 -0.005209 
0.257812 1.423510 0.329997 0.761193 -0.032199 -0.005333 
0.257812 1.423510 0.329997 0.761193 -0.032199 -0.005333 
0.261719 1.422277 0.329997 0.762065 -0.032199 -0.005459 
0.261719 1.422277 0.329997 0.762065 -0.032199 -0.005459 
0.265625 1.421040 0.329997 0.762940 -0.032199 -0.005588 
0.265625 1.421040 0.329997 0.762940 -0.032199 -0.005588 
0.269531 1.419800 0.329997 0.763817 -0.032199 -0.005719 
0.269531 1.419800 0.329997 0.763817 -0.032199 -0.005719 
0.273438 1.418555 0.329997 0.764697 -0.032199 -0.005852 
0.273438 1.418555 0.329997 0.764697 -0.032199 -0.005852 
0.277344 1.417306 0.329997 0.765580 -0.032199 -0.005988 
0.277344 1.417306 0.329997 0.765580 -0.032199 -0.005988 
0.281250 1.416053 0.329997 0.766466 -0.032199 -0.006126 
0.281250 1.416053 0.329997 0.766466 -0.032199 -0.006126 
0.285156 1.414796 0.329997 0.767355 -0.032199 -0.006267 
0.285156 1.414796 0.329997 0.767355 -0.032199 -0.006267 
0.289062 1.413534 0.329997 0.768248 -0.032199 -0.006411 
0.289062 1.413534 0.329997 0.768248 -0.032199 -0.006411 
0.292969 1.412267 0.329997 0.769143 -0.032199 -0.006558 
0.292969 1.412267 0.329997 0.769143 -0.032199 -0.006558 
0.296875 1.410997 0.329997 0.770042 -0.032199 -0.006707 
0.296875 1.410997 0.329997 0.770042 -0.032199 -0.006707 
0.300781 1.409721 0.329997 0.770944 -0.032199 -0.006859 
0.300781 1.409721 0.329997 0.770944 -0.032199 -0.006859 
0.304688 1.408440 0.329997 0.771849 -0.032199 -0.007014 
0.304688 1.408440 0.329997 0.771849 -0.032199 -0.007014 
0.308594 1.407155 0.329997 0.772758 -0.032199 -0.007173 
0.308594 1.407155 0.329997 0.772758 -0.032199 -0.007173 
0.312500 1.405864 0.329997 0.773671 -0.032199 -0.007334 
0.312500 1.405864 0.329997 0.773671 -0.032199 -0.007334 
0.316406 1.404569 0.329997 0.774587 -0.032199 -0.007499 
0.316406 1.404569 0.329997 0.774587 -0.032199 -0.007499 
0.320312 1.403267 0.329997 0.775507 -0.032199 -0.007667 
0.320312 1.403267 0.329997 0.775507 -0.032199 -0.007667 
0.324219 1.401961 0.329997 0.776431 -0.032199 -0.007838 
0.324219 1.401961 0.329997 0.776431 -0.032199 -0.007838 
0.328125 1.400649 0.329997 0.777359 -0.032199 -0.008012 
0.328125 1.400649 0.329997 0.777359 -0.032199 -0.008012 
0.332031 1.399331 0.329997 0.778291 -0.032199 -0.008191 
0.332031 1.399331 0.329997 0.778291 -0.032199 -0.008191 
0.335938 1.398007 0.329997 0.779227 -0.032199 -0.008372 
0.335938 1.398007 0.329997 0.779227 -0.032199 -0.008372 
0.339844 1.396677 0.329997 0.780167 -0.032199 -0.008558 
0.339844 1.396677 0.329997 0.780167 -0.032199 -0.008558 
0.343750 1.395342 0.329997 0.781111 -0.032199 -0.008747 
0.343750 1.395342 0.329997 0.781111 -0.032199 -0.008747 
0.347656 1.393999 0.329997 0.782060 -0.032199 -0.008940 
0.347656 1.393999 0.329997 0.782060 -0.032199 -0.008940 
0.351562 1.392651 0.329997 0.783014 -0.032199 -0.009137 
0.351562 1.392651 0.329997 0.783014 -0.032199 -0.009137 
0.355469 1.391296 0.329997 0.783972 -0.032199 -0.009338 
0.355469 1.391296 0.329997 0.783972 -0.032199 -0.009338 
0.359375 1.389934 0.329997 0.784935 -0.032199 -0.009543 
0.359375 1.389934 0.329997 0.784935 -0.032199 -0.009543 
0.363281 1.388565 0.329997 0.785903 -0.032199 -0.009752 
0.363281 1.388565 0.329997 0.785903 -0.032199 -0.009752 
0.367188 1.387190 0.329997 0.786876 -0.032199 -0.009965 
0.367188 1.387190 0.329997 0.786876 -0.032199 -0.009965 
0.371094 1.385807 0.329997 0.787854 -0.032199 -0.010183 
0.371094 1.385807 0.329997 0.787854 -0.032199 -0.010183 
0.375000 1.384416 0.329997 0.788837 -0.032199 -0.010406 
0.375000 1.384416 0.329997 0.788837 -0.032199 -0.010406 
0.378906 1.383018 0.329997 0.789825 -0.032199 -0.010633 
0.378906 1.383018 0.329997 0.789825 -0.032199 -0.010633 
0.382812 1.381613 0.329997 0.790819 -0.032199 -0.010865 
0.382812 1.381613 0.329997 0.790819 -0.032199 -0.010865 
0.386719 1.380199 0.329997 0.791818 -0.032199 -0.011102 
0.386719 1.380199 0.329997 0.791818 -0.032199 -0.011102 
0.390625 1.378778 0.329997 0.792824 -0.032199 -0.011343 
0.390625 1.378778 0.329997 0.792824 -0.032199 -0.011343 
0.394531 1.377348 0.329997 0.793835 -0.032199 -0.011590 
0.394531 1.377348 0.329997 0.793835 -0.032199 -0.011590 
0.398438 1.375910 0.329997 0.794852 -0.032199 -0.011842 
0.398438 1.375910 0.329997 0.794852 -0.032199 -0.011842 
0.402344 1.374463 0.329997 0.795875 -0.032199 -0.012099 
0.402344 1.374463 0.329997 0.795875 -0.032199 -0.012099 
0.406250 1.373007 0.329997 0.796904 -0.032199 -0.012361 
0.406250 1.373007 0.329997 0.796904 -0.032199 -0.012361 
0.410156 1.371543 0.329997 0.797940 -0.032199 -0.012629 
0.410156 1.371543 0.329997 0.797940 -0.032199 -0.012629 
0.414062 1.370069 0.329997 0.798982 -0.032199 -0.012903 
0.414062 1.370069 0.329997 0.798982 -0.032199 -0.012903 
0.417969 1.368585 0.329997 0.800031 -0.032199 -0.013183 
0.417969 1.368585 0.329997 0.800031 -0.032199 -0.013183 
0.421875 1.367092 0.329997 0.801087 -0.032199 -0.013468 
0.421875 1.367092 0.329997 0.801087 -0.032199 -0.013468 
0.425781 1.365589 0.329997 0.802150 -0.032199 -0.013760 
0.425781 1.365589 0.329997 0.802150 -0.032199 -0.013760 
0.429688 1.364076 0.329997 0.803220 -0.032199 -0.014057 
0.429688 1.364076 0.329997 0.803220 -0.032199 -0.014057 
0.433594 1.362552 0.329997 0.804297 -0.032199 -0.014361 
0.433594 1.362552 0.329997 0.804297 -0.032199 -0.014361 
0.437500 1.361018 0.329997 0.805382 -0.032199 -0.014672 
0.437500 1.361018 0.329997 0.805382 -0.032199 -0.014672 
0.441406 1.359473 0.329997 0.806474 -0.032199 -0.014989 
0.441406 1.359473 0.329997 0.806474 -0.032199 -0.014989 
0.445312 1.357917 0.329997 0.807574 -0.032199 -0.015313 
0.445312 1.357917 0.329997 0.807574 -0.032199 -0.015313 
0.449219 1.356350 0.329997 0.808683 -0.032199 -0.015644 
0.449219 1.356350 0.329997 0.808683 -0.032199 -0.015644 
0.453125 1.354771 0.329997 0.809799 -0.032199 -0.015982 
0.453125 1.354771 0.329997 0.809799 -0.032199 -0.015982 
0.457031 1.353180 0.329997 0.810924 -0.032199 -0.016327 
0.457031 1.353180 0.329997 0.810924 -0.032199 -0.016327 
0.460938 1.351577 0.329997 0.812058 -0.032199 -0.016680 
0.460938 1.351577 0.329997 0.812058 -0.032199 -0.016680 
0.464844 1.349962 0.329997 0.813200 -0.032199 -0.017040 
0.464844 1.349962 0.329997 0.813200 -0.032199 -0.017040 
0.468750 1.348333 0.329997 0.814351 -0.032199 -0.017408 
0.468750 1.348333 0.329997 0.814351 -0.032199 -0.017408 
0.472656 1.346692 0.329997 0.815512 -0.032199 -0.017784 
0.472656 1.346692 0.329997 0.815512 -0.032199 -0.017784 
0.476562 1.345038 0.329997 0.816681 -0.032199 -0.018169 
0.476562 1.345038 0.329997 0.816681 -0.032199 -0.018169 
0.480469 1.343370 0.329997 0.817861 -0.032199 -0.018561 
0.480469 1.343370 0.329997 0.817861 -0.032199 -0.018561 
0.484375 1.341688 0.329997 0.819050 -0.032199 -0.018962 
0.484375 1.341688 0.329997 0.819050 -0.032199 -0.018962 
0.488281 1.339992 0.329997 0.820249 -0.032199 -0.019372 
0.488281 1.339992 0.329997 0.820249 -0.032199 -0.019372 
0.492188 1.338282 0.329997 0.821459 -0.032199 -0.019790 
0.492188 1.338282 0.329997 0.821459 -0.032199 -0.019790 
0.496094 1.336557 0.329997 0.822679 -0.032199 -0.020218 
0.496094 1.336557 0.329997 0.822679 -0.032199 -0.020218 
0.500000 1.334814 0.329997 0.823911 -0.032199 -0.020656 
