#L2 in u(Using QGauss)0 #Linfty in u(Using QGauss)0 #degree of freedom #number of cells   #hMax    #residual  
8.5794e-01            - 4.4562e-01                -                240               10 1.6223e+00 1.5515e-15 
2.0796e-01         2.04 1.1544e-01             1.95                960               40 9.3229e-01 1.8586e-15 
4.5868e-02         2.18 2.5923e-02             2.15               3840              160 4.8709e-01 2.0066e-15 
1.0176e-02         2.17 6.1829e-03             2.07              15360              640 2.5011e-01 2.0815e-15 
2.3584e-03         2.11 1.4730e-03             2.07              61440             2560 1.2645e-01 2.0903e-15 
5.6681e-04         2.06 4.3224e-04             1.77             245760            10240 6.3637e-02 2.1141e-15 
1.3904e-04         2.03 1.2594e-04             1.78             983040            40960 3.1906e-02 2.1264e-15 
3.4461e-05         2.01 3.5379e-05             1.83            3932160           163840 1.5979e-02 2.1356e-15 
8.5853e-06         2.01 9.6345e-06             1.88           15728640           655360 7.9947e-03 2.1463e-15 
