364
0 1 1.00000000000000000
1 3 1.41421356237309505
1 0 1.00000000000000000
2 4 1.00000000000000000
3 7 1.73205080756887729
3 1 1.41421356237309505
4 8 1.41421356237309505
4 2 1.00000000000000000
5 9 1.00000000000000000
6 10 1.00000000000000000
7 13 2.00000000000000000
7 3 1.73205080756887729
8 14 1.73205080756887729
8 4 1.41421356237309505
9 15 1.41421356237309505
9 5 1.00000000000000000
10 16 1.41421356237309505
10 6 1.00000000000000000
11 17 1.00000000000000000
12 18 1.00000000000000000
13 22 2.23606797749978970
13 7 2.00000000000000000
14 23 2.00000000000000000
14 8 1.73205080756887729
15 24 1.73205080756887729
15 9 1.41421356237309505
16 25 1.73205080756887729
16 10 1.41421356237309505
17 26 1.41421356237309505
17 11 1.00000000000000000
18 27 1.41421356237309505
18 12 1.00000000000000000
19 28 1.00000000000000000
20 29 1.00000000000000000
21 30 1.00000000000000000
22 34 2.44948974278317810
22 13 2.23606797749978970
23 35 2.23606797749978970
23 14 2.00000000000000000
24 36 2.00000000000000000
24 15 1.73205080756887729
25 37 2.00000000000000000
25 16 1.73205080756887729
26 38 1.73205080756887729
26 17 1.41421356237309505
27 39 1.73205080756887729
27 18 1.41421356237309505
28 40 1.41421356237309505
28 19 1.00000000000000000
29 41 1.41421356237309505
29 20 1.00000000000000000
30 42 1.41421356237309505
30 21 1.00000000000000000
31 43 1.00000000000000000
32 44 1.00000000000000000
33 45 1.00000000000000000
34 50 2.64575131106459059
34 22 2.44948974278317810
35 51 2.44948974278317810
35 23 2.23606797749978970
36 52 2.23606797749978970
36 24 2.00000000000000000
37 53 2.23606797749978970
37 25 2.00000000000000000
38 54 2.00000000000000000
38 26 1.73205080756887729
39 55 2.00000000000000000
39 27 1.73205080756887729
40 56 1.73205080756887729
40 28 1.41421356237309505
41 57 1.73205080756887729
41 29 1.41421356237309505
42 58 1.73205080756887729
42 30 1.41421356237309505
43 59 1.41421356237309505
43 31 1.00000000000000000
44 60 1.41421356237309505
44 32 1.00000000000000000
45 61 1.41421356237309505
45 33 1.00000000000000000
46 62 1.00000000000000000
47 63 1.00000000000000000
48 64 1.00000000000000000
49 65 1.00000000000000000
50 70 2.82842712474619010
50 34 2.64575131106459059
51 71 2.64575131106459059
51 35 2.44948974278317810
52 72 2.44948974278317810
52 36 2.23606797749978970
53 73 2.44948974278317810
53 37 2.23606797749978970
54 74 2.23606797749978970
54 38 2.00000000000000000
55 75 2.23606797749978970
55 39 2.00000000000000000
56 76 2.00000000000000000
56 40 1.73205080756887729
57 77 2.00000000000000000
57 41 1.73205080756887729
58 78 2.00000000000000000
58 42 1.73205080756887729
59 79 1.73205080756887729
59 43 1.41421356237309505
60 80 1.73205080756887729
60 44 1.41421356237309505
61 81 1.73205080756887729
61 45 1.41421356237309505
62 82 1.41421356237309505
62 46 1.00000000000000000
63 83 1.41421356237309505
63 47 1.00000000000000000
64 84 1.41421356237309505
64 48 1.00000000000000000
65 85 1.41421356237309505
65 49 1.00000000000000000
66 86 1.00000000000000000
67 87 1.00000000000000000
68 88 1.00000000000000000
69 89 1.00000000000000000
70 95 3.00000000000000000
70 50 2.82842712474619010
71 96 2.82842712474619010
71 51 2.64575131106459059
72 97 2.64575131106459059
72 52 2.44948974278317810
73 98 2.64575131106459059
73 53 2.44948974278317810
74 99 2.44948974278317810
74 54 2.23606797749978970
75 100 2.44948974278317810
75 55 2.23606797749978970
76 101 2.23606797749978970
76 56 2.00000000000000000
77 102 2.23606797749978970
77 57 2.00000000000000000
78 103 2.23606797749978970
78 58 2.00000000000000000
79 104 2.00000000000000000
79 59 1.73205080756887729
80 105 2.00000000000000000
80 60 1.73205080756887729
81 106 2.00000000000000000
81 61 1.73205080756887729
82 107 1.73205080756887729
82 62 1.41421356237309505
83 108 1.73205080756887729
83 63 1.41421356237309505
84 109 1.73205080756887729
84 64 1.41421356237309505
85 110 1.73205080756887729
85 65 1.41421356237309505
86 111 1.41421356237309505
86 66 1.00000000000000000
87 112 1.41421356237309505
87 67 1.00000000000000000
88 113 1.41421356237309505
88 68 1.00000000000000000
89 114 1.41421356237309505
89 69 1.00000000000000000
90 115 1.00000000000000000
91 116 1.00000000000000000
92 117 1.00000000000000000
93 118 1.00000000000000000
94 119 1.00000000000000000
95 125 3.16227766016837933
95 70 3.00000000000000000
96 126 3.00000000000000000
96 71 2.82842712474619010
97 127 2.82842712474619010
97 72 2.64575131106459059
98 128 2.82842712474619010
98 73 2.64575131106459059
99 129 2.64575131106459059
99 74 2.44948974278317810
100 130 2.64575131106459059
100 75 2.44948974278317810
101 131 2.44948974278317810
101 76 2.23606797749978970
102 132 2.44948974278317810
102 77 2.23606797749978970
103 133 2.44948974278317810
103 78 2.23606797749978970
104 134 2.23606797749978970
104 79 2.00000000000000000
105 135 2.23606797749978970
105 80 2.00000000000000000
106 136 2.23606797749978970
106 81 2.00000000000000000
107 137 2.00000000000000000
107 82 1.73205080756887729
108 138 2.00000000000000000
108 83 1.73205080756887729
109 139 2.00000000000000000
109 84 1.73205080756887729
110 140 2.00000000000000000
110 85 1.73205080756887729
111 141 1.73205080756887729
111 86 1.41421356237309505
112 142 1.73205080756887729
112 87 1.41421356237309505
113 143 1.73205080756887729
113 88 1.41421356237309505
114 144 1.73205080756887729
114 89 1.41421356237309505
115 145 1.41421356237309505
115 90 1.00000000000000000
116 146 1.41421356237309505
116 91 1.00000000000000000
117 147 1.41421356237309505
117 92 1.00000000000000000
118 148 1.41421356237309505
118 93 1.00000000000000000
119 149 1.41421356237309505
119 94 1.00000000000000000
120 150 1.00000000000000000
121 151 1.00000000000000000
122 152 1.00000000000000000
123 153 1.00000000000000000
124 154 1.00000000000000000
125 161 3.31662479035539985
125 95 3.16227766016837933
126 162 3.16227766016837933
126 96 3.00000000000000000
127 163 3.00000000000000000
127 97 2.82842712474619010
128 164 3.00000000000000000
128 98 2.82842712474619010
129 165 2.82842712474619010
129 99 2.64575131106459059
130 166 2.82842712474619010
130 100 2.64575131106459059
131 167 2.64575131106459059
131 101 2.44948974278317810
132 168 2.64575131106459059
132 102 2.44948974278317810
133 169 2.64575131106459059
133 103 2.44948974278317810
134 170 2.44948974278317810
134 104 2.23606797749978970
135 171 2.44948974278317810
135 105 2.23606797749978970
136 172 2.44948974278317810
136 106 2.23606797749978970
137 173 2.23606797749978970
137 107 2.00000000000000000
138 174 2.23606797749978970
138 108 2.00000000000000000
139 175 2.23606797749978970
139 109 2.00000000000000000
140 176 2.23606797749978970
140 110 2.00000000000000000
141 177 2.00000000000000000
141 111 1.73205080756887729
142 178 2.00000000000000000
142 112 1.73205080756887729
143 179 2.00000000000000000
143 113 1.73205080756887729
144 180 2.00000000000000000
144 114 1.73205080756887729
145 181 1.73205080756887729
145 115 1.41421356237309505
146 182 1.73205080756887729
146 116 1.41421356237309505
147 183 1.73205080756887729
147 117 1.41421356237309505
148 184 1.73205080756887729
148 118 1.41421356237309505
149 185 1.73205080756887729
149 119 1.41421356237309505
150 186 1.41421356237309505
150 120 1.00000000000000000
151 187 1.41421356237309505
151 121 1.00000000000000000
152 188 1.41421356237309505
152 122 1.00000000000000000
153 189 1.41421356237309505
153 123 1.00000000000000000
154 190 1.41421356237309505
154 124 1.00000000000000000
155 191 1.00000000000000000
156 192 1.00000000000000000
157 193 1.00000000000000000
158 194 1.00000000000000000
159 195 1.00000000000000000
160 196 1.00000000000000000
161 125 3.31662479035539985
162 203 3.31662479035539985
162 126 3.16227766016837933
163 127 3.00000000000000000
164 128 3.00000000000000000
165 204 3.00000000000000000
165 129 2.82842712474619010
166 205 3.00000000000000000
166 130 2.82842712474619010
167 131 2.64575131106459059
168 132 2.64575131106459059
169 133 2.64575131106459059
170 206 2.64575131106459059
170 134 2.44948974278317810
171 207 2.64575131106459059
171 135 2.44948974278317810
172 208 2.64575131106459059
172 136 2.44948974278317810
173 137 2.23606797749978970
174 138 2.23606797749978970
175 139 2.23606797749978970
176 140 2.23606797749978970
177 209 2.23606797749978970
177 141 2.00000000000000000
178 210 2.23606797749978970
178 142 2.00000000000000000
179 211 2.23606797749978970
179 143 2.00000000000000000
180 212 2.23606797749978970
180 144 2.00000000000000000
181 145 1.73205080756887729
182 146 1.73205080756887729
183 147 1.73205080756887729
184 148 1.73205080756887729
185 149 1.73205080756887729
186 213 1.73205080756887729
186 150 1.41421356237309505
187 214 1.73205080756887729
187 151 1.41421356237309505
188 215 1.73205080756887729
188 152 1.41421356237309505
189 216 1.73205080756887729
189 153 1.41421356237309505
190 217 1.73205080756887729
190 154 1.41421356237309505
191 155 1.00000000000000000
192 156 1.00000000000000000
193 157 1.00000000000000000
194 158 1.00000000000000000
195 159 1.00000000000000000
196 160 1.00000000000000000
197 218 1.00000000000000000
198 219 1.00000000000000000
199 220 1.00000000000000000
200 221 1.00000000000000000
201 222 1.00000000000000000
202 223 1.00000000000000000
203 162 3.31662479035539985
204 165 3.00000000000000000
205 166 3.00000000000000000
206 170 2.64575131106459059
207 171 2.64575131106459059
208 172 2.64575131106459059
209 177 2.23606797749978970
210 178 2.23606797749978970
211 179 2.23606797749978970
212 180 2.23606797749978970
213 186 1.73205080756887729
214 187 1.73205080756887729
215 188 1.73205080756887729
216 189 1.73205080756887729
217 190 1.73205080756887729
218 197 1.00000000000000000
219 198 1.00000000000000000
220 199 1.00000000000000000
221 200 1.00000000000000000
222 201 1.00000000000000000
223 202 1.00000000000000000
