2410
0 1 0.500000000000000000
1 2 -0.398942280401432678
1 4 0.500000000000000000
1 8 -0.282094791773878143
1 23 0.0814337519838199869
1 51 -0.0446031029038192779
1 96 0.0298017016880560064
1 162 -0.0219896262793997507
1 253 0.0172255616912687476
1 373 -0.0140452794160322617
1 526 0.0117860455420766030
2 0 0
2 3 -0.460658865961780639
2 7 0.500000000000000000
2 13 -0.265961520267621785
2 34 0.0728365620394719380
2 70 -0.0389327800546012329
2 125 0.0256492209614405280
2 203 -0.0187528163006407338
2 308 0.0145955378817371584
2 444 -0.0118440195541710938
2 615 0.00990225890521018558
3 5 -0.398942280401432678
3 9 0.500000000000000000
3 15 -0.282094791773878143
3 36 0.0814337519838199869
3 72 -0.0446031029038192779
3 127 0.0298017016880560064
3 205 -0.0219896262793997507
3 310 0.0172255616912687476
3 446 -0.0140452794160322617
3 617 0.0117860455420766030
4 6 -0.398942280401432678
4 10 0.500000000000000000
4 16 -0.282094791773878143
4 37 0.0814337519838199869
4 73 -0.0446031029038192779
4 128 0.0298017016880560064
4 206 -0.0219896262793997507
4 311 0.0172255616912687476
4 447 -0.0140452794160322617
4 618 0.0117860455420766030
5 2 0.162867503967639974
5 8 -0.345494149471335479
5 14 0.500000000000000000
5 23 -0.299206710301074508
5 51 0.0910457025493399225
5 96 -0.0510992738216641182
5 162 0.0346264482979447128
5 253 -0.0257851224133810089
5 373 0.0203294991924196135
5 526 -0.0166556524980531006
6 11 -0.398942280401432678
6 17 0.500000000000000000
6 26 -0.282094791773878143
6 54 0.0814337519838199869
6 99 -0.0446031029038192779
6 165 0.0298017016880560064
6 256 -0.0219896262793997507
6 376 0.0172255616912687476
6 529 -0.0140452794160322617
7 12 -0.398942280401432678
7 18 0.500000000000000000
7 27 -0.282094791773878143
7 55 0.0814337519838199869
7 100 -0.0446031029038192779
7 166 0.0298017016880560064
7 257 -0.0219896262793997507
7 377 0.0172255616912687476
7 530 -0.0140452794160322617
8 0 0
8 3 0.206012907745701110
8 13 -0.356824823230554223
8 22 0.500000000000000000
8 34 -0.293161507141751953
8 70 0.0870563427551363307
8 125 -0.0481768573773425676
8 203 0.0323479841280162277
8 308 -0.0239335175726075531
8 444 0.0187795869299739895
8 615 -0.0153291627988979687
9 5 0.162867503967639974
9 15 -0.345494149471335479
9 24 0.500000000000000000
9 36 -0.299206710301074508
9 72 0.0910457025493399225
9 127 -0.0510992738216641182
9 205 0.0346264482979447128
9 310 -0.0257851224133810089
9 446 0.0203294991924196135
9 617 -0.0166556524980531006
10 6 0.162867503967639974
10 16 -0.345494149471335479
10 25 0.500000000000000000
10 37 -0.299206710301074508
10 73 0.0910457025493399225
10 128 -0.0510992738216641182
10 206 0.0346264482979447128
10 311 -0.0257851224133810089
10 447 0.0203294991924196135
10 618 -0.0166556524980531006
11 19 -0.398942280401432678
11 28 0.500000000000000000
11 40 -0.282094791773878143
11 76 0.0814337519838199869
11 131 -0.0446031029038192779
11 209 0.0298017016880560064
11 314 -0.0219896262793997507
11 450 0.0172255616912687476
11 621 -0.0140452794160322617
12 20 -0.398942280401432678
12 29 0.500000000000000000
12 41 -0.282094791773878143
12 77 0.0814337519838199869
12 132 -0.0446031029038192779
12 210 0.0298017016880560064
12 315 -0.0219896262793997507
12 451 0.0172255616912687476
12 622 -0.0140452794160322617
13 21 -0.398942280401432678
13 30 0.500000000000000000
13 42 -0.282094791773878143
13 78 0.0814337519838199869
13 133 -0.0446031029038192779
13 211 0.0298017016880560064
13 316 -0.0219896262793997507
13 452 0.0172255616912687476
13 623 -0.0140452794160322617
14 2 -0.109254843059207907
14 8 0.128758067341063193
14 23 -0.334523271778644584
14 35 0.500000000000000000
14 51 -0.305376569939324951
14 96 0.0952178748884303617
14 162 -0.0541989645495103885
14 253 0.0370653984800185943
14 373 -0.0277799757539194813
14 526 0.0220073284335632689
15 11 0.162867503967639974
15 26 -0.345494149471335479
15 38 0.500000000000000000
15 54 -0.299206710301074508
15 99 0.0910457025493399225
15 165 -0.0510992738216641182
15 256 0.0346264482979447128
15 376 -0.0257851224133810089
15 529 0.0203294991924196135
16 12 0.162867503967639974
16 27 -0.345494149471335479
16 39 0.500000000000000000
16 55 -0.299206710301074508
16 100 0.0910457025493399225
16 166 -0.0510992738216641182
16 257 0.0346264482979447128
16 377 -0.0257851224133810089
16 530 0.0203294991924196135
17 31 -0.398942280401432678
17 43 0.500000000000000000
17 59 -0.282094791773878143
17 104 0.0814337519838199869
17 170 -0.0446031029038192779
17 261 0.0298017016880560064
17 381 -0.0219896262793997507
17 534 0.0172255616912687476
18 32 -0.398942280401432678
18 44 0.500000000000000000
18 60 -0.282094791773878143
18 105 0.0814337519838199869
18 171 -0.0446031029038192779
18 262 0.0298017016880560064
18 382 -0.0219896262793997507
18 535 0.0172255616912687476
19 33 -0.398942280401432678
19 45 0.500000000000000000
19 61 -0.282094791773878143
19 106 0.0814337519838199869
19 172 -0.0446031029038192779
19 263 0.0298017016880560064
19 383 -0.0219896262793997507
19 536 0.0172255616912687476
20 0 0
20 3 -0.143048168102668831
20 13 0.137648163935264479
20 34 -0.339268519739310439
20 50 0.500000000000000000
20 70 -0.302244419757726582
20 125 0.0929231310496234955
20 203 -0.0524097243124715663
20 308 0.0356112829719315619
20 444 -0.0265627374301602841
20 615 0.0209655240244057068
21 5 -0.109254843059207907
21 15 0.128758067341063193
21 36 -0.334523271778644584
21 52 0.500000000000000000
21 72 -0.305376569939324951
21 127 0.0952178748884303617
21 205 -0.0541989645495103885
21 310 0.0370653984800185943
21 446 -0.0277799757539194813
21 617 0.0220073284335632689
22 6 -0.109254843059207907
22 16 0.128758067341063193
22 37 -0.334523271778644584
22 53 0.500000000000000000
22 73 -0.305376569939324951
22 128 0.0952178748884303617
22 206 -0.0541989645495103885
22 311 0.0370653984800185943
22 447 -0.0277799757539194813
22 618 0.0220073284335632689
23 19 0.162867503967639974
23 40 -0.345494149471335479
23 56 0.500000000000000000
23 76 -0.299206710301074508
23 131 0.0910457025493399225
23 209 -0.0510992738216641182
23 314 0.0346264482979447128
23 450 -0.0257851224133810089
23 621 0.0203294991924196135
24 20 0.162867503967639974
24 41 -0.345494149471335479
24 57 0.500000000000000000
24 77 -0.299206710301074508
24 132 0.0910457025493399225
24 210 -0.0510992738216641182
24 315 0.0346264482979447128
24 451 -0.0257851224133810089
24 622 0.0203294991924196135
25 21 0.162867503967639974
25 42 -0.345494149471335479
25 58 0.500000000000000000
25 78 -0.299206710301074508
25 133 0.0910457025493399225
25 211 -0.0510992738216641182
25 316 0.0346264482979447128
25 452 -0.0257851224133810089
25 623 0.0203294991924196135
26 46 -0.398942280401432678
26 62 0.500000000000000000
26 82 -0.282094791773878143
26 137 0.0814337519838199869
26 215 -0.0446031029038192779
26 320 0.0298017016880560064
26 456 -0.0219896262793997507
26 627 0.0172255616912687476
27 47 -0.398942280401432678
27 63 0.500000000000000000
27 83 -0.282094791773878143
27 138 0.0814337519838199869
27 216 -0.0446031029038192779
27 321 0.0298017016880560064
27 457 -0.0219896262793997507
27 628 0.0172255616912687476
28 48 -0.398942280401432678
28 64 0.500000000000000000
28 84 -0.282094791773878143
28 139 0.0814337519838199869
28 217 -0.0446031029038192779
28 322 0.0298017016880560064
28 458 -0.0219896262793997507
28 629 0.0172255616912687476
29 49 -0.398942280401432678
29 65 0.500000000000000000
29 85 -0.282094791773878143
29 140 0.0814337519838199869
29 218 -0.0446031029038192779
29 323 0.0298017016880560064
29 459 -0.0219896262793997507
29 630 0.0172255616912687476
30 2 0.0842919414180919300
30 8 -0.0834447647265568179
30 23 0.120442143443356419
30 51 -0.329844394190996260
30 71 0.500000000000000000
30 96 -0.308541178502679219
30 162 0.0975692876021046703
30 253 -0.0560492885008376473
30 373 0.0385788898862591921
30 526 -0.0290529940642378108
31 11 -0.109254843059207907
31 26 0.128758067341063193
31 54 -0.334523271778644584
31 74 0.500000000000000000
31 99 -0.305376569939324951
31 165 0.0952178748884303617
31 256 -0.0541989645495103885
31 376 0.0370653984800185943
31 529 -0.0277799757539194813
32 12 -0.109254843059207907
32 27 0.128758067341063193
32 55 -0.334523271778644584
32 75 0.500000000000000000
32 100 -0.305376569939324951
32 166 0.0952178748884303617
32 257 -0.0541989645495103885
32 377 0.0370653984800185943
32 530 -0.0277799757539194813
33 31 0.162867503967639974
33 59 -0.345494149471335479
33 79 0.500000000000000000
33 104 -0.299206710301074508
33 170 0.0910457025493399225
33 261 -0.0510992738216641182
33 381 0.0346264482979447128
33 534 -0.0257851224133810089
34 32 0.162867503967639974
34 60 -0.345494149471335479
34 80 0.500000000000000000
34 105 -0.299206710301074508
34 171 0.0910457025493399225
34 262 -0.0510992738216641182
34 382 0.0346264482979447128
34 535 -0.0257851224133810089
35 33 0.162867503967639974
35 61 -0.345494149471335479
35 81 0.500000000000000000
35 106 -0.299206710301074508
35 172 0.0910457025493399225
35 263 -0.0510992738216641182
35 383 0.0346264482979447128
35 536 -0.0257851224133810089
36 66 -0.398942280401432678
36 86 0.500000000000000000
36 111 -0.282094791773878143
36 177 0.0814337519838199869
36 268 -0.0446031029038192779
36 388 0.0298017016880560064
36 541 -0.0219896262793997507
37 67 -0.398942280401432678
37 87 0.500000000000000000
37 112 -0.282094791773878143
37 178 0.0814337519838199869
37 269 -0.0446031029038192779
37 389 0.0298017016880560064
37 542 -0.0219896262793997507
38 68 -0.398942280401432678
38 88 0.500000000000000000
38 113 -0.282094791773878143
38 179 0.0814337519838199869
38 270 -0.0446031029038192779
38 390 0.0298017016880560064
38 543 -0.0219896262793997507
39 69 -0.398942280401432678
39 89 0.500000000000000000
39 114 -0.282094791773878143
39 180 0.0814337519838199869
39 271 -0.0446031029038192779
39 391 0.0298017016880560064
39 544 -0.0219896262793997507
40 0 0
40 3 0.112389255224122573
40 13 -0.0908431534607362101
40 34 0.124392110863371797
40 70 -0.332451900334527232
40 95 0.500000000000000000
40 125 -0.306630688439950006
40 203 0.0960795926778751045
40 308 -0.0548385779615149334
40 444 0.0375653835274881275
40 615 -0.0281855442981871570
41 5 0.0842919414180919300
41 15 -0.0834447647265568179
41 36 0.120442143443356419
41 72 -0.329844394190996260
41 97 0.500000000000000000
41 127 -0.308541178502679219
41 205 0.0975692876021046703
41 310 -0.0560492885008376473
41 446 0.0385788898862591921
41 617 -0.0290529940642378108
42 6 0.0842919414180919300
42 16 -0.0834447647265568179
42 37 0.120442143443356419
42 73 -0.329844394190996260
42 98 0.500000000000000000
42 128 -0.308541178502679219
42 206 0.0975692876021046703
42 311 -0.0560492885008376473
42 447 0.0385788898862591921
42 618 -0.0290529940642378108
43 19 -0.109254843059207907
43 40 0.128758067341063193
43 76 -0.334523271778644584
43 101 0.500000000000000000
43 131 -0.305376569939324951
43 209 0.0952178748884303617
43 314 -0.0541989645495103885
43 450 0.0370653984800185943
43 621 -0.0277799757539194813
44 20 -0.109254843059207907
44 41 0.128758067341063193
44 77 -0.334523271778644584
44 102 0.500000000000000000
44 132 -0.305376569939324951
44 210 0.0952178748884303617
44 315 -0.0541989645495103885
44 451 0.0370653984800185943
44 622 -0.0277799757539194813
45 21 -0.109254843059207907
45 42 0.128758067341063193
45 78 -0.334523271778644584
45 103 0.500000000000000000
45 133 -0.305376569939324951
45 211 0.0952178748884303617
45 316 -0.0541989645495103885
45 452 0.0370653984800185943
45 623 -0.0277799757539194813
46 46 0.162867503967639974
46 82 -0.345494149471335479
46 107 0.500000000000000000
46 137 -0.299206710301074508
46 215 0.0910457025493399225
46 320 -0.0510992738216641182
46 456 0.0346264482979447128
46 627 -0.0257851224133810089
47 47 0.162867503967639974
47 83 -0.345494149471335479
47 108 0.500000000000000000
47 138 -0.299206710301074508
47 216 0.0910457025493399225
47 321 -0.0510992738216641182
47 457 0.0346264482979447128
47 628 -0.0257851224133810089
48 48 0.162867503967639974
48 84 -0.345494149471335479
48 109 0.500000000000000000
48 139 -0.299206710301074508
48 217 0.0910457025493399225
48 322 -0.0510992738216641182
48 458 0.0346264482979447128
48 629 -0.0257851224133810089
49 49 0.162867503967639974
49 85 -0.345494149471335479
49 110 0.500000000000000000
49 140 -0.299206710301074508
49 218 0.0910457025493399225
49 323 -0.0510992738216641182
49 459 0.0346264482979447128
49 630 -0.0257851224133810089
50 90 -0.398942280401432678
50 115 0.500000000000000000
50 145 -0.282094791773878143
50 223 0.0814337519838199869
50 328 -0.0446031029038192779
50 464 0.0298017016880560064
50 635 -0.0219896262793997507
51 91 -0.398942280401432678
51 116 0.500000000000000000
51 146 -0.282094791773878143
51 224 0.0814337519838199869
51 329 -0.0446031029038192779
51 465 0.0298017016880560064
51 636 -0.0219896262793997507
52 92 -0.398942280401432678
52 117 0.500000000000000000
52 147 -0.282094791773878143
52 225 0.0814337519838199869
52 330 -0.0446031029038192779
52 466 0.0298017016880560064
52 637 -0.0219896262793997507
53 93 -0.398942280401432678
53 118 0.500000000000000000
53 148 -0.282094791773878143
53 226 0.0814337519838199869
53 331 -0.0446031029038192779
53 467 0.0298017016880560064
53 638 -0.0219896262793997507
54 94 -0.398942280401432678
54 119 0.500000000000000000
54 149 -0.282094791773878143
54 227 0.0814337519838199869
54 332 -0.0446031029038192779
54 468 0.0298017016880560064
54 639 -0.0219896262793997507
55 2 -0.0695373039387973483
55 8 0.0632189560635689475
55 23 -0.0766489107324961773
55 51 0.116617603934411060
55 96 -0.327257339391800244
55 126 0.500000000000000000
55 162 -0.310463572045449381
55 253 0.0990820799490587015
55 373 -0.0572867287633682787
55 526 0.0396197404391476345
56 11 0.0842919414180919300
56 26 -0.0834447647265568179
56 54 0.120442143443356419
56 99 -0.329844394190996260
56 129 0.500000000000000000
56 165 -0.308541178502679219
56 256 0.0975692876021046703
56 376 -0.0560492885008376473
56 529 0.0385788898862591921
57 12 0.0842919414180919300
57 27 -0.0834447647265568179
57 55 0.120442143443356419
57 100 -0.329844394190996260
57 130 0.500000000000000000
57 166 -0.308541178502679219
57 257 0.0975692876021046703
57 377 -0.0560492885008376473
57 530 0.0385788898862591921
58 31 -0.109254843059207907
58 59 0.128758067341063193
58 104 -0.334523271778644584
58 134 0.500000000000000000
58 170 -0.305376569939324951
58 261 0.0952178748884303617
58 381 -0.0541989645495103885
58 534 0.0370653984800185943
59 32 -0.109254843059207907
59 60 0.128758067341063193
59 105 -0.334523271778644584
59 135 0.500000000000000000
59 171 -0.305376569939324951
59 262 0.0952178748884303617
59 382 -0.0541989645495103885
59 535 0.0370653984800185943
60 33 -0.109254843059207907
60 61 0.128758067341063193
60 106 -0.334523271778644584
60 136 0.500000000000000000
60 172 -0.305376569939324951
60 263 0.0952178748884303617
60 383 -0.0541989645495103885
60 536 0.0370653984800185943
61 66 0.162867503967639974
61 111 -0.345494149471335479
61 141 0.500000000000000000
61 177 -0.299206710301074508
61 268 0.0910457025493399225
61 388 -0.0510992738216641182
61 541 0.0346264482979447128
62 67 0.162867503967639974
62 112 -0.345494149471335479
62 142 0.500000000000000000
62 178 -0.299206710301074508
62 269 0.0910457025493399225
62 389 -0.0510992738216641182
62 542 0.0346264482979447128
63 68 0.162867503967639974
63 113 -0.345494149471335479
63 143 0.500000000000000000
63 179 -0.299206710301074508
63 270 0.0910457025493399225
63 390 -0.0510992738216641182
63 543 0.0346264482979447128
64 69 0.162867503967639974
64 114 -0.345494149471335479
64 144 0.500000000000000000
64 180 -0.299206710301074508
64 271 0.0910457025493399225
64 391 -0.0510992738216641182
64 544 0.0346264482979447128
65 120 -0.398942280401432678
65 150 0.500000000000000000
65 186 -0.282094791773878143
65 277 0.0814337519838199869
65 397 -0.0446031029038192779
65 550 0.0298017016880560064
66 121 -0.398942280401432678
66 151 0.500000000000000000
66 187 -0.282094791773878143
66 278 0.0814337519838199869
66 398 -0.0446031029038192779
66 551 0.0298017016880560064
67 122 -0.398942280401432678
67 152 0.500000000000000000
67 188 -0.282094791773878143
67 279 0.0814337519838199869
67 399 -0.0446031029038192779
67 552 0.0298017016880560064
68 123 -0.398942280401432678
68 153 0.500000000000000000
68 189 -0.282094791773878143
68 280 0.0814337519838199869
68 400 -0.0446031029038192779
68 553 0.0298017016880560064
69 124 -0.398942280401432678
69 154 0.500000000000000000
69 190 -0.282094791773878143
69 281 0.0814337519838199869
69 401 -0.0446031029038192779
69 554 0.0298017016880560064
70 0 0
70 3 -0.0937640815032036688
70 13 0.0696017798951048334
70 34 -0.0800571762712227907
70 70 0.118867668634715975
70 125 -0.328906001409877400
70 161 0.500000000000000000
70 203 -0.309178003078041693
70 308 0.0980372485007480702
70 444 -0.0564120708544930198
70 615 0.0388711218877413445
71 5 -0.0695373039387973483
71 15 0.0632189560635689475
71 36 -0.0766489107324961773
71 72 0.116617603934411060
71 127 -0.327257339391800244
71 163 0.500000000000000000
71 205 -0.310463572045449381
71 310 0.0990820799490587015
71 446 -0.0572867287633682787
71 617 0.0396197404391476345
72 6 -0.0695373039387973483
72 16 0.0632189560635689475
72 37 -0.0766489107324961773
72 73 0.116617603934411060
72 128 -0.327257339391800244
72 164 0.500000000000000000
72 206 -0.310463572045449381
72 311 0.0990820799490587015
72 447 -0.0572867287633682787
72 618 0.0396197404391476345
73 19 0.0842919414180919300
73 40 -0.0834447647265568179
73 76 0.120442143443356419
73 131 -0.329844394190996260
73 167 0.500000000000000000
73 209 -0.308541178502679219
73 314 0.0975692876021046703
73 450 -0.0560492885008376473
73 621 0.0385788898862591921
74 20 0.0842919414180919300
74 41 -0.0834447647265568179
74 77 0.120442143443356419
74 132 -0.329844394190996260
74 168 0.500000000000000000
74 210 -0.308541178502679219
74 315 0.0975692876021046703
74 451 -0.0560492885008376473
74 622 0.0385788898862591921
75 21 0.0842919414180919300
75 42 -0.0834447647265568179
75 78 0.120442143443356419
75 133 -0.329844394190996260
75 169 0.500000000000000000
75 211 -0.308541178502679219
75 316 0.0975692876021046703
75 452 -0.0560492885008376473
75 623 0.0385788898862591921
76 46 -0.109254843059207907
76 82 0.128758067341063193
76 137 -0.334523271778644584
76 173 0.500000000000000000
76 215 -0.305376569939324951
76 320 0.0952178748884303617
76 456 -0.0541989645495103885
76 627 0.0370653984800185943
77 47 -0.109254843059207907
77 83 0.128758067341063193
77 138 -0.334523271778644584
77 174 0.500000000000000000
77 216 -0.305376569939324951
77 321 0.0952178748884303617
77 457 -0.0541989645495103885
77 628 0.0370653984800185943
78 48 -0.109254843059207907
78 84 0.128758067341063193
78 139 -0.334523271778644584
78 175 0.500000000000000000
78 217 -0.305376569939324951
78 322 0.0952178748884303617
78 458 -0.0541989645495103885
78 629 0.0370653984800185943
79 49 -0.109254843059207907
79 85 0.128758067341063193
79 140 -0.334523271778644584
79 176 0.500000000000000000
79 218 -0.305376569939324951
79 323 0.0952178748884303617
79 459 -0.0541989645495103885
79 630 0.0370653984800185943
80 90 0.162867503967639974
80 145 -0.345494149471335479
80 181 0.500000000000000000
80 223 -0.299206710301074508
80 328 0.0910457025493399225
80 464 -0.0510992738216641182
80 635 0.0346264482979447128
81 91 0.162867503967639974
81 146 -0.345494149471335479
81 182 0.500000000000000000
81 224 -0.299206710301074508
81 329 0.0910457025493399225
81 465 -0.0510992738216641182
81 636 0.0346264482979447128
82 92 0.162867503967639974
82 147 -0.345494149471335479
82 183 0.500000000000000000
82 225 -0.299206710301074508
82 330 0.0910457025493399225
82 466 -0.0510992738216641182
82 637 0.0346264482979447128
83 93 0.162867503967639974
83 148 -0.345494149471335479
83 184 0.500000000000000000
83 226 -0.299206710301074508
83 331 0.0910457025493399225
83 467 -0.0510992738216641182
83 638 0.0346264482979447128
84 94 0.162867503967639974
84 149 -0.345494149471335479
84 185 0.500000000000000000
84 227 -0.299206710301074508
84 332 0.0910457025493399225
84 468 -0.0510992738216641182
84 639 0.0346264482979447128
85 155 -0.398942280401432678
85 191 0.500000000000000000
85 233 -0.282094791773878143
85 338 0.0814337519838199869
85 474 -0.0446031029038192779
85 645 0.0298017016880560064
86 156 -0.398942280401432678
86 192 0.500000000000000000
86 234 -0.282094791773878143
86 339 0.0814337519838199869
86 475 -0.0446031029038192779
86 646 0.0298017016880560064
87 157 -0.398942280401432678
87 193 0.500000000000000000
87 235 -0.282094791773878143
87 340 0.0814337519838199869
87 476 -0.0446031029038192779
87 647 0.0298017016880560064
88 158 -0.398942280401432678
88 194 0.500000000000000000
88 236 -0.282094791773878143
88 341 0.0814337519838199869
88 477 -0.0446031029038192779
88 648 0.0298017016880560064
89 159 -0.398942280401432678
89 195 0.500000000000000000
89 237 -0.282094791773878143
89 342 0.0814337519838199869
89 478 -0.0446031029038192779
89 649 0.0298017016880560064
90 160 -0.398942280401432678
90 196 0.500000000000000000
90 238 -0.282094791773878143
90 343 0.0814337519838199869
90 479 -0.0446031029038192779
90 650 0.0298017016880560064
91 2 0.0596710960763791003
91 8 -0.0515702448267620179
91 23 0.0574214684134614875
91 51 -0.0733857449152875582
91 96 0.114410131060914126
91 162 -0.325616941395778626
91 204 0.500000000000000000
91 253 -0.311754486437025374
91 373 0.100138046682906957
91 526 -0.0581749480686959266
92 11 -0.0695373039387973483
92 26 0.0632189560635689475
92 54 -0.0766489107324961773
92 99 0.116617603934411060
92 165 -0.327257339391800244
92 207 0.500000000000000000
92 256 -0.310463572045449381
92 376 0.0990820799490587015
92 529 -0.0572867287633682787
93 12 -0.0695373039387973483
93 27 0.0632189560635689475
93 55 -0.0766489107324961773
93 100 0.116617603934411060
93 166 -0.327257339391800244
93 208 0.500000000000000000
93 257 -0.310463572045449381
93 377 0.0990820799490587015
93 530 -0.0572867287633682787
94 31 0.0842919414180919300
94 59 -0.0834447647265568179
94 104 0.120442143443356419
94 170 -0.329844394190996260
94 212 0.500000000000000000
94 261 -0.308541178502679219
94 381 0.0975692876021046703
94 534 -0.0560492885008376473
95 32 0.0842919414180919300
95 60 -0.0834447647265568179
95 105 0.120442143443356419
95 171 -0.329844394190996260
95 213 0.500000000000000000
95 262 -0.308541178502679219
95 382 0.0975692876021046703
95 535 -0.0560492885008376473
96 33 0.0842919414180919300
96 61 -0.0834447647265568179
96 106 0.120442143443356419
96 172 -0.329844394190996260
96 214 0.500000000000000000
96 263 -0.308541178502679219
96 383 0.0975692876021046703
96 536 -0.0560492885008376473
97 66 -0.109254843059207907
97 111 0.128758067341063193
97 177 -0.334523271778644584
97 219 0.500000000000000000
97 268 -0.305376569939324951
97 388 0.0952178748884303617
97 541 -0.0541989645495103885
98 67 -0.109254843059207907
98 112 0.128758067341063193
98 178 -0.334523271778644584
98 220 0.500000000000000000
98 269 -0.305376569939324951
98 389 0.0952178748884303617
98 542 -0.0541989645495103885
99 68 -0.109254843059207907
99 113 0.128758067341063193
99 179 -0.334523271778644584
99 221 0.500000000000000000
99 270 -0.305376569939324951
99 390 0.0952178748884303617
99 543 -0.0541989645495103885
100 69 -0.109254843059207907
100 114 0.128758067341063193
100 180 -0.334523271778644584
100 222 0.500000000000000000
100 271 -0.305376569939324951
100 391 0.0952178748884303617
100 544 -0.0541989645495103885
101 120 0.162867503967639974
101 186 -0.345494149471335479
101 228 0.500000000000000000
101 277 -0.299206710301074508
101 397 0.0910457025493399225
101 550 -0.0510992738216641182
102 121 0.162867503967639974
102 187 -0.345494149471335479
102 229 0.500000000000000000
102 278 -0.299206710301074508
102 398 0.0910457025493399225
102 551 -0.0510992738216641182
103 122 0.162867503967639974
103 188 -0.345494149471335479
103 230 0.500000000000000000
103 279 -0.299206710301074508
103 399 0.0910457025493399225
103 552 -0.0510992738216641182
104 123 0.162867503967639974
104 189 -0.345494149471335479
104 231 0.500000000000000000
104 280 -0.299206710301074508
104 400 0.0910457025493399225
104 553 -0.0510992738216641182
105 124 0.162867503967639974
105 190 -0.345494149471335479
105 232 0.500000000000000000
105 281 -0.299206710301074508
105 401 0.0910457025493399225
105 554 -0.0510992738216641182
106 197 -0.398942280401432678
106 239 0.500000000000000000
106 288 -0.282094791773878143
106 408 0.0814337519838199869
106 561 -0.0446031029038192779
107 198 -0.398942280401432678
107 240 0.500000000000000000
107 289 -0.282094791773878143
107 409 0.0814337519838199869
107 562 -0.0446031029038192779
108 199 -0.398942280401432678
108 241 0.500000000000000000
108 290 -0.282094791773878143
108 410 0.0814337519838199869
108 563 -0.0446031029038192779
109 200 -0.398942280401432678
109 242 0.500000000000000000
109 291 -0.282094791773878143
109 411 0.0814337519838199869
109 564 -0.0446031029038192779
110 201 -0.398942280401432678
110 243 0.500000000000000000
110 292 -0.282094791773878143
110 412 0.0814337519838199869
110 565 -0.0446031029038192779
111 202 -0.398942280401432678
111 244 0.500000000000000000
111 293 -0.282094791773878143
111 413 0.0814337519838199869
111 566 -0.0446031029038192779
112 0 0
112 3 0.0810770540274237024
112 13 -0.0572120498495759966
112 34 0.0604343512228940083
112 70 -0.0753748788893440480
112 125 0.115867643718589519
112 203 -0.326753478678200398
112 252 0.500000000000000000
112 308 -0.310830767409795633
112 444 0.0993647683407690457
112 615 -0.0575130954941607828
113 5 0.0596710960763791003
113 15 -0.0515702448267620179
113 36 0.0574214684134614875
113 72 -0.0733857449152875582
113 127 0.114410131060914126
113 205 -0.325616941395778626
113 254 0.500000000000000000
113 310 -0.311754486437025374
113 446 0.100138046682906957
113 617 -0.0581749480686959266
114 6 0.0596710960763791003
114 16 -0.0515702448267620179
114 37 0.0574214684134614875
114 73 -0.0733857449152875582
114 128 0.114410131060914126
114 206 -0.325616941395778626
114 255 0.500000000000000000
114 311 -0.311754486437025374
114 447 0.100138046682906957
114 618 -0.0581749480686959266
115 19 -0.0695373039387973483
115 40 0.0632189560635689475
115 76 -0.0766489107324961773
115 131 0.116617603934411060
115 209 -0.327257339391800244
115 258 0.500000000000000000
115 314 -0.310463572045449381
115 450 0.0990820799490587015
115 621 -0.0572867287633682787
116 20 -0.0695373039387973483
116 41 0.0632189560635689475
116 77 -0.0766489107324961773
116 132 0.116617603934411060
116 210 -0.327257339391800244
116 259 0.500000000000000000
116 315 -0.310463572045449381
116 451 0.0990820799490587015
116 622 -0.0572867287633682787
117 21 -0.0695373039387973483
117 42 0.0632189560635689475
117 78 -0.0766489107324961773
117 133 0.116617603934411060
117 211 -0.327257339391800244
117 260 0.500000000000000000
117 316 -0.310463572045449381
117 452 0.0990820799490587015
117 623 -0.0572867287633682787
118 46 0.0842919414180919300
118 82 -0.0834447647265568179
118 137 0.120442143443356419
118 215 -0.329844394190996260
118 264 0.500000000000000000
118 320 -0.308541178502679219
118 456 0.0975692876021046703
118 627 -0.0560492885008376473
119 47 0.0842919414180919300
119 83 -0.0834447647265568179
119 138 0.120442143443356419
119 216 -0.329844394190996260
119 265 0.500000000000000000
119 321 -0.308541178502679219
119 457 0.0975692876021046703
119 628 -0.0560492885008376473
120 48 0.0842919414180919300
120 84 -0.0834447647265568179
120 139 0.120442143443356419
120 217 -0.329844394190996260
120 266 0.500000000000000000
120 322 -0.308541178502679219
120 458 0.0975692876021046703
120 629 -0.0560492885008376473
121 49 0.0842919414180919300
121 85 -0.0834447647265568179
121 140 0.120442143443356419
121 218 -0.329844394190996260
121 267 0.500000000000000000
121 323 -0.308541178502679219
121 459 0.0975692876021046703
121 630 -0.0560492885008376473
122 90 -0.109254843059207907
122 145 0.128758067341063193
122 223 -0.334523271778644584
122 272 0.500000000000000000
122 328 -0.305376569939324951
122 464 0.0952178748884303617
122 635 -0.0541989645495103885
123 91 -0.109254843059207907
123 146 0.128758067341063193
123 224 -0.334523271778644584
123 273 0.500000000000000000
123 329 -0.305376569939324951
123 465 0.0952178748884303617
123 636 -0.0541989645495103885
124 92 -0.109254843059207907
124 147 0.128758067341063193
124 225 -0.334523271778644584
124 274 0.500000000000000000
124 330 -0.305376569939324951
124 466 0.0952178748884303617
124 637 -0.0541989645495103885
125 93 -0.109254843059207907
125 148 0.128758067341063193
125 226 -0.334523271778644584
125 275 0.500000000000000000
125 331 -0.305376569939324951
125 467 0.0952178748884303617
125 638 -0.0541989645495103885
126 94 -0.109254843059207907
126 149 0.128758067341063193
126 227 -0.334523271778644584
126 276 0.500000000000000000
126 332 -0.305376569939324951
126 468 0.0952178748884303617
126 639 -0.0541989645495103885
127 155 0.162867503967639974
127 233 -0.345494149471335479
127 282 0.500000000000000000
127 338 -0.299206710301074508
127 474 0.0910457025493399225
127 645 -0.0510992738216641182
128 156 0.162867503967639974
128 234 -0.345494149471335479
128 283 0.500000000000000000
128 339 -0.299206710301074508
128 475 0.0910457025493399225
128 646 -0.0510992738216641182
129 157 0.162867503967639974
129 235 -0.345494149471335479
129 284 0.500000000000000000
129 340 -0.299206710301074508
129 476 0.0910457025493399225
129 647 -0.0510992738216641182
130 158 0.162867503967639974
130 236 -0.345494149471335479
130 285 0.500000000000000000
130 341 -0.299206710301074508
130 477 0.0910457025493399225
130 648 -0.0510992738216641182
131 159 0.162867503967639974
131 237 -0.345494149471335479
131 286 0.500000000000000000
131 342 -0.299206710301074508
131 478 0.0910457025493399225
131 649 -0.0510992738216641182
132 160 0.162867503967639974
132 238 -0.345494149471335479
132 287 0.500000000000000000
132 343 -0.299206710301074508
132 479 0.0910457025493399225
132 650 -0.0510992738216641182
133 245 -0.398942280401432678
133 294 0.500000000000000000
133 350 -0.282094791773878143
133 486 0.0814337519838199869
133 657 -0.0446031029038192779
134 246 -0.398942280401432678
134 295 0.500000000000000000
134 351 -0.282094791773878143
134 487 0.0814337519838199869
134 658 -0.0446031029038192779
135 247 -0.398942280401432678
135 296 0.500000000000000000
135 352 -0.282094791773878143
135 488 0.0814337519838199869
135 659 -0.0446031029038192779
136 248 -0.398942280401432678
136 297 0.500000000000000000
136 353 -0.282094791773878143
136 489 0.0814337519838199869
136 660 -0.0446031029038192779
137 249 -0.398942280401432678
137 298 0.500000000000000000
137 354 -0.282094791773878143
137 490 0.0814337519838199869
137 661 -0.0446031029038192779
138 250 -0.398942280401432678
138 299 0.500000000000000000
138 355 -0.282094791773878143
138 491 0.0814337519838199869
138 662 -0.0446031029038192779
139 251 -0.398942280401432678
139 300 0.500000000000000000
139 356 -0.282094791773878143
139 492 0.0814337519838199869
139 663 -0.0446031029038192779
140 2 -0.0525526234763011017
140 8 0.0439167375981878388
140 23 -0.0464847905027804973
140 51 0.0545587892984459797
140 96 -0.0714491039471907121
140 162 0.112970952625624781
140 253 -0.324484357298490673
140 309 0.500000000000000000
140 373 -0.312680950549139654
140 526 0.100917342846093562
141 11 0.0596710960763791003
141 26 -0.0515702448267620179
141 54 0.0574214684134614875
141 99 -0.0733857449152875582
141 165 0.114410131060914126
141 256 -0.325616941395778626
141 312 0.500000000000000000
141 376 -0.311754486437025374
141 529 0.100138046682906957
142 12 0.0596710960763791003
142 27 -0.0515702448267620179
142 55 0.0574214684134614875
142 100 -0.0733857449152875582
142 166 0.114410131060914126
142 257 -0.325616941395778626
142 313 0.500000000000000000
142 377 -0.311754486437025374
142 530 0.100138046682906957
143 31 -0.0695373039387973483
143 59 0.0632189560635689475
143 104 -0.0766489107324961773
143 170 0.116617603934411060
143 261 -0.327257339391800244
143 317 0.500000000000000000
143 381 -0.310463572045449381
143 534 0.0990820799490587015
144 32 -0.0695373039387973483
144 60 0.0632189560635689475
144 105 -0.0766489107324961773
144 171 0.116617603934411060
144 262 -0.327257339391800244
144 318 0.500000000000000000
144 382 -0.310463572045449381
144 535 0.0990820799490587015
145 33 -0.0695373039387973483
145 61 0.0632189560635689475
145 106 -0.0766489107324961773
145 172 0.116617603934411060
145 263 -0.327257339391800244
145 319 0.500000000000000000
145 383 -0.310463572045449381
145 536 0.0990820799490587015
146 66 0.0842919414180919300
146 111 -0.0834447647265568179
146 177 0.120442143443356419
146 268 -0.329844394190996260
146 324 0.500000000000000000
146 388 -0.308541178502679219
146 541 0.0975692876021046703
147 67 0.0842919414180919300
147 112 -0.0834447647265568179
147 178 0.120442143443356419
147 269 -0.329844394190996260
147 325 0.500000000000000000
147 389 -0.308541178502679219
147 542 0.0975692876021046703
148 68 0.0842919414180919300
148 113 -0.0834447647265568179
148 179 0.120442143443356419
148 270 -0.329844394190996260
148 326 0.500000000000000000
148 390 -0.308541178502679219
148 543 0.0975692876021046703
149 69 0.0842919414180919300
149 114 -0.0834447647265568179
149 180 0.120442143443356419
149 271 -0.329844394190996260
149 327 0.500000000000000000
149 391 -0.308541178502679219
149 544 0.0975692876021046703
150 120 -0.109254843059207907
150 186 0.128758067341063193
150 277 -0.334523271778644584
150 333 0.500000000000000000
150 397 -0.305376569939324951
150 550 0.0952178748884303617
151 121 -0.109254843059207907
151 187 0.128758067341063193
151 278 -0.334523271778644584
151 334 0.500000000000000000
151 398 -0.305376569939324951
151 551 0.0952178748884303617
152 122 -0.109254843059207907
152 188 0.128758067341063193
152 279 -0.334523271778644584
152 335 0.500000000000000000
152 399 -0.305376569939324951
152 552 0.0952178748884303617
153 123 -0.109254843059207907
153 189 0.128758067341063193
153 280 -0.334523271778644584
153 336 0.500000000000000000
153 400 -0.305376569939324951
153 553 0.0952178748884303617
154 124 -0.109254843059207907
154 190 0.128758067341063193
154 281 -0.334523271778644584
154 337 0.500000000000000000
154 401 -0.305376569939324951
154 554 0.0952178748884303617
155 197 0.162867503967639974
155 288 -0.345494149471335479
155 344 0.500000000000000000
155 408 -0.299206710301074508
155 561 0.0910457025493399225
156 198 0.162867503967639974
156 289 -0.345494149471335479
156 345 0.500000000000000000
156 409 -0.299206710301074508
156 562 0.0910457025493399225
157 199 0.162867503967639974
157 290 -0.345494149471335479
157 346 0.500000000000000000
157 410 -0.299206710301074508
157 563 0.0910457025493399225
158 200 0.162867503967639974
158 291 -0.345494149471335479
158 347 0.500000000000000000
158 411 -0.299206710301074508
158 564 0.0910457025493399225
159 201 0.162867503967639974
159 292 -0.345494149471335479
159 348 0.500000000000000000
159 412 -0.299206710301074508
159 565 0.0910457025493399225
160 202 0.162867503967639974
160 293 -0.345494149471335479
160 349 0.500000000000000000
160 413 -0.299206710301074508
160 566 0.0910457025493399225
161 301 -0.398942280401432678
161 357 0.500000000000000000
161 421 -0.282094791773878143
161 574 0.0814337519838199869
162 302 -0.398942280401432678
162 358 0.500000000000000000
162 422 -0.282094791773878143
162 575 0.0814337519838199869
163 303 -0.398942280401432678
163 359 0.500000000000000000
163 423 -0.282094791773878143
163 576 0.0814337519838199869
164 304 -0.398942280401432678
164 360 0.500000000000000000
164 424 -0.282094791773878143
164 577 0.0814337519838199869
165 305 -0.398942280401432678
165 361 0.500000000000000000
165 425 -0.282094791773878143
165 578 0.0814337519838199869
166 306 -0.398942280401432678
166 362 0.500000000000000000
166 426 -0.282094791773878143
166 579 0.0814337519838199869
167 307 -0.398942280401432678
167 363 0.500000000000000000
167 427 -0.282094791773878143
167 580 0.0814337519838199869
168 0 0
168 3 -0.0718005527178226594
168 13 0.0489911717922531606
168 34 -0.0491948781669177319
168 70 0.0563480752912321912
168 125 -0.0727602060388376731
168 203 0.113993335026850254
168 308 -0.325315304516404975
168 372 0.500000000000000000
168 444 -0.311985330220182899
168 615 0.100321955096212073
169 5 -0.0525526234763011017
169 15 0.0439167375981878388
169 36 -0.0464847905027804973
169 72 0.0545587892984459797
169 127 -0.0714491039471907121
169 205 0.112970952625624781
169 310 -0.324484357298490673
169 374 0.500000000000000000
169 446 -0.312680950549139654
169 617 0.100917342846093562
170 6 -0.0525526234763011017
170 16 0.0439167375981878388
170 37 -0.0464847905027804973
170 73 0.0545587892984459797
170 128 -0.0714491039471907121
170 206 0.112970952625624781
170 311 -0.324484357298490673
170 375 0.500000000000000000
170 447 -0.312680950549139654
170 618 0.100917342846093562
171 19 0.0596710960763791003
171 40 -0.0515702448267620179
171 76 0.0574214684134614875
171 131 -0.0733857449152875582
171 209 0.114410131060914126
171 314 -0.325616941395778626
171 378 0.500000000000000000
171 450 -0.311754486437025374
171 621 0.100138046682906957
172 20 0.0596710960763791003
172 41 -0.0515702448267620179
172 77 0.0574214684134614875
172 132 -0.0733857449152875582
172 210 0.114410131060914126
172 315 -0.325616941395778626
172 379 0.500000000000000000
172 451 -0.311754486437025374
172 622 0.100138046682906957
173 21 0.0596710960763791003
173 42 -0.0515702448267620179
173 78 0.0574214684134614875
173 133 -0.0733857449152875582
173 211 0.114410131060914126
173 316 -0.325616941395778626
173 380 0.500000000000000000
173 452 -0.311754486437025374
173 623 0.100138046682906957
174 46 -0.0695373039387973483
174 82 0.0632189560635689475
174 137 -0.0766489107324961773
174 215 0.116617603934411060
174 320 -0.327257339391800244
174 384 0.500000000000000000
174 456 -0.310463572045449381
174 627 0.0990820799490587015
175 47 -0.0695373039387973483
175 83 0.0632189560635689475
175 138 -0.0766489107324961773
175 216 0.116617603934411060
175 321 -0.327257339391800244
175 385 0.500000000000000000
175 457 -0.310463572045449381
175 628 0.0990820799490587015
176 48 -0.0695373039387973483
176 84 0.0632189560635689475
176 139 -0.0766489107324961773
176 217 0.116617603934411060
176 322 -0.327257339391800244
176 386 0.500000000000000000
176 458 -0.310463572045449381
176 629 0.0990820799490587015
177 49 -0.0695373039387973483
177 85 0.0632189560635689475
177 140 -0.0766489107324961773
177 218 0.116617603934411060
177 323 -0.327257339391800244
177 387 0.500000000000000000
177 459 -0.310463572045449381
177 630 0.0990820799490587015
178 90 0.0842919414180919300
178 145 -0.0834447647265568179
178 223 0.120442143443356419
178 328 -0.329844394190996260
178 392 0.500000000000000000
178 464 -0.308541178502679219
178 635 0.0975692876021046703
179 91 0.0842919414180919300
179 146 -0.0834447647265568179
179 224 0.120442143443356419
179 329 -0.329844394190996260
179 393 0.500000000000000000
179 465 -0.308541178502679219
179 636 0.0975692876021046703
180 92 0.0842919414180919300
180 147 -0.0834447647265568179
180 225 0.120442143443356419
180 330 -0.329844394190996260
180 394 0.500000000000000000
180 466 -0.308541178502679219
180 637 0.0975692876021046703
181 93 0.0842919414180919300
181 148 -0.0834447647265568179
181 226 0.120442143443356419
181 331 -0.329844394190996260
181 395 0.500000000000000000
181 467 -0.308541178502679219
181 638 0.0975692876021046703
182 94 0.0842919414180919300
182 149 -0.0834447647265568179
182 227 0.120442143443356419
182 332 -0.329844394190996260
182 396 0.500000000000000000
182 468 -0.308541178502679219
182 639 0.0975692876021046703
183 155 -0.109254843059207907
183 233 0.128758067341063193
183 338 -0.334523271778644584
183 402 0.500000000000000000
183 474 -0.305376569939324951
183 645 0.0952178748884303617
184 156 -0.109254843059207907
184 234 0.128758067341063193
184 339 -0.334523271778644584
184 403 0.500000000000000000
184 475 -0.305376569939324951
184 646 0.0952178748884303617
185 157 -0.109254843059207907
185 235 0.128758067341063193
185 340 -0.334523271778644584
185 404 0.500000000000000000
185 476 -0.305376569939324951
185 647 0.0952178748884303617
186 158 -0.109254843059207907
186 236 0.128758067341063193
186 341 -0.334523271778644584
186 405 0.500000000000000000
186 477 -0.305376569939324951
186 648 0.0952178748884303617
187 159 -0.109254843059207907
187 237 0.128758067341063193
187 342 -0.334523271778644584
187 406 0.500000000000000000
187 478 -0.305376569939324951
187 649 0.0952178748884303617
188 160 -0.109254843059207907
188 238 0.128758067341063193
188 343 -0.334523271778644584
188 407 0.500000000000000000
188 479 -0.305376569939324951
188 650 0.0952178748884303617
189 245 0.162867503967639974
189 350 -0.345494149471335479
189 414 0.500000000000000000
189 486 -0.299206710301074508
189 657 0.0910457025493399225
190 246 0.162867503967639974
190 351 -0.345494149471335479
190 415 0.500000000000000000
190 487 -0.299206710301074508
190 658 0.0910457025493399225
191 247 0.162867503967639974
191 352 -0.345494149471335479
191 416 0.500000000000000000
191 488 -0.299206710301074508
191 659 0.0910457025493399225
192 248 0.162867503967639974
192 353 -0.345494149471335479
192 417 0.500000000000000000
192 489 -0.299206710301074508
192 660 0.0910457025493399225
193 249 0.162867503967639974
193 354 -0.345494149471335479
193 418 0.500000000000000000
193 490 -0.299206710301074508
193 661 0.0910457025493399225
194 250 0.162867503967639974
194 355 -0.345494149471335479
194 419 0.500000000000000000
194 491 -0.299206710301074508
194 662 0.0910457025493399225
195 251 0.162867503967639974
195 356 -0.345494149471335479
195 420 0.500000000000000000
195 492 -0.299206710301074508
195 663 0.0910457025493399225
196 364 -0.398942280401432678
196 428 0.500000000000000000
196 500 -0.282094791773878143
196 671 0.0814337519838199869
197 365 -0.398942280401432678
197 429 0.500000000000000000
197 501 -0.282094791773878143
197 672 0.0814337519838199869
198 366 -0.398942280401432678
198 430 0.500000000000000000
198 502 -0.282094791773878143
198 673 0.0814337519838199869
199 367 -0.398942280401432678
199 431 0.500000000000000000
199 503 -0.282094791773878143
199 674 0.0814337519838199869
200 368 -0.398942280401432678
200 432 0.500000000000000000
200 504 -0.282094791773878143
200 675 0.0814337519838199869
201 369 -0.398942280401432678
201 433 0.500000000000000000
201 505 -0.282094791773878143
201 676 0.0814337519838199869
202 370 -0.398942280401432678
202 434 0.500000000000000000
202 506 -0.282094791773878143
202 677 0.0814337519838199869
203 371 -0.398942280401432678
203 435 0.500000000000000000
203 507 -0.282094791773878143
203 678 0.0814337519838199869
204 2 0.0471441821683064119
204 8 -0.0384645818131192818
204 23 0.0393679059044891469
204 51 -0.0439239983633194035
204 96 0.0528263205855301793
204 162 -0.0701616272517363276
204 253 0.111957739758513642
204 373 -0.323655532554586582
204 445 0.500000000000000000
204 526 -0.313378121872951573
205 11 -0.0525526234763011017
205 26 0.0439167375981878388
205 54 -0.0464847905027804973
205 99 0.0545587892984459797
205 165 -0.0714491039471907121
205 256 0.112970952625624781
205 376 -0.324484357298490673
205 448 0.500000000000000000
205 529 -0.312680950549139654
206 12 -0.0525526234763011017
206 27 0.0439167375981878388
206 55 -0.0464847905027804973
206 100 0.0545587892984459797
206 166 -0.0714491039471907121
206 257 0.112970952625624781
206 377 -0.324484357298490673
206 449 0.500000000000000000
206 530 -0.312680950549139654
207 31 0.0596710960763791003
207 59 -0.0515702448267620179
207 104 0.0574214684134614875
207 170 -0.0733857449152875582
207 261 0.114410131060914126
207 381 -0.325616941395778626
207 453 0.500000000000000000
207 534 -0.311754486437025374
208 32 0.0596710960763791003
208 60 -0.0515702448267620179
208 105 0.0574214684134614875
208 171 -0.0733857449152875582
208 262 0.114410131060914126
208 382 -0.325616941395778626
208 454 0.500000000000000000
208 535 -0.311754486437025374
209 33 0.0596710960763791003
209 61 -0.0515702448267620179
209 106 0.0574214684134614875
209 172 -0.0733857449152875582
209 263 0.114410131060914126
209 383 -0.325616941395778626
209 455 0.500000000000000000
209 536 -0.311754486437025374
210 66 -0.0695373039387973483
210 111 0.0632189560635689475
210 177 -0.0766489107324961773
210 268 0.116617603934411060
210 388 -0.327257339391800244
210 460 0.500000000000000000
210 541 -0.310463572045449381
211 67 -0.0695373039387973483
211 112 0.0632189560635689475
211 178 -0.0766489107324961773
211 269 0.116617603934411060
211 389 -0.327257339391800244
211 461 0.500000000000000000
211 542 -0.310463572045449381
212 68 -0.0695373039387973483
212 113 0.0632189560635689475
212 179 -0.0766489107324961773
212 270 0.116617603934411060
212 390 -0.327257339391800244
212 462 0.500000000000000000
212 543 -0.310463572045449381
213 69 -0.0695373039387973483
213 114 0.0632189560635689475
213 180 -0.0766489107324961773
213 271 0.116617603934411060
213 391 -0.327257339391800244
213 463 0.500000000000000000
213 544 -0.310463572045449381
214 120 0.0842919414180919300
214 186 -0.0834447647265568179
214 277 0.120442143443356419
214 397 -0.329844394190996260
214 469 0.500000000000000000
214 550 -0.308541178502679219
215 121 0.0842919414180919300
215 187 -0.0834447647265568179
215 278 0.120442143443356419
215 398 -0.329844394190996260
215 470 0.500000000000000000
215 551 -0.308541178502679219
216 122 0.0842919414180919300
216 188 -0.0834447647265568179
216 279 0.120442143443356419
216 399 -0.329844394190996260
216 471 0.500000000000000000
216 552 -0.308541178502679219
217 123 0.0842919414180919300
217 189 -0.0834447647265568179
217 280 0.120442143443356419
217 400 -0.329844394190996260
217 472 0.500000000000000000
217 553 -0.308541178502679219
218 124 0.0842919414180919300
218 190 -0.0834447647265568179
218 281 0.120442143443356419
218 401 -0.329844394190996260
218 473 0.500000000000000000
218 554 -0.308541178502679219
219 197 -0.109254843059207907
219 288 0.128758067341063193
219 408 -0.334523271778644584
219 480 0.500000000000000000
219 561 -0.305376569939324951
220 198 -0.109254843059207907
220 289 0.128758067341063193
220 409 -0.334523271778644584
220 481 0.500000000000000000
220 562 -0.305376569939324951
221 199 -0.109254843059207907
221 290 0.128758067341063193
221 410 -0.334523271778644584
221 482 0.500000000000000000
221 563 -0.305376569939324951
222 200 -0.109254843059207907
222 291 0.128758067341063193
222 411 -0.334523271778644584
222 483 0.500000000000000000
222 564 -0.305376569939324951
223 201 -0.109254843059207907
223 292 0.128758067341063193
223 412 -0.334523271778644584
223 484 0.500000000000000000
223 565 -0.305376569939324951
224 202 -0.109254843059207907
224 293 0.128758067341063193
224 413 -0.334523271778644584
224 485 0.500000000000000000
224 566 -0.305376569939324951
225 301 0.162867503967639974
225 421 -0.345494149471335479
225 493 0.500000000000000000
225 574 -0.299206710301074508
226 302 0.162867503967639974
226 422 -0.345494149471335479
226 494 0.500000000000000000
226 575 -0.299206710301074508
227 303 0.162867503967639974
227 423 -0.345494149471335479
227 495 0.500000000000000000
227 576 -0.299206710301074508
228 304 0.162867503967639974
228 424 -0.345494149471335479
228 496 0.500000000000000000
228 577 -0.299206710301074508
229 305 0.162867503967639974
229 425 -0.345494149471335479
229 497 0.500000000000000000
229 578 -0.299206710301074508
230 306 0.162867503967639974
230 426 -0.345494149471335479
230 498 0.500000000000000000
230 579 -0.299206710301074508
231 307 0.162867503967639974
231 427 -0.345494149471335479
231 499 0.500000000000000000
231 580 -0.299206710301074508
232 436 -0.398942280401432678
232 508 0.500000000000000000
232 589 -0.282094791773878143
233 437 -0.398942280401432678
233 509 0.500000000000000000
233 590 -0.282094791773878143
234 438 -0.398942280401432678
234 510 0.500000000000000000
234 591 -0.282094791773878143
235 439 -0.398942280401432678
235 511 0.500000000000000000
235 592 -0.282094791773878143
236 440 -0.398942280401432678
236 512 0.500000000000000000
236 593 -0.282094791773878143
237 441 -0.398942280401432678
237 513 0.500000000000000000
237 594 -0.282094791773878143
238 442 -0.398942280401432678
238 514 0.500000000000000000
238 595 -0.282094791773878143
239 443 -0.398942280401432678
239 515 0.500000000000000000
239 596 -0.282094791773878143
240 0 0
240 3 0.0646812843165219526
240 13 -0.0430889502827015405
240 34 0.0418377641778688768
240 70 -0.0455547188678444988
240 125 0.0540212511716383591
240 203 -0.0710934293846911757
240 308 0.112715072449673251
240 444 -0.324289530287652007
240 525 0.500000000000000000
240 615 -0.312835475367343610
241 5 0.0471441821683064119
241 15 -0.0384645818131192818
241 36 0.0393679059044891469
241 72 -0.0439239983633194035
241 127 0.0528263205855301793
241 205 -0.0701616272517363276
241 310 0.111957739758513642
241 446 -0.323655532554586582
241 527 0.500000000000000000
241 617 -0.313378121872951573
242 6 0.0471441821683064119
242 16 -0.0384645818131192818
242 37 0.0393679059044891469
242 73 -0.0439239983633194035
242 128 0.0528263205855301793
242 206 -0.0701616272517363276
242 311 0.111957739758513642
242 447 -0.323655532554586582
242 528 0.500000000000000000
242 618 -0.313378121872951573
243 19 -0.0525526234763011017
243 40 0.0439167375981878388
243 76 -0.0464847905027804973
243 131 0.0545587892984459797
243 209 -0.0714491039471907121
243 314 0.112970952625624781
243 450 -0.324484357298490673
243 531 0.500000000000000000
243 621 -0.312680950549139654
244 20 -0.0525526234763011017
244 41 0.0439167375981878388
244 77 -0.0464847905027804973
244 132 0.0545587892984459797
244 210 -0.0714491039471907121
244 315 0.112970952625624781
244 451 -0.324484357298490673
244 532 0.500000000000000000
244 622 -0.312680950549139654
245 21 -0.0525526234763011017
245 42 0.0439167375981878388
245 78 -0.0464847905027804973
245 133 0.0545587892984459797
245 211 -0.0714491039471907121
245 316 0.112970952625624781
245 452 -0.324484357298490673
245 533 0.500000000000000000
245 623 -0.312680950549139654
246 46 0.0596710960763791003
246 82 -0.0515702448267620179
246 137 0.0574214684134614875
246 215 -0.0733857449152875582
246 320 0.114410131060914126
246 456 -0.325616941395778626
246 537 0.500000000000000000
246 627 -0.311754486437025374
247 47 0.0596710960763791003
247 83 -0.0515702448267620179
247 138 0.0574214684134614875
247 216 -0.0733857449152875582
247 321 0.114410131060914126
247 457 -0.325616941395778626
247 538 0.500000000000000000
247 628 -0.311754486437025374
248 48 0.0596710960763791003
248 84 -0.0515702448267620179
248 139 0.0574214684134614875
248 217 -0.0733857449152875582
248 322 0.114410131060914126
248 458 -0.325616941395778626
248 539 0.500000000000000000
248 629 -0.311754486437025374
249 49 0.0596710960763791003
249 85 -0.0515702448267620179
249 140 0.0574214684134614875
249 218 -0.0733857449152875582
249 323 0.114410131060914126
249 459 -0.325616941395778626
249 540 0.500000000000000000
249 630 -0.311754486437025374
250 90 -0.0695373039387973483
250 145 0.0632189560635689475
250 223 -0.0766489107324961773
250 328 0.116617603934411060
250 464 -0.327257339391800244
250 545 0.500000000000000000
250 635 -0.310463572045449381
251 91 -0.0695373039387973483
251 146 0.0632189560635689475
251 224 -0.0766489107324961773
251 329 0.116617603934411060
251 465 -0.327257339391800244
251 546 0.500000000000000000
251 636 -0.310463572045449381
252 92 -0.0695373039387973483
252 147 0.0632189560635689475
252 225 -0.0766489107324961773
252 330 0.116617603934411060
252 466 -0.327257339391800244
252 547 0.500000000000000000
252 637 -0.310463572045449381
253 93 -0.0695373039387973483
253 148 0.0632189560635689475
253 226 -0.0766489107324961773
253 331 0.116617603934411060
253 467 -0.327257339391800244
253 548 0.500000000000000000
253 638 -0.310463572045449381
254 94 -0.0695373039387973483
254 149 0.0632189560635689475
254 227 -0.0766489107324961773
254 332 0.116617603934411060
254 468 -0.327257339391800244
254 549 0.500000000000000000
254 639 -0.310463572045449381
255 155 0.0842919414180919300
255 233 -0.0834447647265568179
255 338 0.120442143443356419
255 474 -0.329844394190996260
255 555 0.500000000000000000
255 645 -0.308541178502679219
256 156 0.0842919414180919300
256 234 -0.0834447647265568179
256 339 0.120442143443356419
256 475 -0.329844394190996260
256 556 0.500000000000000000
256 646 -0.308541178502679219
257 157 0.0842919414180919300
257 235 -0.0834447647265568179
257 340 0.120442143443356419
257 476 -0.329844394190996260
257 557 0.500000000000000000
257 647 -0.308541178502679219
258 158 0.0842919414180919300
258 236 -0.0834447647265568179
258 341 0.120442143443356419
258 477 -0.329844394190996260
258 558 0.500000000000000000
258 648 -0.308541178502679219
259 159 0.0842919414180919300
259 237 -0.0834447647265568179
259 342 0.120442143443356419
259 478 -0.329844394190996260
259 559 0.500000000000000000
259 649 -0.308541178502679219
260 160 0.0842919414180919300
260 238 -0.0834447647265568179
260 343 0.120442143443356419
260 479 -0.329844394190996260
260 560 0.500000000000000000
260 650 -0.308541178502679219
261 245 -0.109254843059207907
261 350 0.128758067341063193
261 486 -0.334523271778644584
261 567 0.500000000000000000
261 657 -0.305376569939324951
262 246 -0.109254843059207907
262 351 0.128758067341063193
262 487 -0.334523271778644584
262 568 0.500000000000000000
262 658 -0.305376569939324951
263 247 -0.109254843059207907
263 352 0.128758067341063193
263 488 -0.334523271778644584
263 569 0.500000000000000000
263 659 -0.305376569939324951
264 248 -0.109254843059207907
264 353 0.128758067341063193
264 489 -0.334523271778644584
264 570 0.500000000000000000
264 660 -0.305376569939324951
265 249 -0.109254843059207907
265 354 0.128758067341063193
265 490 -0.334523271778644584
265 571 0.500000000000000000
265 661 -0.305376569939324951
266 250 -0.109254843059207907
266 355 0.128758067341063193
266 491 -0.334523271778644584
266 572 0.500000000000000000
266 662 -0.305376569939324951
267 251 -0.109254843059207907
267 356 0.128758067341063193
267 492 -0.334523271778644584
267 573 0.500000000000000000
267 663 -0.305376569939324951
268 364 0.162867503967639974
268 500 -0.345494149471335479
268 581 0.500000000000000000
268 671 -0.299206710301074508
269 365 0.162867503967639974
269 501 -0.345494149471335479
269 582 0.500000000000000000
269 672 -0.299206710301074508
270 366 0.162867503967639974
270 502 -0.345494149471335479
270 583 0.500000000000000000
270 673 -0.299206710301074508
271 367 0.162867503967639974
271 503 -0.345494149471335479
271 584 0.500000000000000000
271 674 -0.299206710301074508
272 368 0.162867503967639974
272 504 -0.345494149471335479
272 585 0.500000000000000000
272 675 -0.299206710301074508
273 369 0.162867503967639974
273 505 -0.345494149471335479
273 586 0.500000000000000000
273 676 -0.299206710301074508
274 370 0.162867503967639974
274 506 -0.345494149471335479
274 587 0.500000000000000000
274 677 -0.299206710301074508
275 371 0.162867503967639974
275 507 -0.345494149471335479
275 588 0.500000000000000000
275 678 -0.299206710301074508
276 516 -0.398942280401432678
276 597 0.500000000000000000
276 687 -0.282094791773878143
277 517 -0.398942280401432678
277 598 0.500000000000000000
277 688 -0.282094791773878143
278 518 -0.398942280401432678
278 599 0.500000000000000000
278 689 -0.282094791773878143
279 519 -0.398942280401432678
279 600 0.500000000000000000
279 690 -0.282094791773878143
280 520 -0.398942280401432678
280 601 0.500000000000000000
280 691 -0.282094791773878143
281 521 -0.398942280401432678
281 602 0.500000000000000000
281 692 -0.282094791773878143
282 522 -0.398942280401432678
282 603 0.500000000000000000
282 693 -0.282094791773878143
283 523 -0.398942280401432678
283 604 0.500000000000000000
283 694 -0.282094791773878143
284 524 -0.398942280401432678
284 605 0.500000000000000000
284 695 -0.282094791773878143
285 2 -0.0428780388338135217
285 8 0.0343619322931522873
285 23 -0.0343365072565277901
285 51 0.0370438536991547347
285 96 -0.0423516526974491825
285 162 0.0516578214328791808
285 253 -0.0692420379944648430
285 373 0.111205495586507984
285 526 -0.323022774309965867
285 616 0.500000000000000000
286 11 0.0471441821683064119
286 26 -0.0384645818131192818
286 54 0.0393679059044891469
286 99 -0.0439239983633194035
286 165 0.0528263205855301793
286 256 -0.0701616272517363276
286 376 0.111957739758513642
286 529 -0.323655532554586582
286 619 0.500000000000000000
287 12 0.0471441821683064119
287 27 -0.0384645818131192818
287 55 0.0393679059044891469
287 100 -0.0439239983633194035
287 166 0.0528263205855301793
287 257 -0.0701616272517363276
287 377 0.111957739758513642
287 530 -0.323655532554586582
287 620 0.500000000000000000
288 31 -0.0525526234763011017
288 59 0.0439167375981878388
288 104 -0.0464847905027804973
288 170 0.0545587892984459797
288 261 -0.0714491039471907121
288 381 0.112970952625624781
288 534 -0.324484357298490673
288 624 0.500000000000000000
289 32 -0.0525526234763011017
289 60 0.0439167375981878388
289 105 -0.0464847905027804973
289 171 0.0545587892984459797
289 262 -0.0714491039471907121
289 382 0.112970952625624781
289 535 -0.324484357298490673
289 625 0.500000000000000000
290 33 -0.0525526234763011017
290 61 0.0439167375981878388
290 106 -0.0464847905027804973
290 172 0.0545587892984459797
290 263 -0.0714491039471907121
290 383 0.112970952625624781
290 536 -0.324484357298490673
290 626 0.500000000000000000
291 66 0.0596710960763791003
291 111 -0.0515702448267620179
291 177 0.0574214684134614875
291 268 -0.0733857449152875582
291 388 0.114410131060914126
291 541 -0.325616941395778626
291 631 0.500000000000000000
292 67 0.0596710960763791003
292 112 -0.0515702448267620179
292 178 0.0574214684134614875
292 269 -0.0733857449152875582
292 389 0.114410131060914126
292 542 -0.325616941395778626
292 632 0.500000000000000000
293 68 0.0596710960763791003
293 113 -0.0515702448267620179
293 179 0.0574214684134614875
293 270 -0.0733857449152875582
293 390 0.114410131060914126
293 543 -0.325616941395778626
293 633 0.500000000000000000
294 69 0.0596710960763791003
294 114 -0.0515702448267620179
294 180 0.0574214684134614875
294 271 -0.0733857449152875582
294 391 0.114410131060914126
294 544 -0.325616941395778626
294 634 0.500000000000000000
295 120 -0.0695373039387973483
295 186 0.0632189560635689475
295 277 -0.0766489107324961773
295 397 0.116617603934411060
295 550 -0.327257339391800244
295 640 0.500000000000000000
296 121 -0.0695373039387973483
296 187 0.0632189560635689475
296 278 -0.0766489107324961773
296 398 0.116617603934411060
296 551 -0.327257339391800244
296 641 0.500000000000000000
297 122 -0.0695373039387973483
297 188 0.0632189560635689475
297 279 -0.0766489107324961773
297 399 0.116617603934411060
297 552 -0.327257339391800244
297 642 0.500000000000000000
298 123 -0.0695373039387973483
298 189 0.0632189560635689475
298 280 -0.0766489107324961773
298 400 0.116617603934411060
298 553 -0.327257339391800244
298 643 0.500000000000000000
299 124 -0.0695373039387973483
299 190 0.0632189560635689475
299 281 -0.0766489107324961773
299 401 0.116617603934411060
299 554 -0.327257339391800244
299 644 0.500000000000000000
300 197 0.0842919414180919300
300 288 -0.0834447647265568179
300 408 0.120442143443356419
300 561 -0.329844394190996260
300 651 0.500000000000000000
301 198 0.0842919414180919300
301 289 -0.0834447647265568179
301 409 0.120442143443356419
301 562 -0.329844394190996260
301 652 0.500000000000000000
302 199 0.0842919414180919300
302 290 -0.0834447647265568179
302 410 0.120442143443356419
302 563 -0.329844394190996260
302 653 0.500000000000000000
303 200 0.0842919414180919300
303 291 -0.0834447647265568179
303 411 0.120442143443356419
303 564 -0.329844394190996260
303 654 0.500000000000000000
304 201 0.0842919414180919300
304 292 -0.0834447647265568179
304 412 0.120442143443356419
304 565 -0.329844394190996260
304 655 0.500000000000000000
305 202 0.0842919414180919300
305 293 -0.0834447647265568179
305 413 0.120442143443356419
305 566 -0.329844394190996260
305 656 0.500000000000000000
306 301 -0.109254843059207907
306 421 0.128758067341063193
306 574 -0.334523271778644584
306 664 0.500000000000000000
307 302 -0.109254843059207907
307 422 0.128758067341063193
307 575 -0.334523271778644584
307 665 0.500000000000000000
308 303 -0.109254843059207907
308 423 0.128758067341063193
308 576 -0.334523271778644584
308 666 0.500000000000000000
309 304 -0.109254843059207907
309 424 0.128758067341063193
309 577 -0.334523271778644584
309 667 0.500000000000000000
310 305 -0.109254843059207907
310 425 0.128758067341063193
310 578 -0.334523271778644584
310 668 0.500000000000000000
311 306 -0.109254843059207907
311 426 0.128758067341063193
311 579 -0.334523271778644584
311 669 0.500000000000000000
312 307 -0.109254843059207907
312 427 0.128758067341063193
312 580 -0.334523271778644584
312 670 0.500000000000000000
313 436 0.162867503967639974
313 589 -0.345494149471335479
313 679 0.500000000000000000
314 437 0.162867503967639974
314 590 -0.345494149471335479
314 680 0.500000000000000000
315 438 0.162867503967639974
315 591 -0.345494149471335479
315 681 0.500000000000000000
316 439 0.162867503967639974
316 592 -0.345494149471335479
316 682 0.500000000000000000
317 440 0.162867503967639974
317 593 -0.345494149471335479
317 683 0.500000000000000000
318 441 0.162867503967639974
318 594 -0.345494149471335479
318 684 0.500000000000000000
319 442 0.162867503967639974
319 595 -0.345494149471335479
319 685 0.500000000000000000
320 443 0.162867503967639974
320 596 -0.345494149471335479
320 686 0.500000000000000000
321 606 -0.398942280401432678
321 696 0.500000000000000000
322 607 -0.398942280401432678
322 697 0.500000000000000000
323 608 -0.398942280401432678
323 698 0.500000000000000000
324 609 -0.398942280401432678
324 699 0.500000000000000000
325 610 -0.398942280401432678
325 700 0.500000000000000000
326 611 -0.398942280401432678
326 701 0.500000000000000000
327 612 -0.398942280401432678
327 702 0.500000000000000000
328 613 -0.398942280401432678
328 703 0.500000000000000000
329 614 -0.398942280401432678
329 704 0.500000000000000000
330 0 0
330 3 -0.0590213804759386528
330 13 0.0386194778931567041
330 34 -0.0366105447712281017
330 70 0.0385453138225560259
330 125 -0.0434518788426116835
330 203 0.0525157798696473114
330 308 -0.0699393570763339193
330 444 0.111789255479817035
330 615 -0.323522423138076881
330 715 0.500000000000000000
331 5 -0.0428780388338135217
331 15 0.0343619322931522873
331 36 -0.0343365072565277901
331 72 0.0370438536991547347
331 127 -0.0423516526974491825
331 205 0.0516578214328791808
331 310 -0.0692420379944648430
331 446 0.111205495586507984
331 617 -0.323022774309965867
331 716 0.500000000000000000
332 6 -0.0428780388338135217
332 16 0.0343619322931522873
332 37 -0.0343365072565277901
332 73 0.0370438536991547347
332 128 -0.0423516526974491825
332 206 0.0516578214328791808
332 311 -0.0692420379944648430
332 447 0.111205495586507984
332 618 -0.323022774309965867
332 717 0.500000000000000000
333 19 0.0471441821683064119
333 40 -0.0384645818131192818
333 76 0.0393679059044891469
333 131 -0.0439239983633194035
333 209 0.0528263205855301793
333 314 -0.0701616272517363276
333 450 0.111957739758513642
333 621 -0.323655532554586582
333 718 0.500000000000000000
334 20 0.0471441821683064119
334 41 -0.0384645818131192818
334 77 0.0393679059044891469
334 132 -0.0439239983633194035
334 210 0.0528263205855301793
334 315 -0.0701616272517363276
334 451 0.111957739758513642
334 622 -0.323655532554586582
334 719 0.500000000000000000
335 21 0.0471441821683064119
335 42 -0.0384645818131192818
335 78 0.0393679059044891469
335 133 -0.0439239983633194035
335 211 0.0528263205855301793
335 316 -0.0701616272517363276
335 452 0.111957739758513642
335 623 -0.323655532554586582
335 720 0.500000000000000000
336 46 -0.0525526234763011017
336 82 0.0439167375981878388
336 137 -0.0464847905027804973
336 215 0.0545587892984459797
336 320 -0.0714491039471907121
336 456 0.112970952625624781
336 627 -0.324484357298490673
336 721 0.500000000000000000
337 47 -0.0525526234763011017
337 83 0.0439167375981878388
337 138 -0.0464847905027804973
337 216 0.0545587892984459797
337 321 -0.0714491039471907121
337 457 0.112970952625624781
337 628 -0.324484357298490673
337 722 0.500000000000000000
338 48 -0.0525526234763011017
338 84 0.0439167375981878388
338 139 -0.0464847905027804973
338 217 0.0545587892984459797
338 322 -0.0714491039471907121
338 458 0.112970952625624781
338 629 -0.324484357298490673
338 723 0.500000000000000000
339 49 -0.0525526234763011017
339 85 0.0439167375981878388
339 140 -0.0464847905027804973
339 218 0.0545587892984459797
339 323 -0.0714491039471907121
339 459 0.112970952625624781
339 630 -0.324484357298490673
339 724 0.500000000000000000
340 90 0.0596710960763791003
340 145 -0.0515702448267620179
340 223 0.0574214684134614875
340 328 -0.0733857449152875582
340 464 0.114410131060914126
340 635 -0.325616941395778626
340 725 0.500000000000000000
341 91 0.0596710960763791003
341 146 -0.0515702448267620179
341 224 0.0574214684134614875
341 329 -0.0733857449152875582
341 465 0.114410131060914126
341 636 -0.325616941395778626
341 726 0.500000000000000000
342 92 0.0596710960763791003
342 147 -0.0515702448267620179
342 225 0.0574214684134614875
342 330 -0.0733857449152875582
342 466 0.114410131060914126
342 637 -0.325616941395778626
342 727 0.500000000000000000
343 93 0.0596710960763791003
343 148 -0.0515702448267620179
343 226 0.0574214684134614875
343 331 -0.0733857449152875582
343 467 0.114410131060914126
343 638 -0.325616941395778626
343 728 0.500000000000000000
344 94 0.0596710960763791003
344 149 -0.0515702448267620179
344 227 0.0574214684134614875
344 332 -0.0733857449152875582
344 468 0.114410131060914126
344 639 -0.325616941395778626
344 729 0.500000000000000000
345 155 -0.0695373039387973483
345 233 0.0632189560635689475
345 338 -0.0766489107324961773
345 474 0.116617603934411060
345 645 -0.327257339391800244
345 730 0.500000000000000000
346 156 -0.0695373039387973483
346 234 0.0632189560635689475
346 339 -0.0766489107324961773
346 475 0.116617603934411060
346 646 -0.327257339391800244
346 731 0.500000000000000000
347 157 -0.0695373039387973483
347 235 0.0632189560635689475
347 340 -0.0766489107324961773
347 476 0.116617603934411060
347 647 -0.327257339391800244
347 732 0.500000000000000000
348 158 -0.0695373039387973483
348 236 0.0632189560635689475
348 341 -0.0766489107324961773
348 477 0.116617603934411060
348 648 -0.327257339391800244
348 733 0.500000000000000000
349 159 -0.0695373039387973483
349 237 0.0632189560635689475
349 342 -0.0766489107324961773
349 478 0.116617603934411060
349 649 -0.327257339391800244
349 734 0.500000000000000000
350 160 -0.0695373039387973483
350 238 0.0632189560635689475
350 343 -0.0766489107324961773
350 479 0.116617603934411060
350 650 -0.327257339391800244
350 735 0.500000000000000000
351 245 0.0842919414180919300
351 350 -0.0834447647265568179
351 486 0.120442143443356419
351 657 -0.329844394190996260
351 736 0.500000000000000000
352 246 0.0842919414180919300
352 351 -0.0834447647265568179
352 487 0.120442143443356419
352 658 -0.329844394190996260
352 737 0.500000000000000000
353 247 0.0842919414180919300
353 352 -0.0834447647265568179
353 488 0.120442143443356419
353 659 -0.329844394190996260
353 738 0.500000000000000000
354 248 0.0842919414180919300
354 353 -0.0834447647265568179
354 489 0.120442143443356419
354 660 -0.329844394190996260
354 739 0.500000000000000000
355 249 0.0842919414180919300
355 354 -0.0834447647265568179
355 490 0.120442143443356419
355 661 -0.329844394190996260
355 740 0.500000000000000000
356 250 0.0842919414180919300
356 355 -0.0834447647265568179
356 491 0.120442143443356419
356 662 -0.329844394190996260
356 741 0.500000000000000000
357 251 0.0842919414180919300
357 356 -0.0834447647265568179
357 492 0.120442143443356419
357 663 -0.329844394190996260
357 742 0.500000000000000000
358 364 -0.109254843059207907
358 500 0.128758067341063193
358 671 -0.334523271778644584
358 743 0.500000000000000000
359 365 -0.109254843059207907
359 501 0.128758067341063193
359 672 -0.334523271778644584
359 744 0.500000000000000000
360 366 -0.109254843059207907
360 502 0.128758067341063193
360 673 -0.334523271778644584
360 745 0.500000000000000000
361 367 -0.109254843059207907
361 503 0.128758067341063193
361 674 -0.334523271778644584
361 746 0.500000000000000000
362 368 -0.109254843059207907
362 504 0.128758067341063193
362 675 -0.334523271778644584
362 747 0.500000000000000000
363 369 -0.109254843059207907
363 505 0.128758067341063193
363 676 -0.334523271778644584
363 748 0.500000000000000000
364 370 -0.109254843059207907
364 506 0.128758067341063193
364 677 -0.334523271778644584
364 749 0.500000000000000000
365 371 -0.109254843059207907
365 507 0.128758067341063193
365 678 -0.334523271778644584
365 750 0.500000000000000000
366 516 0.162867503967639974
366 687 -0.345494149471335479
366 751 0.500000000000000000
367 517 0.162867503967639974
367 688 -0.345494149471335479
367 752 0.500000000000000000
368 518 0.162867503967639974
368 689 -0.345494149471335479
368 753 0.500000000000000000
369 519 0.162867503967639974
369 690 -0.345494149471335479
369 754 0.500000000000000000
370 520 0.162867503967639974
370 691 -0.345494149471335479
370 755 0.500000000000000000
371 521 0.162867503967639974
371 692 -0.345494149471335479
371 756 0.500000000000000000
372 522 0.162867503967639974
372 693 -0.345494149471335479
372 757 0.500000000000000000
373 523 0.162867503967639974
373 694 -0.345494149471335479
373 758 0.500000000000000000
374 524 0.162867503967639974
374 695 -0.345494149471335479
374 759 0.500000000000000000
375 705 -0.398942280401432678
375 760 0.500000000000000000
376 706 -0.398942280401432678
376 761 0.500000000000000000
377 707 -0.398942280401432678
377 762 0.500000000000000000
378 708 -0.398942280401432678
378 763 0.500000000000000000
379 709 -0.398942280401432678
379 764 0.500000000000000000
380 710 -0.398942280401432678
380 765 0.500000000000000000
381 711 -0.398942280401432678
381 766 0.500000000000000000
382 712 -0.398942280401432678
382 767 0.500000000000000000
383 713 -0.398942280401432678
383 768 0.500000000000000000
384 714 -0.398942280401432678
384 769 0.500000000000000000
