386
0 1 0.500000000000000000
1 2 -0.398942280401432678
1 4 0.500000000000000000
1 8 -0.282094791773878143
1 23 0.0814337519838199869
1 51 -0.0446031029038192779
1 96 0.0298017016880560064
2 0 0
2 3 -0.460658865961780639
2 7 0.500000000000000000
2 13 -0.265961520267621785
2 34 0.0728365620394719380
2 70 -0.0389327800546012329
2 125 0.0256492209614405280
3 5 -0.398942280401432678
3 9 0.500000000000000000
3 15 -0.282094791773878143
3 36 0.0814337519838199869
3 72 -0.0446031029038192779
3 127 0.0298017016880560064
4 6 -0.398942280401432678
4 10 0.500000000000000000
4 16 -0.282094791773878143
4 37 0.0814337519838199869
4 73 -0.0446031029038192779
4 128 0.0298017016880560064
5 2 0.162867503967639974
5 8 -0.345494149471335479
5 14 0.500000000000000000
5 23 -0.299206710301074508
5 51 0.0910457025493399225
5 96 -0.0510992738216641182
6 11 -0.398942280401432678
6 17 0.500000000000000000
6 26 -0.282094791773878143
6 54 0.0814337519838199869
6 99 -0.0446031029038192779
7 12 -0.398942280401432678
7 18 0.500000000000000000
7 27 -0.282094791773878143
7 55 0.0814337519838199869
7 100 -0.0446031029038192779
8 0 0
8 3 0.206012907745701110
8 13 -0.356824823230554223
8 22 0.500000000000000000
8 34 -0.293161507141751953
8 70 0.0870563427551363307
8 125 -0.0481768573773425676
9 5 0.162867503967639974
9 15 -0.345494149471335479
9 24 0.500000000000000000
9 36 -0.299206710301074508
9 72 0.0910457025493399225
9 127 -0.0510992738216641182
10 6 0.162867503967639974
10 16 -0.345494149471335479
10 25 0.500000000000000000
10 37 -0.299206710301074508
10 73 0.0910457025493399225
10 128 -0.0510992738216641182
11 19 -0.398942280401432678
11 28 0.500000000000000000
11 40 -0.282094791773878143
11 76 0.0814337519838199869
11 131 -0.0446031029038192779
12 20 -0.398942280401432678
12 29 0.500000000000000000
12 41 -0.282094791773878143
12 77 0.0814337519838199869
12 132 -0.0446031029038192779
13 21 -0.398942280401432678
13 30 0.500000000000000000
13 42 -0.282094791773878143
13 78 0.0814337519838199869
13 133 -0.0446031029038192779
14 2 -0.109254843059207907
14 8 0.128758067341063193
14 23 -0.334523271778644584
14 35 0.500000000000000000
14 51 -0.305376569939324951
14 96 0.0952178748884303617
15 11 0.162867503967639974
15 26 -0.345494149471335479
15 38 0.500000000000000000
15 54 -0.299206710301074508
15 99 0.0910457025493399225
16 12 0.162867503967639974
16 27 -0.345494149471335479
16 39 0.500000000000000000
16 55 -0.299206710301074508
16 100 0.0910457025493399225
17 31 -0.398942280401432678
17 43 0.500000000000000000
17 59 -0.282094791773878143
17 104 0.0814337519838199869
18 32 -0.398942280401432678
18 44 0.500000000000000000
18 60 -0.282094791773878143
18 105 0.0814337519838199869
19 33 -0.398942280401432678
19 45 0.500000000000000000
19 61 -0.282094791773878143
19 106 0.0814337519838199869
20 0 0
20 3 -0.143048168102668831
20 13 0.137648163935264479
20 34 -0.339268519739310439
20 50 0.500000000000000000
20 70 -0.302244419757726582
20 125 0.0929231310496234955
21 5 -0.109254843059207907
21 15 0.128758067341063193
21 36 -0.334523271778644584
21 52 0.500000000000000000
21 72 -0.305376569939324951
21 127 0.0952178748884303617
22 6 -0.109254843059207907
22 16 0.128758067341063193
22 37 -0.334523271778644584
22 53 0.500000000000000000
22 73 -0.305376569939324951
22 128 0.0952178748884303617
23 19 0.162867503967639974
23 40 -0.345494149471335479
23 56 0.500000000000000000
23 76 -0.299206710301074508
23 131 0.0910457025493399225
24 20 0.162867503967639974
24 41 -0.345494149471335479
24 57 0.500000000000000000
24 77 -0.299206710301074508
24 132 0.0910457025493399225
25 21 0.162867503967639974
25 42 -0.345494149471335479
25 58 0.500000000000000000
25 78 -0.299206710301074508
25 133 0.0910457025493399225
26 46 -0.398942280401432678
26 62 0.500000000000000000
26 82 -0.282094791773878143
26 137 0.0814337519838199869
27 47 -0.398942280401432678
27 63 0.500000000000000000
27 83 -0.282094791773878143
27 138 0.0814337519838199869
28 48 -0.398942280401432678
28 64 0.500000000000000000
28 84 -0.282094791773878143
28 139 0.0814337519838199869
29 49 -0.398942280401432678
29 65 0.500000000000000000
29 85 -0.282094791773878143
29 140 0.0814337519838199869
30 2 0.0842919414180919300
30 8 -0.0834447647265568179
30 23 0.120442143443356419
30 51 -0.329844394190996260
30 71 0.500000000000000000
30 96 -0.308541178502679219
31 11 -0.109254843059207907
31 26 0.128758067341063193
31 54 -0.334523271778644584
31 74 0.500000000000000000
31 99 -0.305376569939324951
32 12 -0.109254843059207907
32 27 0.128758067341063193
32 55 -0.334523271778644584
32 75 0.500000000000000000
32 100 -0.305376569939324951
33 31 0.162867503967639974
33 59 -0.345494149471335479
33 79 0.500000000000000000
33 104 -0.299206710301074508
34 32 0.162867503967639974
34 60 -0.345494149471335479
34 80 0.500000000000000000
34 105 -0.299206710301074508
35 33 0.162867503967639974
35 61 -0.345494149471335479
35 81 0.500000000000000000
35 106 -0.299206710301074508
36 66 -0.398942280401432678
36 86 0.500000000000000000
36 111 -0.282094791773878143
37 67 -0.398942280401432678
37 87 0.500000000000000000
37 112 -0.282094791773878143
38 68 -0.398942280401432678
38 88 0.500000000000000000
38 113 -0.282094791773878143
39 69 -0.398942280401432678
39 89 0.500000000000000000
39 114 -0.282094791773878143
40 0 0
40 3 0.112389255224122573
40 13 -0.0908431534607362101
40 34 0.124392110863371797
40 70 -0.332451900334527232
40 95 0.500000000000000000
40 125 -0.306630688439950006
41 5 0.0842919414180919300
41 15 -0.0834447647265568179
41 36 0.120442143443356419
41 72 -0.329844394190996260
41 97 0.500000000000000000
41 127 -0.308541178502679219
42 6 0.0842919414180919300
42 16 -0.0834447647265568179
42 37 0.120442143443356419
42 73 -0.329844394190996260
42 98 0.500000000000000000
42 128 -0.308541178502679219
43 19 -0.109254843059207907
43 40 0.128758067341063193
43 76 -0.334523271778644584
43 101 0.500000000000000000
43 131 -0.305376569939324951
44 20 -0.109254843059207907
44 41 0.128758067341063193
44 77 -0.334523271778644584
44 102 0.500000000000000000
44 132 -0.305376569939324951
45 21 -0.109254843059207907
45 42 0.128758067341063193
45 78 -0.334523271778644584
45 103 0.500000000000000000
45 133 -0.305376569939324951
46 46 0.162867503967639974
46 82 -0.345494149471335479
46 107 0.500000000000000000
46 137 -0.299206710301074508
47 47 0.162867503967639974
47 83 -0.345494149471335479
47 108 0.500000000000000000
47 138 -0.299206710301074508
48 48 0.162867503967639974
48 84 -0.345494149471335479
48 109 0.500000000000000000
48 139 -0.299206710301074508
49 49 0.162867503967639974
49 85 -0.345494149471335479
49 110 0.500000000000000000
49 140 -0.299206710301074508
50 90 -0.398942280401432678
50 115 0.500000000000000000
50 145 -0.282094791773878143
51 91 -0.398942280401432678
51 116 0.500000000000000000
51 146 -0.282094791773878143
52 92 -0.398942280401432678
52 117 0.500000000000000000
52 147 -0.282094791773878143
53 93 -0.398942280401432678
53 118 0.500000000000000000
53 148 -0.282094791773878143
54 94 -0.398942280401432678
54 119 0.500000000000000000
54 149 -0.282094791773878143
55 2 -0.0695373039387973483
55 8 0.0632189560635689475
55 23 -0.0766489107324961773
55 51 0.116617603934411060
55 96 -0.327257339391800244
55 126 0.500000000000000000
56 11 0.0842919414180919300
56 26 -0.0834447647265568179
56 54 0.120442143443356419
56 99 -0.329844394190996260
56 129 0.500000000000000000
57 12 0.0842919414180919300
57 27 -0.0834447647265568179
57 55 0.120442143443356419
57 100 -0.329844394190996260
57 130 0.500000000000000000
58 31 -0.109254843059207907
58 59 0.128758067341063193
58 104 -0.334523271778644584
58 134 0.500000000000000000
59 32 -0.109254843059207907
59 60 0.128758067341063193
59 105 -0.334523271778644584
59 135 0.500000000000000000
60 33 -0.109254843059207907
60 61 0.128758067341063193
60 106 -0.334523271778644584
60 136 0.500000000000000000
61 66 0.162867503967639974
61 111 -0.345494149471335479
61 141 0.500000000000000000
62 67 0.162867503967639974
62 112 -0.345494149471335479
62 142 0.500000000000000000
63 68 0.162867503967639974
63 113 -0.345494149471335479
63 143 0.500000000000000000
64 69 0.162867503967639974
64 114 -0.345494149471335479
64 144 0.500000000000000000
65 120 -0.398942280401432678
65 150 0.500000000000000000
66 121 -0.398942280401432678
66 151 0.500000000000000000
67 122 -0.398942280401432678
67 152 0.500000000000000000
68 123 -0.398942280401432678
68 153 0.500000000000000000
69 124 -0.398942280401432678
69 154 0.500000000000000000
70 0 0
70 3 -0.0937640815032036688
70 13 0.0696017798951048334
70 34 -0.0800571762712227907
70 70 0.118867668634715975
70 125 -0.328906001409877400
70 161 0.500000000000000000
71 5 -0.0695373039387973483
71 15 0.0632189560635689475
71 36 -0.0766489107324961773
71 72 0.116617603934411060
71 127 -0.327257339391800244
71 162 0.500000000000000000
72 6 -0.0695373039387973483
72 16 0.0632189560635689475
72 37 -0.0766489107324961773
72 73 0.116617603934411060
72 128 -0.327257339391800244
72 163 0.500000000000000000
73 19 0.0842919414180919300
73 40 -0.0834447647265568179
73 76 0.120442143443356419
73 131 -0.329844394190996260
73 164 0.500000000000000000
74 20 0.0842919414180919300
74 41 -0.0834447647265568179
74 77 0.120442143443356419
74 132 -0.329844394190996260
74 165 0.500000000000000000
75 21 0.0842919414180919300
75 42 -0.0834447647265568179
75 78 0.120442143443356419
75 133 -0.329844394190996260
75 166 0.500000000000000000
76 46 -0.109254843059207907
76 82 0.128758067341063193
76 137 -0.334523271778644584
76 167 0.500000000000000000
77 47 -0.109254843059207907
77 83 0.128758067341063193
77 138 -0.334523271778644584
77 168 0.500000000000000000
78 48 -0.109254843059207907
78 84 0.128758067341063193
78 139 -0.334523271778644584
78 169 0.500000000000000000
79 49 -0.109254843059207907
79 85 0.128758067341063193
79 140 -0.334523271778644584
79 170 0.500000000000000000
80 90 0.162867503967639974
80 145 -0.345494149471335479
80 171 0.500000000000000000
81 91 0.162867503967639974
81 146 -0.345494149471335479
81 172 0.500000000000000000
82 92 0.162867503967639974
82 147 -0.345494149471335479
82 173 0.500000000000000000
83 93 0.162867503967639974
83 148 -0.345494149471335479
83 174 0.500000000000000000
84 94 0.162867503967639974
84 149 -0.345494149471335479
84 175 0.500000000000000000
85 155 -0.398942280401432678
85 176 0.500000000000000000
86 156 -0.398942280401432678
86 177 0.500000000000000000
87 157 -0.398942280401432678
87 178 0.500000000000000000
88 158 -0.398942280401432678
88 179 0.500000000000000000
89 159 -0.398942280401432678
89 180 0.500000000000000000
90 160 -0.398942280401432678
90 181 0.500000000000000000
