30
1.00000000000000000
4.00000000000000000
7.00000000000000000
9.0000000000000000
10.0000000000000000
14.0000000000000000
17.0000000000000000
18.0000000000000000
22.0000000000000000
24.0000000000000000
25.0000000000000000
28.0000000000000000
29.0000000000000000
30.0000000000000000
35.0000000000000000
38.0000000000000000
39.0000000000000000
43.0000000000000000
44.0000000000000000
45.0000000000000000
50.0000000000000000
51.0000000000000000
52.0000000000000000
53.0000000000000000
54.0000000000000000
55.0000000000000000
56.0000000000000000
57.0000000000000000
58.0000000000000000
59.0000000000000000
