70
1.00000000000000000
4.00000000000000000
7.00000000000000000
9.0000000000000000
10.0000000000000000
14.0000000000000000
17.0000000000000000
18.0000000000000000
22.0000000000000000
24.0000000000000000
25.0000000000000000
28.0000000000000000
29.0000000000000000
30.0000000000000000
35.0000000000000000
38.0000000000000000
39.0000000000000000
43.0000000000000000
44.0000000000000000
45.0000000000000000
50.0000000000000000
52.0000000000000000
53.0000000000000000
56.0000000000000000
57.0000000000000000
58.0000000000000000
62.0000000000000000
63.0000000000000000
64.0000000000000000
65.0000000000000000
71.0000000000000000
74.0000000000000000
75.0000000000000000
79.0000000000000000
80.0000000000000000
81.0000000000000000
86.0000000000000000
87.0000000000000000
88.0000000000000000
89.0000000000000000
95.0000000000000000
97.0000000000000000
98.0000000000000000
101.000000000000000
102.000000000000000
103.000000000000000
107.000000000000000
108.000000000000000
109.000000000000000
110.000000000000000
115.000000000000000
116.000000000000000
117.000000000000000
118.000000000000000
119.000000000000000
125.000000000000000
126.000000000000000
127.000000000000000
128.000000000000000
129.000000000000000
130.000000000000000
131.000000000000000
132.000000000000000
133.000000000000000
134.000000000000000
135.000000000000000
136.000000000000000
137.000000000000000
138.000000000000000
139.000000000000000
