168
1.00000000000000000
4.00000000000000000
7.00000000000000000
9.0000000000000000
10.0000000000000000
14.0000000000000000
17.0000000000000000
18.0000000000000000
22.0000000000000000
24.0000000000000000
25.0000000000000000
28.0000000000000000
29.0000000000000000
30.0000000000000000
35.0000000000000000
38.0000000000000000
39.0000000000000000
43.0000000000000000
44.0000000000000000
45.0000000000000000
50.0000000000000000
52.0000000000000000
53.0000000000000000
56.0000000000000000
57.0000000000000000
58.0000000000000000
62.0000000000000000
63.0000000000000000
64.0000000000000000
65.0000000000000000
71.0000000000000000
74.0000000000000000
75.0000000000000000
79.0000000000000000
80.0000000000000000
81.0000000000000000
86.0000000000000000
87.0000000000000000
88.0000000000000000
89.0000000000000000
95.0000000000000000
97.0000000000000000
98.0000000000000000
101.000000000000000
102.000000000000000
103.000000000000000
107.000000000000000
108.000000000000000
109.000000000000000
110.000000000000000
115.000000000000000
116.000000000000000
117.000000000000000
118.000000000000000
119.000000000000000
126.000000000000000
129.000000000000000
130.000000000000000
134.000000000000000
135.000000000000000
136.000000000000000
141.000000000000000
142.000000000000000
143.000000000000000
144.000000000000000
150.000000000000000
151.000000000000000
152.000000000000000
153.000000000000000
154.000000000000000
161.000000000000000
163.000000000000000
164.000000000000000
167.000000000000000
168.000000000000000
169.000000000000000
173.000000000000000
174.000000000000000
175.000000000000000
176.000000000000000
181.000000000000000
182.000000000000000
183.000000000000000
184.000000000000000
185.000000000000000
191.000000000000000
192.000000000000000
193.000000000000000
194.000000000000000
195.000000000000000
196.000000000000000
204.000000000000000
207.000000000000000
208.000000000000000
212.000000000000000
213.000000000000000
214.000000000000000
219.000000000000000
220.000000000000000
221.000000000000000
222.000000000000000
228.000000000000000
229.000000000000000
230.000000000000000
231.000000000000000
232.000000000000000
239.000000000000000
240.000000000000000
241.000000000000000
242.000000000000000
243.000000000000000
244.000000000000000
252.000000000000000
254.000000000000000
255.000000000000000
258.000000000000000
259.000000000000000
260.000000000000000
264.000000000000000
265.000000000000000
266.000000000000000
267.000000000000000
272.000000000000000
273.000000000000000
274.000000000000000
275.000000000000000
276.000000000000000
282.000000000000000
283.000000000000000
284.000000000000000
285.000000000000000
286.000000000000000
287.000000000000000
294.000000000000000
295.000000000000000
296.000000000000000
297.000000000000000
298.000000000000000
299.000000000000000
300.000000000000000
308.000000000000000
309.000000000000000
310.000000000000000
311.000000000000000
312.000000000000000
313.000000000000000
314.000000000000000
315.000000000000000
316.000000000000000
317.000000000000000
318.000000000000000
319.000000000000000
320.000000000000000
321.000000000000000
322.000000000000000
323.000000000000000
324.000000000000000
325.000000000000000
326.000000000000000
327.000000000000000
328.000000000000000
329.000000000000000
330.000000000000000
331.000000000000000
332.000000000000000
333.000000000000000
334.000000000000000
335.000000000000000
