28
0 0 1.00000000000000000
2 1 1.00000000000000000
3 2 1.73205080756887729
3 0 1.41421356237309505
5 3 1.00000000000000000
6 4 1.00000000000000000
8 5 1.73205080756887729
8 1 1.41421356237309505
11 6 1.00000000000000000
12 7 1.00000000000000000
13 8 2.23606797749978970
13 2 2.00000000000000000
15 9 1.73205080756887729
15 3 1.41421356237309505
16 10 1.73205080756887729
16 4 1.41421356237309505
19 11 1.00000000000000000
20 12 1.00000000000000000
21 13 1.00000000000000000
23 14 2.23606797749978970
23 5 2.00000000000000000
26 15 1.73205080756887729
26 6 1.41421356237309505
27 16 1.73205080756887729
27 7 1.41421356237309505
31 17 1.00000000000000000
32 18 1.00000000000000000
33 19 1.00000000000000000
