#x y at the midpoint of each cell all the solution components
-0.500000 -0.516567 -0.000003 0.000000 0.523339 0.000000 0.554987 0.554987 0.169318 0.000000 0.121365 0.121365 0.000000 0.000000 0.000000 0.000000 0.000000 
-0.496094 -0.511162 -0.000000 0.000000 0.519517 0.000000 0.550251 0.550251 0.169780 0.000000 0.120966 0.120966 0.000000 0.000000 0.000000 0.000000 0.000000 
-0.496094 -0.511162 -0.000000 0.000000 0.519517 0.000000 0.550251 0.550251 0.169780 0.000000 0.120966 0.120966 0.000000 0.000000 0.000000 0.000000 0.000000 
-0.492188 -0.505738 -0.000001 0.000000 0.515681 0.000000 0.545536 0.545536 0.170238 0.000000 0.120569 0.120569 0.000000 0.000000 0.000000 0.000000 0.000000 
-0.492188 -0.505738 -0.000001 0.000000 0.515681 0.000000 0.545536 0.545536 0.170238 0.000000 0.120569 0.120569 0.000000 0.000000 0.000000 0.000000 0.000000 
-0.488281 -0.500301 -0.000001 0.000000 0.511837 0.000000 0.540834 0.540834 0.170680 0.000000 0.120186 0.120186 0.000000 0.000000 0.000000 0.000000 0.000000 
-0.488281 -0.500301 -0.000001 0.000000 0.511837 0.000000 0.540834 0.540834 0.170680 0.000000 0.120186 0.120186 0.000000 0.000000 0.000000 0.000000 0.000000 
-0.484375 -0.494851 -0.000001 0.000000 0.507982 0.000000 0.536147 0.536147 0.171110 0.000000 0.119814 0.119814 0.000000 0.000000 0.000000 0.000000 0.000000 
-0.484375 -0.494851 -0.000001 0.000000 0.507982 0.000000 0.536147 0.536147 0.171110 0.000000 0.119814 0.119814 0.000000 0.000000 0.000000 0.000000 0.000000 
-0.480469 -0.489387 -0.000001 0.000000 0.504119 0.000000 0.531474 0.531474 0.171527 0.000000 0.119452 0.119452 0.000000 0.000000 0.000000 0.000000 0.000000 
-0.480469 -0.489387 -0.000001 0.000000 0.504119 0.000000 0.531474 0.531474 0.171527 0.000000 0.119452 0.119452 0.000000 0.000000 0.000000 0.000000 0.000000 
-0.476562 -0.483909 -0.000001 0.000000 0.500246 0.000000 0.526814 0.526814 0.171932 0.000000 0.119101 0.119101 0.000000 0.000000 0.000000 0.000000 0.000000 
-0.476562 -0.483909 -0.000001 0.000000 0.500246 0.000000 0.526814 0.526814 0.171932 0.000000 0.119101 0.119101 0.000000 0.000000 0.000000 0.000000 0.000000 
-0.472656 -0.478419 -0.000001 0.000000 0.496364 0.000000 0.522169 0.522169 0.172326 0.000000 0.118760 0.118760 0.000000 0.000000 0.000000 0.000000 0.000000 
-0.472656 -0.478419 -0.000001 0.000000 0.496364 0.000000 0.522169 0.522169 0.172326 0.000000 0.118760 0.118760 0.000000 0.000000 0.000000 0.000000 0.000000 
-0.468750 -0.472917 -0.000001 0.000000 0.492473 0.000000 0.517536 0.517536 0.172709 0.000000 0.118429 0.118429 0.000000 0.000000 0.000000 0.000000 0.000000 
-0.468750 -0.472917 -0.000001 0.000000 0.492473 0.000000 0.517536 0.517536 0.172709 0.000000 0.118429 0.118429 0.000000 0.000000 0.000000 0.000000 0.000000 
-0.464844 -0.467402 -0.000001 0.000000 0.488574 0.000000 0.512916 0.512916 0.173080 0.000000 0.118108 0.118108 0.000000 0.000000 0.000000 0.000000 0.000000 
-0.464844 -0.467402 -0.000001 0.000000 0.488574 0.000000 0.512916 0.512916 0.173080 0.000000 0.118108 0.118108 0.000000 0.000000 0.000000 0.000000 0.000000 
-0.460938 -0.461876 -0.000001 0.000000 0.484666 0.000000 0.508309 0.508309 0.173441 0.000000 0.117795 0.117795 0.000000 0.000000 0.000000 0.000000 0.000000 
-0.460938 -0.461876 -0.000001 0.000000 0.484666 0.000000 0.508309 0.508309 0.173441 0.000000 0.117795 0.117795 0.000000 0.000000 0.000000 0.000000 0.000000 
-0.457031 -0.456339 -0.000001 0.000000 0.480751 0.000000 0.503713 0.503713 0.173791 0.000000 0.117492 0.117492 0.000000 0.000000 0.000000 0.000000 0.000000 
-0.457031 -0.456339 -0.000001 0.000000 0.480751 0.000000 0.503713 0.503713 0.173791 0.000000 0.117492 0.117492 0.000000 0.000000 0.000000 0.000000 0.000000 
-0.453125 -0.450791 -0.000001 0.000000 0.476827 0.000000 0.499130 0.499130 0.174131 0.000000 0.117197 0.117197 0.000000 0.000000 0.000000 0.000000 0.000000 
-0.453125 -0.450791 -0.000001 0.000000 0.476827 0.000000 0.499130 0.499130 0.174131 0.000000 0.117197 0.117197 0.000000 0.000000 0.000000 0.000000 0.000000 
-0.449219 -0.445231 -0.000001 0.000000 0.472896 0.000000 0.494557 0.494557 0.174462 0.000000 0.116911 0.116911 0.000000 0.000000 0.000000 0.000000 0.000000 
-0.449219 -0.445231 -0.000001 0.000000 0.472896 0.000000 0.494557 0.494557 0.174462 0.000000 0.116911 0.116911 0.000000 0.000000 0.000000 0.000000 0.000000 
-0.445312 -0.439662 -0.000001 0.000000 0.468958 0.000000 0.489996 0.489996 0.174783 0.000000 0.116633 0.116633 0.000000 0.000000 0.000000 0.000000 0.000000 
-0.445312 -0.439662 -0.000001 0.000000 0.468958 0.000000 0.489996 0.489996 0.174783 0.000000 0.116633 0.116633 0.000000 0.000000 0.000000 0.000000 0.000000 
-0.441406 -0.434082 -0.000001 0.000000 0.465013 0.000000 0.485445 0.485445 0.175094 0.000000 0.116363 0.116363 0.000000 0.000000 0.000000 0.000000 0.000000 
-0.441406 -0.434082 -0.000001 0.000000 0.465013 0.000000 0.485445 0.485445 0.175094 0.000000 0.116363 0.116363 0.000000 0.000000 0.000000 0.000000 0.000000 
-0.437500 -0.428493 -0.000001 0.000000 0.461061 0.000000 0.480905 0.480905 0.175397 0.000000 0.116101 0.116101 0.000000 0.000000 0.000000 0.000000 0.000000 
-0.437500 -0.428493 -0.000001 0.000000 0.461061 0.000000 0.480905 0.480905 0.175397 0.000000 0.116101 0.116101 0.000000 0.000000 0.000000 0.000000 0.000000 
-0.433594 -0.422894 -0.000001 0.000000 0.457102 0.000000 0.476375 0.476375 0.175691 0.000000 0.115846 0.115846 0.000000 0.000000 0.000000 0.000000 0.000000 
-0.433594 -0.422894 -0.000001 0.000000 0.457102 0.000000 0.476375 0.476375 0.175691 0.000000 0.115846 0.115846 0.000000 0.000000 0.000000 0.000000 0.000000 
-0.429688 -0.417286 -0.000001 0.000000 0.453136 0.000000 0.471854 0.471854 0.175977 0.000000 0.115599 0.115599 0.000000 0.000000 0.000000 0.000000 0.000000 
-0.429688 -0.417286 -0.000001 0.000000 0.453136 0.000000 0.471854 0.471854 0.175977 0.000000 0.115599 0.115599 0.000000 0.000000 0.000000 0.000000 0.000000 
-0.425781 -0.411669 -0.000001 0.000000 0.449164 0.000000 0.467344 0.467344 0.176254 0.000000 0.115359 0.115359 0.000000 0.000000 0.000000 0.000000 0.000000 
-0.425781 -0.411669 -0.000001 0.000000 0.449164 0.000000 0.467344 0.467344 0.176254 0.000000 0.115359 0.115359 0.000000 0.000000 0.000000 0.000000 0.000000 
-0.421875 -0.406043 -0.000001 0.000000 0.445186 0.000000 0.462842 0.462842 0.176524 0.000000 0.115125 0.115125 0.000000 0.000000 0.000000 0.000000 0.000000 
-0.421875 -0.406043 -0.000001 0.000000 0.445186 0.000000 0.462842 0.462842 0.176524 0.000000 0.115125 0.115125 0.000000 0.000000 0.000000 0.000000 0.000000 
-0.417969 -0.400408 -0.000001 0.000000 0.441202 0.000000 0.458349 0.458349 0.176785 0.000000 0.114899 0.114899 0.000000 0.000000 0.000000 0.000000 0.000000 
-0.417969 -0.400408 -0.000001 0.000000 0.441202 0.000000 0.458349 0.458349 0.176785 0.000000 0.114899 0.114899 0.000000 0.000000 0.000000 0.000000 0.000000 
-0.414062 -0.394766 -0.000001 0.000000 0.437212 0.000000 0.453866 0.453866 0.177039 0.000000 0.114679 0.114679 0.000000 0.000000 0.000000 0.000000 0.000000 
-0.414062 -0.394766 -0.000001 0.000000 0.437212 0.000000 0.453866 0.453866 0.177039 0.000000 0.114679 0.114679 0.000000 0.000000 0.000000 0.000000 0.000000 
-0.410156 -0.389115 -0.000001 0.000000 0.433217 0.000000 0.449390 0.449390 0.177286 0.000000 0.114465 0.114465 0.000000 0.000000 0.000000 0.000000 0.000000 
-0.410156 -0.389115 -0.000001 0.000000 0.433217 0.000000 0.449390 0.449390 0.177286 0.000000 0.114465 0.114465 0.000000 0.000000 0.000000 0.000000 0.000000 
-0.406250 -0.383457 -0.000001 0.000000 0.429216 0.000000 0.444923 0.444923 0.177526 0.000000 0.114257 0.114257 0.000000 0.000000 0.000000 0.000000 0.000000 
-0.406250 -0.383457 -0.000001 0.000000 0.429216 0.000000 0.444923 0.444923 0.177526 0.000000 0.114257 0.114257 0.000000 0.000000 0.000000 0.000000 0.000000 
-0.402344 -0.377791 -0.000001 0.000000 0.425209 0.000000 0.440464 0.440464 0.177758 0.000000 0.114056 0.114056 0.000000 0.000000 0.000000 0.000000 0.000000 
-0.402344 -0.377791 -0.000001 0.000000 0.425209 0.000000 0.440464 0.440464 0.177758 0.000000 0.114056 0.114056 0.000000 0.000000 0.000000 0.000000 0.000000 
-0.398438 -0.372118 -0.000001 0.000000 0.421198 0.000000 0.436012 0.436012 0.177985 0.000000 0.113860 0.113860 0.000000 0.000000 0.000000 0.000000 0.000000 
-0.398438 -0.372118 -0.000001 0.000000 0.421198 0.000000 0.436012 0.436012 0.177985 0.000000 0.113860 0.113860 0.000000 0.000000 0.000000 0.000000 0.000000 
-0.394531 -0.366438 -0.000001 0.000000 0.417181 0.000000 0.431568 0.431568 0.178204 0.000000 0.113670 0.113670 0.000000 0.000000 0.000000 0.000000 0.000000 
-0.394531 -0.366438 -0.000001 0.000000 0.417181 0.000000 0.431568 0.431568 0.178204 0.000000 0.113670 0.113670 0.000000 0.000000 0.000000 0.000000 0.000000 
-0.390625 -0.360751 -0.000001 0.000000 0.413160 0.000000 0.427132 0.427132 0.178417 0.000000 0.113485 0.113485 0.000000 0.000000 0.000000 0.000000 0.000000 
-0.390625 -0.360751 -0.000001 0.000000 0.413160 0.000000 0.427132 0.427132 0.178417 0.000000 0.113485 0.113485 0.000000 0.000000 0.000000 0.000000 0.000000 
-0.386719 -0.355057 -0.000001 0.000000 0.409134 0.000000 0.422702 0.422702 0.178624 0.000000 0.113306 0.113306 0.000000 0.000000 0.000000 0.000000 0.000000 
-0.386719 -0.355057 -0.000001 0.000000 0.409134 0.000000 0.422702 0.422702 0.178624 0.000000 0.113306 0.113306 0.000000 0.000000 0.000000 0.000000 0.000000 
-0.382812 -0.349357 -0.000001 0.000000 0.405103 0.000000 0.418280 0.418280 0.178825 0.000000 0.113132 0.113132 0.000000 0.000000 0.000000 0.000000 0.000000 
-0.382812 -0.349357 -0.000001 0.000000 0.405103 0.000000 0.418280 0.418280 0.178825 0.000000 0.113132 0.113132 0.000000 0.000000 0.000000 0.000000 0.000000 
-0.378906 -0.343650 -0.000001 0.000000 0.401068 0.000000 0.413864 0.413864 0.179021 0.000000 0.112963 0.112963 0.000000 0.000000 0.000000 0.000000 0.000000 
-0.378906 -0.343650 -0.000001 0.000000 0.401068 0.000000 0.413864 0.413864 0.179021 0.000000 0.112963 0.112963 0.000000 0.000000 0.000000 0.000000 0.000000 
-0.375000 -0.337937 -0.000001 0.000000 0.397028 0.000000 0.409454 0.409454 0.179210 0.000000 0.112799 0.112799 0.000000 0.000000 0.000000 0.000000 0.000000 
-0.375000 -0.337937 -0.000001 0.000000 0.397028 0.000000 0.409454 0.409454 0.179210 0.000000 0.112799 0.112799 0.000000 0.000000 0.000000 0.000000 0.000000 
-0.371094 -0.332218 -0.000001 0.000000 0.392984 0.000000 0.405051 0.405051 0.179394 0.000000 0.112639 0.112639 0.000000 0.000000 0.000000 0.000000 0.000000 
-0.371094 -0.332218 -0.000001 0.000000 0.392984 0.000000 0.405051 0.405051 0.179394 0.000000 0.112639 0.112639 0.000000 0.000000 0.000000 0.000000 0.000000 
-0.367188 -0.326494 -0.000001 0.000000 0.388936 0.000000 0.400654 0.400654 0.179573 0.000000 0.112484 0.112484 0.000000 0.000000 0.000000 0.000000 0.000000 
-0.367188 -0.326494 -0.000001 0.000000 0.388936 0.000000 0.400654 0.400654 0.179573 0.000000 0.112484 0.112484 0.000000 0.000000 0.000000 0.000000 0.000000 
-0.363281 -0.320764 -0.000001 0.000000 0.384885 0.000000 0.396263 0.396263 0.179747 0.000000 0.112334 0.112334 0.000000 0.000000 0.000000 0.000000 0.000000 
-0.363281 -0.320764 -0.000001 0.000000 0.384885 0.000000 0.396263 0.396263 0.179747 0.000000 0.112334 0.112334 0.000000 0.000000 0.000000 0.000000 0.000000 
-0.359375 -0.315028 -0.000001 0.000000 0.380829 0.000000 0.391878 0.391878 0.179915 0.000000 0.112188 0.112188 0.000000 0.000000 0.000000 0.000000 0.000000 
-0.359375 -0.315028 -0.000001 0.000000 0.380829 0.000000 0.391878 0.391878 0.179915 0.000000 0.112188 0.112188 0.000000 0.000000 0.000000 0.000000 0.000000 
-0.355469 -0.309287 -0.000001 0.000000 0.376770 0.000000 0.387499 0.387499 0.180079 0.000000 0.112046 0.112046 0.000000 0.000000 0.000000 0.000000 0.000000 
-0.355469 -0.309287 -0.000001 0.000000 0.376770 0.000000 0.387499 0.387499 0.180079 0.000000 0.112046 0.112046 0.000000 0.000000 0.000000 0.000000 0.000000 
-0.351562 -0.303541 -0.000001 0.000000 0.372706 0.000000 0.383125 0.383125 0.180238 0.000000 0.111909 0.111909 0.000000 0.000000 0.000000 0.000000 0.000000 
-0.351562 -0.303541 -0.000001 0.000000 0.372706 0.000000 0.383125 0.383125 0.180238 0.000000 0.111909 0.111909 0.000000 0.000000 0.000000 0.000000 0.000000 
-0.347656 -0.297790 -0.000001 0.000000 0.368640 0.000000 0.378756 0.378756 0.180392 0.000000 0.111775 0.111775 0.000000 0.000000 0.000000 0.000000 0.000000 
-0.347656 -0.297790 -0.000001 0.000000 0.368640 0.000000 0.378756 0.378756 0.180392 0.000000 0.111775 0.111775 0.000000 0.000000 0.000000 0.000000 0.000000 
-0.343750 -0.292034 -0.000001 0.000000 0.364570 0.000000 0.374392 0.374392 0.180542 0.000000 0.111645 0.111645 0.000000 0.000000 0.000000 0.000000 0.000000 
-0.343750 -0.292034 -0.000001 0.000000 0.364570 0.000000 0.374392 0.374392 0.180542 0.000000 0.111645 0.111645 0.000000 0.000000 0.000000 0.000000 0.000000 
-0.339844 -0.286273 -0.000001 0.000000 0.360496 0.000000 0.370033 0.370033 0.180688 0.000000 0.111519 0.111519 0.000000 0.000000 0.000000 0.000000 0.000000 
-0.339844 -0.286273 -0.000001 0.000000 0.360496 0.000000 0.370033 0.370033 0.180688 0.000000 0.111519 0.111519 0.000000 0.000000 0.000000 0.000000 0.000000 
-0.335938 -0.280508 -0.000001 0.000000 0.356420 0.000000 0.365680 0.365680 0.180829 0.000000 0.111397 0.111397 0.000000 0.000000 0.000000 0.000000 0.000000 
-0.335938 -0.280508 -0.000001 0.000000 0.356420 0.000000 0.365680 0.365680 0.180829 0.000000 0.111397 0.111397 0.000000 0.000000 0.000000 0.000000 0.000000 
-0.332031 -0.274739 -0.000001 0.000000 0.352340 0.000000 0.361331 0.361331 0.180966 0.000000 0.111278 0.111278 0.000000 0.000000 0.000000 0.000000 0.000000 
-0.332031 -0.274739 -0.000001 0.000000 0.352340 0.000000 0.361331 0.361331 0.180966 0.000000 0.111278 0.111278 0.000000 0.000000 0.000000 0.000000 0.000000 
-0.328125 -0.268965 -0.000001 0.000000 0.348257 0.000000 0.356986 0.356986 0.181099 0.000000 0.111162 0.111162 0.000000 0.000000 0.000000 0.000000 0.000000 
-0.328125 -0.268965 -0.000001 0.000000 0.348257 0.000000 0.356986 0.356986 0.181099 0.000000 0.111162 0.111162 0.000000 0.000000 0.000000 0.000000 0.000000 
-0.324219 -0.263187 -0.000001 0.000000 0.344172 0.000000 0.352646 0.352646 0.181229 0.000000 0.111050 0.111050 0.000000 0.000000 0.000000 0.000000 0.000000 
-0.324219 -0.263187 -0.000001 0.000000 0.344172 0.000000 0.352646 0.352646 0.181229 0.000000 0.111050 0.111050 0.000000 0.000000 0.000000 0.000000 0.000000 
-0.320312 -0.257404 -0.000001 0.000000 0.340083 0.000000 0.348310 0.348310 0.181354 0.000000 0.110942 0.110942 0.000000 0.000000 0.000000 0.000000 0.000000 
-0.320312 -0.257404 -0.000001 0.000000 0.340083 0.000000 0.348310 0.348310 0.181354 0.000000 0.110942 0.110942 0.000000 0.000000 0.000000 0.000000 0.000000 
-0.316406 -0.251618 -0.000001 0.000000 0.335991 0.000000 0.343979 0.343979 0.181476 0.000000 0.110836 0.110836 0.000000 0.000000 0.000000 0.000000 0.000000 
-0.316406 -0.251618 -0.000001 0.000000 0.335991 0.000000 0.343979 0.343979 0.181476 0.000000 0.110836 0.110836 0.000000 0.000000 0.000000 0.000000 0.000000 
-0.312500 -0.245828 -0.000001 0.000000 0.331897 0.000000 0.339651 0.339651 0.181595 0.000000 0.110734 0.110734 0.000000 0.000000 0.000000 0.000000 0.000000 
-0.312500 -0.245828 -0.000001 0.000000 0.331897 0.000000 0.339651 0.339651 0.181595 0.000000 0.110734 0.110734 0.000000 0.000000 0.000000 0.000000 0.000000 
-0.308594 -0.240034 -0.000001 0.000000 0.327801 0.000000 0.335328 0.335328 0.181709 0.000000 0.110634 0.110634 0.000000 0.000000 0.000000 0.000000 0.000000 
-0.308594 -0.240034 -0.000001 0.000000 0.327801 0.000000 0.335328 0.335328 0.181709 0.000000 0.110634 0.110634 0.000000 0.000000 0.000000 0.000000 0.000000 
-0.304688 -0.234237 -0.000001 0.000000 0.323701 0.000000 0.331008 0.331008 0.181821 0.000000 0.110538 0.110538 0.000000 0.000000 0.000000 0.000000 0.000000 
-0.304688 -0.234237 -0.000001 0.000000 0.323701 0.000000 0.331008 0.331008 0.181821 0.000000 0.110538 0.110538 0.000000 0.000000 0.000000 0.000000 0.000000 
-0.300781 -0.228436 -0.000001 0.000000 0.319600 0.000000 0.326692 0.326692 0.181929 0.000000 0.110444 0.110444 0.000000 0.000000 0.000000 0.000000 0.000000 
-0.300781 -0.228436 -0.000001 0.000000 0.319600 0.000000 0.326692 0.326692 0.181929 0.000000 0.110444 0.110444 0.000000 0.000000 0.000000 0.000000 0.000000 
-0.296875 -0.222632 -0.000001 0.000000 0.315495 0.000000 0.322379 0.322379 0.182034 0.000000 0.110353 0.110353 0.000000 0.000000 0.000000 0.000000 0.000000 
-0.296875 -0.222632 -0.000001 0.000000 0.315495 0.000000 0.322379 0.322379 0.182034 0.000000 0.110353 0.110353 0.000000 0.000000 0.000000 0.000000 0.000000 
-0.292969 -0.216825 -0.000001 0.000000 0.311389 0.000000 0.318070 0.318070 0.182136 0.000000 0.110265 0.110265 0.000000 0.000000 0.000000 0.000000 0.000000 
-0.292969 -0.216825 -0.000001 0.000000 0.311389 0.000000 0.318070 0.318070 0.182136 0.000000 0.110265 0.110265 0.000000 0.000000 0.000000 0.000000 0.000000 
-0.289062 -0.211014 -0.000001 0.000000 0.307280 0.000000 0.313765 0.313765 0.182235 0.000000 0.110179 0.110179 0.000000 0.000000 0.000000 0.000000 0.000000 
-0.289062 -0.211014 -0.000001 0.000000 0.307280 0.000000 0.313765 0.313765 0.182235 0.000000 0.110179 0.110179 0.000000 0.000000 0.000000 0.000000 0.000000 
-0.285156 -0.205200 -0.000001 0.000000 0.303169 0.000000 0.309463 0.309463 0.182331 0.000000 0.110096 0.110096 0.000000 0.000000 0.000000 0.000000 0.000000 
-0.285156 -0.205200 -0.000001 0.000000 0.303169 0.000000 0.309463 0.309463 0.182331 0.000000 0.110096 0.110096 0.000000 0.000000 0.000000 0.000000 0.000000 
-0.281250 -0.199383 -0.000001 0.000000 0.299056 0.000000 0.305164 0.305164 0.182424 0.000000 0.110015 0.110015 0.000000 0.000000 0.000000 0.000000 0.000000 
-0.281250 -0.199383 -0.000001 0.000000 0.299056 0.000000 0.305164 0.305164 0.182424 0.000000 0.110015 0.110015 0.000000 0.000000 0.000000 0.000000 0.000000 
-0.277344 -0.193564 -0.000001 0.000000 0.294941 0.000000 0.300868 0.300868 0.182515 0.000000 0.109937 0.109937 0.000000 0.000000 0.000000 0.000000 0.000000 
-0.277344 -0.193564 -0.000001 0.000000 0.294941 0.000000 0.300868 0.300868 0.182515 0.000000 0.109937 0.109937 0.000000 0.000000 0.000000 0.000000 0.000000 
-0.273438 -0.187741 -0.000001 0.000000 0.290823 0.000000 0.296575 0.296575 0.182603 0.000000 0.109861 0.109861 0.000000 0.000000 0.000000 0.000000 0.000000 
-0.273438 -0.187741 -0.000001 0.000000 0.290823 0.000000 0.296575 0.296575 0.182603 0.000000 0.109861 0.109861 0.000000 0.000000 0.000000 0.000000 0.000000 
-0.269531 -0.181916 -0.000001 0.000000 0.286704 0.000000 0.292285 0.292285 0.182688 0.000000 0.109787 0.109787 0.000000 0.000000 0.000000 0.000000 0.000000 
-0.269531 -0.181916 -0.000001 0.000000 0.286704 0.000000 0.292285 0.292285 0.182688 0.000000 0.109787 0.109787 0.000000 0.000000 0.000000 0.000000 0.000000 
-0.265625 -0.176087 -0.000001 0.000000 0.282583 0.000000 0.287998 0.287998 0.182771 0.000000 0.109715 0.109715 0.000000 0.000000 0.000000 0.000000 0.000000 
-0.265625 -0.176087 -0.000001 0.000000 0.282583 0.000000 0.287998 0.287998 0.182771 0.000000 0.109715 0.109715 0.000000 0.000000 0.000000 0.000000 0.000000 
-0.261719 -0.170257 -0.000001 0.000000 0.278460 0.000000 0.283713 0.283713 0.182851 0.000000 0.109646 0.109646 0.000000 0.000000 0.000000 0.000000 0.000000 
-0.261719 -0.170257 -0.000001 0.000000 0.278460 0.000000 0.283713 0.283713 0.182851 0.000000 0.109646 0.109646 0.000000 0.000000 0.000000 0.000000 0.000000 
-0.257812 -0.164424 -0.000001 0.000000 0.274336 0.000000 0.279432 0.279432 0.182928 0.000000 0.109578 0.109578 0.000000 0.000000 0.000000 0.000000 0.000000 
-0.257812 -0.164424 -0.000001 0.000000 0.274336 0.000000 0.279432 0.279432 0.182928 0.000000 0.109578 0.109578 0.000000 0.000000 0.000000 0.000000 0.000000 
-0.253906 -0.158588 -0.000001 0.000000 0.270209 0.000000 0.275152 0.275152 0.183004 0.000000 0.109513 0.109513 0.000000 0.000000 0.000000 0.000000 0.000000 
-0.253906 -0.158588 -0.000001 0.000000 0.270209 0.000000 0.275152 0.275152 0.183004 0.000000 0.109513 0.109513 0.000000 0.000000 0.000000 0.000000 0.000000 
-0.250000 -0.152750 -0.000001 0.000000 0.266081 0.000000 0.270876 0.270876 0.183077 0.000000 0.109450 0.109450 0.000000 0.000000 0.000000 0.000000 0.000000 
-0.250000 -0.152750 -0.000001 0.000000 0.266081 0.000000 0.270876 0.270876 0.183077 0.000000 0.109450 0.109450 0.000000 0.000000 0.000000 0.000000 0.000000 
-0.246094 -0.146910 -0.000001 0.000000 0.261952 0.000000 0.266602 0.266602 0.183148 0.000000 0.109388 0.109388 0.000000 0.000000 0.000000 0.000000 0.000000 
-0.246094 -0.146910 -0.000001 0.000000 0.261952 0.000000 0.266602 0.266602 0.183148 0.000000 0.109388 0.109388 0.000000 0.000000 0.000000 0.000000 0.000000 
-0.242188 -0.141067 -0.000001 0.000000 0.257820 0.000000 0.262330 0.262330 0.183217 0.000000 0.109329 0.109329 0.000000 0.000000 0.000000 0.000000 0.000000 
-0.242188 -0.141067 -0.000001 0.000000 0.257820 0.000000 0.262330 0.262330 0.183217 0.000000 0.109329 0.109329 0.000000 0.000000 0.000000 0.000000 0.000000 
-0.238281 -0.135223 -0.000001 0.000000 0.253687 0.000000 0.258060 0.258060 0.183284 0.000000 0.109271 0.109271 0.000000 0.000000 0.000000 0.000000 0.000000 
-0.238281 -0.135223 -0.000001 0.000000 0.253687 0.000000 0.258060 0.258060 0.183284 0.000000 0.109271 0.109271 0.000000 0.000000 0.000000 0.000000 0.000000 
-0.234375 -0.129376 -0.000001 0.000000 0.249553 0.000000 0.253793 0.253793 0.183349 0.000000 0.109215 0.109215 0.000000 0.000000 0.000000 0.000000 0.000000 
-0.234375 -0.129376 -0.000001 0.000000 0.249553 0.000000 0.253793 0.253793 0.183349 0.000000 0.109215 0.109215 0.000000 0.000000 0.000000 0.000000 0.000000 
-0.230469 -0.123527 -0.000001 0.000000 0.245417 0.000000 0.249528 0.249528 0.183411 0.000000 0.109160 0.109160 0.000000 0.000000 0.000000 0.000000 0.000000 
-0.230469 -0.123527 -0.000001 0.000000 0.245417 0.000000 0.249528 0.249528 0.183411 0.000000 0.109160 0.109160 0.000000 0.000000 0.000000 0.000000 0.000000 
-0.226562 -0.117676 -0.000001 0.000000 0.241280 0.000000 0.245265 0.245265 0.183472 0.000000 0.109108 0.109108 0.000000 0.000000 0.000000 0.000000 0.000000 
-0.226562 -0.117676 -0.000001 0.000000 0.241280 0.000000 0.245265 0.245265 0.183472 0.000000 0.109108 0.109108 0.000000 0.000000 0.000000 0.000000 0.000000 
-0.222656 -0.111824 -0.000001 0.000000 0.237142 0.000000 0.241004 0.241004 0.183531 0.000000 0.109057 0.109057 0.000000 0.000000 0.000000 0.000000 0.000000 
-0.222656 -0.111824 -0.000001 0.000000 0.237142 0.000000 0.241004 0.241004 0.183531 0.000000 0.109057 0.109057 0.000000 0.000000 0.000000 0.000000 0.000000 
-0.218750 -0.105969 -0.000001 0.000000 0.233002 0.000000 0.236745 0.236745 0.183588 0.000000 0.109007 0.109007 0.000000 0.000000 0.000000 0.000000 0.000000 
-0.218750 -0.105969 -0.000001 0.000000 0.233002 0.000000 0.236745 0.236745 0.183588 0.000000 0.109007 0.109007 0.000000 0.000000 0.000000 0.000000 0.000000 
-0.214844 -0.100113 -0.000001 0.000000 0.228861 0.000000 0.232488 0.232488 0.183644 0.000000 0.108959 0.108959 0.000000 0.000000 0.000000 0.000000 0.000000 
-0.214844 -0.100113 -0.000001 0.000000 0.228861 0.000000 0.232488 0.232488 0.183644 0.000000 0.108959 0.108959 0.000000 0.000000 0.000000 0.000000 0.000000 
-0.210938 -0.094255 -0.000001 0.000000 0.224719 0.000000 0.228232 0.228232 0.183697 0.000000 0.108913 0.108913 0.000000 0.000000 0.000000 0.000000 0.000000 
-0.210938 -0.094255 -0.000001 0.000000 0.224719 0.000000 0.228232 0.228232 0.183697 0.000000 0.108913 0.108913 0.000000 0.000000 0.000000 0.000000 0.000000 
-0.207031 -0.088395 -0.000001 0.000000 0.220575 0.000000 0.223979 0.223979 0.183749 0.000000 0.108868 0.108868 0.000000 0.000000 0.000000 0.000000 0.000000 
-0.207031 -0.088395 -0.000001 0.000000 0.220575 0.000000 0.223979 0.223979 0.183749 0.000000 0.108868 0.108868 0.000000 0.000000 0.000000 0.000000 0.000000 
-0.203125 -0.082534 -0.000001 0.000000 0.216431 0.000000 0.219727 0.219727 0.183800 0.000000 0.108824 0.108824 0.000000 0.000000 0.000000 0.000000 0.000000 
-0.203125 -0.082534 -0.000001 0.000000 0.216431 0.000000 0.219727 0.219727 0.183800 0.000000 0.108824 0.108824 0.000000 0.000000 0.000000 0.000000 0.000000 
-0.199219 -0.076671 -0.000001 0.000000 0.212285 0.000000 0.215477 0.215477 0.183849 0.000000 0.108782 0.108782 0.000000 0.000000 0.000000 0.000000 0.000000 
-0.199219 -0.076671 -0.000001 0.000000 0.212285 0.000000 0.215477 0.215477 0.183849 0.000000 0.108782 0.108782 0.000000 0.000000 0.000000 0.000000 0.000000 
-0.195312 -0.070806 -0.000001 0.000000 0.208138 0.000000 0.211229 0.211229 0.183896 0.000000 0.108741 0.108741 0.000000 0.000000 0.000000 0.000000 0.000000 
-0.195312 -0.070806 -0.000001 0.000000 0.208138 0.000000 0.211229 0.211229 0.183896 0.000000 0.108741 0.108741 0.000000 0.000000 0.000000 0.000000 0.000000 
-0.191406 -0.064940 -0.000001 0.000000 0.203990 0.000000 0.206982 0.206982 0.183941 0.000000 0.108701 0.108701 0.000000 0.000000 0.000000 0.000000 0.000000 
-0.191406 -0.064940 -0.000001 0.000000 0.203990 0.000000 0.206982 0.206982 0.183941 0.000000 0.108701 0.108701 0.000000 0.000000 0.000000 0.000000 0.000000 
-0.187500 -0.059073 -0.000001 0.000000 0.199841 0.000000 0.202736 0.202736 0.183986 0.000000 0.108663 0.108663 0.000000 0.000000 0.000000 0.000000 0.000000 
-0.187500 -0.059073 -0.000001 0.000000 0.199841 0.000000 0.202736 0.202736 0.183986 0.000000 0.108663 0.108663 0.000000 0.000000 0.000000 0.000000 0.000000 
-0.183594 -0.053204 -0.000001 0.000000 0.195691 0.000000 0.198492 0.198492 0.184029 0.000000 0.108626 0.108626 0.000000 0.000000 0.000000 0.000000 0.000000 
-0.183594 -0.053204 -0.000001 0.000000 0.195691 0.000000 0.198492 0.198492 0.184029 0.000000 0.108626 0.108626 0.000000 0.000000 0.000000 0.000000 0.000000 
-0.179688 -0.047334 -0.000001 0.000000 0.191541 0.000000 0.194250 0.194250 0.184070 0.000000 0.108590 0.108590 0.000000 0.000000 0.000000 0.000000 0.000000 
-0.179688 -0.047334 -0.000001 0.000000 0.191541 0.000000 0.194250 0.194250 0.184070 0.000000 0.108590 0.108590 0.000000 0.000000 0.000000 0.000000 0.000000 
-0.175781 -0.041462 -0.000001 0.000000 0.187389 0.000000 0.190009 0.190009 0.184110 0.000000 0.108555 0.108555 0.000000 0.000000 0.000000 0.000000 0.000000 
-0.175781 -0.041462 -0.000001 0.000000 0.187389 0.000000 0.190009 0.190009 0.184110 0.000000 0.108555 0.108555 0.000000 0.000000 0.000000 0.000000 0.000000 
-0.171875 -0.035590 -0.000001 0.000000 0.183236 0.000000 0.185769 0.185769 0.184149 0.000000 0.108522 0.108522 0.000000 0.000000 0.000000 0.000000 0.000000 
-0.171875 -0.035590 -0.000001 0.000000 0.183236 0.000000 0.185769 0.185769 0.184149 0.000000 0.108522 0.108522 0.000000 0.000000 0.000000 0.000000 0.000000 
-0.167969 -0.029716 -0.000001 0.000000 0.179083 0.000000 0.181531 0.181531 0.184186 0.000000 0.108489 0.108489 0.000000 0.000000 0.000000 0.000000 0.000000 
-0.167969 -0.029716 -0.000001 0.000000 0.179083 0.000000 0.181531 0.181531 0.184186 0.000000 0.108489 0.108489 0.000000 0.000000 0.000000 0.000000 0.000000 
-0.164062 -0.023841 -0.000001 0.000000 0.174929 0.000000 0.177293 0.177293 0.184222 0.000000 0.108458 0.108458 0.000000 0.000000 0.000000 0.000000 0.000000 
-0.164062 -0.023841 -0.000001 0.000000 0.174929 0.000000 0.177293 0.177293 0.184222 0.000000 0.108458 0.108458 0.000000 0.000000 0.000000 0.000000 0.000000 
-0.160156 -0.017964 -0.000001 0.000000 0.170773 0.000000 0.173057 0.173057 0.184257 0.000000 0.108428 0.108428 0.000000 0.000000 0.000000 0.000000 0.000000 
-0.160156 -0.017964 -0.000001 0.000000 0.170773 0.000000 0.173057 0.173057 0.184257 0.000000 0.108428 0.108428 0.000000 0.000000 0.000000 0.000000 0.000000 
-0.156250 -0.012087 -0.000001 0.000000 0.166618 0.000000 0.168822 0.168822 0.184291 0.000000 0.108398 0.108398 0.000000 0.000000 0.000000 0.000000 0.000000 
-0.156250 -0.012087 -0.000001 0.000000 0.166618 0.000000 0.168822 0.168822 0.184291 0.000000 0.108398 0.108398 0.000000 0.000000 0.000000 0.000000 0.000000 
-0.152344 -0.006209 -0.000001 0.000000 0.162461 0.000000 0.164589 0.164589 0.184324 0.000000 0.108370 0.108370 0.000000 0.000000 0.000000 0.000000 0.000000 
-0.152344 -0.006209 -0.000001 0.000000 0.162461 0.000000 0.164589 0.164589 0.184324 0.000000 0.108370 0.108370 0.000000 0.000000 0.000000 0.000000 0.000000 
-0.148438 -0.000329 -0.000001 0.000000 0.158304 0.000000 0.160356 0.160356 0.184355 0.000000 0.108343 0.108343 0.000000 0.000000 0.000000 0.000000 0.000000 
-0.148438 -0.000329 -0.000001 0.000000 0.158304 0.000000 0.160356 0.160356 0.184355 0.000000 0.108343 0.108343 0.000000 0.000000 0.000000 0.000000 0.000000 
-0.144531 0.005551 -0.000001 0.000000 0.154145 0.000000 0.156124 0.156124 0.184385 0.000000 0.108317 0.108317 0.000000 0.000000 0.000000 0.000000 0.000000 
-0.144531 0.005551 -0.000001 0.000000 0.154145 0.000000 0.156124 0.156124 0.184385 0.000000 0.108317 0.108317 0.000000 0.000000 0.000000 0.000000 0.000000 
-0.140625 0.011432 -0.000001 0.000000 0.149987 0.000000 0.151894 0.151894 0.184415 0.000000 0.108291 0.108291 0.000000 0.000000 0.000000 0.000000 0.000000 
-0.140625 0.011432 -0.000001 0.000000 0.149987 0.000000 0.151894 0.151894 0.184415 0.000000 0.108291 0.108291 0.000000 0.000000 0.000000 0.000000 0.000000 
-0.136719 0.017315 -0.000001 0.000000 0.145827 0.000000 0.147664 0.147664 0.184443 0.000000 0.108267 0.108267 0.000000 0.000000 0.000000 0.000000 0.000000 
-0.136719 0.017315 -0.000001 0.000000 0.145827 0.000000 0.147664 0.147664 0.184443 0.000000 0.108267 0.108267 0.000000 0.000000 0.000000 0.000000 0.000000 
-0.132812 0.023198 -0.000001 0.000000 0.141667 0.000000 0.143435 0.143435 0.184470 0.000000 0.108244 0.108244 0.000000 0.000000 0.000000 0.000000 0.000000 
-0.132812 0.023198 -0.000001 0.000000 0.141667 0.000000 0.143435 0.143435 0.184470 0.000000 0.108244 0.108244 0.000000 0.000000 0.000000 0.000000 0.000000 
-0.128906 0.029082 -0.000001 0.000000 0.137507 0.000000 0.139207 0.139207 0.184496 0.000000 0.108221 0.108221 0.000000 0.000000 0.000000 0.000000 0.000000 
-0.128906 0.029082 -0.000001 0.000000 0.137507 0.000000 0.139207 0.139207 0.184496 0.000000 0.108221 0.108221 0.000000 0.000000 0.000000 0.000000 0.000000 
-0.125000 0.034967 -0.000001 0.000000 0.133346 0.000000 0.134980 0.134980 0.184521 0.000000 0.108199 0.108199 0.000000 0.000000 0.000000 0.000000 0.000000 
-0.125000 0.034967 -0.000001 0.000000 0.133346 0.000000 0.134980 0.134980 0.184521 0.000000 0.108199 0.108199 0.000000 0.000000 0.000000 0.000000 0.000000 
-0.121094 0.040852 -0.000001 0.000000 0.129184 0.000000 0.130754 0.130754 0.184545 0.000000 0.108178 0.108178 0.000000 0.000000 0.000000 0.000000 0.000000 
-0.121094 0.040852 -0.000001 0.000000 0.129184 0.000000 0.130754 0.130754 0.184545 0.000000 0.108178 0.108178 0.000000 0.000000 0.000000 0.000000 0.000000 
-0.117188 0.046738 -0.000001 0.000000 0.125022 0.000000 0.126529 0.126529 0.184568 0.000000 0.108158 0.108158 0.000000 0.000000 0.000000 0.000000 0.000000 
-0.117188 0.046738 -0.000001 0.000000 0.125022 0.000000 0.126529 0.126529 0.184568 0.000000 0.108158 0.108158 0.000000 0.000000 0.000000 0.000000 0.000000 
-0.113281 0.052626 -0.000001 0.000000 0.120859 0.000000 0.122304 0.122304 0.184590 0.000000 0.108139 0.108139 0.000000 0.000000 0.000000 0.000000 0.000000 
-0.113281 0.052626 -0.000001 0.000000 0.120859 0.000000 0.122304 0.122304 0.184590 0.000000 0.108139 0.108139 0.000000 0.000000 0.000000 0.000000 0.000000 
-0.109375 0.058513 -0.000001 0.000000 0.116696 0.000000 0.118081 0.118081 0.184612 0.000000 0.108121 0.108121 0.000000 0.000000 0.000000 0.000000 0.000000 
-0.109375 0.058513 -0.000001 0.000000 0.116696 0.000000 0.118081 0.118081 0.184612 0.000000 0.108121 0.108121 0.000000 0.000000 0.000000 0.000000 0.000000 
-0.105469 0.064402 -0.000001 0.000000 0.112532 0.000000 0.113858 0.113858 0.184632 0.000000 0.108103 0.108103 0.000000 0.000000 0.000000 0.000000 0.000000 
-0.105469 0.064402 -0.000001 0.000000 0.112532 0.000000 0.113858 0.113858 0.184632 0.000000 0.108103 0.108103 0.000000 0.000000 0.000000 0.000000 0.000000 
-0.101562 0.070291 -0.000001 0.000000 0.108368 0.000000 0.109635 0.109635 0.184652 0.000000 0.108086 0.108086 0.000000 0.000000 0.000000 0.000000 0.000000 
-0.101562 0.070291 -0.000001 0.000000 0.108368 0.000000 0.109635 0.109635 0.184652 0.000000 0.108086 0.108086 0.000000 0.000000 0.000000 0.000000 0.000000 
-0.097656 0.076180 -0.000001 0.000000 0.104203 0.000000 0.105413 0.105413 0.184670 0.000000 0.108070 0.108070 0.000000 0.000000 0.000000 0.000000 0.000000 
-0.097656 0.076180 -0.000001 0.000000 0.104203 0.000000 0.105413 0.105413 0.184670 0.000000 0.108070 0.108070 0.000000 0.000000 0.000000 0.000000 0.000000 
-0.093750 0.082071 -0.000001 0.000000 0.100038 0.000000 0.101192 0.101192 0.184688 0.000000 0.108055 0.108055 0.000000 0.000000 0.000000 0.000000 0.000000 
-0.093750 0.082071 -0.000001 0.000000 0.100038 0.000000 0.101192 0.101192 0.184688 0.000000 0.108055 0.108055 0.000000 0.000000 0.000000 0.000000 0.000000 
-0.089844 0.087961 -0.000001 0.000000 0.095873 0.000000 0.096972 0.096972 0.184705 0.000000 0.108040 0.108040 0.000000 0.000000 0.000000 0.000000 0.000000 
-0.089844 0.087961 -0.000001 0.000000 0.095873 0.000000 0.096972 0.096972 0.184705 0.000000 0.108040 0.108040 0.000000 0.000000 0.000000 0.000000 0.000000 
-0.085938 0.093853 -0.000001 0.000000 0.091707 0.000000 0.092751 0.092751 0.184721 0.000000 0.108026 0.108026 0.000000 0.000000 0.000000 0.000000 0.000000 
-0.085938 0.093853 -0.000001 0.000000 0.091707 0.000000 0.092751 0.092751 0.184721 0.000000 0.108026 0.108026 0.000000 0.000000 0.000000 0.000000 0.000000 
-0.082031 0.099745 -0.000001 0.000000 0.087541 0.000000 0.088532 0.088532 0.184736 0.000000 0.108013 0.108013 0.000000 0.000000 0.000000 0.000000 0.000000 
-0.082031 0.099745 -0.000001 0.000000 0.087541 0.000000 0.088532 0.088532 0.184736 0.000000 0.108013 0.108013 0.000000 0.000000 0.000000 0.000000 0.000000 
-0.078125 0.105637 -0.000001 0.000000 0.083374 0.000000 0.084313 0.084313 0.184751 0.000000 0.108000 0.108000 0.000000 0.000000 0.000000 0.000000 0.000000 
-0.078125 0.105637 -0.000001 0.000000 0.083374 0.000000 0.084313 0.084313 0.184751 0.000000 0.108000 0.108000 0.000000 0.000000 0.000000 0.000000 0.000000 
-0.074219 0.111530 -0.000001 0.000000 0.079207 0.000000 0.080094 0.080094 0.184765 0.000000 0.107988 0.107988 0.000000 0.000000 0.000000 0.000000 0.000000 
-0.074219 0.111530 -0.000001 0.000000 0.079207 0.000000 0.080094 0.080094 0.184765 0.000000 0.107988 0.107988 0.000000 0.000000 0.000000 0.000000 0.000000 
-0.070312 0.117423 -0.000001 0.000000 0.075040 0.000000 0.075876 0.075876 0.184777 0.000000 0.107977 0.107977 0.000000 0.000000 0.000000 0.000000 0.000000 
-0.070312 0.117423 -0.000001 0.000000 0.075040 0.000000 0.075876 0.075876 0.184777 0.000000 0.107977 0.107977 0.000000 0.000000 0.000000 0.000000 0.000000 
-0.066406 0.123316 -0.000001 0.000000 0.070873 0.000000 0.071659 0.071659 0.184790 0.000000 0.107967 0.107967 0.000000 0.000000 0.000000 0.000000 0.000000 
-0.066406 0.123316 -0.000001 0.000000 0.070873 0.000000 0.071659 0.071659 0.184790 0.000000 0.107967 0.107967 0.000000 0.000000 0.000000 0.000000 0.000000 
-0.062500 0.129210 -0.000001 0.000000 0.066705 0.000000 0.067441 0.067441 0.184801 0.000000 0.107957 0.107957 0.000000 0.000000 0.000000 0.000000 0.000000 
-0.062500 0.129210 -0.000001 0.000000 0.066705 0.000000 0.067441 0.067441 0.184801 0.000000 0.107957 0.107957 0.000000 0.000000 0.000000 0.000000 0.000000 
-0.058594 0.135104 -0.000001 0.000000 0.062537 0.000000 0.063225 0.063225 0.184812 0.000000 0.107947 0.107947 0.000000 0.000000 0.000000 0.000000 0.000000 
-0.058594 0.135104 -0.000001 0.000000 0.062537 0.000000 0.063225 0.063225 0.184812 0.000000 0.107947 0.107947 0.000000 0.000000 0.000000 0.000000 0.000000 
-0.054688 0.140999 -0.000001 0.000000 0.058369 0.000000 0.059008 0.059008 0.184822 0.000000 0.107939 0.107939 0.000000 0.000000 0.000000 0.000000 0.000000 
-0.054688 0.140999 -0.000001 0.000000 0.058369 0.000000 0.059008 0.059008 0.184822 0.000000 0.107939 0.107939 0.000000 0.000000 0.000000 0.000000 0.000000 
-0.050781 0.146894 -0.000001 0.000000 0.054201 0.000000 0.054792 0.054792 0.184831 0.000000 0.107931 0.107931 0.000000 0.000000 0.000000 0.000000 0.000000 
-0.050781 0.146894 -0.000001 0.000000 0.054201 0.000000 0.054792 0.054792 0.184831 0.000000 0.107931 0.107931 0.000000 0.000000 0.000000 0.000000 0.000000 
-0.046875 0.152789 -0.000001 0.000000 0.050032 0.000000 0.050576 0.050576 0.184840 0.000000 0.107923 0.107923 0.000000 0.000000 0.000000 0.000000 0.000000 
-0.046875 0.152789 -0.000001 0.000000 0.050032 0.000000 0.050576 0.050576 0.184840 0.000000 0.107923 0.107923 0.000000 0.000000 0.000000 0.000000 0.000000 
-0.042969 0.158685 -0.000001 0.000000 0.045864 0.000000 0.046360 0.046360 0.184847 0.000000 0.107917 0.107917 0.000000 0.000000 0.000000 0.000000 0.000000 
-0.042969 0.158685 -0.000001 0.000000 0.045864 0.000000 0.046360 0.046360 0.184847 0.000000 0.107917 0.107917 0.000000 0.000000 0.000000 0.000000 0.000000 
-0.039062 0.164580 -0.000001 0.000000 0.041695 0.000000 0.042145 0.042145 0.184854 0.000000 0.107910 0.107910 0.000000 0.000000 0.000000 0.000000 0.000000 
-0.039062 0.164580 -0.000001 0.000000 0.041695 0.000000 0.042145 0.042145 0.184854 0.000000 0.107910 0.107910 0.000000 0.000000 0.000000 0.000000 0.000000 
-0.035156 0.170476 -0.000001 0.000000 0.037526 0.000000 0.037930 0.037930 0.184861 0.000000 0.107905 0.107905 0.000000 0.000000 0.000000 0.000000 0.000000 
-0.035156 0.170476 -0.000001 0.000000 0.037526 0.000000 0.037930 0.037930 0.184861 0.000000 0.107905 0.107905 0.000000 0.000000 0.000000 0.000000 0.000000 
-0.031250 0.176372 -0.000001 0.000000 0.033357 0.000000 0.033715 0.033715 0.184867 0.000000 0.107900 0.107900 0.000000 0.000000 0.000000 0.000000 0.000000 
-0.031250 0.176372 -0.000001 0.000000 0.033357 0.000000 0.033715 0.033715 0.184867 0.000000 0.107900 0.107900 0.000000 0.000000 0.000000 0.000000 0.000000 
-0.027344 0.182269 -0.000001 0.000000 0.029187 0.000000 0.029500 0.029500 0.184872 0.000000 0.107896 0.107896 0.000000 0.000000 0.000000 0.000000 0.000000 
-0.027344 0.182269 -0.000001 0.000000 0.029187 0.000000 0.029500 0.029500 0.184872 0.000000 0.107896 0.107896 0.000000 0.000000 0.000000 0.000000 0.000000 
-0.023438 0.188165 -0.000001 0.000000 0.025018 0.000000 0.025286 0.025286 0.184876 0.000000 0.107892 0.107892 0.000000 0.000000 0.000000 0.000000 0.000000 
-0.023438 0.188165 -0.000001 0.000000 0.025018 0.000000 0.025286 0.025286 0.184876 0.000000 0.107892 0.107892 0.000000 0.000000 0.000000 0.000000 0.000000 
-0.019531 0.194062 -0.000001 0.000000 0.020848 0.000000 0.021071 0.021071 0.184880 0.000000 0.107889 0.107889 0.000000 0.000000 0.000000 0.000000 0.000000 
-0.019531 0.194062 -0.000001 0.000000 0.020848 0.000000 0.021071 0.021071 0.184880 0.000000 0.107889 0.107889 0.000000 0.000000 0.000000 0.000000 0.000000 
-0.015625 0.199958 -0.000001 0.000000 0.016679 0.000000 0.016857 0.016857 0.184883 0.000000 0.107886 0.107886 0.000000 0.000000 0.000000 0.000000 0.000000 
-0.015625 0.199958 -0.000001 0.000000 0.016679 0.000000 0.016857 0.016857 0.184883 0.000000 0.107886 0.107886 0.000000 0.000000 0.000000 0.000000 0.000000 
-0.011719 0.205855 -0.000001 0.000000 0.012509 0.000000 0.012642 0.012642 0.184885 0.000000 0.107884 0.107884 0.000000 0.000000 0.000000 0.000000 0.000000 
-0.011719 0.205855 -0.000001 0.000000 0.012509 0.000000 0.012642 0.012642 0.184885 0.000000 0.107884 0.107884 0.000000 0.000000 0.000000 0.000000 0.000000 
-0.007812 0.211752 -0.000001 0.000000 0.008339 0.000000 0.008428 0.008428 0.184887 0.000000 0.107883 0.107883 0.000000 0.000000 0.000000 0.000000 0.000000 
-0.007812 0.211752 -0.000001 0.000000 0.008339 0.000000 0.008428 0.008428 0.184887 0.000000 0.107883 0.107883 0.000000 0.000000 0.000000 0.000000 0.000000 
-0.003906 0.217649 -0.000001 0.000000 0.004170 0.000000 0.004214 0.004214 0.184888 0.000000 0.107882 0.107882 0.000000 0.000000 0.000000 0.000000 0.000000 
-0.003906 0.217649 -0.000001 0.000000 0.004170 0.000000 0.004214 0.004214 0.184888 0.000000 0.107882 0.107882 0.000000 0.000000 0.000000 0.000000 0.000000 
0.000000 0.223546 -0.000001 0.000000 -0.000000 0.000000 0.000000 0.000000 0.184888 0.000000 0.107881 0.107881 0.000000 0.000000 0.000000 0.000000 0.000000 
0.000000 0.223546 -0.000001 0.000000 -0.000000 0.000000 0.000000 0.000000 0.184888 0.000000 0.107881 0.107881 0.000000 0.000000 0.000000 0.000000 0.000000 
0.003906 0.229443 -0.000001 0.000000 -0.004170 0.000000 -0.004214 -0.004214 0.184888 0.000000 0.107882 0.107882 0.000000 0.000000 0.000000 0.000000 0.000000 
0.003906 0.229443 -0.000001 0.000000 -0.004170 0.000000 -0.004214 -0.004214 0.184888 0.000000 0.107882 0.107882 0.000000 0.000000 0.000000 0.000000 0.000000 
0.007812 0.235340 -0.000001 0.000000 -0.008339 0.000000 -0.008428 -0.008428 0.184887 0.000000 0.107883 0.107883 0.000000 0.000000 0.000000 0.000000 0.000000 
0.007812 0.235340 -0.000001 0.000000 -0.008339 0.000000 -0.008428 -0.008428 0.184887 0.000000 0.107883 0.107883 0.000000 0.000000 0.000000 0.000000 0.000000 
0.011719 0.241236 -0.000001 0.000000 -0.012509 0.000000 -0.012642 -0.012642 0.184885 0.000000 0.107884 0.107884 0.000000 0.000000 0.000000 0.000000 0.000000 
0.011719 0.241236 -0.000001 0.000000 -0.012509 0.000000 -0.012642 -0.012642 0.184885 0.000000 0.107884 0.107884 0.000000 0.000000 0.000000 0.000000 0.000000 
0.015625 0.247133 -0.000001 0.000000 -0.016679 0.000000 -0.016857 -0.016857 0.184883 0.000000 0.107886 0.107886 0.000000 0.000000 0.000000 0.000000 0.000000 
0.015625 0.247133 -0.000001 0.000000 -0.016679 0.000000 -0.016857 -0.016857 0.184883 0.000000 0.107886 0.107886 0.000000 0.000000 0.000000 0.000000 0.000000 
0.019531 0.253030 -0.000001 0.000000 -0.020848 0.000000 -0.021071 -0.021071 0.184880 0.000000 0.107889 0.107889 0.000000 0.000000 0.000000 0.000000 0.000000 
0.019531 0.253030 -0.000001 0.000000 -0.020848 0.000000 -0.021071 -0.021071 0.184880 0.000000 0.107889 0.107889 0.000000 0.000000 0.000000 0.000000 0.000000 
0.023438 0.258926 -0.000001 0.000000 -0.025018 0.000000 -0.025285 -0.025285 0.184876 0.000000 0.107892 0.107892 0.000000 0.000000 0.000000 0.000000 0.000000 
0.023438 0.258926 -0.000001 0.000000 -0.025018 0.000000 -0.025285 -0.025285 0.184876 0.000000 0.107892 0.107892 0.000000 0.000000 0.000000 0.000000 0.000000 
0.027344 0.264823 -0.000001 0.000000 -0.029187 0.000000 -0.029500 -0.029500 0.184872 0.000000 0.107896 0.107896 0.000000 0.000000 0.000000 0.000000 0.000000 
0.027344 0.264823 -0.000001 0.000000 -0.029187 0.000000 -0.029500 -0.029500 0.184872 0.000000 0.107896 0.107896 0.000000 0.000000 0.000000 0.000000 0.000000 
0.031250 0.270719 -0.000001 0.000000 -0.033357 0.000000 -0.033715 -0.033715 0.184867 0.000000 0.107900 0.107900 0.000000 0.000000 0.000000 0.000000 0.000000 
0.031250 0.270719 -0.000001 0.000000 -0.033357 0.000000 -0.033715 -0.033715 0.184867 0.000000 0.107900 0.107900 0.000000 0.000000 0.000000 0.000000 0.000000 
0.035156 0.276615 -0.000001 0.000000 -0.037526 0.000000 -0.037930 -0.037930 0.184861 0.000000 0.107905 0.107905 0.000000 0.000000 0.000000 0.000000 0.000000 
0.035156 0.276615 -0.000001 0.000000 -0.037526 0.000000 -0.037930 -0.037930 0.184861 0.000000 0.107905 0.107905 0.000000 0.000000 0.000000 0.000000 0.000000 
0.039062 0.282511 -0.000001 0.000000 -0.041695 0.000000 -0.042145 -0.042145 0.184855 0.000000 0.107910 0.107910 0.000000 0.000000 0.000000 0.000000 0.000000 
0.039062 0.282511 -0.000001 0.000000 -0.041695 0.000000 -0.042145 -0.042145 0.184855 0.000000 0.107910 0.107910 0.000000 0.000000 0.000000 0.000000 0.000000 
0.042969 0.288407 -0.000001 0.000000 -0.045864 0.000000 -0.046360 -0.046360 0.184847 0.000000 0.107917 0.107917 0.000000 0.000000 0.000000 0.000000 0.000000 
0.042969 0.288407 -0.000001 0.000000 -0.045864 0.000000 -0.046360 -0.046360 0.184847 0.000000 0.107917 0.107917 0.000000 0.000000 0.000000 0.000000 0.000000 
0.046875 0.294302 -0.000001 0.000000 -0.050032 0.000000 -0.050576 -0.050576 0.184840 0.000000 0.107923 0.107923 0.000000 0.000000 0.000000 0.000000 0.000000 
0.046875 0.294302 -0.000001 0.000000 -0.050032 0.000000 -0.050576 -0.050576 0.184840 0.000000 0.107923 0.107923 0.000000 0.000000 0.000000 0.000000 0.000000 
0.050781 0.300198 -0.000001 0.000000 -0.054201 0.000000 -0.054792 -0.054792 0.184831 0.000000 0.107931 0.107931 0.000000 0.000000 0.000000 0.000000 0.000000 
0.050781 0.300198 -0.000001 0.000000 -0.054201 0.000000 -0.054792 -0.054792 0.184831 0.000000 0.107931 0.107931 0.000000 0.000000 0.000000 0.000000 0.000000 
0.054688 0.306093 -0.000001 0.000000 -0.058369 0.000000 -0.059008 -0.059008 0.184822 0.000000 0.107939 0.107939 0.000000 0.000000 0.000000 0.000000 0.000000 
0.054688 0.306093 -0.000001 0.000000 -0.058369 0.000000 -0.059008 -0.059008 0.184822 0.000000 0.107939 0.107939 0.000000 0.000000 0.000000 0.000000 0.000000 
0.058594 0.311987 -0.000001 0.000000 -0.062538 0.000000 -0.063224 -0.063224 0.184812 0.000000 0.107947 0.107947 0.000000 0.000000 0.000000 0.000000 0.000000 
0.058594 0.311987 -0.000001 0.000000 -0.062538 0.000000 -0.063224 -0.063224 0.184812 0.000000 0.107947 0.107947 0.000000 0.000000 0.000000 0.000000 0.000000 
0.062500 0.317881 -0.000001 0.000000 -0.066705 0.000000 -0.067441 -0.067441 0.184801 0.000000 0.107957 0.107957 0.000000 0.000000 0.000000 0.000000 0.000000 
0.062500 0.317881 -0.000001 0.000000 -0.066705 0.000000 -0.067441 -0.067441 0.184801 0.000000 0.107957 0.107957 0.000000 0.000000 0.000000 0.000000 0.000000 
0.066406 0.323775 -0.000001 0.000000 -0.070873 0.000000 -0.071659 -0.071659 0.184790 0.000000 0.107967 0.107967 0.000000 0.000000 0.000000 0.000000 0.000000 
0.066406 0.323775 -0.000001 0.000000 -0.070873 0.000000 -0.071659 -0.071659 0.184790 0.000000 0.107967 0.107967 0.000000 0.000000 0.000000 0.000000 0.000000 
0.070312 0.329669 -0.000001 0.000000 -0.075040 0.000000 -0.075876 -0.075876 0.184778 0.000000 0.107977 0.107977 0.000000 0.000000 0.000000 0.000000 0.000000 
0.070312 0.329669 -0.000001 0.000000 -0.075040 0.000000 -0.075876 -0.075876 0.184778 0.000000 0.107977 0.107977 0.000000 0.000000 0.000000 0.000000 0.000000 
0.074219 0.335562 -0.000001 0.000000 -0.079208 0.000000 -0.080094 -0.080094 0.184765 0.000000 0.107988 0.107988 0.000000 0.000000 0.000000 0.000000 0.000000 
0.074219 0.335562 -0.000001 0.000000 -0.079208 0.000000 -0.080094 -0.080094 0.184765 0.000000 0.107988 0.107988 0.000000 0.000000 0.000000 0.000000 0.000000 
0.078125 0.341455 -0.000001 0.000000 -0.083374 0.000000 -0.084313 -0.084313 0.184751 0.000000 0.108000 0.108000 0.000000 0.000000 0.000000 0.000000 0.000000 
0.078125 0.341455 -0.000001 0.000000 -0.083374 0.000000 -0.084313 -0.084313 0.184751 0.000000 0.108000 0.108000 0.000000 0.000000 0.000000 0.000000 0.000000 
0.082031 0.347347 -0.000001 0.000000 -0.087541 0.000000 -0.088532 -0.088532 0.184736 0.000000 0.108013 0.108013 0.000000 0.000000 0.000000 0.000000 0.000000 
0.082031 0.347347 -0.000001 0.000000 -0.087541 0.000000 -0.088532 -0.088532 0.184736 0.000000 0.108013 0.108013 0.000000 0.000000 0.000000 0.000000 0.000000 
0.085938 0.353239 -0.000001 0.000000 -0.091707 0.000000 -0.092751 -0.092751 0.184721 0.000000 0.108026 0.108026 0.000000 0.000000 0.000000 0.000000 0.000000 
0.085938 0.353239 -0.000001 0.000000 -0.091707 0.000000 -0.092751 -0.092751 0.184721 0.000000 0.108026 0.108026 0.000000 0.000000 0.000000 0.000000 0.000000 
0.089844 0.359130 -0.000001 0.000000 -0.095873 0.000000 -0.096971 -0.096971 0.184705 0.000000 0.108040 0.108040 0.000000 0.000000 0.000000 0.000000 0.000000 
0.089844 0.359130 -0.000001 0.000000 -0.095873 0.000000 -0.096971 -0.096971 0.184705 0.000000 0.108040 0.108040 0.000000 0.000000 0.000000 0.000000 0.000000 
0.093750 0.365021 -0.000001 0.000000 -0.100038 0.000000 -0.101192 -0.101192 0.184688 0.000000 0.108055 0.108055 0.000000 0.000000 0.000000 0.000000 0.000000 
0.093750 0.365021 -0.000001 0.000000 -0.100038 0.000000 -0.101192 -0.101192 0.184688 0.000000 0.108055 0.108055 0.000000 0.000000 0.000000 0.000000 0.000000 
0.097656 0.370911 -0.000001 0.000000 -0.104203 0.000000 -0.105413 -0.105413 0.184670 0.000000 0.108070 0.108070 0.000000 0.000000 0.000000 0.000000 0.000000 
0.097656 0.370911 -0.000001 0.000000 -0.104203 0.000000 -0.105413 -0.105413 0.184670 0.000000 0.108070 0.108070 0.000000 0.000000 0.000000 0.000000 0.000000 
0.101562 0.376801 -0.000001 0.000000 -0.108368 0.000000 -0.109635 -0.109635 0.184652 0.000000 0.108086 0.108086 0.000000 0.000000 0.000000 0.000000 0.000000 
0.101562 0.376801 -0.000001 0.000000 -0.108368 0.000000 -0.109635 -0.109635 0.184652 0.000000 0.108086 0.108086 0.000000 0.000000 0.000000 0.000000 0.000000 
0.105469 0.382690 -0.000001 0.000000 -0.112532 0.000000 -0.113857 -0.113857 0.184632 0.000000 0.108103 0.108103 0.000000 0.000000 0.000000 0.000000 0.000000 
0.105469 0.382690 -0.000001 0.000000 -0.112532 0.000000 -0.113857 -0.113857 0.184632 0.000000 0.108103 0.108103 0.000000 0.000000 0.000000 0.000000 0.000000 
0.109375 0.388578 -0.000001 0.000000 -0.116696 0.000000 -0.118081 -0.118081 0.184612 0.000000 0.108121 0.108121 0.000000 0.000000 0.000000 0.000000 0.000000 
0.109375 0.388578 -0.000001 0.000000 -0.116696 0.000000 -0.118081 -0.118081 0.184612 0.000000 0.108121 0.108121 0.000000 0.000000 0.000000 0.000000 0.000000 
0.113281 0.394466 -0.000001 0.000000 -0.120859 0.000000 -0.122304 -0.122304 0.184590 0.000000 0.108139 0.108139 0.000000 0.000000 0.000000 0.000000 0.000000 
0.113281 0.394466 -0.000001 0.000000 -0.120859 0.000000 -0.122304 -0.122304 0.184590 0.000000 0.108139 0.108139 0.000000 0.000000 0.000000 0.000000 0.000000 
0.117188 0.400353 -0.000001 0.000000 -0.125022 0.000000 -0.126529 -0.126529 0.184568 0.000000 0.108158 0.108158 0.000000 0.000000 0.000000 0.000000 0.000000 
0.117188 0.400353 -0.000001 0.000000 -0.125022 0.000000 -0.126529 -0.126529 0.184568 0.000000 0.108158 0.108158 0.000000 0.000000 0.000000 0.000000 0.000000 
0.121094 0.406239 -0.000001 0.000000 -0.129184 0.000000 -0.130754 -0.130754 0.184545 0.000000 0.108178 0.108178 0.000000 0.000000 0.000000 0.000000 0.000000 
0.121094 0.406239 -0.000001 0.000000 -0.129184 0.000000 -0.130754 -0.130754 0.184545 0.000000 0.108178 0.108178 0.000000 0.000000 0.000000 0.000000 0.000000 
0.125000 0.412125 -0.000001 0.000000 -0.133346 0.000000 -0.134980 -0.134980 0.184521 0.000000 0.108199 0.108199 0.000000 0.000000 0.000000 0.000000 0.000000 
0.125000 0.412125 -0.000001 0.000000 -0.133346 0.000000 -0.134980 -0.134980 0.184521 0.000000 0.108199 0.108199 0.000000 0.000000 0.000000 0.000000 0.000000 
0.128906 0.418010 -0.000001 0.000000 -0.137507 0.000000 -0.139207 -0.139207 0.184496 0.000000 0.108221 0.108221 0.000000 0.000000 0.000000 0.000000 0.000000 
0.128906 0.418010 -0.000001 0.000000 -0.137507 0.000000 -0.139207 -0.139207 0.184496 0.000000 0.108221 0.108221 0.000000 0.000000 0.000000 0.000000 0.000000 
0.132812 0.423894 -0.000001 0.000000 -0.141668 0.000000 -0.143435 -0.143435 0.184470 0.000000 0.108243 0.108243 0.000000 0.000000 0.000000 0.000000 0.000000 
0.132812 0.423894 -0.000001 0.000000 -0.141668 0.000000 -0.143435 -0.143435 0.184470 0.000000 0.108243 0.108243 0.000000 0.000000 0.000000 0.000000 0.000000 
0.136719 0.429777 -0.000001 0.000000 -0.145828 0.000000 -0.147664 -0.147664 0.184443 0.000000 0.108267 0.108267 0.000000 0.000000 0.000000 0.000000 0.000000 
0.136719 0.429777 -0.000001 0.000000 -0.145828 0.000000 -0.147664 -0.147664 0.184443 0.000000 0.108267 0.108267 0.000000 0.000000 0.000000 0.000000 0.000000 
0.140625 0.435659 -0.000001 0.000000 -0.149987 0.000000 -0.151894 -0.151894 0.184415 0.000000 0.108291 0.108291 0.000000 0.000000 0.000000 0.000000 0.000000 
0.140625 0.435659 -0.000001 0.000000 -0.149987 0.000000 -0.151894 -0.151894 0.184415 0.000000 0.108291 0.108291 0.000000 0.000000 0.000000 0.000000 0.000000 
0.144531 0.441541 -0.000001 0.000000 -0.154146 0.000000 -0.156124 -0.156124 0.184386 0.000000 0.108317 0.108317 0.000000 0.000000 0.000000 0.000000 0.000000 
0.144531 0.441541 -0.000001 0.000000 -0.154146 0.000000 -0.156124 -0.156124 0.184386 0.000000 0.108317 0.108317 0.000000 0.000000 0.000000 0.000000 0.000000 
0.148438 0.447421 -0.000001 0.000000 -0.158304 0.000000 -0.160356 -0.160356 0.184355 0.000000 0.108343 0.108343 0.000000 0.000000 0.000000 0.000000 0.000000 
0.148438 0.447421 -0.000001 0.000000 -0.158304 0.000000 -0.160356 -0.160356 0.184355 0.000000 0.108343 0.108343 0.000000 0.000000 0.000000 0.000000 0.000000 
0.152344 0.453300 -0.000001 0.000000 -0.162461 0.000000 -0.164588 -0.164588 0.184324 0.000000 0.108370 0.108370 0.000000 0.000000 0.000000 0.000000 0.000000 
0.152344 0.453300 -0.000001 0.000000 -0.162461 0.000000 -0.164588 -0.164588 0.184324 0.000000 0.108370 0.108370 0.000000 0.000000 0.000000 0.000000 0.000000 
0.156250 0.459179 -0.000001 0.000000 -0.166618 0.000000 -0.168822 -0.168822 0.184291 0.000000 0.108398 0.108398 0.000000 0.000000 0.000000 0.000000 0.000000 
0.156250 0.459179 -0.000001 0.000000 -0.166618 0.000000 -0.168822 -0.168822 0.184291 0.000000 0.108398 0.108398 0.000000 0.000000 0.000000 0.000000 0.000000 
0.160156 0.465056 -0.000001 0.000000 -0.170774 0.000000 -0.173057 -0.173057 0.184257 0.000000 0.108427 0.108427 0.000000 0.000000 0.000000 0.000000 0.000000 
0.160156 0.465056 -0.000001 0.000000 -0.170774 0.000000 -0.173057 -0.173057 0.184257 0.000000 0.108427 0.108427 0.000000 0.000000 0.000000 0.000000 0.000000 
0.164062 0.470932 -0.000001 0.000000 -0.174929 0.000000 -0.177293 -0.177293 0.184223 0.000000 0.108458 0.108458 0.000000 0.000000 0.000000 0.000000 0.000000 
0.164062 0.470932 -0.000001 0.000000 -0.174929 0.000000 -0.177293 -0.177293 0.184223 0.000000 0.108458 0.108458 0.000000 0.000000 0.000000 0.000000 0.000000 
0.167969 0.476807 -0.000001 0.000000 -0.179083 0.000000 -0.181530 -0.181530 0.184186 0.000000 0.108489 0.108489 0.000000 0.000000 0.000000 0.000000 0.000000 
0.167969 0.476807 -0.000001 0.000000 -0.179083 0.000000 -0.181530 -0.181530 0.184186 0.000000 0.108489 0.108489 0.000000 0.000000 0.000000 0.000000 0.000000 
0.171875 0.482681 -0.000001 0.000000 -0.183236 0.000000 -0.185769 -0.185769 0.184149 0.000000 0.108521 0.108521 0.000000 0.000000 0.000000 0.000000 0.000000 
0.171875 0.482681 -0.000001 0.000000 -0.183236 0.000000 -0.185769 -0.185769 0.184149 0.000000 0.108521 0.108521 0.000000 0.000000 0.000000 0.000000 0.000000 
0.175781 0.488554 -0.000001 0.000000 -0.187389 0.000000 -0.190009 -0.190009 0.184110 0.000000 0.108555 0.108555 0.000000 0.000000 0.000000 0.000000 0.000000 
0.175781 0.488554 -0.000001 0.000000 -0.187389 0.000000 -0.190009 -0.190009 0.184110 0.000000 0.108555 0.108555 0.000000 0.000000 0.000000 0.000000 0.000000 
0.179688 0.494425 -0.000001 0.000000 -0.191541 0.000000 -0.194250 -0.194250 0.184070 0.000000 0.108590 0.108590 0.000000 0.000000 0.000000 0.000000 0.000000 
0.179688 0.494425 -0.000001 0.000000 -0.191541 0.000000 -0.194250 -0.194250 0.184070 0.000000 0.108590 0.108590 0.000000 0.000000 0.000000 0.000000 0.000000 
0.183594 0.500296 -0.000001 0.000000 -0.195692 0.000000 -0.198492 -0.198492 0.184029 0.000000 0.108626 0.108626 0.000000 0.000000 0.000000 0.000000 0.000000 
0.183594 0.500296 -0.000001 0.000000 -0.195692 0.000000 -0.198492 -0.198492 0.184029 0.000000 0.108626 0.108626 0.000000 0.000000 0.000000 0.000000 0.000000 
0.187500 0.506164 -0.000001 0.000000 -0.199842 0.000000 -0.202736 -0.202736 0.183986 0.000000 0.108663 0.108663 0.000000 0.000000 0.000000 0.000000 0.000000 
0.187500 0.506164 -0.000001 0.000000 -0.199842 0.000000 -0.202736 -0.202736 0.183986 0.000000 0.108663 0.108663 0.000000 0.000000 0.000000 0.000000 0.000000 
0.191406 0.512032 -0.000001 0.000000 -0.203990 0.000000 -0.206981 -0.206981 0.183942 0.000000 0.108701 0.108701 0.000000 0.000000 0.000000 0.000000 0.000000 
0.191406 0.512032 -0.000001 0.000000 -0.203990 0.000000 -0.206981 -0.206981 0.183942 0.000000 0.108701 0.108701 0.000000 0.000000 0.000000 0.000000 0.000000 
0.195312 0.517898 -0.000001 0.000000 -0.208138 0.000000 -0.211228 -0.211228 0.183896 0.000000 0.108741 0.108741 0.000000 0.000000 0.000000 0.000000 0.000000 
0.195312 0.517898 -0.000001 0.000000 -0.208138 0.000000 -0.211228 -0.211228 0.183896 0.000000 0.108741 0.108741 0.000000 0.000000 0.000000 0.000000 0.000000 
0.199219 0.523762 -0.000001 0.000000 -0.212285 0.000000 -0.215477 -0.215477 0.183849 0.000000 0.108781 0.108781 0.000000 0.000000 0.000000 0.000000 0.000000 
0.199219 0.523762 -0.000001 0.000000 -0.212285 0.000000 -0.215477 -0.215477 0.183849 0.000000 0.108781 0.108781 0.000000 0.000000 0.000000 0.000000 0.000000 
0.203125 0.529625 -0.000001 0.000000 -0.216431 0.000000 -0.219727 -0.219727 0.183800 0.000000 0.108824 0.108824 0.000000 0.000000 0.000000 0.000000 0.000000 
0.203125 0.529625 -0.000001 0.000000 -0.216431 0.000000 -0.219727 -0.219727 0.183800 0.000000 0.108824 0.108824 0.000000 0.000000 0.000000 0.000000 0.000000 
0.207031 0.535487 -0.000001 0.000000 -0.220576 0.000000 -0.223979 -0.223979 0.183750 0.000000 0.108867 0.108867 0.000000 0.000000 0.000000 0.000000 0.000000 
0.207031 0.535487 -0.000001 0.000000 -0.220576 0.000000 -0.223979 -0.223979 0.183750 0.000000 0.108867 0.108867 0.000000 0.000000 0.000000 0.000000 0.000000 
0.210938 0.541346 -0.000001 0.000000 -0.224719 0.000000 -0.228232 -0.228232 0.183698 0.000000 0.108912 0.108912 0.000000 0.000000 0.000000 0.000000 0.000000 
0.210938 0.541346 -0.000001 0.000000 -0.224719 0.000000 -0.228232 -0.228232 0.183698 0.000000 0.108912 0.108912 0.000000 0.000000 0.000000 0.000000 0.000000 
0.214844 0.547204 -0.000001 0.000000 -0.228861 0.000000 -0.232487 -0.232487 0.183644 0.000000 0.108959 0.108959 0.000000 0.000000 0.000000 0.000000 0.000000 
0.214844 0.547204 -0.000001 0.000000 -0.228861 0.000000 -0.232487 -0.232487 0.183644 0.000000 0.108959 0.108959 0.000000 0.000000 0.000000 0.000000 0.000000 
0.218750 0.553061 -0.000001 0.000000 -0.233002 0.000000 -0.236745 -0.236745 0.183589 0.000000 0.109007 0.109007 0.000000 0.000000 0.000000 0.000000 0.000000 
0.218750 0.553061 -0.000001 0.000000 -0.233002 0.000000 -0.236745 -0.236745 0.183589 0.000000 0.109007 0.109007 0.000000 0.000000 0.000000 0.000000 0.000000 
0.222656 0.558915 -0.000001 0.000000 -0.237142 0.000000 -0.241004 -0.241004 0.183531 0.000000 0.109056 0.109056 0.000000 0.000000 0.000000 0.000000 0.000000 
0.222656 0.558915 -0.000001 0.000000 -0.237142 0.000000 -0.241004 -0.241004 0.183531 0.000000 0.109056 0.109056 0.000000 0.000000 0.000000 0.000000 0.000000 
0.226562 0.564768 -0.000001 0.000000 -0.241281 0.000000 -0.245265 -0.245265 0.183472 0.000000 0.109107 0.109107 0.000000 0.000000 0.000000 0.000000 0.000000 
0.226562 0.564768 -0.000001 0.000000 -0.241281 0.000000 -0.245265 -0.245265 0.183472 0.000000 0.109107 0.109107 0.000000 0.000000 0.000000 0.000000 0.000000 
0.230469 0.570619 -0.000001 0.000000 -0.245418 0.000000 -0.249528 -0.249528 0.183412 0.000000 0.109160 0.109160 0.000000 0.000000 0.000000 0.000000 0.000000 
0.230469 0.570619 -0.000001 0.000000 -0.245418 0.000000 -0.249528 -0.249528 0.183412 0.000000 0.109160 0.109160 0.000000 0.000000 0.000000 0.000000 0.000000 
0.234375 0.576468 -0.000001 0.000000 -0.249553 0.000000 -0.253793 -0.253793 0.183349 0.000000 0.109214 0.109214 0.000000 0.000000 0.000000 0.000000 0.000000 
0.234375 0.576468 -0.000001 0.000000 -0.249553 0.000000 -0.253793 -0.253793 0.183349 0.000000 0.109214 0.109214 0.000000 0.000000 0.000000 0.000000 0.000000 
0.238281 0.582314 -0.000001 0.000000 -0.253688 0.000000 -0.258060 -0.258060 0.183284 0.000000 0.109270 0.109270 0.000000 0.000000 0.000000 0.000000 0.000000 
0.238281 0.582314 -0.000001 0.000000 -0.253688 0.000000 -0.258060 -0.258060 0.183284 0.000000 0.109270 0.109270 0.000000 0.000000 0.000000 0.000000 0.000000 
0.242188 0.588159 -0.000001 0.000000 -0.257821 0.000000 -0.262330 -0.262330 0.183217 0.000000 0.109328 0.109328 0.000000 0.000000 0.000000 0.000000 0.000000 
0.242188 0.588159 -0.000001 0.000000 -0.257821 0.000000 -0.262330 -0.262330 0.183217 0.000000 0.109328 0.109328 0.000000 0.000000 0.000000 0.000000 0.000000 
0.246094 0.594002 -0.000001 0.000000 -0.261952 0.000000 -0.266601 -0.266601 0.183149 0.000000 0.109388 0.109388 0.000000 0.000000 0.000000 0.000000 0.000000 
0.246094 0.594002 -0.000001 0.000000 -0.261952 0.000000 -0.266601 -0.266601 0.183149 0.000000 0.109388 0.109388 0.000000 0.000000 0.000000 0.000000 0.000000 
0.250000 0.599842 -0.000001 0.000000 -0.266082 0.000000 -0.270876 -0.270876 0.183078 0.000000 0.109449 0.109449 0.000000 0.000000 0.000000 0.000000 0.000000 
0.250000 0.599842 -0.000001 0.000000 -0.266082 0.000000 -0.270876 -0.270876 0.183078 0.000000 0.109449 0.109449 0.000000 0.000000 0.000000 0.000000 0.000000 
0.253906 0.605680 -0.000001 0.000000 -0.270210 0.000000 -0.275152 -0.275152 0.183004 0.000000 0.109513 0.109513 0.000000 0.000000 0.000000 0.000000 0.000000 
0.253906 0.605680 -0.000001 0.000000 -0.270210 0.000000 -0.275152 -0.275152 0.183004 0.000000 0.109513 0.109513 0.000000 0.000000 0.000000 0.000000 0.000000 
0.257812 0.611515 -0.000001 0.000000 -0.274336 0.000000 -0.279431 -0.279431 0.182929 0.000000 0.109578 0.109578 0.000000 0.000000 0.000000 0.000000 0.000000 
0.257812 0.611515 -0.000001 0.000000 -0.274336 0.000000 -0.279431 -0.279431 0.182929 0.000000 0.109578 0.109578 0.000000 0.000000 0.000000 0.000000 0.000000 
0.261719 0.617349 -0.000001 0.000000 -0.278461 0.000000 -0.283713 -0.283713 0.182851 0.000000 0.109645 0.109645 0.000000 0.000000 0.000000 0.000000 0.000000 
0.261719 0.617349 -0.000001 0.000000 -0.278461 0.000000 -0.283713 -0.283713 0.182851 0.000000 0.109645 0.109645 0.000000 0.000000 0.000000 0.000000 0.000000 
0.265625 0.623179 -0.000002 0.000000 -0.282584 0.000000 -0.287997 -0.287997 0.182771 0.000000 0.109715 0.109715 0.000000 0.000000 0.000000 0.000000 0.000000 
0.265625 0.623179 -0.000002 0.000000 -0.282584 0.000000 -0.287997 -0.287997 0.182771 0.000000 0.109715 0.109715 0.000000 0.000000 0.000000 0.000000 0.000000 
0.269531 0.629007 -0.000002 0.000000 -0.286705 0.000000 -0.292284 -0.292284 0.182688 0.000000 0.109786 0.109786 0.000000 0.000000 0.000000 0.000000 0.000000 
0.269531 0.629007 -0.000002 0.000000 -0.286705 0.000000 -0.292284 -0.292284 0.182688 0.000000 0.109786 0.109786 0.000000 0.000000 0.000000 0.000000 0.000000 
0.273438 0.634833 -0.000002 0.000000 -0.290824 0.000000 -0.296574 -0.296574 0.182603 0.000000 0.109860 0.109860 0.000000 0.000000 0.000000 0.000000 0.000000 
0.273438 0.634833 -0.000002 0.000000 -0.290824 0.000000 -0.296574 -0.296574 0.182603 0.000000 0.109860 0.109860 0.000000 0.000000 0.000000 0.000000 0.000000 
0.277344 0.640655 -0.000002 0.000000 -0.294941 0.000000 -0.300867 -0.300867 0.182515 0.000000 0.109936 0.109936 0.000000 0.000000 0.000000 0.000000 0.000000 
0.277344 0.640655 -0.000002 0.000000 -0.294941 0.000000 -0.300867 -0.300867 0.182515 0.000000 0.109936 0.109936 0.000000 0.000000 0.000000 0.000000 0.000000 
0.281250 0.646475 -0.000002 0.000000 -0.299056 0.000000 -0.305163 -0.305163 0.182425 0.000000 0.110014 0.110014 0.000000 0.000000 0.000000 0.000000 0.000000 
0.281250 0.646475 -0.000002 0.000000 -0.299056 0.000000 -0.305163 -0.305163 0.182425 0.000000 0.110014 0.110014 0.000000 0.000000 0.000000 0.000000 0.000000 
0.285156 0.652292 -0.000002 0.000000 -0.303169 0.000000 -0.309462 -0.309462 0.182332 0.000000 0.110095 0.110095 0.000000 0.000000 0.000000 0.000000 0.000000 
0.285156 0.652292 -0.000002 0.000000 -0.303169 0.000000 -0.309462 -0.309462 0.182332 0.000000 0.110095 0.110095 0.000000 0.000000 0.000000 0.000000 0.000000 
0.289062 0.658106 -0.000002 0.000000 -0.307280 0.000000 -0.313764 -0.313764 0.182236 0.000000 0.110178 0.110178 0.000000 0.000000 0.000000 0.000000 0.000000 
0.289062 0.658106 -0.000002 0.000000 -0.307280 0.000000 -0.313764 -0.313764 0.182236 0.000000 0.110178 0.110178 0.000000 0.000000 0.000000 0.000000 0.000000 
0.292969 0.663916 -0.000002 0.000000 -0.311389 0.000000 -0.318070 -0.318070 0.182137 0.000000 0.110264 0.110264 0.000000 0.000000 0.000000 0.000000 0.000000 
0.292969 0.663916 -0.000002 0.000000 -0.311389 0.000000 -0.318070 -0.318070 0.182137 0.000000 0.110264 0.110264 0.000000 0.000000 0.000000 0.000000 0.000000 
0.296875 0.669724 -0.000002 0.000000 -0.315496 0.000000 -0.322379 -0.322379 0.182035 0.000000 0.110352 0.110352 0.000000 0.000000 0.000000 0.000000 0.000000 
0.296875 0.669724 -0.000002 0.000000 -0.315496 0.000000 -0.322379 -0.322379 0.182035 0.000000 0.110352 0.110352 0.000000 0.000000 0.000000 0.000000 0.000000 
0.300781 0.675528 -0.000002 0.000000 -0.319600 0.000000 -0.326691 -0.326691 0.181930 0.000000 0.110443 0.110443 0.000000 0.000000 0.000000 0.000000 0.000000 
0.300781 0.675528 -0.000002 0.000000 -0.319600 0.000000 -0.326691 -0.326691 0.181930 0.000000 0.110443 0.110443 0.000000 0.000000 0.000000 0.000000 0.000000 
0.304688 0.681329 -0.000002 0.000000 -0.323702 0.000000 -0.331007 -0.331007 0.181821 0.000000 0.110537 0.110537 0.000000 0.000000 0.000000 0.000000 0.000000 
0.304688 0.681329 -0.000002 0.000000 -0.323702 0.000000 -0.331007 -0.331007 0.181821 0.000000 0.110537 0.110537 0.000000 0.000000 0.000000 0.000000 0.000000 
0.308594 0.687126 -0.000002 0.000000 -0.327801 0.000000 -0.335327 -0.335327 0.181710 0.000000 0.110634 0.110634 0.000000 0.000000 0.000000 0.000000 0.000000 
0.308594 0.687126 -0.000002 0.000000 -0.327801 0.000000 -0.335327 -0.335327 0.181710 0.000000 0.110634 0.110634 0.000000 0.000000 0.000000 0.000000 0.000000 
0.312500 0.692920 -0.000002 0.000000 -0.331898 0.000000 -0.339651 -0.339651 0.181595 0.000000 0.110733 0.110733 0.000000 0.000000 0.000000 0.000000 0.000000 
0.312500 0.692920 -0.000002 0.000000 -0.331898 0.000000 -0.339651 -0.339651 0.181595 0.000000 0.110733 0.110733 0.000000 0.000000 0.000000 0.000000 0.000000 
0.316406 0.698710 -0.000002 0.000000 -0.335992 0.000000 -0.343978 -0.343978 0.181477 0.000000 0.110836 0.110836 0.000000 0.000000 0.000000 0.000000 0.000000 
0.316406 0.698710 -0.000002 0.000000 -0.335992 0.000000 -0.343978 -0.343978 0.181477 0.000000 0.110836 0.110836 0.000000 0.000000 0.000000 0.000000 0.000000 
0.320312 0.704496 -0.000002 0.000000 -0.340083 0.000000 -0.348310 -0.348310 0.181355 0.000000 0.110941 0.110941 0.000000 0.000000 0.000000 0.000000 0.000000 
0.320312 0.704496 -0.000002 0.000000 -0.340083 0.000000 -0.348310 -0.348310 0.181355 0.000000 0.110941 0.110941 0.000000 0.000000 0.000000 0.000000 0.000000 
0.324219 0.710278 -0.000002 0.000000 -0.344172 0.000000 -0.352645 -0.352645 0.181229 0.000000 0.111050 0.111050 0.000000 0.000000 0.000000 0.000000 0.000000 
0.324219 0.710278 -0.000002 0.000000 -0.344172 0.000000 -0.352645 -0.352645 0.181229 0.000000 0.111050 0.111050 0.000000 0.000000 0.000000 0.000000 0.000000 
0.328125 0.716057 -0.000002 0.000000 -0.348258 0.000000 -0.356986 -0.356986 0.181100 0.000000 0.111162 0.111162 0.000000 0.000000 0.000000 0.000000 0.000000 
0.328125 0.716057 -0.000002 0.000000 -0.348258 0.000000 -0.356986 -0.356986 0.181100 0.000000 0.111162 0.111162 0.000000 0.000000 0.000000 0.000000 0.000000 
0.332031 0.721830 -0.000002 0.000000 -0.352341 0.000000 -0.361330 -0.361330 0.180967 0.000000 0.111277 0.111277 0.000000 0.000000 0.000000 0.000000 0.000000 
0.332031 0.721830 -0.000002 0.000000 -0.352341 0.000000 -0.361330 -0.361330 0.180967 0.000000 0.111277 0.111277 0.000000 0.000000 0.000000 0.000000 0.000000 
0.335938 0.727600 -0.000002 0.000000 -0.356420 0.000000 -0.365679 -0.365679 0.180830 0.000000 0.111396 0.111396 0.000000 0.000000 0.000000 0.000000 0.000000 
0.335938 0.727600 -0.000002 0.000000 -0.356420 0.000000 -0.365679 -0.365679 0.180830 0.000000 0.111396 0.111396 0.000000 0.000000 0.000000 0.000000 0.000000 
0.339844 0.733365 -0.000002 0.000000 -0.360497 0.000000 -0.370033 -0.370033 0.180689 0.000000 0.111518 0.111518 0.000000 0.000000 0.000000 0.000000 0.000000 
0.339844 0.733365 -0.000002 0.000000 -0.360497 0.000000 -0.370033 -0.370033 0.180689 0.000000 0.111518 0.111518 0.000000 0.000000 0.000000 0.000000 0.000000 
0.343750 0.739126 -0.000002 0.000000 -0.364570 0.000000 -0.374392 -0.374392 0.180543 0.000000 0.111644 0.111644 0.000000 0.000000 0.000000 0.000000 0.000000 
0.343750 0.739126 -0.000002 0.000000 -0.364570 0.000000 -0.374392 -0.374392 0.180543 0.000000 0.111644 0.111644 0.000000 0.000000 0.000000 0.000000 0.000000 
0.347656 0.744882 -0.000002 0.000000 -0.368640 0.000000 -0.378755 -0.378755 0.180393 0.000000 0.111774 0.111774 0.000000 0.000000 0.000000 0.000000 0.000000 
0.347656 0.744882 -0.000002 0.000000 -0.368640 0.000000 -0.378755 -0.378755 0.180393 0.000000 0.111774 0.111774 0.000000 0.000000 0.000000 0.000000 0.000000 
0.351562 0.750633 -0.000002 0.000000 -0.372707 0.000000 -0.383124 -0.383124 0.180239 0.000000 0.111908 0.111908 0.000000 0.000000 0.000000 0.000000 0.000000 
0.351562 0.750633 -0.000002 0.000000 -0.372707 0.000000 -0.383124 -0.383124 0.180239 0.000000 0.111908 0.111908 0.000000 0.000000 0.000000 0.000000 0.000000 
0.355469 0.756379 -0.000002 0.000000 -0.376770 0.000000 -0.387498 -0.387498 0.180080 0.000000 0.112045 0.112045 0.000000 0.000000 0.000000 0.000000 0.000000 
0.355469 0.756379 -0.000002 0.000000 -0.376770 0.000000 -0.387498 -0.387498 0.180080 0.000000 0.112045 0.112045 0.000000 0.000000 0.000000 0.000000 0.000000 
0.359375 0.762120 -0.000002 0.000000 -0.380830 0.000000 -0.391878 -0.391878 0.179916 0.000000 0.112187 0.112187 0.000000 0.000000 0.000000 0.000000 0.000000 
0.359375 0.762120 -0.000002 0.000000 -0.380830 0.000000 -0.391878 -0.391878 0.179916 0.000000 0.112187 0.112187 0.000000 0.000000 0.000000 0.000000 0.000000 
0.363281 0.767856 -0.000002 0.000000 -0.384885 0.000000 -0.396263 -0.396263 0.179748 0.000000 0.112333 0.112333 0.000000 0.000000 0.000000 0.000000 0.000000 
0.363281 0.767856 -0.000002 0.000000 -0.384885 0.000000 -0.396263 -0.396263 0.179748 0.000000 0.112333 0.112333 0.000000 0.000000 0.000000 0.000000 0.000000 
0.367188 0.773586 -0.000002 0.000000 -0.388937 0.000000 -0.400654 -0.400654 0.179574 0.000000 0.112483 0.112483 0.000000 0.000000 0.000000 0.000000 0.000000 
0.367188 0.773586 -0.000002 0.000000 -0.388937 0.000000 -0.400654 -0.400654 0.179574 0.000000 0.112483 0.112483 0.000000 0.000000 0.000000 0.000000 0.000000 
0.371094 0.779310 -0.000002 0.000000 -0.392985 0.000000 -0.405051 -0.405051 0.179395 0.000000 0.112638 0.112638 0.000000 0.000000 0.000000 0.000000 0.000000 
0.371094 0.779310 -0.000002 0.000000 -0.392985 0.000000 -0.405051 -0.405051 0.179395 0.000000 0.112638 0.112638 0.000000 0.000000 0.000000 0.000000 0.000000 
0.375000 0.785029 -0.000002 0.000000 -0.397029 0.000000 -0.409454 -0.409454 0.179211 0.000000 0.112798 0.112798 0.000000 0.000000 0.000000 0.000000 0.000000 
0.375000 0.785029 -0.000002 0.000000 -0.397029 0.000000 -0.409454 -0.409454 0.179211 0.000000 0.112798 0.112798 0.000000 0.000000 0.000000 0.000000 0.000000 
0.378906 0.790742 -0.000002 0.000000 -0.401068 0.000000 -0.413863 -0.413863 0.179022 0.000000 0.112962 0.112962 0.000000 0.000000 0.000000 0.000000 0.000000 
0.378906 0.790742 -0.000002 0.000000 -0.401068 0.000000 -0.413863 -0.413863 0.179022 0.000000 0.112962 0.112962 0.000000 0.000000 0.000000 0.000000 0.000000 
0.382812 0.796449 -0.000002 0.000000 -0.405104 0.000000 -0.418279 -0.418279 0.178826 0.000000 0.113131 0.113131 0.000000 0.000000 0.000000 0.000000 0.000000 
0.382812 0.796449 -0.000002 0.000000 -0.405104 0.000000 -0.418279 -0.418279 0.178826 0.000000 0.113131 0.113131 0.000000 0.000000 0.000000 0.000000 0.000000 
0.386719 0.802149 -0.000002 0.000000 -0.409135 0.000000 -0.422701 -0.422701 0.178625 0.000000 0.113305 0.113305 0.000000 0.000000 0.000000 0.000000 0.000000 
0.386719 0.802149 -0.000002 0.000000 -0.409135 0.000000 -0.422701 -0.422701 0.178625 0.000000 0.113305 0.113305 0.000000 0.000000 0.000000 0.000000 0.000000 
0.390625 0.807843 -0.000002 0.000000 -0.413161 0.000000 -0.427131 -0.427131 0.178418 0.000000 0.113484 0.113484 0.000000 0.000000 0.000000 0.000000 0.000000 
0.390625 0.807843 -0.000002 0.000000 -0.413161 0.000000 -0.427131 -0.427131 0.178418 0.000000 0.113484 0.113484 0.000000 0.000000 0.000000 0.000000 0.000000 
0.394531 0.813530 -0.000002 0.000000 -0.417182 0.000000 -0.431567 -0.431567 0.178205 0.000000 0.113669 0.113669 0.000000 0.000000 0.000000 0.000000 0.000000 
0.394531 0.813530 -0.000002 0.000000 -0.417182 0.000000 -0.431567 -0.431567 0.178205 0.000000 0.113669 0.113669 0.000000 0.000000 0.000000 0.000000 0.000000 
0.398438 0.819210 -0.000002 0.000000 -0.421199 0.000000 -0.436011 -0.436011 0.177986 0.000000 0.113859 0.113859 0.000000 0.000000 0.000000 0.000000 0.000000 
0.398438 0.819210 -0.000002 0.000000 -0.421199 0.000000 -0.436011 -0.436011 0.177986 0.000000 0.113859 0.113859 0.000000 0.000000 0.000000 0.000000 0.000000 
0.402344 0.824883 -0.000002 0.000000 -0.425210 0.000000 -0.440463 -0.440463 0.177760 0.000000 0.114055 0.114055 0.000000 0.000000 0.000000 0.000000 0.000000 
0.402344 0.824883 -0.000002 0.000000 -0.425210 0.000000 -0.440463 -0.440463 0.177760 0.000000 0.114055 0.114055 0.000000 0.000000 0.000000 0.000000 0.000000 
0.406250 0.830549 -0.000002 0.000000 -0.429217 0.000000 -0.444922 -0.444922 0.177527 0.000000 0.114256 0.114256 0.000000 0.000000 0.000000 0.000000 0.000000 
0.406250 0.830549 -0.000002 0.000000 -0.429217 0.000000 -0.444922 -0.444922 0.177527 0.000000 0.114256 0.114256 0.000000 0.000000 0.000000 0.000000 0.000000 
0.410156 0.836208 -0.000002 0.000000 -0.433218 0.000000 -0.449389 -0.449389 0.177287 0.000000 0.114464 0.114464 0.000000 0.000000 0.000000 0.000000 0.000000 
0.410156 0.836208 -0.000002 0.000000 -0.433218 0.000000 -0.449389 -0.449389 0.177287 0.000000 0.114464 0.114464 0.000000 0.000000 0.000000 0.000000 0.000000 
0.414062 0.841858 -0.000002 0.000000 -0.437213 0.000000 -0.453864 -0.453864 0.177041 0.000000 0.114677 0.114677 0.000000 0.000000 0.000000 0.000000 0.000000 
0.414062 0.841858 -0.000002 0.000000 -0.437213 0.000000 -0.453864 -0.453864 0.177041 0.000000 0.114677 0.114677 0.000000 0.000000 0.000000 0.000000 0.000000 
0.417969 0.847501 -0.000002 0.000000 -0.441203 0.000000 -0.458348 -0.458348 0.176787 0.000000 0.114897 0.114897 0.000000 0.000000 0.000000 0.000000 0.000000 
0.417969 0.847501 -0.000002 0.000000 -0.441203 0.000000 -0.458348 -0.458348 0.176787 0.000000 0.114897 0.114897 0.000000 0.000000 0.000000 0.000000 0.000000 
0.421875 0.853135 -0.000002 0.000000 -0.445187 0.000000 -0.462841 -0.462841 0.176525 0.000000 0.115124 0.115124 0.000000 0.000000 0.000000 0.000000 0.000000 
0.421875 0.853135 -0.000002 0.000000 -0.445187 0.000000 -0.462841 -0.462841 0.176525 0.000000 0.115124 0.115124 0.000000 0.000000 0.000000 0.000000 0.000000 
0.425781 0.858761 -0.000002 0.000000 -0.449165 0.000000 -0.467343 -0.467343 0.176256 0.000000 0.115357 0.115357 0.000000 0.000000 0.000000 0.000000 0.000000 
0.425781 0.858761 -0.000002 0.000000 -0.449165 0.000000 -0.467343 -0.467343 0.176256 0.000000 0.115357 0.115357 0.000000 0.000000 0.000000 0.000000 0.000000 
0.429688 0.864378 -0.000002 0.000000 -0.453137 0.000000 -0.471853 -0.471853 0.175978 0.000000 0.115597 0.115597 0.000000 0.000000 0.000000 0.000000 0.000000 
0.429688 0.864378 -0.000002 0.000000 -0.453137 0.000000 -0.471853 -0.471853 0.175978 0.000000 0.115597 0.115597 0.000000 0.000000 0.000000 0.000000 0.000000 
0.433594 0.869986 -0.000002 0.000000 -0.457103 0.000000 -0.476374 -0.476374 0.175693 0.000000 0.115845 0.115845 0.000000 0.000000 0.000000 0.000000 0.000000 
0.433594 0.869986 -0.000002 0.000000 -0.457103 0.000000 -0.476374 -0.476374 0.175693 0.000000 0.115845 0.115845 0.000000 0.000000 0.000000 0.000000 0.000000 
0.437500 0.875585 -0.000002 0.000000 -0.461062 0.000000 -0.480904 -0.480904 0.175399 0.000000 0.116099 0.116099 0.000000 0.000000 0.000000 0.000000 0.000000 
0.437500 0.875585 -0.000002 0.000000 -0.461062 0.000000 -0.480904 -0.480904 0.175399 0.000000 0.116099 0.116099 0.000000 0.000000 0.000000 0.000000 0.000000 
0.441406 0.881175 -0.000002 0.000000 -0.465014 0.000000 -0.485444 -0.485444 0.175096 0.000000 0.116361 0.116361 0.000000 0.000000 0.000000 0.000000 0.000000 
0.441406 0.881175 -0.000002 0.000000 -0.465014 0.000000 -0.485444 -0.485444 0.175096 0.000000 0.116361 0.116361 0.000000 0.000000 0.000000 0.000000 0.000000 
0.445312 0.886754 -0.000002 0.000000 -0.468960 0.000000 -0.489995 -0.489995 0.174784 0.000000 0.116631 0.116631 0.000000 0.000000 0.000000 0.000000 0.000000 
0.445312 0.886754 -0.000002 0.000000 -0.468960 0.000000 -0.489995 -0.489995 0.174784 0.000000 0.116631 0.116631 0.000000 0.000000 0.000000 0.000000 0.000000 
0.449219 0.892324 -0.000002 0.000000 -0.472898 0.000000 -0.494556 -0.494556 0.174464 0.000000 0.116909 0.116909 0.000000 0.000000 0.000000 0.000000 0.000000 
0.449219 0.892324 -0.000002 0.000000 -0.472898 0.000000 -0.494556 -0.494556 0.174464 0.000000 0.116909 0.116909 0.000000 0.000000 0.000000 0.000000 0.000000 
0.453125 0.897883 -0.000002 0.000000 -0.476829 0.000000 -0.499128 -0.499128 0.174133 0.000000 0.117195 0.117195 0.000000 0.000000 0.000000 0.000000 0.000000 
0.453125 0.897883 -0.000002 0.000000 -0.476829 0.000000 -0.499128 -0.499128 0.174133 0.000000 0.117195 0.117195 0.000000 0.000000 0.000000 0.000000 0.000000 
0.457031 0.903431 -0.000002 0.000000 -0.480752 0.000000 -0.503712 -0.503712 0.173793 0.000000 0.117490 0.117490 0.000000 0.000000 0.000000 0.000000 0.000000 
0.457031 0.903431 -0.000002 0.000000 -0.480752 0.000000 -0.503712 -0.503712 0.173793 0.000000 0.117490 0.117490 0.000000 0.000000 0.000000 0.000000 0.000000 
0.460938 0.908969 -0.000002 0.000000 -0.484668 0.000000 -0.508307 -0.508307 0.173443 0.000000 0.117793 0.117793 0.000000 0.000000 0.000000 0.000000 0.000000 
0.460938 0.908969 -0.000002 0.000000 -0.484668 0.000000 -0.508307 -0.508307 0.173443 0.000000 0.117793 0.117793 0.000000 0.000000 0.000000 0.000000 0.000000 
0.464844 0.914495 -0.000002 0.000000 -0.488575 0.000000 -0.512915 -0.512915 0.173082 0.000000 0.118106 0.118106 0.000000 0.000000 0.000000 0.000000 0.000000 
0.464844 0.914495 -0.000002 0.000000 -0.488575 0.000000 -0.512915 -0.512915 0.173082 0.000000 0.118106 0.118106 0.000000 0.000000 0.000000 0.000000 0.000000 
0.468750 0.920009 -0.000002 0.000000 -0.492475 0.000000 -0.517535 -0.517535 0.172711 0.000000 0.118427 0.118427 0.000000 0.000000 0.000000 0.000000 0.000000 
0.468750 0.920009 -0.000002 0.000000 -0.492475 0.000000 -0.517535 -0.517535 0.172711 0.000000 0.118427 0.118427 0.000000 0.000000 0.000000 0.000000 0.000000 
0.472656 0.925512 -0.000002 0.000000 -0.496365 0.000000 -0.522167 -0.522167 0.172328 0.000000 0.118758 0.118758 0.000000 0.000000 0.000000 0.000000 0.000000 
0.472656 0.925512 -0.000002 0.000000 -0.496365 0.000000 -0.522167 -0.522167 0.172328 0.000000 0.118758 0.118758 0.000000 0.000000 0.000000 0.000000 0.000000 
0.476562 0.931002 -0.000002 0.000000 -0.500247 0.000000 -0.526813 -0.526813 0.171935 0.000000 0.119099 0.119099 0.000000 0.000000 0.000000 0.000000 0.000000 
0.476562 0.931002 -0.000002 0.000000 -0.500247 0.000000 -0.526813 -0.526813 0.171935 0.000000 0.119099 0.119099 0.000000 0.000000 0.000000 0.000000 0.000000 
0.480469 0.936479 -0.000002 0.000000 -0.504120 0.000000 -0.531472 -0.531472 0.171529 0.000000 0.119450 0.119450 0.000000 0.000000 0.000000 0.000000 0.000000 
0.480469 0.936479 -0.000002 0.000000 -0.504120 0.000000 -0.531472 -0.531472 0.171529 0.000000 0.119450 0.119450 0.000000 0.000000 0.000000 0.000000 0.000000 
0.484375 0.941943 -0.000002 0.000000 -0.507984 0.000000 -0.536145 -0.536145 0.171112 0.000000 0.119812 0.119812 0.000000 0.000000 0.000000 0.000000 0.000000 
0.484375 0.941943 -0.000002 0.000000 -0.507984 0.000000 -0.536145 -0.536145 0.171112 0.000000 0.119812 0.119812 0.000000 0.000000 0.000000 0.000000 0.000000 
0.488281 0.947394 -0.000002 0.000000 -0.511838 0.000000 -0.540832 -0.540832 0.170683 0.000000 0.120184 0.120184 0.000000 0.000000 0.000000 0.000000 0.000000 
0.488281 0.947394 -0.000002 0.000000 -0.511838 0.000000 -0.540832 -0.540832 0.170683 0.000000 0.120184 0.120184 0.000000 0.000000 0.000000 0.000000 0.000000 
0.492188 0.952831 -0.000002 0.000000 -0.515683 0.000000 -0.545534 -0.545534 0.170240 0.000000 0.120567 0.120567 0.000000 0.000000 0.000000 0.000000 0.000000 
0.492188 0.952831 -0.000002 0.000000 -0.515683 0.000000 -0.545534 -0.545534 0.170240 0.000000 0.120567 0.120567 0.000000 0.000000 0.000000 0.000000 0.000000 
0.496094 0.958253 -0.000002 0.000000 -0.519517 0.000000 -0.550252 -0.550252 0.169785 0.000000 0.120961 0.120961 0.000000 0.000000 0.000000 0.000000 0.000000 
0.496094 0.958253 -0.000002 0.000000 -0.519517 0.000000 -0.550252 -0.550252 0.169785 0.000000 0.120961 0.120961 0.000000 0.000000 0.000000 0.000000 0.000000 
0.500000 0.963659 -0.000003 0.000000 -0.523339 0.000000 -0.554987 -0.554987 0.169318 0.000000 0.121365 0.121365 0.000000 0.000000 0.000000 0.000000 0.000000 
