$MeshFormat
2.2 0 8
$EndMeshFormat
$Nodes
944
1 0.25 0 0
2 -0.25 0 0
3 -2 -0.5 0
4 2 -0.5 0
5 2 0.5 0
6 -2 0.5 0
7 0.2492293334333131 0.01961477393156595 0
8 0.2469220851488503 0.03910861625964159 0
9 0.2430924800995214 0.05836134096355033 0
10 0.2377641290739278 0.07725424859330771 0
11 0.2309698831280031 0.09567085809083445 0
12 0.222751631047324 0.1134976249344313 0
13 0.2131600410888124 0.130624641178515 0
14 0.2022542485940875 0.1469463130726356 0
15 0.1901014914004091 0.162362012082076 0
16 0.1767766952971036 0.1767766952961702 0
17 0.1623620120830729 0.1901014913995576 0
18 0.1469463130737089 0.2022542485933077 0
19 0.1306246411796309 0.2131600410881286 0
20 0.1134976249355919 0.2227516310467327 0
21 0.09567085809203614 0.2309698831275054 0
22 0.07725424859455612 0.2377641290735222 0
23 0.0583613409648522 0.2430924800992089 0
24 0.03910861626097653 0.2469220851486389 0
25 0.01961477393292848 0.2492293334332059 0
26 9.922216251924917e-13 0.25 0
27 -0.01961477393102349 0.2492293334333558 0
28 -0.03910861625920787 0.246922085148919 0
29 -0.05836134096319863 0.2430924800996059 0
30 -0.07725424859305854 0.2377641290740088 0
31 -0.09567085809067377 0.2309698831280697 0
32 -0.1134976249343577 0.2227516310473615 0
33 -0.1306246411785305 0.213160041088803 0
34 -0.1469463130727577 0.2022542485939988 0
35 -0.1623620120822476 0.1901014914002625 0
36 -0.1767766952964029 0.1767766952968708 0
37 -0.1901014913998377 0.162362012082745 0
38 -0.2022542485936234 0.1469463130732744 0
39 -0.21316004108848 0.1306246411790575 0
40 -0.2227516310470785 0.1134976249349131 0
41 -0.2309698831278325 0.09567085809124641 0
42 -0.2377641290738158 0.07725424859365262 0
43 -0.243092480099455 0.05836134096382718 0
44 -0.2469220851488248 0.0391086162598028 0
45 -0.2492293334333069 0.0196147739316445 0
46 -0.2492293334333131 -0.01961477393156595 0
47 -0.2469220851488503 -0.03910861625964159 0
48 -0.2430924800995214 -0.05836134096355033 0
49 -0.2377641290739278 -0.07725424859330771 0
50 -0.2309698831280031 -0.09567085809083445 0
51 -0.222751631047324 -0.1134976249344313 0
52 -0.2131600410888124 -0.130624641178515 0
53 -0.2022542485940875 -0.1469463130726356 0
54 -0.1901014914004091 -0.162362012082076 0
55 -0.1767766952971036 -0.1767766952961702 0
56 -0.1623620120830729 -0.1901014913995576 0
57 -0.1469463130737089 -0.2022542485933077 0
58 -0.1306246411796309 -0.2131600410881286 0
59 -0.1134976249355919 -0.2227516310467327 0
60 -0.09567085809203614 -0.2309698831275054 0
61 -0.07725424859455612 -0.2377641290735222 0
62 -0.0583613409648522 -0.2430924800992089 0
63 -0.03910861626097653 -0.2469220851486389 0
64 -0.01961477393292848 -0.2492293334332059 0
65 -9.922216251924917e-13 -0.25 0
66 0.01961477393102349 -0.2492293334333558 0
67 0.03910861625920787 -0.246922085148919 0
68 0.05836134096319863 -0.2430924800996059 0
69 0.07725424859305854 -0.2377641290740088 0
70 0.09567085809067377 -0.2309698831280697 0
71 0.1134976249343577 -0.2227516310473615 0
72 0.1306246411785305 -0.213160041088803 0
73 0.1469463130727577 -0.2022542485939988 0
74 0.1623620120822476 -0.1901014914002625 0
75 0.1767766952964029 -0.1767766952968708 0
76 0.1901014913998377 -0.162362012082745 0
77 0.2022542485936234 -0.1469463130732744 0
78 0.21316004108848 -0.1306246411790575 0
79 0.2227516310470785 -0.1134976249349131 0
80 0.2309698831278325 -0.09567085809124641 0
81 0.2377641290738158 -0.07725424859365262 0
82 0.243092480099455 -0.05836134096382718 0
83 0.2469220851488248 -0.0391086162598028 0
84 0.2492293334333069 -0.0196147739316445 0
85 -2 0.4000000000002774 0
86 -2 0.3000000000005548 0
87 -2 0.2000000000008322 0
88 -2 0.1000000000011096 0
89 -2 1.376121439022882e-12 0
90 -2 -0.09999999999889042 0
91 -2 -0.1999999999991677 0
92 -2 -0.2999999999994452 0
93 -2 -0.3999999999997227 0
94 -1.900000000000277 -0.5 0
95 -1.800000000000555 -0.5 0
96 -1.700000000000832 -0.5 0
97 -1.60000000000111 -0.5 0
98 -1.500000000001387 -0.5 0
99 -1.400000000001664 -0.5 0
100 -1.300000000001942 -0.5 0
101 -1.200000000002219 -0.5 0
102 -1.100000000002496 -0.5 0
103 -1.000000000002774 -0.5 0
104 -0.9000000000030515 -0.5 0
105 -0.8000000000033287 -0.5 0
106 -0.7000000000036062 -0.5 0
107 -0.6000000000038836 -0.5 0
108 -0.5000000000041611 -0.5 0
109 -0.4000000000044384 -0.5 0
110 -0.3000000000047156 -0.5 0
111 -0.2000000000049929 -0.5 0
112 -0.1000000000052705 -0.5 0
113 -5.504485756091526e-12 -0.5 0
114 0.09999999999472964 -0.5 0
115 0.1999999999950068 -0.5 0
116 0.299999999995284 -0.5 0
117 0.3999999999955617 -0.5 0
118 0.4999999999958389 -0.5 0
119 0.5999999999961165 -0.5 0
120 0.6999999999963937 -0.5 0
121 0.7999999999966709 -0.5 0
122 0.8999999999969486 -0.5 0
123 0.9999999999972258 -0.5 0
124 1.099999999997503 -0.5 0
125 1.199999999997781 -0.5 0
126 1.299999999998058 -0.5 0
127 1.399999999998336 -0.5 0
128 1.499999999998613 -0.5 0
129 1.599999999998891 -0.5 0
130 1.699999999999168 -0.5 0
131 1.799999999999445 -0.5 0
132 1.899999999999723 -0.5 0
133 2 -0.4000000000002774 0
134 2 -0.3000000000005548 0
135 2 -0.2000000000008322 0
136 2 -0.1000000000011096 0
137 2 -1.376121439022882e-12 0
138 2 0.09999999999889042 0
139 2 0.1999999999991677 0
140 2 0.2999999999994452 0
141 2 0.3999999999997227 0
142 1.900000000000277 0.5 0
143 1.800000000000555 0.5 0
144 1.700000000000832 0.5 0
145 1.60000000000111 0.5 0
146 1.500000000001387 0.5 0
147 1.400000000001664 0.5 0
148 1.300000000001942 0.5 0
149 1.200000000002219 0.5 0
150 1.100000000002496 0.5 0
151 1.000000000002774 0.5 0
152 0.9000000000030515 0.5 0
153 0.8000000000033287 0.5 0
154 0.7000000000036062 0.5 0
155 0.6000000000038836 0.5 0
156 0.5000000000041611 0.5 0
157 0.4000000000044384 0.5 0
158 0.3000000000047156 0.5 0
159 0.2000000000049929 0.5 0
160 0.1000000000052705 0.5 0
161 5.504485756091526e-12 0.5 0
162 -0.09999999999472964 0.5 0
163 -0.1999999999950068 0.5 0
164 -0.299999999995284 0.5 0
165 -0.3999999999955617 0.5 0
166 -0.4999999999958389 0.5 0
167 -0.5999999999961165 0.5 0
168 -0.6999999999963937 0.5 0
169 -0.7999999999966709 0.5 0
170 -0.8999999999969486 0.5 0
171 -0.9999999999972258 0.5 0
172 -1.099999999997503 0.5 0
173 -1.199999999997781 0.5 0
174 -1.299999999998058 0.5 0
175 -1.399999999998336 0.5 0
176 -1.499999999998613 0.5 0
177 -1.599999999998891 0.5 0
178 -1.699999999999168 0.5 0
179 -1.799999999999445 0.5 0
180 -1.899999999999723 0.5 0
181 -0.7067790110749552 -0.02134980595278137 0
182 0.7067790110749568 0.02134980595278187 0
183 0.5236672138461227 -0.1893204624155074 0
184 -0.5236672138461216 0.1893204624155069 0
185 0.4960647136596098 0.1987810741359055 0
186 -0.4960647136596094 -0.1987810741359053 0
187 -1.206233775859333 -0.003880046360497825 0
188 1.206233775859336 0.003880046360497848 0
189 0.4345110048658524 -0.01456462977407695 0
190 -0.4345110048658519 0.01456462977407692 0
191 0.3464124351719842 -0.2887731032004251 0
192 -0.3464124351719839 0.2887731032004249 0
193 0.3172981391274015 0.2553299750855557 0
194 -0.3172981391274012 -0.2553299750855555 0
195 0.3675996650025155 -0.1316285842257388 0
196 -0.3675996650025151 0.1316285842257386 0
197 0.3808634226571063 0.1074907599276295 0
198 -0.3808634226571059 -0.1074907599276294 0
199 -0.2196659211545952 0.3244223641688987 0
200 0.2196659211545953 -0.3244223641688987 0
201 0.198762615496386 0.3090179437209301 0
202 -0.1987626154963859 -0.3090179437209299 0
203 -1.576608275623942 -0.1102801954841896 0
204 1.576608275623943 0.1102801954841898 0
205 0.1191079813339654 0.3640670904801823 0
206 -0.1191079813339654 -0.3640670904801822 0
207 0.098528837297101 -0.3511497623173964 0
208 -0.098528837297101 0.3511497623173964 0
209 0.3523954315165885 0.01965301864373345 0
210 -0.3523954315165881 -0.01965301864373346 0
211 0.3125143035432801 0.1664347034399261 0
212 -0.3125143035432799 -0.166434703439926 0
213 -0.9744965156711813 0.1968718805057373 0
214 0.9744965156711829 -0.1968718805057367 0
215 -0.988952658966755 -0.2102509916130883 0
216 0.9889526589667563 0.2102509916130889 0
217 -1.471080782725438 0.1845946802394662 0
218 1.471080782725439 -0.184594680239466 0
219 0.2850629559168373 -0.2034330095693068 0
220 -0.2850629559168372 0.2034330095693067 0
221 0.3273732697818618 -0.05966374811887751 0
222 -0.3273732697818617 0.05966374811887747 0
223 0.2358834164100221 0.2302178428244677 0
224 -0.235883416410022 -0.2302178428244675 0
225 -0.21775082460857 0.2403593060420998 0
226 0.21775082460857 -0.2403593060420998 0
227 -0.008649797186549445 0.3253099163770454 0
228 0.008649797186549448 -0.3253099163770454 0
229 -0.7244413159094453 -0.2555478119017713 0
230 0.724441315909445 0.2555478119017719 0
231 -1.363433725501149 -0.2308973506523788 0
232 1.36343372550115 0.2308973506523788 0
233 -1.747254277189242 0.1324110292379866 0
234 1.747254277189243 -0.1324110292379867 0
235 -0.743402429754517 0.2872788214215662 0
236 0.7434024297545185 -0.2872788214215663 0
237 -1.200580205241496 0.2518614069065279 0
238 1.200580205241497 -0.251861406906528 0
239 0.3123008293830593 0.08710997554250177 0
240 -0.3123008293830591 -0.08710997554250174 0
241 -1.734821349964274 -0.2540120451829749 0
242 1.734821349964274 0.2540120451829753 0
243 0.2815876150934298 -0.1313541888901154 0
244 -0.2815876150934297 0.1313541888901154 0
245 -0.131635115956225 0.3045401164559745 0
246 0.131635115956225 -0.3045401164559746 0
247 0.1485906195844437 0.2878297933357355 0
248 -0.1485906195844436 -0.2878297933357355 0
249 -1.189113355395809 -0.2901521817396198 0
250 1.18911335539581 0.2901521817396207 0
251 0.5799755846531898 0.05127206800040481 0
252 -0.5799755846531887 -0.05127206800040474 0
253 -0.4646317207254538 -0.3396638988536902 0
254 0.4646317207254539 0.3396638988536903 0
255 -0.9332977602068498 -0.00884323138867703 0
256 0.9332977602068516 0.008843231388677694 0
257 0.1923710595886265 0.2356880681602938 0
258 -0.1923710595886265 -0.2356880681602937 0
259 -1.541838130297598 -0.2712833075094092 0
260 1.541838130297598 0.2712833075094097 0
261 -1.417407954887875 0.01499292757494738 0
262 1.417407954887876 -0.01499292757494769 0
263 -1.768822055692618 -0.04337142138568519 0
264 1.768822055692619 0.04337142138568482 0
265 1.651347032968808 -0.2875227484928305 0
266 -1.651347032968806 0.2875227484928307 0
267 0.2967933476297988 -0.01159019240422634 0
268 0.2883921368486037 0.02777622068429796 0
269 -0.2967933476297987 0.01159019240422632 0
270 -0.2883921368486036 -0.02777622068429794 0
271 -0.4640296609851381 0.3276873716685612 0
272 0.4640296609851388 -0.3276873716685615 0
273 0.04031494292510129 0.3020512500993447 0
274 -0.04031494292510128 -0.3020512500993447 0
275 -0.06355754758991618 0.3024850756471749 0
276 0.06355754758991618 -0.3024850756471749 0
277 0.1727114992999333 -0.2491757375697903 0
278 -0.1727114992999333 0.2491757375697902 0
279 0.246543984685292 0.1576193194839728 0
280 0.2615050330802434 0.1270587706378819 0
281 -0.2465439846852919 -0.1576193194839727 0
282 -0.2615050330802433 -0.1270587706378818 0
283 0.6591353720095052 -0.1296465555194318 0
284 -0.6591353720095037 0.1296465555194318 0
285 0.2357881894073953 -0.1818345189357634 0
286 -0.2357881894073953 0.1818345189357633 0
287 0.0753574118376114 0.2844395381386984 0
288 -0.0753574118376114 -0.2844395381386984 0
289 -1.84681120256239 0.3297486937014399 0
290 1.846811202562391 -0.3297486937014405 0
291 -0.3851672200098978 -0.1727441258015681 0
292 0.3851672200098982 0.1727441258015683 0
293 -1.327021925218804 0.3110517742821752 0
294 1.327021925218805 -0.3110517742821752 0
295 0.8429767206079847 0.321701010604199 0
296 -0.8429767206079845 -0.3217010106041986 0
297 -1.067415052316898 0.3291181484862264 0
298 1.067415052316899 -0.3291181484862262 0
299 0.4729098725988264 0.08024082251826144 0
300 -0.4729098725988258 -0.08024082251826128 0
301 -0.8245661191206268 -0.1353075058031186 0
302 0.8245661191206278 0.1353075058031194 0
303 0.5471731498339254 -0.06497767657900311 0
304 -0.5471731498339243 0.06497767657900298 0
305 -0.828675817303582 0.127617924510388 0
306 0.8286758173035835 -0.1276179245103874 0
307 -1.085204933800508 0.05026630488890474 0
308 1.085204933800509 -0.05026630488890434 0
309 -0.8941136408675653 0.3068516247453236 0
310 0.8941136408675664 -0.3068516247453231 0
311 0.2811055237477309 -0.07237051943206811 0
312 -0.2811055237477308 0.07237051943206811 0
313 -1.347345971495233 0.1288283325364338 0
314 1.347345971495234 -0.1288283325364341 0
315 1.600271405777104 -0.07326486787255915 0
316 -1.600271405777102 0.07326486787255891 0
317 -0.6254652995270461 -0.1869906260030865 0
318 0.6254652995270464 0.1869906260030868 0
319 1.138707998406476 0.1302978454254574 0
320 -1.138707998406473 -0.1302978454254567 0
321 -0.3165070269528606 -0.3750659771821329 0
322 0.3165070269528607 0.3750659771821331 0
323 0.6145030878710862 -0.2748102031162286 0
324 -0.6145030878710849 0.2748102031162279 0
325 -0.3070903944010329 0.3675424241746127 0
326 0.307090394401033 -0.3675424241746127 0
327 0.4598375624038242 -0.100585799920751 0
328 -0.4598375624038237 0.1005857999207509 0
329 -1.029421008307303 -0.338041041357907 0
330 1.029421008307304 0.3380410413579073 0
331 0.4229800322168795 -0.202677957724244 0
332 -0.4229800322168787 0.2026779577242435 0
333 -0.5935888584866664 -0.3387310508640985 0
334 0.5935888584866665 0.3387310508640986 0
335 0.2160471412289413 0.1980619032562081 0
336 -0.2160471412289413 -0.1980619032562081 0
337 -0.1992496774874031 0.2152735524541032 0
338 0.199249677487403 -0.2152735524541032 0
339 -0.09774054184492101 0.2796730290061843 0
340 0.09774054184492101 -0.2796730290061843 0
341 -0.009595285019775215 0.2896329821798082 0
342 0.00959528501977522 -0.2896329821798082 0
343 0.137932091596073 0.2599952727931151 0
344 -0.137932091596073 -0.259995272793115 0
345 0.2852782877471834 0.07964784939627827 0
346 -0.2852782877471834 -0.07964784939627825 0
347 0.4122925800774745 0.04963959309764516 0
348 -0.412292580077474 -0.04963959309764512 0
349 -1.288691078896314 -0.3482354233425369 0
350 1.288691078896315 0.3482354233425374 0
351 1.500768108655451 -0.3500190092957645 0
352 -1.50076810865545 0.3500190092957647 0
353 0.2540785950943248 -0.1406483378068506 0
354 -0.2540785950943247 0.1406483378068506 0
355 -1.818962375238256 0.04263665823869209 0
356 1.818962375238256 -0.04263665823869271 0
357 0.3880397438711376 -0.0794842563263939 0
358 -0.3880397438711372 0.07948425632639385 0
359 -1.311743153041115 -0.1064838989384967 0
360 1.311743153041117 0.1064838989384964 0
361 1.467563013845277 0.1671667109373477 0
362 -1.467563013845277 -0.1671667109373475 0
363 -1.434121651133414 -0.3516596283996647 0
364 1.434121651133414 0.3516596283996654 0
365 -1.672312113604125 -0.3701678889418836 0
366 1.672312113604125 0.3701678889418837 0
367 -0.573815685286782 -0.2654699168281653 0
368 0.5738156852867821 0.2654699168281655 0
369 -0.2832169994484306 0.04819972525256951 0
370 0.2832169994484306 -0.04819972525256953 0
371 1.894281470401435 0.1895075883226331 0
372 -1.894281470401435 -0.1895075883226326 0
373 -0.1726038694694791 -0.4096620706732508 0
374 0.1726038694694791 0.4096620706732509 0
375 -0.6814650155584449 0.3768237988219273 0
376 0.6814650155584463 -0.3768237988219277 0
377 -1.915089835109549 0.2213772529900082 0
378 1.915089835109549 -0.2213772529900085 0
379 1.094056645725214 -0.164122878424774 0
380 -1.094056645725213 0.1641228784247742 0
381 1.223566960073987 -0.3567423497944323 0
382 -1.223566960073987 0.3567423497944323 0
383 -0.4441220100392903 -0.2812349172284629 0
384 0.4441220100392905 0.2812349172284631 0
385 -0.1921934445723033 0.430364956320128 0
386 0.1921934445723032 -0.430364956320128 0
387 -1.022691829439279 -0.0744521706775042 0
388 1.022691829439281 0.07445217067750441 0
389 -0.773585390714852 -0.4132720190833726 0
390 0.7735853907148521 0.4132720190833726 0
391 0.2789159824949629 -0.297416757496211 0
392 -0.2789159824949628 0.2974167574962109 0
393 0.02809766918295537 -0.4192828980029333 0
394 -0.02809766918295537 0.4192828980029333 0
395 0.282291445021897 0.009608738034657668 0
396 -0.2822914450218969 -0.009608738034657663 0
397 -0.2517745665069561 -0.2960657348727654 0
398 0.2517745665069561 0.2960657348727656 0
399 -1.665191769766723 -0.2102564268790738 0
400 1.665191769766724 0.2102564268790745 0
401 0.2464529329105232 0.1379980716093537 0
402 -0.2464529329105231 -0.1379980716093537 0
403 0.6383819236719158 -0.01811054575399541 0
404 -0.6383819236719144 0.01811054575399556 0
405 0.3492205565439151 0.07178604436039361 0
406 -0.3492205565439147 -0.07178604436039354 0
407 -1.707867190244388 0.02027541902683921 0
408 1.707867190244389 -0.02027541902683973 0
409 -1.180618246772384 0.1250490398160783 0
410 1.180618246772386 -0.1250490398160783 0
411 -1.61079363788011 0.1751594156992015 0
412 1.610793637880112 -0.1751594156992016 0
413 0.3404151117903209 -0.199428368619294 0
414 -0.3404151117903206 0.1994283686192938 0
415 1.239856722166019 0.1962183069249211 0
416 -1.239856722166016 -0.1962183069249197 0
417 -0.4359743509462469 -0.1411157598979088 0
418 0.4359743509462471 0.1411157598979089 0
419 0.3293649033636784 0.1318315011444704 0
420 -0.329364903363678 -0.1318315011444703 0
421 -0.8233713083132129 0.2128749769059645 0
422 0.8233713083132143 -0.2128749769059641 0
423 0.7375064747281592 0.1169187161891118 0
424 -0.7375064747281583 -0.1169187161891111 0
425 0.2545752762082514 -0.09567986614897267 0
426 -0.2545752762082513 0.0956798661489727 0
427 0.1106052663620607 0.2728863843676561 0
428 -0.1106052663620607 -0.272886384367656 0
429 -0.5937210782947528 0.4272878723163028 0
430 0.5937210782947534 -0.4272878723163032 0
431 0.5110442273086495 0.00776922045686692 0
432 -0.5110442273086485 -0.007769220456866934 0
433 0.05734436114971056 0.2687002055871052 0
434 -0.05734436114971056 -0.2687002055871053 0
435 0.3077359116584198 -0.1071798578826265 0
436 -0.3077359116584196 0.1071798578826265 0
437 0.3699225811371019 -0.3482286838940789 0
438 -0.3699225811371015 0.3482286838940788 0
439 0.1507032586237742 0.3383877326085665 0
440 -0.1507032586237741 -0.3383877326085664 0
441 0.310819152043053 0.2074228475709394 0
442 -0.3108191520430529 -0.2074228475709393 0
443 0.1597223559748118 -0.3506905921745899 0
444 -0.1597223559748118 0.3506905921745899 0
445 1.732914113880624 -0.2289285813130715 0
446 -1.732914113880623 0.2289285813130714 0
447 -0.05040130106209288 0.2704495145616745 0
448 0.05040130106209288 -0.2704495145616745 0
449 0.2160203572353356 0.1680701398156847 0
450 -0.2160203572353356 -0.1680701398156847 0
451 0.1885971673036278 0.1989146646884864 0
452 -0.1885971673036278 -0.1989146646884864 0
453 -0.806473886736943 0.4088044811927644 0
454 0.8064738867369435 -0.4088044811927641 0
455 -0.1667619266303342 0.2154818404629128 0
456 0.1667619266303341 -0.2154818404629128 0
457 0.2057172417897867 -0.1876375652986849 0
458 -0.2057172417897867 0.1876375652986848 0
459 0.0137722407860118 0.2745883509294633 0
460 -0.01377224078601179 -0.2745883509294633 0
461 0.6077749437055752 -0.1968311480919371 0
462 -0.6077749437055735 0.1968311480919366 0
463 0.2548329189378764 0.09137148266012657 0
464 -0.2548329189378764 -0.0913714826601266 0
465 0.2665874239217498 0.04815599457826898 0
466 -0.2665874239217498 -0.04815599457826897 0
467 0.5405946586025863 0.1236837486853606 0
468 -0.5405946586025854 -0.1236837486853604 0
469 -0.8148406007002775 -0.004453772341796109 0
470 0.8148406007002793 0.00445377234179681 0
471 -0.1815875883622992 -0.2753928433683913 0
472 0.1815875883622992 0.2753928433683913 0
473 -0.3649207303778657 0.03493476137562006 0
474 0.3649207303778657 -0.03493476137562006 0
475 1.745948125337169 0.1610266509508223 0
476 -1.745948125337169 -0.1610266509508216 0
477 0.1534503996335797 0.2243940701718116 0
478 -0.1534503996335797 -0.2243940701718116 0
479 0.3863500243229527 0.3138128578183212 0
480 -0.3863500243229525 -0.313812857818321 0
481 -1.169819962787439 -0.4026052867015512 0
482 1.169819962787439 0.4026052867015514 0
483 0.3262546786650099 -0.1529737941498888 0
484 -0.3262546786650097 0.1529737941498888 0
485 -1.171090483710992 0.4219784582012538 0
486 1.171090483710993 -0.4219784582012538 0
487 0.2284702047379948 -0.1515982332204496 0
488 -0.2284702047379948 0.1515982332204496 0
489 0.9785840969802795 -0.4048925125234971 0
490 -0.9785840969802786 0.4048925125234978 0
491 -1.087856393436707 -0.2437615888484101 0
492 1.087856393436708 0.2437615888484111 0
493 -0.9418061281695247 -0.1446655703660015 0
494 0.941806128169526 0.1446655703660021 0
495 0.733025939162909 -0.1799867850301793 0
496 -0.7330259391629075 0.1799867850301795 0
497 -0.9274874465127612 0.1143845333042725 0
498 0.9274874465127627 -0.1143845333042717 0
499 0.7372588117737298 -0.0645492499867022 0
500 -0.737258811773728 0.06454924998670283 0
501 0.09867618776455608 -0.3093655921269723 0
502 -0.09867618776455608 0.3093655921269723 0
503 -1.113785026889649 -0.04052558649211193 0
504 1.113785026889651 0.0405255864921122 0
505 -0.4974494643119652 0.2662454990290394 0
506 0.4974494643119662 -0.2662454990290399 0
507 -1.33104167920844 0.04615675613543179 0
508 1.331041679208441 -0.0461567561354321 0
509 -1.436387802145766 0.0966399011973033 0
510 1.436387802145767 -0.09663990119730356 0
511 -1.505941366111937 -0.007974515388978694 0
512 1.505941366111938 0.007974515388978372 0
513 -0.8049213978936527 -0.2461873729509944 0
514 0.8049213978936527 0.2461873729509951 0
515 -1.910224189624215 0.4120211673010277 0
516 1.910224189624215 -0.4120211673010279 0
517 -0.4179813836880995 -0.4109891094564411 0
518 0.4179813836880995 0.4109891094564413 0
519 -1.560187621009823 -0.4034957197391011 0
520 1.560187621009823 0.4034957197391019 0
521 0.218233986896844 0.2590075235798455 0
522 -0.218233986896844 -0.2590075235798454 0
523 -1.295991516532908 0.2339536060958403 0
524 1.295991516532909 -0.2339536060958404 0
525 0.6722839631643218 0.09487176099615008 0
526 -0.6722839631643209 -0.09487176099614966 0
527 0.2695160515263745 -0.01245678855075214 0
528 -0.2695160515263744 0.01245678855075215 0
529 -1.45491035955628 -0.2531128575892057 0
530 1.45491035955628 0.2531128575892057 0
531 0.2500440512242607 -0.2107616182963563 0
532 -0.2500440512242607 0.2107616182963562 0
533 0.9647757349496584 0.4084380587876318 0
534 -0.9647757349496581 -0.4084380587876316 0
535 1.529041755996949 -0.2478475470338974 0
536 -1.529041755996947 0.2478475470338976 0
537 1.590653939113313 -0.4142427659760025 0
538 -1.590653939113312 0.4142427659760027 0
539 -1.759891515067324 -0.4050228522648982 0
540 1.759891515067324 0.4050228522648978 0
541 -0.5166248418532533 -0.409834567643058 0
542 0.5166248418532533 0.4098345676430581 0
543 -0.110937123701964 0.2463292660248051 0
544 0.110937123701964 -0.2463292660248051 0
545 -0.2451815743992645 0.1177747529285269 0
546 0.2451815743992645 -0.1177747529285269 0
547 0.2594541910044527 -0.07463234841183521 0
548 -0.2594541910044526 0.07463234841183522 0
549 0.3019408121713056 -0.243559251108914 0
550 -0.3019408121713055 0.2435592511089138 0
551 0.2662475623789889 0.02823213002422095 0
552 -0.2662475623789889 -0.02823213002422094 0
553 0.2443500356598627 0.1115862468743104 0
554 -0.2443500356598627 -0.1115862468743104 0
555 1.564609944504132 0.1914505388518333 0
556 -1.564609944504132 -0.1914505388518329 0
557 0.226127207361747 0.146528040413249 0
558 -0.226127207361747 -0.146528040413249 0
559 -0.1727656301031692 0.3017326700237834 0
560 0.1727656301031693 -0.3017326700237835 0
561 -0.02839585960845688 0.2707839447435601 0
562 0.02839585960845688 -0.2707839447435601 0
563 -0.06969967603282345 0.262033474459119 0
564 0.06969967603282345 -0.262033474459119 0
565 -1.907937447977513 -0.2962190149052896 0
566 1.907937447977513 0.2962190149052895 0
567 0.04394142460937807 0.3396258277451195 0
568 -0.04394142460937806 -0.3396258277451195 0
569 0.3897412165459005 0.003881656737945812 0
570 -0.3897412165459001 -0.003881656737945818 0
571 -0.2079944283644313 0.1670175120678123 0
572 0.2079944283644313 -0.1670175120678123 0
573 -0.1176187582101812 0.4100508075284469 0
574 0.1176187582101811 -0.4100508075284468 0
575 0.0746832373323555 0.2537667710752781 0
576 -0.0746832373323555 -0.2537667710752781 0
577 0.1483195693409861 -0.2273044856681054 0
578 -0.1483195693409861 0.2273044856681053 0
579 0.2631474818157405 -0.05359830344607253 0
580 -0.2631474818157404 0.05359830344607251 0
581 -0.2346563287072 -0.3957475244789521 0
582 0.2346563287072 0.3957475244789523 0
583 -0.9745270898181581 0.2988421103725456 0
584 0.9745270898181593 -0.298842110372545 0
585 -0.4896603445290021 0.04783297641437134 0
586 0.4896603445290029 -0.04783297641437144 0
587 0.5113195049849937 0.2695648102971299 0
588 -0.5113195049849935 -0.2695648102971299 0
589 0.1728764093240912 0.2123926753010119 0
590 -0.1728764093240912 -0.2123926753010119 0
591 0.03663307165400959 0.2744872504473223 0
592 -0.03663307165400959 -0.2744872504473223 0
593 -0.2463299673372537 0.38155674097084 0
594 0.2463299673372537 -0.3815567409708401 0
595 1.397984129589395 -0.4124693585373599 0
596 -1.397984129589395 0.41246935853736 0
597 -0.424208835013923 -0.09323666842193325 0
598 0.4242088350139235 0.09323666842193332 0
599 -0.3537728572395241 -0.1981128589420876 0
600 0.3537728572395243 0.1981128589420877 0
601 0.4238312613826509 -0.2865495041099021 0
602 -0.4238312613826503 0.2865495041099018 0
603 -1.222783213980437 -0.1083222736581738 0
604 1.22278321398044 0.108322273658174 0
605 -0.94620098178694 -0.2980086215400377 0
606 0.9462009817869409 0.2980086215400383 0
607 -1.433928527696853 0.3049265170015611 0
608 1.433928527696854 -0.3049265170015609 0
609 -0.007431175802884962 0.2704759737669852 0
610 0.007431175802884962 -0.2704759737669852 0
611 0.2680301687658768 -0.1722688592050793 0
612 -0.2680301687658767 0.1722688592050792 0
613 0.3526219735056754 -0.08209327233720919 0
614 -0.3526219735056751 0.08209327233720916 0
615 0.8674903784101267 0.4112367391282999 0
616 -0.8674903784101264 -0.4112367391282997 0
617 -0.08440253502386753 -0.4285129597265245 0
618 0.08440253502386756 0.4285129597265246 0
619 -0.2909123841621772 -0.05062978632062172 0
620 0.2909123841621774 0.05062978632062174 0
621 0.8815042860184961 0.208308801286048 0
622 -0.8815042860184952 -0.2083088012860473 0
623 -0.4172640544905146 0.148859105503088 0
624 0.4172640544905152 -0.1488591055030884 0
625 0.3233916881311725 0.04693908062364174 0
626 -0.3233916881311721 -0.04693908062364172 0
627 -0.2765340886851206 -0.1049130235958112 0
628 0.2765340886851206 0.1049130235958112 0
629 -0.7800211988523761 -0.07120088997814142 0
630 0.7800211988523778 0.07120088997814213 0
631 0.5779169309035681 -0.1299000513005552 0
632 -0.577916930903567 0.1299000513005549 0
633 -0.3594388558701076 -0.1452793890777373 0
634 0.359438855870108 0.1452793890777374 0
635 0.2973788558771685 0.1230819630453343 0
636 -0.2973788558771683 -0.1230819630453342 0
637 0.426333418034551 0.2073385585764235 0
638 -0.4263334180345506 -0.2073385585764233 0
639 1.696844042675033 0.09443923574470506 0
640 -1.696844042675032 -0.09443923574470466 0
641 -0.2734123511698844 -0.2004930679344695 0
642 0.2734123511698846 0.2004930679344696 0
643 -0.08973198217726175 -0.3239324121351452 0
644 0.08973198217726176 0.3239324121351453 0
645 0.3429374279869398 0.09955457024374879 0
646 -0.3429374279869393 -0.09955457024374872 0
647 -0.2661467434380438 0.03228866741092368 0
648 0.266146743438044 -0.03228866741092366 0
649 1.387086699612609 -0.2130757839683254 0
650 -1.387086699612608 0.2130757839683253 0
651 0.4577118237551474 0.03136870839807664 0
652 -0.4577118237551467 -0.03136870839807662 0
653 -1.37172814727047 -0.4199096551255563 0
654 1.37172814727047 0.4199096551255568 0
655 0.04158981239556174 -0.3528944900806413 0
656 -0.04158981239556175 0.3528944900806413 0
657 0.3094772951842006 0.009972845067125646 0
658 -0.3094772951842004 -0.009972845067125646 0
659 0.1997868365244174 0.1823391349351257 0
660 -0.1997868365244174 -0.1823391349351256 0
661 -1.075490436892383 0.4168546518872122 0
662 1.075490436892384 -0.416854651887212 0
663 -0.6514249417034386 -0.260110887292923 0
664 0.6514249417034386 0.2601108872929233 0
665 -0.1834652143333083 0.2006244709204476 0
666 0.1834652143333083 -0.2006244709204476 0
667 0.6888171790706649 0.4145717296136581 0
668 -0.6888171790706649 -0.4145717296136581 0
669 -0.8939336721530564 0.4051549306939746 0
670 0.8939336721530572 -0.4051549306939742 0
671 0.318850116083095 0.3113738166905697 0
672 -0.3188501160830949 -0.3113738166905695 0
673 -1.808226352005087 0.4109157881388405 0
674 1.808226352005087 -0.4109157881388407 0
675 0.5693785579463533 -0.009190183952666539 0
676 -0.5693785579463522 0.009190183952666516 0
677 -1.517447863516052 0.06818970623058342 0
678 1.517447863516054 -0.06818970623058365 0
679 -0.9845336007296829 0.04165954016667842 0
680 0.9845336007296849 -0.04165954016667728 0
681 -1.758770053896884 0.06330271327784581 0
682 1.758770053896886 -0.06330271327784648 0
683 -0.6750383100117039 0.2250124465868368 0
684 0.6750383100117054 -0.2250124465868371 0
685 -0.5585624978852086 -0.1924271401681351 0
686 0.5585624978852091 0.1924271401681353 0
687 -0.3299021899247235 0.02257768824181235 0
688 0.3299021899247237 -0.02257768824181238 0
689 0.1113545012389975 0.2460539356937338 0
690 -0.1113545012389975 -0.2460539356937338 0
691 -0.8148265435098965 0.3040370389742676 0
692 0.8148265435098978 -0.3040370389742674 0
693 -1.273444780000317 -0.2681792405785023 0
694 1.273444780000319 0.2681792405785029 0
695 -0.08991042645055961 0.2547059684672237 0
696 0.08991042645055961 -0.2547059684672237 0
697 -1.274018715491902 -0.4182508353701023 0
698 1.274018715491903 0.4182508353701027 0
699 0.2771011926559389 0.1544658281483896 0
700 -0.2771011926559387 -0.1544658281483895 0
701 0.1324935312098048 0.2351012923268372 0
702 -0.1324935312098048 -0.2351012923268372 0
703 -0.121662997318865 -0.3071187166547136 0
704 0.121662997318865 0.3071187166547137 0
705 -0.3108062706893265 0.3179107616237494 0
706 0.3108062706893266 -0.3179107616237496 0
707 -0.5473008006694287 0.2620704542207871 0
708 0.5473008006694298 -0.2620704542207877 0
709 -1.030942721614873 0.1217554837456259 0
710 1.030942721614874 -0.1217554837456253 0
711 1.61919901138652 0.02431365095690749 0
712 -1.619199011386518 -0.02431365095690775 0
713 1.533107428040535 -0.1426479340564171 0
714 -1.533107428040533 0.142647934056417 0
715 1.91510656885179 -0.1220856119190183 0
716 -1.91510656885179 0.1220856119190179 0
717 -1.051752027045943 -0.4234019196110694 0
718 1.051752027045943 0.4234019196110695 0
719 0.08926650212525013 0.2538075320088039 0
720 -0.08926650212525013 -0.2538075320088039 0
721 -0.4861326772976063 -0.1350242589795523 0
722 0.486132677297607 0.1350242589795524 0
723 -1.059471219652754 -0.1645674482369599 0
724 1.059471219652756 0.1645674482369606 0
725 -1.38405866464459 -0.143990788970536 0
726 1.384058664644591 0.1439907889705362 0
727 0.2623895481832415 0.0699225151803532 0
728 -0.2623895481832416 -0.0699225151803532 0
729 0.2375814501458951 0.1908924546629606 0
730 -0.237581450145895 -0.1908924546629605 0
731 -0.5224241621082819 -0.3389988723686812 0
732 0.5224241621082819 0.3389988723686813 0
733 -1.364151618654097 -0.3376949895552188 0
734 1.364151618654097 0.3376949895552193 0
735 -1.682711468399594 0.09842826872659771 0
736 1.682711468399596 -0.09842826872659793 0
737 -0.6920129318368639 -0.1825472532108462 0
738 0.6920129318368643 0.1825472532108468 0
739 0.2245616815473955 -0.2119346292725302 0
740 -0.2245616815473956 0.2119346292725302 0
741 -0.6717139280841052 -0.336204044236238 0
742 0.6717139280841052 0.3362040442362381 0
743 1.163883617351253 0.2151074807346025 0
744 -1.163883617351251 -0.2151074807346016 0
745 -0.2000285411501302 0.2676741151865438 0
746 -0.2395681307929365 0.283115571483346 0
747 0.2000285411501303 -0.2676741151865438 0
748 0.2395681307929365 -0.283115571483346 0
749 0.8840843564375469 -0.154167947676405 0
750 -0.8840843564375455 0.1541679476764057 0
751 -0.6113801333098102 0.07734346851682795 0
752 0.6113801333098116 -0.07734346851682795 0
753 0.3303245689178099 0.4467164518257212 0
754 -0.3303245689178099 -0.4467164518257212 0
755 -0.277279781444123 0.09791279584334833 0
756 0.2772797814441231 -0.09791279584334832 0
757 -1.828835477430408 0.1419695271927526 0
758 1.828835477430409 -0.141969527192753 0
759 -0.7608147153995858 -0.1845154931085746 0
760 0.7608147153995861 0.1845154931085755 0
761 0.2286369924419884 -0.1324782294256395 0
762 -0.2286369924419884 0.1324782294256394 0
763 1.165362174405784 -0.3414420219056015 0
764 -1.165362174405783 0.3414420219056015 0
765 -0.684314047166631 0.2982194066383942 0
766 0.6843140471666327 -0.2982194066383947 0
767 -0.3709386096811071 -0.2436485626055969 0
768 0.3709386096811074 0.243648562605597 0
769 0.2621784831355521 -0.3455975461911188 0
770 -0.2621784831355521 0.3455975461911188 0
771 0.3837743231165427 -0.4162167646853157 0
772 -0.3837743231165426 0.4162167646853156 0
773 1.265237882690859 -0.1564177063327566 0
774 -1.265237882690858 0.1564177063327564 0
775 -0.5271487142468592 0.1211959975539539 0
776 0.5271487142468601 -0.1211959975539542 0
777 -0.5363123395742205 0.3392678500990363 0
778 0.5363123395742214 -0.3392678500990368 0
779 0.2505368827257279 0.3544499409919967 0
780 -0.2505368827257278 -0.3544499409919966 0
781 -1.250569276819631 0.0780622609074796 0
782 1.250569276819633 -0.07806226090747988 0
783 -1.634258002391807 -0.2978361602762707 0
784 1.634258002391807 0.2978361602762714 0
785 0.6588983919444978 -0.4345420216865114 0
786 -0.6588983919444972 0.434542021686511 0
787 1.113233310992102 0.3224975876069023 0
788 -1.113233310992101 -0.3224975876069016 0
789 1.071087492616021 -0.2348905201860196 0
790 -1.071087492616019 0.2348905201860199 0
791 -0.502053510089656 0.4221038682843681 0
792 0.5020535100896563 -0.4221038682843682 0
793 0.2107184010540503 0.2207563967654753 0
794 -0.2107184010540503 -0.2207563967654751 0
795 1.934856717892401 0.09950818937939927 0
796 -1.934856717892401 -0.09950818937939918 0
797 -0.3417535089626779 -0.1696825516580578 0
798 0.3417535089626782 0.169682551658058 0
799 0.3834097101404589 -0.2443572334134663 0
800 -0.3834097101404584 0.244357233413466 0
801 0.4668277746026749 -0.1641953468999511 0
802 -0.4668277746026741 0.1641953468999507 0
803 1.900606483054488 0.01028086511821406 0
804 -1.900606483054489 -0.01028086511821419 0
805 -0.189330604471157 0.2324844581755802 0
806 0.189330604471157 -0.2324844581755802 0
807 0.7292487642581058 -0.4165448992361777 0
808 -0.7292487642581049 0.4165448992361777 0
809 0.1236919817805858 -0.2752061389653926 0
810 -0.1236919817805858 0.2752061389653926 0
811 -1.644166578204926 -0.4245545362269949 0
812 1.644166578204927 0.4245545362269951 0
813 -0.2729923230606149 -0.4291602460207224 0
814 0.2729923230606149 0.4291602460207225 0
815 -1.46000552878049 -0.4230236446690636 0
816 1.460005528780489 0.4230236446690642 0
817 0.872687964639249 0.07200159703721734 0
818 -0.8726879646392474 -0.07200159703721659 0
819 0.526131085790813 0.06574146491522344 0
820 -0.526131085790812 -0.06574146491522333 0
821 0.4112564448602882 -0.1150955054349393 0
822 -0.4112564448602878 0.1150955054349392 0
823 0.07767434223496064 -0.2808374393260474 0
824 -0.07767434223496064 0.2808374393260474 0
825 -0.1657122294611238 -0.2488578428558086 0
826 0.1657122294611238 0.2488578428558086 0
827 -1.250389696844762 0.3065518436610451 0
828 1.250389696844763 -0.3065518436610451 0
829 0.3756179312112735 0.06413948035544333 0
830 -0.375617931211273 -0.06413948035544328 0
831 1.133662048524989 -0.09278299981242652 0
832 -1.133662048524987 0.0927829998124267 0
833 1.497351544339193 -0.4191827834522817 0
834 -1.497351544339192 0.4191827834522819 0
835 -1.910506646723451 -0.4068689480191321 0
836 1.910506646723451 0.4068689480191318 0
837 -1.824971661087068 -0.4144592608985677 0
838 1.824971661087068 0.4144592608985674 0
839 -0.4042556619778834 0.04706443314627436 0
840 0.4042556619778839 -0.04706443314627438 0
841 -0.7531793388290967 -0.3316812214563951 0
842 0.7531793388290967 0.3316812214563954 0
843 -1.215149410016813 -0.3473203452050422 0
844 1.215149410016814 0.3473203452050427 0
845 0.6016268605746342 0.1132149791233684 0
846 -0.6016268605746333 -0.1132149791233682 0
847 -0.2820523635054243 0.03069286168923984 0
848 0.2820523635054244 -0.03069286168923984 0
849 -1.305011200236093 -0.1778665188385984 0
850 1.305011200236095 0.1778665188385987 0
851 -0.2971909346449498 0.1631595705083963 0
852 0.2971909346449499 -0.1631595705083964 0
853 -1.702229368790336 0.3880256012399314 0
854 1.702229368790337 -0.3880256012399314 0
855 0.3045108856935407 -0.06895285860965246 0
856 -0.3045108856935405 0.06895285860965247 0
857 -0.3034871425880847 0.03839572692372567 0
858 0.3034871425880848 -0.03839572692372568 0
859 -1.828875533276923 0.2376205643918065 0
860 1.828875533276924 -0.2376205643918068 0
861 0.8941783105301636 -0.2193364043760208 0
862 -0.8941783105301623 0.2193364043760215 0
863 0.6258493403854953 0.03994929965632754 0
864 -0.6258493403854941 -0.03994929965632753 0
865 -0.02754962235117443 0.2970529797368971 0
866 0.02754962235117443 -0.2970529797368971 0
867 -0.2709151235825396 -0.2463044034782648 0
868 0.2709151235825397 0.246304403478265 0
869 -1.180123405954817 0.1776284907751338 0
870 1.180123405954819 -0.1776284907751339 0
871 1.392658213192669 0.06509566699398978 0
872 -1.392658213192668 -0.06509566699398989 0
873 1.762357618869076 -0.3168230927681501 0
874 -1.762357618869075 0.3168230927681499 0
875 1.035410020236923 0.2640178739398024 0
876 -1.035410020236922 -0.2640178739398018 0
877 0.6117844409478818 -0.3531057590743973 0
878 -0.6117844409478805 0.3531057590743966 0
879 -1.819896951565581 -0.310011847932803 0
880 1.819896951565581 0.3100118479328032 0
881 -0.25387510421851 0.2453357954824801 0
882 0.25387510421851 -0.2453357954824801 0
883 0.06021286394736343 0.377555661686174 0
884 -0.06021286394736341 -0.3775556616861739 0
885 -1.030810121323156 0.005824558126026324 0
886 1.030810121323158 -0.005824558126025737 0
887 -0.602313342179059 -0.4162171976920556 0
888 0.602313342179059 0.4162171976920557 0
889 1.31041920532539 0.03232571403938796 0
890 -1.310419205325389 -0.03232571403938815 0
891 -1.737226633439006 -0.3212624990809295 0
892 1.737226633439006 0.3212624990809296 0
893 0.1650964154108504 0.3123453774706819 0
894 -0.1650964154108503 -0.3123453774706819 0
895 -1.251939058368717 0.4228165814086337 0
896 1.251939058368717 -0.4228165814086337 0
897 -1.476719447705356 -0.08552233264072395 0
898 1.476719447705357 0.08552233264072387 0
899 -0.1302538372605287 0.2365646668601238 0
900 0.1302538372605287 -0.2365646668601238 0
901 1.512049134146945 0.3421462185493923 0
902 -1.512049134146945 -0.3421462185493916 0
903 0.1306182308123171 -0.3338428811350532 0
904 -0.1306182308123171 0.3338428811350532 0
905 1.65106607606637 0.1402996860039639 0
906 -1.651066076066369 -0.1402996860039633 0
907 -0.1953382136089903 -0.3528334062080958 0
908 0.1953382136089904 0.352833406208096 0
909 1.56795270918363 -0.3249080176996237 0
910 -1.567952709183629 0.3249080176996239 0
911 -0.2012229205622232 0.372807253725712 0
912 0.2012229205622233 -0.3728072537257121 0
913 0.009181895263714462 0.3015888383873113 0
914 -0.009181895263714457 -0.3015888383873113 0
915 -0.87267969046141 0.05954240966737829 0
916 0.8726796904614118 -0.0595424096673776 0
917 1.802255027176488 0.2243925869379702 0
918 -1.802255027176489 -0.2243925869379694 0
919 0.3870647158750578 -0.1706485040180913 0
920 -0.3870647158750573 0.170648504018091 0
921 0.2660521194801528 0.00740865813174498 0
922 -0.2660521194801527 -0.007408658131744975 0
923 -0.6790122707030415 0.06971167135411048 0
924 0.6790122707030432 -0.06971167135411016 0
925 0.4690158545197347 -0.2285071440554657 0
926 -0.4690158545197338 0.2285071440554652 0
927 1.832364713601176 0.1125649455923274 0
928 -1.832364713601176 -0.1125649455923271 0
929 -1.675453000387645 0.1677617587690061 0
930 1.675453000387648 -0.1677617587690061 0
931 -0.4009238743878986 -0.1403555342670839 0
932 0.4009238743878989 0.140355534267084 0
933 -0.232850778458188 -0.1283279423436436 0
934 0.232850778458188 0.1283279423436436 0
935 -1.922678912881489 0.3254369135250879 0
936 1.922678912881489 -0.3254369135250885 0
937 -0.2679277706394736 0.1153339557456332 0
938 0.2679277706394737 -0.1153339557456332 0
939 0.3075563341173693 -0.1886736495656657 0
940 -0.3075563341173692 0.1886736495656656 0
941 0.1544551456192332 -0.2702821443746067 0
942 -0.1544551456192331 0.2702821443746067 0
943 -0.2755884983139859 0.4262654229956895 0
944 0.2755884983139858 -0.4262654229956895 0
$EndNodes
$Elements
1034
1 1 2 2 1 1 7
2 1 2 2 1 7 8
3 1 2 2 1 8 9
4 1 2 2 1 9 10
5 1 2 2 1 10 11
6 1 2 2 1 11 12
7 1 2 2 1 12 13
8 1 2 2 1 13 14
9 1 2 2 1 14 15
10 1 2 2 1 15 16
11 1 2 2 1 16 17
12 1 2 2 1 17 18
13 1 2 2 1 18 19
14 1 2 2 1 19 20
15 1 2 2 1 20 21
16 1 2 2 1 21 22
17 1 2 2 1 22 23
18 1 2 2 1 23 24
19 1 2 2 1 24 25
20 1 2 2 1 25 26
21 1 2 2 1 26 27
22 1 2 2 1 27 28
23 1 2 2 1 28 29
24 1 2 2 1 29 30
25 1 2 2 1 30 31
26 1 2 2 1 31 32
27 1 2 2 1 32 33
28 1 2 2 1 33 34
29 1 2 2 1 34 35
30 1 2 2 1 35 36
31 1 2 2 1 36 37
32 1 2 2 1 37 38
33 1 2 2 1 38 39
34 1 2 2 1 39 40
35 1 2 2 1 40 41
36 1 2 2 1 41 42
37 1 2 2 1 42 43
38 1 2 2 1 43 44
39 1 2 2 1 44 45
40 1 2 2 1 45 2
41 1 2 2 2 2 46
42 1 2 2 2 46 47
43 1 2 2 2 47 48
44 1 2 2 2 48 49
45 1 2 2 2 49 50
46 1 2 2 2 50 51
47 1 2 2 2 51 52
48 1 2 2 2 52 53
49 1 2 2 2 53 54
50 1 2 2 2 54 55
51 1 2 2 2 55 56
52 1 2 2 2 56 57
53 1 2 2 2 57 58
54 1 2 2 2 58 59
55 1 2 2 2 59 60
56 1 2 2 2 60 61
57 1 2 2 2 61 62
58 1 2 2 2 62 63
59 1 2 2 2 63 64
60 1 2 2 2 64 65
61 1 2 2 2 65 66
62 1 2 2 2 66 67
63 1 2 2 2 67 68
64 1 2 2 2 68 69
65 1 2 2 2 69 70
66 1 2 2 2 70 71
67 1 2 2 2 71 72
68 1 2 2 2 72 73
69 1 2 2 2 73 74
70 1 2 2 2 74 75
71 1 2 2 2 75 76
72 1 2 2 2 76 77
73 1 2 2 2 77 78
74 1 2 2 2 78 79
75 1 2 2 2 79 80
76 1 2 2 2 80 81
77 1 2 2 2 81 82
78 1 2 2 2 82 83
79 1 2 2 2 83 84
80 1 2 2 2 84 1
81 1 2 101 3 6 85
82 1 2 101 3 85 86
83 1 2 101 3 86 87
84 1 2 101 3 87 88
85 1 2 101 3 88 89
86 1 2 101 3 89 90
87 1 2 101 3 90 91
88 1 2 101 3 91 92
89 1 2 101 3 92 93
90 1 2 101 3 93 3
91 1 2 0 4 3 94
92 1 2 0 4 94 95
93 1 2 0 4 95 96
94 1 2 0 4 96 97
95 1 2 0 4 97 98
96 1 2 0 4 98 99
97 1 2 0 4 99 100
98 1 2 0 4 100 101
99 1 2 0 4 101 102
100 1 2 0 4 102 103
101 1 2 0 4 103 104
102 1 2 0 4 104 105
103 1 2 0 4 105 106
104 1 2 0 4 106 107
105 1 2 0 4 107 108
106 1 2 0 4 108 109
107 1 2 0 4 109 110
108 1 2 0 4 110 111
109 1 2 0 4 111 112
110 1 2 0 4 112 113
111 1 2 0 4 113 114
112 1 2 0 4 114 115
113 1 2 0 4 115 116
114 1 2 0 4 116 117
115 1 2 0 4 117 118
116 1 2 0 4 118 119
117 1 2 0 4 119 120
118 1 2 0 4 120 121
119 1 2 0 4 121 122
120 1 2 0 4 122 123
121 1 2 0 4 123 124
122 1 2 0 4 124 125
123 1 2 0 4 125 126
124 1 2 0 4 126 127
125 1 2 0 4 127 128
126 1 2 0 4 128 129
127 1 2 0 4 129 130
128 1 2 0 4 130 131
129 1 2 0 4 131 132
130 1 2 0 4 132 4
131 1 2 102 5 4 133
132 1 2 102 5 133 134
133 1 2 102 5 134 135
134 1 2 102 5 135 136
135 1 2 102 5 136 137
136 1 2 102 5 137 138
137 1 2 102 5 138 139
138 1 2 102 5 139 140
139 1 2 102 5 140 141
140 1 2 102 5 141 5
141 1 2 1 6 5 142
142 1 2 1 6 142 143
143 1 2 1 6 143 144
144 1 2 1 6 144 145
145 1 2 1 6 145 146
146 1 2 1 6 146 147
147 1 2 1 6 147 148
148 1 2 1 6 148 149
149 1 2 1 6 149 150
150 1 2 1 6 150 151
151 1 2 1 6 151 152
152 1 2 1 6 152 153
153 1 2 1 6 153 154
154 1 2 1 6 154 155
155 1 2 1 6 155 156
156 1 2 1 6 156 157
157 1 2 1 6 157 158
158 1 2 1 6 158 159
159 1 2 1 6 159 160
160 1 2 1 6 160 161
161 1 2 1 6 161 162
162 1 2 1 6 162 163
163 1 2 1 6 163 164
164 1 2 1 6 164 165
165 1 2 1 6 165 166
166 1 2 1 6 166 167
167 1 2 1 6 167 168
168 1 2 1 6 168 169
169 1 2 1 6 169 170
170 1 2 1 6 170 171
171 1 2 1 6 171 172
172 1 2 1 6 172 173
173 1 2 1 6 173 174
174 1 2 1 6 174 175
175 1 2 1 6 175 176
176 1 2 1 6 176 177
177 1 2 1 6 177 178
178 1 2 1 6 178 179
179 1 2 1 6 179 180
180 1 2 1 6 180 6
181 3 2 15 9 373 581 813 111
182 3 2 15 9 374 582 814 159
183 3 2 15 9 215 493 387 723
184 3 2 15 9 216 494 388 724
185 3 2 15 9 854 130 131 674
186 3 2 15 9 853 178 179 673
187 3 2 15 9 388 504 319 724
188 3 2 15 9 387 503 320 723
189 3 2 15 9 399 241 891 783
190 3 2 15 9 400 242 892 784
191 3 2 15 9 233 446 859 757
192 3 2 15 9 234 445 860 758
193 3 2 15 9 285 611 353 487
194 3 2 15 9 286 612 354 488
195 3 2 15 9 678 510 218 713
196 3 2 15 9 677 509 217 714
197 3 2 15 9 470 499 306 916
198 3 2 15 9 469 500 305 915
199 3 2 15 9 383 253 517 480
200 3 2 15 9 384 254 518 479
201 3 2 15 9 608 649 524 294
202 3 2 15 9 607 650 523 293
203 3 2 15 9 827 382 895 293
204 3 2 15 9 828 381 896 294
205 3 2 15 9 267 657 268 395
206 3 2 15 9 269 658 270 396
207 3 2 15 9 430 792 118 119
208 3 2 15 9 429 791 166 167
209 3 2 15 9 319 604 415 743
210 3 2 15 9 320 603 416 744
211 3 2 15 9 412 265 445 930
212 3 2 15 9 411 266 446 929
213 3 2 15 9 431 586 303 675
214 3 2 15 9 432 585 304 676
215 3 2 15 9 784 366 812 520
216 3 2 15 9 783 365 811 519
217 3 2 15 9 422 306 499 495
218 3 2 15 9 421 305 500 496
219 3 2 15 9 186 685 367 588
220 3 2 15 9 185 686 368 587
221 3 2 15 9 260 555 400 784
222 3 2 15 9 259 556 399 783
223 3 2 15 9 625 405 645 239
224 3 2 15 9 626 406 646 240
225 3 2 15 9 841 296 616 389
226 3 2 15 9 842 295 615 390
227 3 2 15 9 388 256 680 886
228 3 2 15 9 387 255 679 885
229 3 2 15 9 285 531 219 611
230 3 2 15 9 286 532 220 612
231 3 2 15 9 367 663 741 333
232 3 2 15 9 368 664 742 334
233 3 2 15 9 367 685 317 663
234 3 2 15 9 368 686 318 664
235 3 2 15 9 373 111 112 617
236 3 2 15 9 374 159 160 618
237 3 2 15 9 515 673 179 180
238 3 2 15 9 516 674 131 132
239 3 2 15 9 635 239 645 419
240 3 2 15 9 636 240 646 420
241 3 2 15 9 637 292 932 418
242 3 2 15 9 638 291 931 417
243 3 2 15 9 541 108 109 517
244 3 2 15 9 542 156 157 518
245 3 2 15 9 513 622 605 296
246 3 2 15 9 514 621 606 295
247 3 2 15 9 386 574 114 115
248 3 2 15 9 385 573 162 163
249 3 2 15 9 280 699 279 401
250 3 2 15 9 282 700 281 402
251 3 2 15 9 113 114 574 393
252 3 2 15 9 161 162 573 394
253 3 2 15 9 188 604 319 504
254 3 2 15 9 187 603 320 503
255 3 2 15 9 313 509 261 507
256 3 2 15 9 314 510 262 508
257 3 2 15 9 231 725 362 529
258 3 2 15 9 232 726 361 530
259 3 2 15 9 378 936 134 135
260 3 2 15 9 377 935 86 87
261 3 2 15 9 526 181 629 424
262 3 2 15 9 525 182 630 423
263 3 2 15 9 541 887 107 108
264 3 2 15 9 542 888 155 156
265 3 2 15 9 144 812 366 540
266 3 2 15 9 96 811 365 539
267 3 2 15 9 393 617 112 113
268 3 2 15 9 394 618 160 161
269 3 2 15 9 383 588 731 253
270 3 2 15 9 384 587 732 254
271 3 2 15 9 694 250 743 415
272 3 2 15 9 693 249 744 416
273 3 2 15 9 127 128 833 595
274 3 2 15 9 175 176 834 596
275 3 2 15 9 371 139 140 566
276 3 2 15 9 372 91 92 565
277 3 2 15 9 487 572 457 285
278 3 2 15 9 488 571 458 286
279 3 2 15 9 411 714 217 536
280 3 2 15 9 412 713 218 535
281 3 2 15 9 472 521 398 201
282 3 2 15 9 471 522 397 202
283 3 2 15 9 436 244 851 484
284 3 2 15 9 435 243 852 483
285 3 2 15 9 461 283 752 631
286 3 2 15 9 462 284 751 632
287 3 2 15 9 369 580 548 312
288 3 2 15 9 370 579 547 311
289 3 2 15 9 496 235 691 421
290 3 2 15 9 495 236 692 422
291 3 2 15 9 586 431 651 189
292 3 2 15 9 585 432 652 190
293 3 2 15 9 344 248 703 428
294 3 2 15 9 343 247 704 427
295 3 2 15 9 363 733 231 529
296 3 2 15 9 364 734 232 530
297 3 2 15 9 865 227 656 275
298 3 2 15 9 866 228 655 276
299 3 2 15 9 569 189 651 347
300 3 2 15 9 570 190 652 348
301 3 2 15 9 557 279 729 449
302 3 2 15 9 558 281 730 450
303 3 2 15 9 287 273 591 433
304 3 2 15 9 288 274 592 434
305 3 2 15 9 247 893 439 704
306 3 2 15 9 248 894 440 703
307 3 2 15 9 625 239 345 620
308 3 2 15 9 626 240 346 619
309 3 2 15 9 687 210 626 658
310 3 2 15 9 688 209 625 657
311 3 2 15 9 880 917 371 566
312 3 2 15 9 879 918 372 565
313 3 2 15 9 454 121 122 670
314 3 2 15 9 453 169 170 669
315 3 2 15 9 635 628 345 239
316 3 2 15 9 636 627 346 240
317 3 2 15 9 347 651 299 598
318 3 2 15 9 348 652 300 597
319 3 2 15 9 213 709 679 497
320 3 2 15 9 214 710 680 498
321 3 2 15 9 441 642 699 211
322 3 2 15 9 442 641 700 212
323 3 2 15 9 123 489 670 122
324 3 2 15 9 171 490 669 170
325 3 2 15 9 461 323 766 684
326 3 2 15 9 462 324 765 683
327 3 2 15 9 333 731 588 367
328 3 2 15 9 334 732 587 368
329 3 2 15 9 483 195 613 435
330 3 2 15 9 484 196 614 436
331 3 2 15 9 889 508 262 871
332 3 2 15 9 890 507 261 872
333 3 2 15 9 404 181 526 864
334 3 2 15 9 403 182 525 863
335 3 2 15 9 416 603 359 849
336 3 2 15 9 415 604 360 850
337 3 2 15 9 837 539 891 879
338 3 2 15 9 838 540 892 880
339 3 2 15 9 41 426 548 42
340 3 2 15 9 80 425 547 81
341 3 2 15 9 614 473 687 222
342 3 2 15 9 613 474 688 221
343 3 2 15 9 688 474 569 209
344 3 2 15 9 687 473 570 210
345 3 2 15 9 404 923 500 181
346 3 2 15 9 403 924 499 182
347 3 2 15 9 667 154 155 888
348 3 2 15 9 668 106 107 887
349 3 2 15 9 598 299 722 418
350 3 2 15 9 597 300 721 417
351 3 2 15 9 28 447 563 29
352 3 2 15 9 67 448 564 68
353 3 2 15 9 602 438 772 271
354 3 2 15 9 601 437 771 272
355 3 2 15 9 691 309 862 421
356 3 2 15 9 692 310 861 422
357 3 2 15 9 271 505 926 602
358 3 2 15 9 272 506 925 601
359 3 2 15 9 461 684 495 283
360 3 2 15 9 462 683 496 284
361 3 2 15 9 213 790 380 709
362 3 2 15 9 214 789 379 710
363 3 2 15 9 655 393 574 207
364 3 2 15 9 656 394 573 208
365 3 2 15 9 174 175 596 895
366 3 2 15 9 126 127 595 896
367 3 2 15 9 605 329 717 534
368 3 2 15 9 606 330 718 533
369 3 2 15 9 442 599 767 194
370 3 2 15 9 441 600 768 193
371 3 2 15 9 419 211 699 635
372 3 2 15 9 420 212 700 636
373 3 2 15 9 551 268 620 465
374 3 2 15 9 552 270 619 466
375 3 2 15 9 589 451 793 257
376 3 2 15 9 590 452 794 258
377 3 2 15 9 287 644 567 273
378 3 2 15 9 288 643 568 274
379 3 2 15 9 855 311 756 435
380 3 2 15 9 856 312 755 436
381 3 2 15 9 625 209 829 405
382 3 2 15 9 626 210 830 406
383 3 2 15 9 23 433 591 24
384 3 2 15 9 62 434 592 63
385 3 2 15 9 500 469 629 181
386 3 2 15 9 499 470 630 182
387 3 2 15 9 853 874 446 266
388 3 2 15 9 854 873 445 265
389 3 2 15 9 260 530 361 555
390 3 2 15 9 259 529 362 556
391 3 2 15 9 629 301 759 424
392 3 2 15 9 630 302 760 423
393 3 2 15 9 554 464 627 282
394 3 2 15 9 553 463 628 280
395 3 2 15 9 101 102 717 481
396 3 2 15 9 149 150 718 482
397 3 2 15 9 233 681 407 735
398 3 2 15 9 234 682 408 736
399 3 2 15 9 204 905 400 555
400 3 2 15 9 203 906 399 556
401 3 2 15 9 314 649 218 510
402 3 2 15 9 313 650 217 509
403 3 2 15 9 191 706 326 437
404 3 2 15 9 192 705 325 438
405 3 2 15 9 14 449 659 15
406 3 2 15 9 53 450 660 54
407 3 2 15 9 691 453 669 309
408 3 2 15 9 692 454 670 310
409 3 2 15 9 560 200 748 747
410 3 2 15 9 559 199 746 745
411 3 2 15 9 550 192 800 414
412 3 2 15 9 549 191 799 413
413 3 2 15 9 413 919 195 483
414 3 2 15 9 414 920 196 484
415 3 2 15 9 36 458 571 37
416 3 2 15 9 75 457 572 76
417 3 2 15 9 589 257 826 477
418 3 2 15 9 590 258 825 478
419 3 2 15 9 426 41 40 545
420 3 2 15 9 425 80 79 546
421 3 2 15 9 258 794 224 522
422 3 2 15 9 257 793 223 521
423 3 2 15 9 10 463 553 11
424 3 2 15 9 49 464 554 50
425 3 2 15 9 8 465 727 9
426 3 2 15 9 47 466 728 48
427 3 2 15 9 364 530 260 901
428 3 2 15 9 363 529 259 902
429 3 2 15 9 721 300 820 468
430 3 2 15 9 722 299 819 467
431 3 2 15 9 633 420 646 198
432 3 2 15 9 634 419 645 197
433 3 2 15 9 408 682 356 264
434 3 2 15 9 407 681 355 263
435 3 2 15 9 188 831 410 782
436 3 2 15 9 187 832 409 781
437 3 2 15 9 466 47 46 552
438 3 2 15 9 465 8 7 551
439 3 2 15 9 449 14 13 557
440 3 2 15 9 450 53 52 558
441 3 2 15 9 73 456 666 74
442 3 2 15 9 34 455 665 35
443 3 2 15 9 591 273 913 459
444 3 2 15 9 592 274 914 460
445 3 2 15 9 621 302 817 494
446 3 2 15 9 622 301 818 493
447 3 2 15 9 447 28 27 561
448 3 2 15 9 448 67 66 562
449 3 2 15 9 290 873 854 674
450 3 2 15 9 289 874 853 673
451 3 2 15 9 433 23 22 575
452 3 2 15 9 434 62 61 576
453 3 2 15 9 868 193 671 398
454 3 2 15 9 867 194 672 397
455 3 2 15 9 803 795 371 927
456 3 2 15 9 804 796 372 928
457 3 2 15 9 377 87 88 716
458 3 2 15 9 378 135 136 715
459 3 2 15 9 764 297 661 485
460 3 2 15 9 763 298 662 486
461 3 2 15 9 768 479 671 193
462 3 2 15 9 767 480 672 194
463 3 2 15 9 304 751 404 676
464 3 2 15 9 303 752 403 675
465 3 2 15 9 103 104 616 534
466 3 2 15 9 151 152 615 533
467 3 2 15 9 64 460 610 65
468 3 2 15 9 25 459 609 26
469 3 2 15 9 855 435 613 221
470 3 2 15 9 856 436 614 222
471 3 2 15 9 16 451 589 17
472 3 2 15 9 55 452 590 56
473 3 2 15 9 183 708 323 461
474 3 2 15 9 184 707 324 462
475 3 2 15 9 245 904 444 559
476 3 2 15 9 246 903 443 560
477 3 2 15 9 315 736 408 711
478 3 2 15 9 316 735 407 712
479 3 2 15 9 400 475 917 242
480 3 2 15 9 399 476 918 241
481 3 2 15 9 605 534 616 296
482 3 2 15 9 606 533 615 295
483 3 2 15 9 184 926 505 707
484 3 2 15 9 183 925 506 708
485 3 2 15 9 583 490 661 297
486 3 2 15 9 584 489 662 298
487 3 2 15 9 142 836 141 5
488 3 2 15 9 94 835 93 3
489 3 2 15 9 639 264 927 475
490 3 2 15 9 640 263 928 476
491 3 2 15 9 608 595 833 351
492 3 2 15 9 607 596 834 352
493 3 2 15 9 97 98 815 519
494 3 2 15 9 145 146 816 520
495 3 2 15 9 501 246 809 340
496 3 2 15 9 502 245 810 339
497 3 2 15 9 495 499 924 283
498 3 2 15 9 496 500 923 284
499 3 2 15 9 550 392 705 192
500 3 2 15 9 549 391 706 191
501 3 2 15 9 299 651 431 819
502 3 2 15 9 300 652 432 820
503 3 2 15 9 509 677 511 261
504 3 2 15 9 510 678 512 262
505 3 2 15 9 247 343 826 472
506 3 2 15 9 248 344 825 471
507 3 2 15 9 583 309 669 490
508 3 2 15 9 584 310 670 489
509 3 2 15 9 493 215 605 622
510 3 2 15 9 494 216 606 621
511 3 2 15 9 173 485 661 172
512 3 2 15 9 125 486 662 124
513 3 2 15 9 455 34 33 578
514 3 2 15 9 456 73 72 577
515 3 2 15 9 354 612 851 244
516 3 2 15 9 353 611 852 243
517 3 2 15 9 459 25 24 591
518 3 2 15 9 460 64 63 592
519 3 2 15 9 535 218 649 608
520 3 2 15 9 536 217 650 607
521 3 2 15 9 17 589 477 18
522 3 2 15 9 56 590 478 57
523 3 2 15 9 637 418 722 185
524 3 2 15 9 638 417 721 186
525 3 2 15 9 18 477 701 19
526 3 2 15 9 57 478 702 58
527 3 2 15 9 697 653 99 100
528 3 2 15 9 698 654 147 148
529 3 2 15 9 818 469 915 255
530 3 2 15 9 817 470 916 256
531 3 2 15 9 100 101 481 697
532 3 2 15 9 148 149 482 698
533 3 2 15 9 76 572 487 77
534 3 2 15 9 37 571 488 38
535 3 2 15 9 935 289 673 515
536 3 2 15 9 936 290 674 516
537 3 2 15 9 722 467 686 185
538 3 2 15 9 721 468 685 186
539 3 2 15 9 273 567 227 913
540 3 2 15 9 274 568 228 914
541 3 2 15 9 38 488 762 39
542 3 2 15 9 77 487 761 78
543 3 2 15 9 316 411 929 735
544 3 2 15 9 315 412 930 736
545 3 2 15 9 805 225 740 337
546 3 2 15 9 806 226 739 338
547 3 2 15 9 413 939 219 549
548 3 2 15 9 414 940 220 550
549 3 2 15 9 634 292 600 798
550 3 2 15 9 633 291 599 797
551 3 2 15 9 451 16 15 659
552 3 2 15 9 452 55 54 660
553 3 2 15 9 220 532 881 550
554 3 2 15 9 219 531 882 549
555 3 2 15 9 458 36 35 665
556 3 2 15 9 457 75 74 666
557 3 2 15 9 371 795 138 139
558 3 2 15 9 372 796 90 91
559 3 2 15 9 843 481 788 249
560 3 2 15 9 844 482 787 250
561 3 2 15 9 876 215 723 491
562 3 2 15 9 875 216 724 492
563 3 2 15 9 729 223 793 335
564 3 2 15 9 730 224 794 336
565 3 2 15 9 467 845 318 686
566 3 2 15 9 468 846 317 685
567 3 2 15 9 675 251 819 431
568 3 2 15 9 676 252 820 432
569 3 2 15 9 646 406 830 198
570 3 2 15 9 645 405 829 197
571 3 2 15 9 518 254 732 542
572 3 2 15 9 517 253 731 541
573 3 2 15 9 574 443 903 207
574 3 2 15 9 573 444 904 208
575 3 2 15 9 187 503 307 832
576 3 2 15 9 188 504 308 831
577 3 2 15 9 678 315 711 512
578 3 2 15 9 677 316 712 511
579 3 2 15 9 638 767 599 291
580 3 2 15 9 637 768 600 292
581 3 2 15 9 83 648 527 84
582 3 2 15 9 44 647 528 45
583 3 2 15 9 896 381 763 486
584 3 2 15 9 895 382 764 485
585 3 2 15 9 461 631 776 183
586 3 2 15 9 462 632 775 184
587 3 2 15 9 607 293 895 596
588 3 2 15 9 608 294 896 595
589 3 2 15 9 457 739 531 285
590 3 2 15 9 458 740 532 286
591 3 2 15 9 697 349 733 653
592 3 2 15 9 698 350 734 654
593 3 2 15 9 788 491 744 249
594 3 2 15 9 787 492 743 250
595 3 2 15 9 679 255 915 497
596 3 2 15 9 680 256 916 498
597 3 2 15 9 657 625 620 268
598 3 2 15 9 658 626 619 270
599 3 2 15 9 919 413 799 331
600 3 2 15 9 920 414 800 332
601 3 2 15 9 386 115 116 944
602 3 2 15 9 385 163 164 943
603 3 2 15 9 84 527 921 1
604 3 2 15 9 45 528 922 2
605 3 2 15 9 724 319 743 492
606 3 2 15 9 723 320 744 491
607 3 2 15 9 622 513 759 301
608 3 2 15 9 621 514 760 302
609 3 2 15 9 276 655 207 501
610 3 2 15 9 275 656 208 502
611 3 2 15 9 387 493 818 255
612 3 2 15 9 388 494 817 256
613 3 2 15 9 185 587 384 637
614 3 2 15 9 186 588 383 638
615 3 2 15 9 538 834 176 177
616 3 2 15 9 537 833 128 129
617 3 2 15 9 577 277 806 456
618 3 2 15 9 578 278 805 455
619 3 2 15 9 42 548 580 43
620 3 2 15 9 81 547 579 82
621 3 2 15 9 489 123 124 662
622 3 2 15 9 490 171 172 661
623 3 2 15 9 617 393 655 884
624 3 2 15 9 618 394 656 883
625 3 2 15 9 521 472 826 257
626 3 2 15 9 522 471 825 258
627 3 2 15 9 165 166 791 772
628 3 2 15 9 117 118 792 771
629 3 2 15 9 200 769 391 748
630 3 2 15 9 199 770 392 746
631 3 2 15 9 942 559 745 278
632 3 2 15 9 941 560 747 277
633 3 2 15 9 738 318 845 525
634 3 2 15 9 737 317 846 526
635 3 2 15 9 649 314 773 524
636 3 2 15 9 650 313 774 523
637 3 2 15 9 243 938 546 353
638 3 2 15 9 244 937 545 354
639 3 2 15 9 263 640 712 407
640 3 2 15 9 264 639 711 408
641 3 2 15 9 699 280 628 635
642 3 2 15 9 700 282 627 636
643 3 2 15 9 427 689 701 343
644 3 2 15 9 428 690 702 344
645 3 2 15 9 387 885 307 503
646 3 2 15 9 388 886 308 504
647 3 2 15 9 481 717 329 788
648 3 2 15 9 482 718 330 787
649 3 2 15 9 377 859 289 935
650 3 2 15 9 378 860 290 936
651 3 2 15 9 358 822 328 839
652 3 2 15 9 357 821 327 840
653 3 2 15 9 774 313 507 781
654 3 2 15 9 773 314 508 782
655 3 2 15 9 193 868 642 441
656 3 2 15 9 194 867 641 442
657 3 2 15 9 305 750 497 915
658 3 2 15 9 306 749 498 916
659 3 2 15 9 782 508 889 188
660 3 2 15 9 781 507 890 187
661 3 2 15 9 43 580 647 44
662 3 2 15 9 82 579 648 83
663 3 2 15 9 89 90 796 804
664 3 2 15 9 137 138 795 803
665 3 2 15 9 711 204 898 512
666 3 2 15 9 712 203 897 511
667 3 2 15 9 792 430 877 778
668 3 2 15 9 791 429 878 777
669 3 2 15 9 927 264 356 803
670 3 2 15 9 928 263 355 804
671 3 2 15 9 496 683 765 235
672 3 2 15 9 495 684 766 236
673 3 2 15 9 203 556 362 897
674 3 2 15 9 204 555 361 898
675 3 2 15 9 725 872 897 362
676 3 2 15 9 726 871 898 361
677 3 2 15 9 700 641 730 281
678 3 2 15 9 699 642 729 279
679 3 2 15 9 117 771 944 116
680 3 2 15 9 165 772 943 164
681 3 2 15 9 152 153 390 615
682 3 2 15 9 104 105 389 616
683 3 2 15 9 783 519 902 259
684 3 2 15 9 784 520 901 260
685 3 2 15 9 296 841 229 513
686 3 2 15 9 295 842 230 514
687 3 2 15 9 480 767 638 383
688 3 2 15 9 479 768 637 384
689 3 2 15 9 11 553 934 12
690 3 2 15 9 50 554 933 51
691 3 2 15 9 69 696 544 70
692 3 2 15 9 30 695 543 31
693 3 2 15 9 411 316 677 714
694 3 2 15 9 412 315 678 713
695 3 2 15 9 860 378 715 758
696 3 2 15 9 859 377 716 757
697 3 2 15 9 517 321 672 480
698 3 2 15 9 518 322 671 479
699 3 2 15 9 620 345 727 465
700 3 2 15 9 619 346 728 466
701 3 2 15 9 293 523 237 827
702 3 2 15 9 294 524 238 828
703 3 2 15 9 628 463 727 345
704 3 2 15 9 627 464 728 346
705 3 2 15 9 534 717 102 103
706 3 2 15 9 533 718 150 151
707 3 2 15 9 463 10 9 727
708 3 2 15 9 464 49 48 728
709 3 2 15 9 446 233 735 929
710 3 2 15 9 445 234 736 930
711 3 2 15 9 643 206 884 568
712 3 2 15 9 644 205 883 567
713 3 2 15 9 249 693 349 843
714 3 2 15 9 250 694 350 844
715 3 2 15 9 537 129 130 854
716 3 2 15 9 538 177 178 853
717 3 2 15 9 96 539 837 95
718 3 2 15 9 144 540 838 143
719 3 2 15 9 453 808 168 169
720 3 2 15 9 454 807 120 121
721 3 2 15 9 31 543 899 32
722 3 2 15 9 70 544 900 71
723 3 2 15 9 301 629 469 818
724 3 2 15 9 302 630 470 817
725 3 2 15 9 272 778 708 506
726 3 2 15 9 271 777 707 505
727 3 2 15 9 29 563 695 30
728 3 2 15 9 68 564 696 69
729 3 2 15 9 865 341 913 227
730 3 2 15 9 866 342 914 228
731 3 2 15 9 429 167 168 786
732 3 2 15 9 430 119 120 785
733 3 2 15 9 398 779 908 201
734 3 2 15 9 397 780 907 202
735 3 2 15 9 404 864 252 676
736 3 2 15 9 403 863 251 675
737 3 2 15 9 545 40 39 762
738 3 2 15 9 546 79 78 761
739 3 2 15 9 519 815 363 902
740 3 2 15 9 520 816 364 901
741 3 2 15 9 442 212 797 599
742 3 2 15 9 441 211 798 600
743 3 2 15 9 819 251 845 467
744 3 2 15 9 820 252 846 468
745 3 2 15 9 214 584 298 789
746 3 2 15 9 213 583 297 790
747 3 2 15 9 26 609 561 27
748 3 2 15 9 65 610 562 66
749 3 2 15 9 437 326 944 771
750 3 2 15 9 438 325 943 772
751 3 2 15 9 21 719 575 22
752 3 2 15 9 60 720 576 61
753 3 2 15 9 327 776 303 586
754 3 2 15 9 328 775 304 585
755 3 2 15 9 380 790 237 869
756 3 2 15 9 379 789 238 870
757 3 2 15 9 608 351 909 535
758 3 2 15 9 607 352 910 536
759 3 2 15 9 411 536 910 266
760 3 2 15 9 412 535 909 265
761 3 2 15 9 833 537 909 351
762 3 2 15 9 834 538 910 352
763 3 2 15 9 853 266 910 538
764 3 2 15 9 854 265 909 537
765 3 2 15 9 183 776 327 801
766 3 2 15 9 184 775 328 802
767 3 2 15 9 120 807 376 785
768 3 2 15 9 168 808 375 786
769 3 2 15 9 189 840 327 586
770 3 2 15 9 190 839 328 585
771 3 2 15 9 784 892 540 366
772 3 2 15 9 783 891 539 365
773 3 2 15 9 415 850 232 694
774 3 2 15 9 416 849 231 693
775 3 2 15 9 340 823 276 501
776 3 2 15 9 339 824 275 502
777 3 2 15 9 355 681 233 757
778 3 2 15 9 356 682 234 758
779 3 2 15 9 733 363 815 653
780 3 2 15 9 734 364 816 654
781 3 2 15 9 519 811 96 97
782 3 2 15 9 520 812 144 145
783 3 2 15 9 359 603 187 890
784 3 2 15 9 360 604 188 889
785 3 2 15 9 19 701 689 20
786 3 2 15 9 58 702 690 59
787 3 2 15 9 653 815 98 99
788 3 2 15 9 654 816 146 147
789 3 2 15 9 566 140 141 836
790 3 2 15 9 565 92 93 835
791 3 2 15 9 357 613 195 821
792 3 2 15 9 358 614 196 822
793 3 2 15 9 777 271 772 791
794 3 2 15 9 778 272 771 792
795 3 2 15 9 427 704 644 287
796 3 2 15 9 428 703 643 288
797 3 2 15 9 349 693 231 733
798 3 2 15 9 350 694 232 734
799 3 2 15 9 892 242 917 880
800 3 2 15 9 891 241 918 879
801 3 2 15 9 547 425 756 311
802 3 2 15 9 548 426 755 312
803 3 2 15 9 321 780 397 672
804 3 2 15 9 322 779 398 671
805 3 2 15 9 515 85 86 935
806 3 2 15 9 516 133 134 936
807 3 2 15 9 719 287 433 575
808 3 2 15 9 720 288 434 576
809 3 2 15 9 438 602 800 192
810 3 2 15 9 437 601 799 191
811 3 2 15 9 224 867 397 522
812 3 2 15 9 223 868 398 521
813 3 2 15 9 751 304 775 632
814 3 2 15 9 752 303 776 631
815 3 2 15 9 729 335 659 449
816 3 2 15 9 730 336 660 450
817 3 2 15 9 696 340 809 544
818 3 2 15 9 695 339 810 543
819 3 2 15 9 132 4 133 516
820 3 2 15 9 180 6 85 515
821 3 2 15 9 656 227 567 883
822 3 2 15 9 655 228 568 884
823 3 2 15 9 821 195 919 624
824 3 2 15 9 822 196 920 623
825 3 2 15 9 835 837 879 565
826 3 2 15 9 836 838 880 566
827 3 2 15 9 268 551 921 395
828 3 2 15 9 270 552 922 396
829 3 2 15 9 110 754 517 109
830 3 2 15 9 158 753 518 157
831 3 2 15 9 211 419 634 798
832 3 2 15 9 212 420 633 797
833 3 2 15 9 309 583 213 862
834 3 2 15 9 310 584 214 861
835 3 2 15 9 486 125 126 896
836 3 2 15 9 485 173 174 895
837 3 2 15 9 20 689 719 21
838 3 2 15 9 59 690 720 60
839 3 2 15 9 251 863 525 845
840 3 2 15 9 252 864 526 846
841 3 2 15 9 267 395 921 527
842 3 2 15 9 269 396 922 528
843 3 2 15 9 740 458 665 337
844 3 2 15 9 739 457 666 338
845 3 2 15 9 308 710 379 831
846 3 2 15 9 307 709 380 832
847 3 2 15 9 731 333 887 541
848 3 2 15 9 732 334 888 542
849 3 2 15 9 198 830 348 597
850 3 2 15 9 197 829 347 598
851 3 2 15 9 609 341 865 561
852 3 2 15 9 610 342 866 562
853 3 2 15 9 658 269 857 687
854 3 2 15 9 657 267 858 688
855 3 2 15 9 793 451 659 335
856 3 2 15 9 794 452 660 336
857 3 2 15 9 687 857 856 222
858 3 2 15 9 688 858 855 221
859 3 2 15 9 894 202 907 440
860 3 2 15 9 893 201 908 439
861 3 2 15 9 802 623 920 332
862 3 2 15 9 801 624 919 331
863 3 2 15 9 926 332 800 602
864 3 2 15 9 925 331 799 601
865 3 2 15 9 593 911 385 943
866 3 2 15 9 594 912 386 944
867 3 2 15 9 491 788 329 876
868 3 2 15 9 492 787 330 875
869 3 2 15 9 280 401 934 553
870 3 2 15 9 282 402 933 554
871 3 2 15 9 413 483 852 939
872 3 2 15 9 414 484 851 940
873 3 2 15 9 559 444 911 199
874 3 2 15 9 560 443 912 200
875 3 2 15 9 667 742 842 390
876 3 2 15 9 668 741 841 389
877 3 2 15 9 614 358 839 473
878 3 2 15 9 613 357 840 474
879 3 2 15 9 545 762 488 354
880 3 2 15 9 546 761 487 353
881 3 2 15 9 281 558 933 402
882 3 2 15 9 279 557 934 401
883 3 2 15 9 696 564 823 340
884 3 2 15 9 695 563 824 339
885 3 2 15 9 298 763 238 789
886 3 2 15 9 297 764 237 790
887 3 2 15 9 200 912 594 769
888 3 2 15 9 199 911 593 770
889 3 2 15 9 663 229 841 741
890 3 2 15 9 664 230 842 742
891 3 2 15 9 578 33 32 899
892 3 2 15 9 577 72 71 900
893 3 2 15 9 551 7 1 921
894 3 2 15 9 552 46 2 922
895 3 2 15 9 913 341 609 459
896 3 2 15 9 914 342 610 460
897 3 2 15 9 216 875 330 606
898 3 2 15 9 215 876 329 605
899 3 2 15 9 392 770 325 705
900 3 2 15 9 391 769 326 706
901 3 2 15 9 399 906 640 476
902 3 2 15 9 400 905 639 475
903 3 2 15 9 558 52 51 933
904 3 2 15 9 557 13 12 934
905 3 2 15 9 513 229 737 759
906 3 2 15 9 514 230 738 760
907 3 2 15 9 497 750 862 213
908 3 2 15 9 498 749 861 214
909 3 2 15 9 821 624 801 327
910 3 2 15 9 822 623 802 328
911 3 2 15 9 867 224 730 641
912 3 2 15 9 868 223 729 642
913 3 2 15 9 289 859 446 874
914 3 2 15 9 290 860 445 873
915 3 2 15 9 780 321 813 581
916 3 2 15 9 779 322 814 582
917 3 2 15 9 429 786 375 878
918 3 2 15 9 430 785 376 877
919 3 2 15 9 382 827 237 764
920 3 2 15 9 381 828 238 763
921 3 2 15 9 190 570 473 839
922 3 2 15 9 189 569 474 840
923 3 2 15 9 226 806 277 747
924 3 2 15 9 225 805 278 745
925 3 2 15 9 742 667 888 334
926 3 2 15 9 741 668 887 333
927 3 2 15 9 518 753 814 322
928 3 2 15 9 517 754 813 321
929 3 2 15 9 201 893 247 472
930 3 2 15 9 202 894 248 471
931 3 2 15 9 908 374 205 439
932 3 2 15 9 907 373 206 440
933 3 2 15 9 306 422 861 749
934 3 2 15 9 305 421 862 750
935 3 2 15 9 374 908 779 582
936 3 2 15 9 373 907 780 581
937 3 2 15 9 574 386 912 443
938 3 2 15 9 573 385 911 444
939 3 2 15 9 210 570 348 830
940 3 2 15 9 209 569 347 829
941 3 2 15 9 940 851 612 220
942 3 2 15 9 939 852 611 219
943 3 2 15 9 526 424 759 737
944 3 2 15 9 525 423 760 738
945 3 2 15 9 666 456 806 338
946 3 2 15 9 665 455 805 337
947 3 2 15 9 198 597 417 931
948 3 2 15 9 197 598 418 932
949 3 2 15 9 137 803 715 136
950 3 2 15 9 89 804 716 88
951 3 2 15 9 757 716 804 355
952 3 2 15 9 758 715 803 356
953 3 2 15 9 318 738 230 664
954 3 2 15 9 317 737 229 663
955 3 2 15 9 291 633 198 931
956 3 2 15 9 292 634 197 932
957 3 2 15 9 770 593 943 325
958 3 2 15 9 769 594 944 326
959 3 2 15 9 453 691 235 808
960 3 2 15 9 454 692 236 807
961 3 2 15 9 711 639 905 204
962 3 2 15 9 712 640 906 203
963 3 2 15 9 740 225 881 532
964 3 2 15 9 739 226 882 531
965 3 2 15 9 877 323 708 778
966 3 2 15 9 878 324 707 777
967 3 2 15 9 278 578 899 942
968 3 2 15 9 277 577 900 941
969 3 2 15 9 564 448 276 823
970 3 2 15 9 563 447 275 824
971 3 2 15 9 481 843 349 697
972 3 2 15 9 482 844 350 698
973 3 2 15 9 702 478 825 344
974 3 2 15 9 701 477 826 343
975 3 2 15 9 312 856 857 369
976 3 2 15 9 311 855 858 370
977 3 2 15 9 781 409 869 774
978 3 2 15 9 782 410 870 773
979 3 2 15 9 153 154 667 390
980 3 2 15 9 105 106 668 389
981 3 2 15 9 523 774 869 237
982 3 2 15 9 524 773 870 238
983 3 2 15 9 245 502 208 904
984 3 2 15 9 246 501 207 903
985 3 2 15 9 409 832 380 869
986 3 2 15 9 410 831 379 870
987 3 2 15 9 809 941 900 544
988 3 2 15 9 810 942 899 543
989 3 2 15 9 231 849 359 725
990 3 2 15 9 232 850 360 726
991 3 2 15 9 562 866 276 448
992 3 2 15 9 561 865 275 447
993 3 2 15 9 440 206 643 703
994 3 2 15 9 439 205 644 704
995 3 2 15 9 267 527 648 848
996 3 2 15 9 269 528 647 847
997 3 2 15 9 709 307 885 679
998 3 2 15 9 710 308 886 680
999 3 2 15 9 143 838 836 142
1000 3 2 15 9 95 837 835 94
1001 3 2 15 9 235 765 375 808
1002 3 2 15 9 236 766 376 807
1003 3 2 15 9 159 814 753 158
1004 3 2 15 9 111 813 754 110
1005 3 2 15 9 890 872 725 359
1006 3 2 15 9 889 871 726 360
1007 3 2 15 9 373 617 884 206
1008 3 2 15 9 374 618 883 205
1009 3 2 15 9 403 752 283 924
1010 3 2 15 9 404 751 284 923
1011 3 2 15 9 747 748 882 226
1012 3 2 15 9 745 746 881 225
1013 3 2 15 9 511 897 872 261
1014 3 2 15 9 512 898 871 262
1015 3 2 15 9 324 878 375 765
1016 3 2 15 9 323 877 376 766
1017 3 2 15 9 545 937 755 426
1018 3 2 15 9 546 938 756 425
1019 3 2 15 9 369 857 269 847
1020 3 2 15 9 370 858 267 848
1021 3 2 15 9 579 370 848 648
1022 3 2 15 9 580 369 847 647
1023 3 2 15 9 287 719 689 427
1024 3 2 15 9 288 720 690 428
1025 3 2 15 9 550 881 746 392
1026 3 2 15 9 549 882 748 391
1027 3 2 15 9 475 927 371 917
1028 3 2 15 9 476 928 372 918
1029 3 2 15 9 332 926 184 802
1030 3 2 15 9 331 925 183 801
1031 3 2 15 9 435 756 938 243
1032 3 2 15 9 436 755 937 244
1033 3 2 15 9 560 941 809 246
1034 3 2 15 9 559 942 810 245
$EndElements
