76
0 1 1.00000000000000
1 4 1.41421356237310
1 0 1.00000000000000
1 3 -0.816496580927726
2 5 1.41421356237310
3 1 -0.816496580927726
3 7 1.29099444873581
4 9 1.73205080756888
4 1 0.942809041582063
4 7 -0.596284793999944
5 10 1.73205080756888
5 2 0.707106781186548
5 8 -0.447213595499958
6 1 -0.471404520791032
6 7 0.298142396999972
6 11 1.73205080756888
7 4 -0.894427190999916
7 14 1.67332005306815
7 3 1.29099444873581
7 13 -1.15470053837925
8 5 -0.894427190999916
8 15 1.67332005306815
9 17 2.00000000000000
9 4 1.03923048454133
9 14 -0.555492059863531
10 18 2.00000000000000
10 5 0.923760430703401
10 15 -0.493770719878694
11 19 2.00000000000000
11 14 0.123442679969674
11 4 -0.230940107675850
11 6 0.577350269189626
11 16 -0.308606699924184
12 5 -0.692820323027551
12 15 0.370328039909021
12 20 2.00000000000000
13 7 -1.15470053837925
13 22 1.52752523165195
14 9 -0.925820099772551
14 24 1.96396101212393
14 7 1.11554670204543
14 22 -0.843274042711568
15 10 -0.925820099772551
15 25 1.96396101212393
15 8 0.836660026534076
15 23 -0.632455532033676
16 7 -0.557773351022717
16 22 0.421637021355784
16 11 -0.925820099772551
16 26 1.96396101212393
17 9 1.14285714285714
17 24 -0.538748023761179
18 10 1.07142857142857
18 25 -0.505076272276105
19 24 0.0673435029701474
19 9 -0.142857142857143
19 11 0.857142857142857
19 26 -0.404061017820884
20 25 0.202030508910442
20 10 -0.428571428571429
20 12 0.500000000000000
20 27 -0.235702260395516
21 11 -0.857142857142857
21 26 0.404061017820884
22 14 -1.26491106406735
22 13 1.52752523165195
23 15 -1.26491106406735
24 17 -0.942809041582063
24 14 1.17837660727436
25 18 -0.942809041582063
25 15 1.04744587313276
26 19 -0.942809041582063
26 14 -0.261861468283191
26 16 0.654653670707977
27 15 -0.785584404849573
27 20 -0.942809041582063
