#x y at the midpoint of each cell all the exact solution components
-1.000000 -1.000000 2.066928 0.000000 -0.652714 0.000000 0.000000 0.000000 
0.000000 -1.000000 2.066928 0.000000 -0.652714 0.000000 0.000000 0.000000 
-1.000000 0.000000 4.242641 0.000000 -0.652714 0.000000 0.000000 0.000000 
0.000000 0.000000 4.242641 0.000000 -0.652714 0.000000 0.000000 0.000000 
0.000000 -1.000000 2.066928 0.000000 -0.652714 0.000000 0.000000 0.000000 
1.000000 -1.000000 2.066928 0.000000 -0.652714 0.000000 0.000000 0.000000 
0.000000 0.000000 4.242641 0.000000 -0.652714 0.000000 0.000000 0.000000 
1.000000 0.000000 4.242641 0.000000 -0.652714 0.000000 0.000000 0.000000 
-1.000000 0.000000 4.242641 0.000000 -0.652714 0.000000 0.000000 0.000000 
0.000000 0.000000 4.242641 0.000000 -0.652714 0.000000 0.000000 0.000000 
-1.000000 1.000000 6.418354 0.000000 -0.652714 0.000000 0.000000 0.000000 
0.000000 1.000000 6.418354 0.000000 -0.652714 0.000000 0.000000 0.000000 
0.000000 0.000000 4.242641 0.000000 -0.652714 0.000000 0.000000 0.000000 
1.000000 0.000000 4.242641 0.000000 -0.652714 0.000000 0.000000 0.000000 
0.000000 1.000000 6.418354 0.000000 -0.652714 0.000000 0.000000 0.000000 
1.000000 1.000000 6.418354 0.000000 -0.652714 0.000000 0.000000 0.000000 
