#x points: 24 #c points: 110
xloc: cloc: weight: f
values below 10e-5 have been chopped
0.04 -7.99625 0.00963329 0
0.04 -7.98023 0.0223945 0
0.04 -7.95148 0.035103 0
0.04 -7.91006 0.0477006 0
0.04 -7.85613 0.0601458 0
0.04 -7.78984 0.0723985 0
0.04 -7.71141 0.0844192 0
0.04 -7.62109 0.0961696 0
0.04 -7.51917 0.107612 0
0.04 -7.40598 0.118709 0
0.04 -7.28188 0.129427 0
0.04 -7.14726 0.139729 0
0.04 -7.00257 0.149585 0
0.04 -6.84825 0.158961 0
0.04 -6.68482 0.167827 0
0.04 -6.51278 0.176157 0
0.04 -6.33269 0.183921 0
0.04 -6.14513 0.191097 0
0.04 -5.9507 0.197661 0
0.04 -5.75002 0.203591 0
0.04 -5.54374 0.208869 0
0.04 -5.33251 0.213479 0
0.04 -5.11701 0.217404 0.0000100078
0.04 -4.89793 0.220633 0.0000272756
0.04 -4.67598 0.223155 0.0000713568
0.04 -4.45186 0.224963 0.000178196
0.04 -4.22629 0.226049 0.000422623
0.04 -4. 0.226412 0.000947561
0.04 -3.77371 0.226049 0.0020002
0.04 -3.54814 0.224963 0.00396051
0.04 -3.32402 0.223155 0.00733148
0.04 -3.10207 0.220633 0.0126485
0.04 -2.88299 0.217404 0.0202735
0.04 -2.66749 0.213479 0.0300836
0.04 -2.45626 0.208869 0.0411376
0.04 -2.24998 0.203591 0.0514776
0.04 -2.0493 0.197661 0.0582331
0.04 -1.85487 0.191097 0.05811
0.04 -1.66731 0.183921 0.0481783
0.04 -1.48722 0.176157 0.0267126
0.04 -1.31518 0.167827 -0.00622358
0.04 -1.15175 0.158961 -0.0486729
0.04 -0.997433 0.149585 -0.0971889
0.04 -0.852737 0.139729 -0.14759
0.04 -0.718123 0.129427 -0.195799
0.04 -0.594022 0.118709 -0.238515
0.04 -0.480831 0.107612 -0.273569
0.04 -0.378913 0.0961696 -0.299954
0.04 -0.288594 0.0844192 -0.31755
0.04 -0.210165 0.0723985 -0.326643
0.04 -0.143875 0.0601458 -0.327142
0.04 -0.0899371 0.0477006 -0.317031
0.04 -0.0485242 0.035103 -0.28787
0.04 -0.0197681 0.0223945 -0.207082
0.04 -0.00375432 0.00963329 0.00817428
0.04 0.00375432 0.00963329 0.402439
0.04 0.0197681 0.0223945 0.4321
0.04 0.0485242 0.035103 0.435827
0.04 0.0899371 0.0477006 0.4349
0.04 0.143875 0.0601458 0.430319
0.04 0.210165 0.0723985 0.421058
0.04 0.288594 0.0844192 0.405617
0.04 0.378913 0.0961696 0.382506
0.04 0.480831 0.107612 0.350624
0.04 0.594022 0.118709 0.309647
0.04 0.718123 0.129427 0.260378
0.04 0.852737 0.139729 0.204962
0.04 0.997433 0.149585 0.146834
0.04 1.15175 0.158961 0.0903338
0.04 1.31518 0.167827 0.0399859
0.04 1.48722 0.176157 -0.00039345
0.04 1.66731 0.183921 -0.0285156
0.04 1.85487 0.191097 -0.0440798
0.04 2.0493 0.197661 -0.0487008
0.04 2.24998 0.203591 -0.0453273
0.04 2.45626 0.208869 -0.0373777
0.04 2.66749 0.213479 -0.0279095
0.04 2.88299 0.217404 -0.0190859
0.04 3.10207 0.220633 -0.0120359
0.04 3.32402 0.223155 -0.00703321
0.04 3.54814 0.224963 -0.00382331
0.04 3.77371 0.226049 -0.00194051
0.04 4. 0.226412 -0.000922948
0.04 4.22629 0.226049 -0.00041298
0.04 4.45186 0.224963 -0.000174595
0.04 4.67598 0.223155 -0.0000700702
0.04 4.89793 0.220633 -0.0000268337
0.04 5.11701 0.217404 0
0.04 5.33251 0.213479 0
0.04 5.54374 0.208869 0
0.04 5.75002 0.203591 0
0.04 5.9507 0.197661 0
0.04 6.14513 0.191097 0
0.04 6.33269 0.183921 0
0.04 6.51278 0.176157 0
0.04 6.68482 0.167827 0
0.04 6.84825 0.158961 0
0.04 7.00257 0.149585 0
0.04 7.14726 0.139729 0
0.04 7.28188 0.129427 0
0.04 7.40598 0.118709 0
0.04 7.51917 0.107612 0
0.04 7.62109 0.0961696 0
0.04 7.71141 0.0844192 0
0.04 7.78984 0.0723985 0
0.04 7.85613 0.0601458 0
0.04 7.91006 0.0477006 0
0.04 7.95148 0.035103 0
0.04 7.98023 0.0223945 0
0.04 7.99625 0.00963329 0
0.08 -7.99625 0.00963329 0
0.08 -7.98023 0.0223945 0
0.08 -7.95148 0.035103 0
0.08 -7.91006 0.0477006 0
0.08 -7.85613 0.0601458 0
0.08 -7.78984 0.0723985 0
0.08 -7.71141 0.0844192 0
0.08 -7.62109 0.0961696 0
0.08 -7.51917 0.107612 0
0.08 -7.40598 0.118709 0
0.08 -7.28188 0.129427 0
0.08 -7.14726 0.139729 0
0.08 -7.00257 0.149585 0
0.08 -6.84825 0.158961 0
0.08 -6.68482 0.167827 0
0.08 -6.51278 0.176157 0
0.08 -6.33269 0.183921 0
0.08 -6.14513 0.191097 0
0.08 -5.9507 0.197661 0
0.08 -5.75002 0.203591 0
0.08 -5.54374 0.208869 0
0.08 -5.33251 0.213479 0
0.08 -5.11701 0.217404 0.0000100086
0.08 -4.89793 0.220633 0.0000272779
0.08 -4.67598 0.223155 0.0000713629
0.08 -4.45186 0.224963 0.000178212
0.08 -4.22629 0.226049 0.000422663
0.08 -4. 0.226412 0.000947656
0.08 -3.77371 0.226049 0.00200041
0.08 -3.54814 0.224963 0.00396096
0.08 -3.32402 0.223155 0.00733236
0.08 -3.10207 0.220633 0.0126501
0.08 -2.88299 0.217404 0.0202763
0.08 -2.66749 0.213479 0.030088
0.08 -2.45626 0.208869 0.0411441
0.08 -2.24998 0.203591 0.0514863
0.08 -2.0493 0.197661 0.0582436
0.08 -1.85487 0.191097 0.0581211
0.08 -1.66731 0.183921 0.0481874
0.08 -1.48722 0.176157 0.026716
0.08 -1.31518 0.167827 -0.00623114
0.08 -1.15175 0.158961 -0.048698
0.08 -0.997433 0.149585 -0.0972392
0.08 -0.852737 0.139729 -0.147675
0.08 -0.718123 0.129427 -0.195929
0.08 -0.594022 0.118709 -0.238703
0.08 -0.480831 0.107612 -0.273833
0.08 -0.378913 0.0961696 -0.300319
0.08 -0.288594 0.0844192 -0.318056
0.08 -0.210165 0.0723985 -0.327358
0.08 -0.143875 0.0601458 -0.328189
0.08 -0.0899371 0.0477006 -0.318662
0.08 -0.0485242 0.035103 -0.290654
0.08 -0.0197681 0.0223945 -0.212284
0.08 -0.00375432 0.00963329 0.00371257
0.08 0.00375432 0.00963329 0.368414
0.08 0.0197681 0.0223945 0.424502
0.08 0.0485242 0.035103 0.432665
0.08 0.0899371 0.0477006 0.43319
0.08 0.143875 0.0601458 0.429261
0.08 0.210165 0.0723985 0.420349
0.08 0.288594 0.0844192 0.40512
0.08 0.378913 0.0961696 0.38215
0.08 0.480831 0.107612 0.350368
0.08 0.594022 0.118709 0.309465
0.08 0.718123 0.129427 0.260254
0.08 0.852737 0.139729 0.204881
0.08 0.997433 0.149585 0.146787
0.08 1.15175 0.158961 0.0903105
0.08 1.31518 0.167827 0.0399793
0.08 1.48722 0.176157 -0.000389585
0.08 1.66731 0.183921 -0.0285063
0.08 1.85487 0.191097 -0.0440688
0.08 2.0493 0.197661 -0.0486904
0.08 2.24998 0.203591 -0.0453188
0.08 2.45626 0.208869 -0.0373714
0.08 2.66749 0.213479 -0.0279052
0.08 2.88299 0.217404 -0.0190832
0.08 3.10207 0.220633 -0.0120344
0.08 3.32402 0.223155 -0.00703236
0.08 3.54814 0.224963 -0.00382288
0.08 3.77371 0.226049 -0.0019403
0.08 4. 0.226412 -0.000922855
0.08 4.22629 0.226049 -0.000412941
0.08 4.45186 0.224963 -0.000174579
0.08 4.67598 0.223155 -0.0000700642
0.08 4.89793 0.220633 -0.0000268316
0.08 5.11701 0.217404 0
0.08 5.33251 0.213479 0
0.08 5.54374 0.208869 0
0.08 5.75002 0.203591 0
0.08 5.9507 0.197661 0
0.08 6.14513 0.191097 0
0.08 6.33269 0.183921 0
0.08 6.51278 0.176157 0
0.08 6.68482 0.167827 0
0.08 6.84825 0.158961 0
0.08 7.00257 0.149585 0
0.08 7.14726 0.139729 0
0.08 7.28188 0.129427 0
0.08 7.40598 0.118709 0
0.08 7.51917 0.107612 0
0.08 7.62109 0.0961696 0
0.08 7.71141 0.0844192 0
0.08 7.78984 0.0723985 0
0.08 7.85613 0.0601458 0
0.08 7.91006 0.0477006 0
0.08 7.95148 0.035103 0
0.08 7.98023 0.0223945 0
0.08 7.99625 0.00963329 0
0.12 -7.99625 0.00963329 0
0.12 -7.98023 0.0223945 0
0.12 -7.95148 0.035103 0
0.12 -7.91006 0.0477006 0
0.12 -7.85613 0.0601458 0
0.12 -7.78984 0.0723985 0
0.12 -7.71141 0.0844192 0
0.12 -7.62109 0.0961696 0
0.12 -7.51917 0.107612 0
0.12 -7.40598 0.118709 0
0.12 -7.28188 0.129427 0
0.12 -7.14726 0.139729 0
0.12 -7.00257 0.149585 0
0.12 -6.84825 0.158961 0
0.12 -6.68482 0.167827 0
0.12 -6.51278 0.176157 0
0.12 -6.33269 0.183921 0
0.12 -6.14513 0.191097 0
0.12 -5.9507 0.197661 0
0.12 -5.75002 0.203591 0
0.12 -5.54374 0.208869 0
0.12 -5.33251 0.213479 0
0.12 -5.11701 0.217404 0.0000100094
0.12 -4.89793 0.220633 0.0000272801
0.12 -4.67598 0.223155 0.0000713691
0.12 -4.45186 0.224963 0.000178228
0.12 -4.22629 0.226049 0.000422703
0.12 -4. 0.226412 0.000947751
0.12 -3.77371 0.226049 0.00200062
0.12 -3.54814 0.224963 0.0039614
0.12 -3.32402 0.223155 0.00733324
0.12 -3.10207 0.220633 0.0126517
0.12 -2.88299 0.217404 0.0202791
0.12 -2.66749 0.213479 0.0300924
0.12 -2.45626 0.208869 0.0411505
0.12 -2.24998 0.203591 0.0514949
0.12 -2.0493 0.197661 0.0582541
0.12 -1.85487 0.191097 0.0581321
0.12 -1.66731 0.183921 0.0481966
0.12 -1.48722 0.176157 0.0267195
0.12 -1.31518 0.167827 -0.00623865
0.12 -1.15175 0.158961 -0.0487229
0.12 -0.997433 0.149585 -0.0972894
0.12 -0.852737 0.139729 -0.14776
0.12 -0.718123 0.129427 -0.196059
0.12 -0.594022 0.118709 -0.238891
0.12 -0.480831 0.107612 -0.274097
0.12 -0.378913 0.0961696 -0.300684
0.12 -0.288594 0.0844192 -0.318562
0.12 -0.210165 0.0723985 -0.328072
0.12 -0.143875 0.0601458 -0.329236
0.12 -0.0899371 0.0477006 -0.320297
0.12 -0.0485242 0.035103 -0.293454
0.12 -0.0197681 0.0223945 -0.217572
0.12 -0.00375432 0.00963329 -0.00112146
0.12 0.00375432 0.00963329 0.337576
0.12 0.0197681 0.0223945 0.417038
0.12 0.0485242 0.035103 0.42952
0.12 0.0899371 0.0477006 0.431484
0.12 0.143875 0.0601458 0.428203
0.12 0.210165 0.0723985 0.41964
0.12 0.288594 0.0844192 0.404623
0.12 0.378913 0.0961696 0.381794
0.12 0.480831 0.107612 0.350112
0.12 0.594022 0.118709 0.309284
0.12 0.718123 0.129427 0.260129
0.12 0.852737 0.139729 0.2048
0.12 0.997433 0.149585 0.146739
0.12 1.15175 0.158961 0.0902871
0.12 1.31518 0.167827 0.0399727
0.12 1.48722 0.176157 -0.000385743
0.12 1.66731 0.183921 -0.0284971
0.12 1.85487 0.191097 -0.0440578
0.12 2.0493 0.197661 -0.04868
0.12 2.24998 0.203591 -0.0453102
0.12 2.45626 0.208869 -0.0373651
0.12 2.66749 0.213479 -0.0279009
0.12 2.88299 0.217404 -0.0190805
0.12 3.10207 0.220633 -0.0120328
0.12 3.32402 0.223155 -0.0070315
0.12 3.54814 0.224963 -0.00382244
0.12 3.77371 0.226049 -0.00194009
0.12 4. 0.226412 -0.000922763
0.12 4.22629 0.226049 -0.000412902
0.12 4.45186 0.224963 -0.000174564
0.12 4.67598 0.223155 -0.0000700582
0.12 4.89793 0.220633 -0.0000268294
0.12 5.11701 0.217404 0
0.12 5.33251 0.213479 0
0.12 5.54374 0.208869 0
0.12 5.75002 0.203591 0
0.12 5.9507 0.197661 0
0.12 6.14513 0.191097 0
0.12 6.33269 0.183921 0
0.12 6.51278 0.176157 0
0.12 6.68482 0.167827 0
0.12 6.84825 0.158961 0
0.12 7.00257 0.149585 0
0.12 7.14726 0.139729 0
0.12 7.28188 0.129427 0
0.12 7.40598 0.118709 0
0.12 7.51917 0.107612 0
0.12 7.62109 0.0961696 0
0.12 7.71141 0.0844192 0
0.12 7.78984 0.0723985 0
0.12 7.85613 0.0601458 0
0.12 7.91006 0.0477006 0
0.12 7.95148 0.035103 0
0.12 7.98023 0.0223945 0
0.12 7.99625 0.00963329 0
0.16 -7.99625 0.00963329 0
0.16 -7.98023 0.0223945 0
0.16 -7.95148 0.035103 0
0.16 -7.91006 0.0477006 0
0.16 -7.85613 0.0601458 0
0.16 -7.78984 0.0723985 0
0.16 -7.71141 0.0844192 0
0.16 -7.62109 0.0961696 0
0.16 -7.51917 0.107612 0
0.16 -7.40598 0.118709 0
0.16 -7.28188 0.129427 0
0.16 -7.14726 0.139729 0
0.16 -7.00257 0.149585 0
0.16 -6.84825 0.158961 0
0.16 -6.68482 0.167827 0
0.16 -6.51278 0.176157 0
0.16 -6.33269 0.183921 0
0.16 -6.14513 0.191097 0
0.16 -5.9507 0.197661 0
0.16 -5.75002 0.203591 0
0.16 -5.54374 0.208869 0
0.16 -5.33251 0.213479 0
0.16 -5.11701 0.217404 0.0000100102
0.16 -4.89793 0.220633 0.0000272824
0.16 -4.67598 0.223155 0.0000713752
0.16 -4.45186 0.224963 0.000178244
0.16 -4.22629 0.226049 0.000422743
0.16 -4. 0.226412 0.000947846
0.16 -3.77371 0.226049 0.00200084
0.16 -3.54814 0.224963 0.00396185
0.16 -3.32402 0.223155 0.00733411
0.16 -3.10207 0.220633 0.0126533
0.16 -2.88299 0.217404 0.0202818
0.16 -2.66749 0.213479 0.0300968
0.16 -2.45626 0.208869 0.041157
0.16 -2.24998 0.203591 0.0515036
0.16 -2.0493 0.197661 0.0582646
0.16 -1.85487 0.191097 0.0581431
0.16 -1.66731 0.183921 0.0482057
0.16 -1.48722 0.176157 0.0267229
0.16 -1.31518 0.167827 -0.00624611
0.16 -1.15175 0.158961 -0.0487478
0.16 -0.997433 0.149585 -0.0973395
0.16 -0.852737 0.139729 -0.147844
0.16 -0.718123 0.129427 -0.196188
0.16 -0.594022 0.118709 -0.239078
0.16 -0.480831 0.107612 -0.27436
0.16 -0.378913 0.0961696 -0.301048
0.16 -0.288594 0.0844192 -0.319067
0.16 -0.210165 0.0723985 -0.328786
0.16 -0.143875 0.0601458 -0.330284
0.16 -0.0899371 0.0477006 -0.321934
0.16 -0.0485242 0.035103 -0.296269
0.16 -0.0197681 0.0223945 -0.222949
0.16 -0.00375432 0.00963329 -0.0063706
0.16 0.00375432 0.00963329 0.309621
0.16 0.0197681 0.0223945 0.409703
0.16 0.0485242 0.035103 0.426394
0.16 0.0899371 0.0477006 0.429782
0.16 0.143875 0.0601458 0.427145
0.16 0.210165 0.0723985 0.41893
0.16 0.288594 0.0844192 0.404126
0.16 0.378913 0.0961696 0.381438
0.16 0.480831 0.107612 0.349856
0.16 0.594022 0.118709 0.309102
0.16 0.718123 0.129427 0.260004
0.16 0.852737 0.139729 0.204719
0.16 0.997433 0.149585 0.146691
0.16 1.15175 0.158961 0.0902636
0.16 1.31518 0.167827 0.039966
0.16 1.48722 0.176157 -0.000381923
0.16 1.66731 0.183921 -0.0284878
0.16 1.85487 0.191097 -0.0440468
0.16 2.0493 0.197661 -0.0486696
0.16 2.24998 0.203591 -0.0453017
0.16 2.45626 0.208869 -0.0373587
0.16 2.66749 0.213479 -0.0278966
0.16 2.88299 0.217404 -0.0190778
0.16 3.10207 0.220633 -0.0120312
0.16 3.32402 0.223155 -0.00703065
0.16 3.54814 0.224963 -0.00382201
0.16 3.77371 0.226049 -0.00193989
0.16 4. 0.226412 -0.00092267
0.16 4.22629 0.226049 -0.000412863
0.16 4.45186 0.224963 -0.000174548
0.16 4.67598 0.223155 -0.0000700522
0.16 4.89793 0.220633 -0.0000268272
0.16 5.11701 0.217404 0
0.16 5.33251 0.213479 0
0.16 5.54374 0.208869 0
0.16 5.75002 0.203591 0
0.16 5.9507 0.197661 0
0.16 6.14513 0.191097 0
0.16 6.33269 0.183921 0
0.16 6.51278 0.176157 0
0.16 6.68482 0.167827 0
0.16 6.84825 0.158961 0
0.16 7.00257 0.149585 0
0.16 7.14726 0.139729 0
0.16 7.28188 0.129427 0
0.16 7.40598 0.118709 0
0.16 7.51917 0.107612 0
0.16 7.62109 0.0961696 0
0.16 7.71141 0.0844192 0
0.16 7.78984 0.0723985 0
0.16 7.85613 0.0601458 0
0.16 7.91006 0.0477006 0
0.16 7.95148 0.035103 0
0.16 7.98023 0.0223945 0
0.16 7.99625 0.00963329 0
0.2 -7.99625 0.00963329 0
0.2 -7.98023 0.0223945 0
0.2 -7.95148 0.035103 0
0.2 -7.91006 0.0477006 0
0.2 -7.85613 0.0601458 0
0.2 -7.78984 0.0723985 0
0.2 -7.71141 0.0844192 0
0.2 -7.62109 0.0961696 0
0.2 -7.51917 0.107612 0
0.2 -7.40598 0.118709 0
0.2 -7.28188 0.129427 0
0.2 -7.14726 0.139729 0
0.2 -7.00257 0.149585 0
0.2 -6.84825 0.158961 0
0.2 -6.68482 0.167827 0
0.2 -6.51278 0.176157 0
0.2 -6.33269 0.183921 0
0.2 -6.14513 0.191097 0
0.2 -5.9507 0.197661 0
0.2 -5.75002 0.203591 0
0.2 -5.54374 0.208869 0
0.2 -5.33251 0.213479 0
0.2 -5.11701 0.217404 0.000010011
0.2 -4.89793 0.220633 0.0000272846
0.2 -4.67598 0.223155 0.0000713813
0.2 -4.45186 0.224963 0.00017826
0.2 -4.22629 0.226049 0.000422783
0.2 -4. 0.226412 0.00094794
0.2 -3.77371 0.226049 0.00200105
0.2 -3.54814 0.224963 0.00396229
0.2 -3.32402 0.223155 0.00733498
0.2 -3.10207 0.220633 0.0126549
0.2 -2.88299 0.217404 0.0202846
0.2 -2.66749 0.213479 0.0301012
0.2 -2.45626 0.208869 0.0411634
0.2 -2.24998 0.203591 0.0515123
0.2 -2.0493 0.197661 0.0582751
0.2 -1.85487 0.191097 0.0581542
0.2 -1.66731 0.183921 0.0482148
0.2 -1.48722 0.176157 0.0267264
0.2 -1.31518 0.167827 -0.00625352
0.2 -1.15175 0.158961 -0.0487726
0.2 -0.997433 0.149585 -0.0973895
0.2 -0.852737 0.139729 -0.147928
0.2 -0.718123 0.129427 -0.196317
0.2 -0.594022 0.118709 -0.239265
0.2 -0.480831 0.107612 -0.274623
0.2 -0.378913 0.0961696 -0.301412
0.2 -0.288594 0.0844192 -0.319572
0.2 -0.210165 0.0723985 -0.329499
0.2 -0.143875 0.0601458 -0.331332
0.2 -0.0899371 0.0477006 -0.323575
0.2 -0.0485242 0.035103 -0.299101
0.2 -0.0197681 0.0223945 -0.228415
0.2 -0.00375432 0.00963329 -0.0120815
0.2 0.00375432 0.00963329 0.284271
0.2 0.0197681 0.0223945 0.402496
0.2 0.0485242 0.035103 0.423287
0.2 0.0899371 0.0477006 0.428083
0.2 0.143875 0.0601458 0.426088
0.2 0.210165 0.0723985 0.41822
0.2 0.288594 0.0844192 0.403627
0.2 0.378913 0.0961696 0.38108
0.2 0.480831 0.107612 0.349599
0.2 0.594022 0.118709 0.30892
0.2 0.718123 0.129427 0.259879
0.2 0.852737 0.139729 0.204638
0.2 0.997433 0.149585 0.146643
0.2 1.15175 0.158961 0.09024
0.2 1.31518 0.167827 0.0399593
0.2 1.48722 0.176157 -0.000378125
0.2 1.66731 0.183921 -0.0284786
0.2 1.85487 0.191097 -0.0440359
0.2 2.0493 0.197661 -0.0486592
0.2 2.24998 0.203591 -0.0452931
0.2 2.45626 0.208869 -0.0373524
0.2 2.66749 0.213479 -0.0278923
0.2 2.88299 0.217404 -0.0190751
0.2 3.10207 0.220633 -0.0120296
0.2 3.32402 0.223155 -0.00702979
0.2 3.54814 0.224963 -0.00382157
0.2 3.77371 0.226049 -0.00193968
0.2 4. 0.226412 -0.000922578
0.2 4.22629 0.226049 -0.000412824
0.2 4.45186 0.224963 -0.000174532
0.2 4.67598 0.223155 -0.0000700462
0.2 4.89793 0.220633 -0.000026825
0.2 5.11701 0.217404 0
0.2 5.33251 0.213479 0
0.2 5.54374 0.208869 0
0.2 5.75002 0.203591 0
0.2 5.9507 0.197661 0
0.2 6.14513 0.191097 0
0.2 6.33269 0.183921 0
0.2 6.51278 0.176157 0
0.2 6.68482 0.167827 0
0.2 6.84825 0.158961 0
0.2 7.00257 0.149585 0
0.2 7.14726 0.139729 0
0.2 7.28188 0.129427 0
0.2 7.40598 0.118709 0
0.2 7.51917 0.107612 0
0.2 7.62109 0.0961696 0
0.2 7.71141 0.0844192 0
0.2 7.78984 0.0723985 0
0.2 7.85613 0.0601458 0
0.2 7.91006 0.0477006 0
0.2 7.95148 0.035103 0
0.2 7.98023 0.0223945 0
0.2 7.99625 0.00963329 0
0.24 -7.99625 0.00963329 0
0.24 -7.98023 0.0223945 0
0.24 -7.95148 0.035103 0
0.24 -7.91006 0.0477006 0
0.24 -7.85613 0.0601458 0
0.24 -7.78984 0.0723985 0
0.24 -7.71141 0.0844192 0
0.24 -7.62109 0.0961696 0
0.24 -7.51917 0.107612 0
0.24 -7.40598 0.118709 0
0.24 -7.28188 0.129427 0
0.24 -7.14726 0.139729 0
0.24 -7.00257 0.149585 0
0.24 -6.84825 0.158961 0
0.24 -6.68482 0.167827 0
0.24 -6.51278 0.176157 0
0.24 -6.33269 0.183921 0
0.24 -6.14513 0.191097 0
0.24 -5.9507 0.197661 0
0.24 -5.75002 0.203591 0
0.24 -5.54374 0.208869 0
0.24 -5.33251 0.213479 0
0.24 -5.11701 0.217404 0.0000100118
0.24 -4.89793 0.220633 0.0000272868
0.24 -4.67598 0.223155 0.0000713874
0.24 -4.45186 0.224963 0.000178276
0.24 -4.22629 0.226049 0.000422823
0.24 -4. 0.226412 0.000948035
0.24 -3.77371 0.226049 0.00200126
0.24 -3.54814 0.224963 0.00396273
0.24 -3.32402 0.223155 0.00733585
0.24 -3.10207 0.220633 0.0126565
0.24 -2.88299 0.217404 0.0202873
0.24 -2.66749 0.213479 0.0301056
0.24 -2.45626 0.208869 0.0411699
0.24 -2.24998 0.203591 0.0515209
0.24 -2.0493 0.197661 0.0582856
0.24 -1.85487 0.191097 0.0581652
0.24 -1.66731 0.183921 0.048224
0.24 -1.48722 0.176157 0.0267298
0.24 -1.31518 0.167827 -0.00626089
0.24 -1.15175 0.158961 -0.0487974
0.24 -0.997433 0.149585 -0.0974394
0.24 -0.852737 0.139729 -0.148012
0.24 -0.718123 0.129427 -0.196446
0.24 -0.594022 0.118709 -0.239452
0.24 -0.480831 0.107612 -0.274885
0.24 -0.378913 0.0961696 -0.301775
0.24 -0.288594 0.0844192 -0.320076
0.24 -0.210165 0.0723985 -0.330212
0.24 -0.143875 0.0601458 -0.33238
0.24 -0.0899371 0.0477006 -0.32522
0.24 -0.0485242 0.035103 -0.301948
0.24 -0.0197681 0.0223945 -0.233975
0.24 -0.00375432 0.00963329 -0.0183053
0.24 0.00375432 0.00963329 0.261277
0.24 0.0197681 0.0223945 0.395415
0.24 0.0485242 0.035103 0.420197
0.24 0.0899371 0.0477006 0.426388
0.24 0.143875 0.0601458 0.425031
0.24 0.210165 0.0723985 0.41751
0.24 0.288594 0.0844192 0.403129
0.24 0.378913 0.0961696 0.380723
0.24 0.480831 0.107612 0.349342
0.24 0.594022 0.118709 0.308737
0.24 0.718123 0.129427 0.259753
0.24 0.852737 0.139729 0.204556
0.24 0.997433 0.149585 0.146595
0.24 1.15175 0.158961 0.0902164
0.24 1.31518 0.167827 0.0399526
0.24 1.48722 0.176157 -0.000374349
0.24 1.66731 0.183921 -0.0284693
0.24 1.85487 0.191097 -0.0440249
0.24 2.0493 0.197661 -0.0486488
0.24 2.24998 0.203591 -0.0452846
0.24 2.45626 0.208869 -0.037346
0.24 2.66749 0.213479 -0.027888
0.24 2.88299 0.217404 -0.0190723
0.24 3.10207 0.220633 -0.0120281
0.24 3.32402 0.223155 -0.00702893
0.24 3.54814 0.224963 -0.00382114
0.24 3.77371 0.226049 -0.00193947
0.24 4. 0.226412 -0.000922485
0.24 4.22629 0.226049 -0.000412785
0.24 4.45186 0.224963 -0.000174517
0.24 4.67598 0.223155 -0.0000700402
0.24 4.89793 0.220633 -0.0000268228
0.24 5.11701 0.217404 0
0.24 5.33251 0.213479 0
0.24 5.54374 0.208869 0
0.24 5.75002 0.203591 0
0.24 5.9507 0.197661 0
0.24 6.14513 0.191097 0
0.24 6.33269 0.183921 0
0.24 6.51278 0.176157 0
0.24 6.68482 0.167827 0
0.24 6.84825 0.158961 0
0.24 7.00257 0.149585 0
0.24 7.14726 0.139729 0
0.24 7.28188 0.129427 0
0.24 7.40598 0.118709 0
0.24 7.51917 0.107612 0
0.24 7.62109 0.0961696 0
0.24 7.71141 0.0844192 0
0.24 7.78984 0.0723985 0
0.24 7.85613 0.0601458 0
0.24 7.91006 0.0477006 0
0.24 7.95148 0.035103 0
0.24 7.98023 0.0223945 0
0.24 7.99625 0.00963329 0
0.28 -7.99625 0.00963329 0
0.28 -7.98023 0.0223945 0
0.28 -7.95148 0.035103 0
0.28 -7.91006 0.0477006 0
0.28 -7.85613 0.0601458 0
0.28 -7.78984 0.0723985 0
0.28 -7.71141 0.0844192 0
0.28 -7.62109 0.0961696 0
0.28 -7.51917 0.107612 0
0.28 -7.40598 0.118709 0
0.28 -7.28188 0.129427 0
0.28 -7.14726 0.139729 0
0.28 -7.00257 0.149585 0
0.28 -6.84825 0.158961 0
0.28 -6.68482 0.167827 0
0.28 -6.51278 0.176157 0
0.28 -6.33269 0.183921 0
0.28 -6.14513 0.191097 0
0.28 -5.9507 0.197661 0
0.28 -5.75002 0.203591 0
0.28 -5.54374 0.208869 0
0.28 -5.33251 0.213479 0
0.28 -5.11701 0.217404 0.0000100125
0.28 -4.89793 0.220633 0.0000272891
0.28 -4.67598 0.223155 0.0000713935
0.28 -4.45186 0.224963 0.000178292
0.28 -4.22629 0.226049 0.000422863
0.28 -4. 0.226412 0.000948129
0.28 -3.77371 0.226049 0.00200147
0.28 -3.54814 0.224963 0.00396317
0.28 -3.32402 0.223155 0.00733673
0.28 -3.10207 0.220633 0.0126581
0.28 -2.88299 0.217404 0.0202901
0.28 -2.66749 0.213479 0.03011
0.28 -2.45626 0.208869 0.0411763
0.28 -2.24998 0.203591 0.0515296
0.28 -2.0493 0.197661 0.0582961
0.28 -1.85487 0.191097 0.0581762
0.28 -1.66731 0.183921 0.0482331
0.28 -1.48722 0.176157 0.0267333
0.28 -1.31518 0.167827 -0.00626821
0.28 -1.15175 0.158961 -0.048822
0.28 -0.997433 0.149585 -0.0974891
0.28 -0.852737 0.139729 -0.148096
0.28 -0.718123 0.129427 -0.196575
0.28 -0.594022 0.118709 -0.239639
0.28 -0.480831 0.107612 -0.275148
0.28 -0.378913 0.0961696 -0.302138
0.28 -0.288594 0.0844192 -0.32058
0.28 -0.210165 0.0723985 -0.330925
0.28 -0.143875 0.0601458 -0.33343
0.28 -0.0899371 0.0477006 -0.326867
0.28 -0.0485242 0.035103 -0.304811
0.28 -0.0197681 0.0223945 -0.239629
0.28 -0.00375432 0.00963329 -0.0250981
0.28 0.00375432 0.00963329 0.240413
0.28 0.0197681 0.0223945 0.388457
0.28 0.0485242 0.035103 0.417126
0.28 0.0899371 0.0477006 0.424697
0.28 0.143875 0.0601458 0.423975
0.28 0.210165 0.0723985 0.4168
0.28 0.288594 0.0844192 0.40263
0.28 0.378913 0.0961696 0.380365
0.28 0.480831 0.107612 0.349084
0.28 0.594022 0.118709 0.308554
0.28 0.718123 0.129427 0.259627
0.28 0.852737 0.139729 0.204474
0.28 0.997433 0.149585 0.146547
0.28 1.15175 0.158961 0.0901926
0.28 1.31518 0.167827 0.0399458
0.28 1.48722 0.176157 -0.000370594
0.28 1.66731 0.183921 -0.0284601
0.28 1.85487 0.191097 -0.0440139
0.28 2.0493 0.197661 -0.0486384
0.28 2.24998 0.203591 -0.045276
0.28 2.45626 0.208869 -0.0373397
0.28 2.66749 0.213479 -0.0278836
0.28 2.88299 0.217404 -0.0190696
0.28 3.10207 0.220633 -0.0120265
0.28 3.32402 0.223155 -0.00702807
0.28 3.54814 0.224963 -0.0038207
0.28 3.77371 0.226049 -0.00193926
0.28 4. 0.226412 -0.000922392
0.28 4.22629 0.226049 -0.000412745
0.28 4.45186 0.224963 -0.000174501
0.28 4.67598 0.223155 -0.0000700342
0.28 4.89793 0.220633 -0.0000268206
0.28 5.11701 0.217404 0
0.28 5.33251 0.213479 0
0.28 5.54374 0.208869 0
0.28 5.75002 0.203591 0
0.28 5.9507 0.197661 0
0.28 6.14513 0.191097 0
0.28 6.33269 0.183921 0
0.28 6.51278 0.176157 0
0.28 6.68482 0.167827 0
0.28 6.84825 0.158961 0
0.28 7.00257 0.149585 0
0.28 7.14726 0.139729 0
0.28 7.28188 0.129427 0
0.28 7.40598 0.118709 0
0.28 7.51917 0.107612 0
0.28 7.62109 0.0961696 0
0.28 7.71141 0.0844192 0
0.28 7.78984 0.0723985 0
0.28 7.85613 0.0601458 0
0.28 7.91006 0.0477006 0
0.28 7.95148 0.035103 0
0.28 7.98023 0.0223945 0
0.28 7.99625 0.00963329 0
0.32 -7.99625 0.00963329 0
0.32 -7.98023 0.0223945 0
0.32 -7.95148 0.035103 0
0.32 -7.91006 0.0477006 0
0.32 -7.85613 0.0601458 0
0.32 -7.78984 0.0723985 0
0.32 -7.71141 0.0844192 0
0.32 -7.62109 0.0961696 0
0.32 -7.51917 0.107612 0
0.32 -7.40598 0.118709 0
0.32 -7.28188 0.129427 0
0.32 -7.14726 0.139729 0
0.32 -7.00257 0.149585 0
0.32 -6.84825 0.158961 0
0.32 -6.68482 0.167827 0
0.32 -6.51278 0.176157 0
0.32 -6.33269 0.183921 0
0.32 -6.14513 0.191097 0
0.32 -5.9507 0.197661 0
0.32 -5.75002 0.203591 0
0.32 -5.54374 0.208869 0
0.32 -5.33251 0.213479 0
0.32 -5.11701 0.217404 0.0000100133
0.32 -4.89793 0.220633 0.0000272913
0.32 -4.67598 0.223155 0.0000713996
0.32 -4.45186 0.224963 0.000178308
0.32 -4.22629 0.226049 0.000422902
0.32 -4. 0.226412 0.000948223
0.32 -3.77371 0.226049 0.00200168
0.32 -3.54814 0.224963 0.00396362
0.32 -3.32402 0.223155 0.00733759
0.32 -3.10207 0.220633 0.0126597
0.32 -2.88299 0.217404 0.0202928
0.32 -2.66749 0.213479 0.0301143
0.32 -2.45626 0.208869 0.0411827
0.32 -2.24998 0.203591 0.0515382
0.32 -2.0493 0.197661 0.0583065
0.32 -1.85487 0.191097 0.0581873
0.32 -1.66731 0.183921 0.0482423
0.32 -1.48722 0.176157 0.0267369
0.32 -1.31518 0.167827 -0.00627549
0.32 -1.15175 0.158961 -0.0488466
0.32 -0.997433 0.149585 -0.0975387
0.32 -0.852737 0.139729 -0.14818
0.32 -0.718123 0.129427 -0.196703
0.32 -0.594022 0.118709 -0.239825
0.32 -0.480831 0.107612 -0.275409
0.32 -0.378913 0.0961696 -0.302501
0.32 -0.288594 0.0844192 -0.321084
0.32 -0.210165 0.0723985 -0.331638
0.32 -0.143875 0.0601458 -0.334479
0.32 -0.0899371 0.0477006 -0.328519
0.32 -0.0485242 0.035103 -0.307691
0.32 -0.0197681 0.0223945 -0.24538
0.32 -0.00375432 0.00963329 -0.0325218
0.32 0.00375432 0.00963329 0.221475
0.32 0.0197681 0.0223945 0.381619
0.32 0.0485242 0.035103 0.414072
0.32 0.0899371 0.0477006 0.423009
0.32 0.143875 0.0601458 0.422919
0.32 0.210165 0.0723985 0.416089
0.32 0.288594 0.0844192 0.402131
0.32 0.378913 0.0961696 0.380007
0.32 0.480831 0.107612 0.348826
0.32 0.594022 0.118709 0.308371
0.32 0.718123 0.129427 0.259501
0.32 0.852737 0.139729 0.204392
0.32 0.997433 0.149585 0.146498
0.32 1.15175 0.158961 0.0901688
0.32 1.31518 0.167827 0.039939
0.32 1.48722 0.176157 -0.00036686
0.32 1.66731 0.183921 -0.0284509
0.32 1.85487 0.191097 -0.0440028
0.32 2.0493 0.197661 -0.048628
0.32 2.24998 0.203591 -0.0452674
0.32 2.45626 0.208869 -0.0373333
0.32 2.66749 0.213479 -0.0278793
0.32 2.88299 0.217404 -0.0190669
0.32 3.10207 0.220633 -0.0120249
0.32 3.32402 0.223155 -0.00702721
0.32 3.54814 0.224963 -0.00382027
0.32 3.77371 0.226049 -0.00193906
0.32 4. 0.226412 -0.000922299
0.32 4.22629 0.226049 -0.000412706
0.32 4.45186 0.224963 -0.000174485
0.32 4.67598 0.223155 -0.0000700282
0.32 4.89793 0.220633 -0.0000268184
0.32 5.11701 0.217404 0
0.32 5.33251 0.213479 0
0.32 5.54374 0.208869 0
0.32 5.75002 0.203591 0
0.32 5.9507 0.197661 0
0.32 6.14513 0.191097 0
0.32 6.33269 0.183921 0
0.32 6.51278 0.176157 0
0.32 6.68482 0.167827 0
0.32 6.84825 0.158961 0
0.32 7.00257 0.149585 0
0.32 7.14726 0.139729 0
0.32 7.28188 0.129427 0
0.32 7.40598 0.118709 0
0.32 7.51917 0.107612 0
0.32 7.62109 0.0961696 0
0.32 7.71141 0.0844192 0
0.32 7.78984 0.0723985 0
0.32 7.85613 0.0601458 0
0.32 7.91006 0.0477006 0
0.32 7.95148 0.035103 0
0.32 7.98023 0.0223945 0
0.32 7.99625 0.00963329 0
0.36 -7.99625 0.00963329 0
0.36 -7.98023 0.0223945 0
0.36 -7.95148 0.035103 0
0.36 -7.91006 0.0477006 0
0.36 -7.85613 0.0601458 0
0.36 -7.78984 0.0723985 0
0.36 -7.71141 0.0844192 0
0.36 -7.62109 0.0961696 0
0.36 -7.51917 0.107612 0
0.36 -7.40598 0.118709 0
0.36 -7.28188 0.129427 0
0.36 -7.14726 0.139729 0
0.36 -7.00257 0.149585 0
0.36 -6.84825 0.158961 0
0.36 -6.68482 0.167827 0
0.36 -6.51278 0.176157 0
0.36 -6.33269 0.183921 0
0.36 -6.14513 0.191097 0
0.36 -5.9507 0.197661 0
0.36 -5.75002 0.203591 0
0.36 -5.54374 0.208869 0
0.36 -5.33251 0.213479 0
0.36 -5.11701 0.217404 0.0000100141
0.36 -4.89793 0.220633 0.0000272935
0.36 -4.67598 0.223155 0.0000714057
0.36 -4.45186 0.224963 0.000178324
0.36 -4.22629 0.226049 0.000422942
0.36 -4. 0.226412 0.000948317
0.36 -3.77371 0.226049 0.00200189
0.36 -3.54814 0.224963 0.00396406
0.36 -3.32402 0.223155 0.00733846
0.36 -3.10207 0.220633 0.0126613
0.36 -2.88299 0.217404 0.0202956
0.36 -2.66749 0.213479 0.0301187
0.36 -2.45626 0.208869 0.0411891
0.36 -2.24998 0.203591 0.0515468
0.36 -2.0493 0.197661 0.058317
0.36 -1.85487 0.191097 0.0581983
0.36 -1.66731 0.183921 0.0482515
0.36 -1.48722 0.176157 0.0267404
0.36 -1.31518 0.167827 -0.00628272
0.36 -1.15175 0.158961 -0.0488711
0.36 -0.997433 0.149585 -0.0975882
0.36 -0.852737 0.139729 -0.148263
0.36 -0.718123 0.129427 -0.196831
0.36 -0.594022 0.118709 -0.240011
0.36 -0.480831 0.107612 -0.275671
0.36 -0.378913 0.0961696 -0.302863
0.36 -0.288594 0.0844192 -0.321587
0.36 -0.210165 0.0723985 -0.332351
0.36 -0.143875 0.0601458 -0.335529
0.36 -0.0899371 0.0477006 -0.330173
0.36 -0.0485242 0.035103 -0.310587
0.36 -0.0197681 0.0223945 -0.25123
0.36 -0.00375432 0.00963329 -0.0406444
0.36 0.00375432 0.00963329 0.204278
0.36 0.0197681 0.0223945 0.3749
0.36 0.0485242 0.035103 0.411037
0.36 0.0899371 0.0477006 0.421325
0.36 0.143875 0.0601458 0.421864
0.36 0.210165 0.0723985 0.415378
0.36 0.288594 0.0844192 0.401631
0.36 0.378913 0.0961696 0.379648
0.36 0.480831 0.107612 0.348568
0.36 0.594022 0.118709 0.308187
0.36 0.718123 0.129427 0.259375
0.36 0.852737 0.139729 0.20431
0.36 0.997433 0.149585 0.14645
0.36 1.15175 0.158961 0.090145
0.36 1.31518 0.167827 0.0399321
0.36 1.48722 0.176157 -0.000363147
0.36 1.66731 0.183921 -0.0284417
0.36 1.85487 0.191097 -0.0439918
0.36 2.0493 0.197661 -0.0486176
0.36 2.24998 0.203591 -0.0452589
0.36 2.45626 0.208869 -0.0373269
0.36 2.66749 0.213479 -0.027875
0.36 2.88299 0.217404 -0.0190642
0.36 3.10207 0.220633 -0.0120233
0.36 3.32402 0.223155 -0.00702635
0.36 3.54814 0.224963 -0.00381983
0.36 3.77371 0.226049 -0.00193885
0.36 4. 0.226412 -0.000922206
0.36 4.22629 0.226049 -0.000412667
0.36 4.45186 0.224963 -0.000174469
0.36 4.67598 0.223155 -0.0000700222
0.36 4.89793 0.220633 -0.0000268162
0.36 5.11701 0.217404 0
0.36 5.33251 0.213479 0
0.36 5.54374 0.208869 0
0.36 5.75002 0.203591 0
0.36 5.9507 0.197661 0
0.36 6.14513 0.191097 0
0.36 6.33269 0.183921 0
0.36 6.51278 0.176157 0
0.36 6.68482 0.167827 0
0.36 6.84825 0.158961 0
0.36 7.00257 0.149585 0
0.36 7.14726 0.139729 0
0.36 7.28188 0.129427 0
0.36 7.40598 0.118709 0
0.36 7.51917 0.107612 0
0.36 7.62109 0.0961696 0
0.36 7.71141 0.0844192 0
0.36 7.78984 0.0723985 0
0.36 7.85613 0.0601458 0
0.36 7.91006 0.0477006 0
0.36 7.95148 0.035103 0
0.36 7.98023 0.0223945 0
0.36 7.99625 0.00963329 0
0.4 -7.99625 0.00963329 0
0.4 -7.98023 0.0223945 0
0.4 -7.95148 0.035103 0
0.4 -7.91006 0.0477006 0
0.4 -7.85613 0.0601458 0
0.4 -7.78984 0.0723985 0
0.4 -7.71141 0.0844192 0
0.4 -7.62109 0.0961696 0
0.4 -7.51917 0.107612 0
0.4 -7.40598 0.118709 0
0.4 -7.28188 0.129427 0
0.4 -7.14726 0.139729 0
0.4 -7.00257 0.149585 0
0.4 -6.84825 0.158961 0
0.4 -6.68482 0.167827 0
0.4 -6.51278 0.176157 0
0.4 -6.33269 0.183921 0
0.4 -6.14513 0.191097 0
0.4 -5.9507 0.197661 0
0.4 -5.75002 0.203591 0
0.4 -5.54374 0.208869 0
0.4 -5.33251 0.213479 0
0.4 -5.11701 0.217404 0.0000100149
0.4 -4.89793 0.220633 0.0000272957
0.4 -4.67598 0.223155 0.0000714117
0.4 -4.45186 0.224963 0.00017834
0.4 -4.22629 0.226049 0.000422982
0.4 -4. 0.226412 0.000948411
0.4 -3.77371 0.226049 0.0020021
0.4 -3.54814 0.224963 0.0039645
0.4 -3.32402 0.223155 0.00733933
0.4 -3.10207 0.220633 0.0126629
0.4 -2.88299 0.217404 0.0202983
0.4 -2.66749 0.213479 0.0301231
0.4 -2.45626 0.208869 0.0411955
0.4 -2.24998 0.203591 0.0515555
0.4 -2.0493 0.197661 0.0583275
0.4 -1.85487 0.191097 0.0582093
0.4 -1.66731 0.183921 0.0482607
0.4 -1.48722 0.176157 0.026744
0.4 -1.31518 0.167827 -0.00628991
0.4 -1.15175 0.158961 -0.0488955
0.4 -0.997433 0.149585 -0.0976375
0.4 -0.852737 0.139729 -0.148346
0.4 -0.718123 0.129427 -0.196959
0.4 -0.594022 0.118709 -0.240196
0.4 -0.480831 0.107612 -0.275931
0.4 -0.378913 0.0961696 -0.303225
0.4 -0.288594 0.0844192 -0.322089
0.4 -0.210165 0.0723985 -0.333063
0.4 -0.143875 0.0601458 -0.33658
0.4 -0.0899371 0.0477006 -0.331832
0.4 -0.0485242 0.035103 -0.3135
0.4 -0.0197681 0.0223945 -0.25718
0.4 -0.00375432 0.00963329 -0.0495412
0.4 0.00375432 0.00963329 0.188654
0.4 0.0197681 0.0223945 0.368298
0.4 0.0485242 0.035103 0.408019
0.4 0.0899371 0.0477006 0.419645
0.4 0.143875 0.0601458 0.42081
0.4 0.210165 0.0723985 0.414667
0.4 0.288594 0.0844192 0.401131
0.4 0.378913 0.0961696 0.379289
0.4 0.480831 0.107612 0.348309
0.4 0.594022 0.118709 0.308003
0.4 0.718123 0.129427 0.259248
0.4 0.852737 0.139729 0.204228
0.4 0.997433 0.149585 0.146401
0.4 1.15175 0.158961 0.090121
0.4 1.31518 0.167827 0.0399252
0.4 1.48722 0.176157 -0.000359456
0.4 1.66731 0.183921 -0.0284325
0.4 1.85487 0.191097 -0.0439808
0.4 2.0493 0.197661 -0.0486072
0.4 2.24998 0.203591 -0.0452503
0.4 2.45626 0.208869 -0.0373206
0.4 2.66749 0.213479 -0.0278707
0.4 2.88299 0.217404 -0.0190615
0.4 3.10207 0.220633 -0.0120217
0.4 3.32402 0.223155 -0.00702549
0.4 3.54814 0.224963 -0.00381939
0.4 3.77371 0.226049 -0.00193864
0.4 4. 0.226412 -0.000922113
0.4 4.22629 0.226049 -0.000412627
0.4 4.45186 0.224963 -0.000174454
0.4 4.67598 0.223155 -0.0000700162
0.4 4.89793 0.220633 -0.000026814
0.4 5.11701 0.217404 0
0.4 5.33251 0.213479 0
0.4 5.54374 0.208869 0
0.4 5.75002 0.203591 0
0.4 5.9507 0.197661 0
0.4 6.14513 0.191097 0
0.4 6.33269 0.183921 0
0.4 6.51278 0.176157 0
0.4 6.68482 0.167827 0
0.4 6.84825 0.158961 0
0.4 7.00257 0.149585 0
0.4 7.14726 0.139729 0
0.4 7.28188 0.129427 0
0.4 7.40598 0.118709 0
0.4 7.51917 0.107612 0
0.4 7.62109 0.0961696 0
0.4 7.71141 0.0844192 0
0.4 7.78984 0.0723985 0
0.4 7.85613 0.0601458 0
0.4 7.91006 0.0477006 0
0.4 7.95148 0.035103 0
0.4 7.98023 0.0223945 0
0.4 7.99625 0.00963329 0
0.44 -7.99625 0.00963329 0
0.44 -7.98023 0.0223945 0
0.44 -7.95148 0.035103 0
0.44 -7.91006 0.0477006 0
0.44 -7.85613 0.0601458 0
0.44 -7.78984 0.0723985 0
0.44 -7.71141 0.0844192 0
0.44 -7.62109 0.0961696 0
0.44 -7.51917 0.107612 0
0.44 -7.40598 0.118709 0
0.44 -7.28188 0.129427 0
0.44 -7.14726 0.139729 0
0.44 -7.00257 0.149585 0
0.44 -6.84825 0.158961 0
0.44 -6.68482 0.167827 0
0.44 -6.51278 0.176157 0
0.44 -6.33269 0.183921 0
0.44 -6.14513 0.191097 0
0.44 -5.9507 0.197661 0
0.44 -5.75002 0.203591 0
0.44 -5.54374 0.208869 0
0.44 -5.33251 0.213479 0
0.44 -5.11701 0.217404 0.0000100157
0.44 -4.89793 0.220633 0.0000272979
0.44 -4.67598 0.223155 0.0000714178
0.44 -4.45186 0.224963 0.000178356
0.44 -4.22629 0.226049 0.000423022
0.44 -4. 0.226412 0.000948505
0.44 -3.77371 0.226049 0.00200231
0.44 -3.54814 0.224963 0.00396494
0.44 -3.32402 0.223155 0.0073402
0.44 -3.10207 0.220633 0.0126645
0.44 -2.88299 0.217404 0.0203011
0.44 -2.66749 0.213479 0.0301274
0.44 -2.45626 0.208869 0.041202
0.44 -2.24998 0.203591 0.0515641
0.44 -2.0493 0.197661 0.0583379
0.44 -1.85487 0.191097 0.0582204
0.44 -1.66731 0.183921 0.0482698
0.44 -1.48722 0.176157 0.0267476
0.44 -1.31518 0.167827 -0.00629705
0.44 -1.15175 0.158961 -0.0489198
0.44 -0.997433 0.149585 -0.0976868
0.44 -0.852737 0.139729 -0.14843
0.44 -0.718123 0.129427 -0.197087
0.44 -0.594022 0.118709 -0.240382
0.44 -0.480831 0.107612 -0.276192
0.44 -0.378913 0.0961696 -0.303586
0.44 -0.288594 0.0844192 -0.322592
0.44 -0.210165 0.0723985 -0.333775
0.44 -0.143875 0.0601458 -0.337631
0.44 -0.0899371 0.0477006 -0.333494
0.44 -0.0485242 0.035103 -0.316431
0.44 -0.0197681 0.0223945 -0.263234
0.44 -0.00375432 0.00963329 -0.0592951
0.44 0.00375432 0.00963329 0.174454
0.44 0.0197681 0.0223945 0.36181
0.44 0.0485242 0.035103 0.40502
0.44 0.0899371 0.0477006 0.417968
0.44 0.143875 0.0601458 0.419756
0.44 0.210165 0.0723985 0.413956
0.44 0.288594 0.0844192 0.40063
0.44 0.378913 0.0961696 0.378929
0.44 0.480831 0.107612 0.34805
0.44 0.594022 0.118709 0.307819
0.44 0.718123 0.129427 0.259122
0.44 0.852737 0.139729 0.204146
0.44 0.997433 0.149585 0.146352
0.44 1.15175 0.158961 0.090097
0.44 1.31518 0.167827 0.0399182
0.44 1.48722 0.176157 -0.000355785
0.44 1.66731 0.183921 -0.0284233
0.44 1.85487 0.191097 -0.0439698
0.44 2.0493 0.197661 -0.0485968
0.44 2.24998 0.203591 -0.0452417
0.44 2.45626 0.208869 -0.0373142
0.44 2.66749 0.213479 -0.0278663
0.44 2.88299 0.217404 -0.0190587
0.44 3.10207 0.220633 -0.0120201
0.44 3.32402 0.223155 -0.00702463
0.44 3.54814 0.224963 -0.00381895
0.44 3.77371 0.226049 -0.00193843
0.44 4. 0.226412 -0.000922019
0.44 4.22629 0.226049 -0.000412588
0.44 4.45186 0.224963 -0.000174438
0.44 4.67598 0.223155 -0.0000700101
0.44 4.89793 0.220633 -0.0000268118
0.44 5.11701 0.217404 0
0.44 5.33251 0.213479 0
0.44 5.54374 0.208869 0
0.44 5.75002 0.203591 0
0.44 5.9507 0.197661 0
0.44 6.14513 0.191097 0
0.44 6.33269 0.183921 0
0.44 6.51278 0.176157 0
0.44 6.68482 0.167827 0
0.44 6.84825 0.158961 0
0.44 7.00257 0.149585 0
0.44 7.14726 0.139729 0
0.44 7.28188 0.129427 0
0.44 7.40598 0.118709 0
0.44 7.51917 0.107612 0
0.44 7.62109 0.0961696 0
0.44 7.71141 0.0844192 0
0.44 7.78984 0.0723985 0
0.44 7.85613 0.0601458 0
0.44 7.91006 0.0477006 0
0.44 7.95148 0.035103 0
0.44 7.98023 0.0223945 0
0.44 7.99625 0.00963329 0
0.48 -7.99625 0.00963329 0
0.48 -7.98023 0.0223945 0
0.48 -7.95148 0.035103 0
0.48 -7.91006 0.0477006 0
0.48 -7.85613 0.0601458 0
0.48 -7.78984 0.0723985 0
0.48 -7.71141 0.0844192 0
0.48 -7.62109 0.0961696 0
0.48 -7.51917 0.107612 0
0.48 -7.40598 0.118709 0
0.48 -7.28188 0.129427 0
0.48 -7.14726 0.139729 0
0.48 -7.00257 0.149585 0
0.48 -6.84825 0.158961 0
0.48 -6.68482 0.167827 0
0.48 -6.51278 0.176157 0
0.48 -6.33269 0.183921 0
0.48 -6.14513 0.191097 0
0.48 -5.9507 0.197661 0
0.48 -5.75002 0.203591 0
0.48 -5.54374 0.208869 0
0.48 -5.33251 0.213479 0
0.48 -5.11701 0.217404 0.0000100164
0.48 -4.89793 0.220633 0.0000273002
0.48 -4.67598 0.223155 0.0000714239
0.48 -4.45186 0.224963 0.000178372
0.48 -4.22629 0.226049 0.000423061
0.48 -4. 0.226412 0.000948598
0.48 -3.77371 0.226049 0.00200252
0.48 -3.54814 0.224963 0.00396538
0.48 -3.32402 0.223155 0.00734106
0.48 -3.10207 0.220633 0.0126661
0.48 -2.88299 0.217404 0.0203038
0.48 -2.66749 0.213479 0.0301318
0.48 -2.45626 0.208869 0.0412084
0.48 -2.24998 0.203591 0.0515727
0.48 -2.0493 0.197661 0.0583483
0.48 -1.85487 0.191097 0.0582314
0.48 -1.66731 0.183921 0.048279
0.48 -1.48722 0.176157 0.0267512
0.48 -1.31518 0.167827 -0.00630415
0.48 -1.15175 0.158961 -0.0489441
0.48 -0.997433 0.149585 -0.0977359
0.48 -0.852737 0.139729 -0.148512
0.48 -0.718123 0.129427 -0.197214
0.48 -0.594022 0.118709 -0.240567
0.48 -0.480831 0.107612 -0.276452
0.48 -0.378913 0.0961696 -0.303947
0.48 -0.288594 0.0844192 -0.323093
0.48 -0.210165 0.0723985 -0.334487
0.48 -0.143875 0.0601458 -0.338683
0.48 -0.0899371 0.0477006 -0.335159
0.48 -0.0485242 0.035103 -0.319378
0.48 -0.0197681 0.0223945 -0.269394
0.48 -0.00375432 0.00963329 -0.0699978
0.48 0.00375432 0.00963329 0.161538
0.48 0.0197681 0.0223945 0.355433
0.48 0.0485242 0.035103 0.402037
0.48 0.0899371 0.0477006 0.416295
0.48 0.143875 0.0601458 0.418703
0.48 0.210165 0.0723985 0.413244
0.48 0.288594 0.0844192 0.400129
0.48 0.378913 0.0961696 0.378569
0.48 0.480831 0.107612 0.34779
0.48 0.594022 0.118709 0.307635
0.48 0.718123 0.129427 0.258995
0.48 0.852737 0.139729 0.204063
0.48 0.997433 0.149585 0.146303
0.48 1.15175 0.158961 0.0900729
0.48 1.31518 0.167827 0.0399112
0.48 1.48722 0.176157 -0.000352135
0.48 1.66731 0.183921 -0.0284141
0.48 1.85487 0.191097 -0.0439588
0.48 2.0493 0.197661 -0.0485864
0.48 2.24998 0.203591 -0.0452331
0.48 2.45626 0.208869 -0.0373078
0.48 2.66749 0.213479 -0.027862
0.48 2.88299 0.217404 -0.019056
0.48 3.10207 0.220633 -0.0120185
0.48 3.32402 0.223155 -0.00702376
0.48 3.54814 0.224963 -0.00381852
0.48 3.77371 0.226049 -0.00193822
0.48 4. 0.226412 -0.000921926
0.48 4.22629 0.226049 -0.000412548
0.48 4.45186 0.224963 -0.000174422
0.48 4.67598 0.223155 -0.0000700041
0.48 4.89793 0.220633 -0.0000268096
0.48 5.11701 0.217404 0
0.48 5.33251 0.213479 0
0.48 5.54374 0.208869 0
0.48 5.75002 0.203591 0
0.48 5.9507 0.197661 0
0.48 6.14513 0.191097 0
0.48 6.33269 0.183921 0
0.48 6.51278 0.176157 0
0.48 6.68482 0.167827 0
0.48 6.84825 0.158961 0
0.48 7.00257 0.149585 0
0.48 7.14726 0.139729 0
0.48 7.28188 0.129427 0
0.48 7.40598 0.118709 0
0.48 7.51917 0.107612 0
0.48 7.62109 0.0961696 0
0.48 7.71141 0.0844192 0
0.48 7.78984 0.0723985 0
0.48 7.85613 0.0601458 0
0.48 7.91006 0.0477006 0
0.48 7.95148 0.035103 0
0.48 7.98023 0.0223945 0
0.48 7.99625 0.00963329 0
0.52 -7.99625 0.00963329 0
0.52 -7.98023 0.0223945 0
0.52 -7.95148 0.035103 0
0.52 -7.91006 0.0477006 0
0.52 -7.85613 0.0601458 0
0.52 -7.78984 0.0723985 0
0.52 -7.71141 0.0844192 0
0.52 -7.62109 0.0961696 0
0.52 -7.51917 0.107612 0
0.52 -7.40598 0.118709 0
0.52 -7.28188 0.129427 0
0.52 -7.14726 0.139729 0
0.52 -7.00257 0.149585 0
0.52 -6.84825 0.158961 0
0.52 -6.68482 0.167827 0
0.52 -6.51278 0.176157 0
0.52 -6.33269 0.183921 0
0.52 -6.14513 0.191097 0
0.52 -5.9507 0.197661 0
0.52 -5.75002 0.203591 0
0.52 -5.54374 0.208869 0
0.52 -5.33251 0.213479 0
0.52 -5.11701 0.217404 0.0000100172
0.52 -4.89793 0.220633 0.0000273024
0.52 -4.67598 0.223155 0.0000714299
0.52 -4.45186 0.224963 0.000178387
0.52 -4.22629 0.226049 0.000423101
0.52 -4. 0.226412 0.000948692
0.52 -3.77371 0.226049 0.00200273
0.52 -3.54814 0.224963 0.00396582
0.52 -3.32402 0.223155 0.00734193
0.52 -3.10207 0.220633 0.0126677
0.52 -2.88299 0.217404 0.0203065
0.52 -2.66749 0.213479 0.0301361
0.52 -2.45626 0.208869 0.0412148
0.52 -2.24998 0.203591 0.0515813
0.52 -2.0493 0.197661 0.0583588
0.52 -1.85487 0.191097 0.0582424
0.52 -1.66731 0.183921 0.0482882
0.52 -1.48722 0.176157 0.0267548
0.52 -1.31518 0.167827 -0.00631121
0.52 -1.15175 0.158961 -0.0489683
0.52 -0.997433 0.149585 -0.0977849
0.52 -0.852737 0.139729 -0.148595
0.52 -0.718123 0.129427 -0.197341
0.52 -0.594022 0.118709 -0.240752
0.52 -0.480831 0.107612 -0.276712
0.52 -0.378913 0.0961696 -0.304307
0.52 -0.288594 0.0844192 -0.323595
0.52 -0.210165 0.0723985 -0.335199
0.52 -0.143875 0.0601458 -0.339736
0.52 -0.0899371 0.0477006 -0.336829
0.52 -0.0485242 0.035103 -0.322343
0.52 -0.0197681 0.0223945 -0.27566
0.52 -0.00375432 0.00963329 -0.0817508
0.52 0.00375432 0.00963329 0.149785
0.52 0.0197681 0.0223945 0.349167
0.52 0.0485242 0.035103 0.399073
0.52 0.0899371 0.0477006 0.414626
0.52 0.143875 0.0601458 0.41765
0.52 0.210165 0.0723985 0.412533
0.52 0.288594 0.0844192 0.399628
0.52 0.378913 0.0961696 0.378208
0.52 0.480831 0.107612 0.34753
0.52 0.594022 0.118709 0.30745
0.52 0.718123 0.129427 0.258868
0.52 0.852737 0.139729 0.20398
0.52 0.997433 0.149585 0.146254
0.52 1.15175 0.158961 0.0900487
0.52 1.31518 0.167827 0.0399041
0.52 1.48722 0.176157 -0.000348505
0.52 1.66731 0.183921 -0.0284049
0.52 1.85487 0.191097 -0.0439478
0.52 2.0493 0.197661 -0.0485759
0.52 2.24998 0.203591 -0.0452245
0.52 2.45626 0.208869 -0.0373014
0.52 2.66749 0.213479 -0.0278576
0.52 2.88299 0.217404 -0.0190533
0.52 3.10207 0.220633 -0.0120169
0.52 3.32402 0.223155 -0.0070229
0.52 3.54814 0.224963 -0.00381808
0.52 3.77371 0.226049 -0.00193801
0.52 4. 0.226412 -0.000921832
0.52 4.22629 0.226049 -0.000412509
0.52 4.45186 0.224963 -0.000174406
0.52 4.67598 0.223155 -0.000069998
0.52 4.89793 0.220633 -0.0000268074
0.52 5.11701 0.217404 0
0.52 5.33251 0.213479 0
0.52 5.54374 0.208869 0
0.52 5.75002 0.203591 0
0.52 5.9507 0.197661 0
0.52 6.14513 0.191097 0
0.52 6.33269 0.183921 0
0.52 6.51278 0.176157 0
0.52 6.68482 0.167827 0
0.52 6.84825 0.158961 0
0.52 7.00257 0.149585 0
0.52 7.14726 0.139729 0
0.52 7.28188 0.129427 0
0.52 7.40598 0.118709 0
0.52 7.51917 0.107612 0
0.52 7.62109 0.0961696 0
0.52 7.71141 0.0844192 0
0.52 7.78984 0.0723985 0
0.52 7.85613 0.0601458 0
0.52 7.91006 0.0477006 0
0.52 7.95148 0.035103 0
0.52 7.98023 0.0223945 0
0.52 7.99625 0.00963329 0
0.56 -7.99625 0.00963329 0
0.56 -7.98023 0.0223945 0
0.56 -7.95148 0.035103 0
0.56 -7.91006 0.0477006 0
0.56 -7.85613 0.0601458 0
0.56 -7.78984 0.0723985 0
0.56 -7.71141 0.0844192 0
0.56 -7.62109 0.0961696 0
0.56 -7.51917 0.107612 0
0.56 -7.40598 0.118709 0
0.56 -7.28188 0.129427 0
0.56 -7.14726 0.139729 0
0.56 -7.00257 0.149585 0
0.56 -6.84825 0.158961 0
0.56 -6.68482 0.167827 0
0.56 -6.51278 0.176157 0
0.56 -6.33269 0.183921 0
0.56 -6.14513 0.191097 0
0.56 -5.9507 0.197661 0
0.56 -5.75002 0.203591 0
0.56 -5.54374 0.208869 0
0.56 -5.33251 0.213479 0
0.56 -5.11701 0.217404 0.000010018
0.56 -4.89793 0.220633 0.0000273046
0.56 -4.67598 0.223155 0.000071436
0.56 -4.45186 0.224963 0.000178403
0.56 -4.22629 0.226049 0.00042314
0.56 -4. 0.226412 0.000948785
0.56 -3.77371 0.226049 0.00200293
0.56 -3.54814 0.224963 0.00396625
0.56 -3.32402 0.223155 0.00734279
0.56 -3.10207 0.220633 0.0126693
0.56 -2.88299 0.217404 0.0203093
0.56 -2.66749 0.213479 0.0301405
0.56 -2.45626 0.208869 0.0412211
0.56 -2.24998 0.203591 0.0515899
0.56 -2.0493 0.197661 0.0583692
0.56 -1.85487 0.191097 0.0582534
0.56 -1.66731 0.183921 0.0482974
0.56 -1.48722 0.176157 0.0267584
0.56 -1.31518 0.167827 -0.00631822
0.56 -1.15175 0.158961 -0.0489924
0.56 -0.997433 0.149585 -0.0978338
0.56 -0.852737 0.139729 -0.148678
0.56 -0.718123 0.129427 -0.197468
0.56 -0.594022 0.118709 -0.240936
0.56 -0.480831 0.107612 -0.276972
0.56 -0.378913 0.0961696 -0.304667
0.56 -0.288594 0.0844192 -0.324096
0.56 -0.210165 0.0723985 -0.33591
0.56 -0.143875 0.0601458 -0.340789
0.56 -0.0899371 0.0477006 -0.338501
0.56 -0.0485242 0.035103 -0.325325
0.56 -0.0197681 0.0223945 -0.282037
0.56 -0.00375432 0.00963329 -0.0946657
0.56 0.00375432 0.00963329 0.139082
0.56 0.0197681 0.0223945 0.343007
0.56 0.0485242 0.035103 0.396125
0.56 0.0899371 0.0477006 0.41296
0.56 0.143875 0.0601458 0.416598
0.56 0.210165 0.0723985 0.411821
0.56 0.288594 0.0844192 0.399126
0.56 0.378913 0.0961696 0.377847
0.56 0.480831 0.107612 0.34727
0.56 0.594022 0.118709 0.307265
0.56 0.718123 0.129427 0.25874
0.56 0.852737 0.139729 0.203897
0.56 0.997433 0.149585 0.146205
0.56 1.15175 0.158961 0.0900244
0.56 1.31518 0.167827 0.039897
0.56 1.48722 0.176157 -0.000344897
0.56 1.66731 0.183921 -0.0283957
0.56 1.85487 0.191097 -0.0439368
0.56 2.0493 0.197661 -0.0485655
0.56 2.24998 0.203591 -0.0452159
0.56 2.45626 0.208869 -0.037295
0.56 2.66749 0.213479 -0.0278533
0.56 2.88299 0.217404 -0.0190505
0.56 3.10207 0.220633 -0.0120154
0.56 3.32402 0.223155 -0.00702203
0.56 3.54814 0.224963 -0.00381764
0.56 3.77371 0.226049 -0.00193781
0.56 4. 0.226412 -0.000921739
0.56 4.22629 0.226049 -0.000412469
0.56 4.45186 0.224963 -0.00017439
0.56 4.67598 0.223155 -0.000069992
0.56 4.89793 0.220633 -0.0000268052
0.56 5.11701 0.217404 0
0.56 5.33251 0.213479 0
0.56 5.54374 0.208869 0
0.56 5.75002 0.203591 0
0.56 5.9507 0.197661 0
0.56 6.14513 0.191097 0
0.56 6.33269 0.183921 0
0.56 6.51278 0.176157 0
0.56 6.68482 0.167827 0
0.56 6.84825 0.158961 0
0.56 7.00257 0.149585 0
0.56 7.14726 0.139729 0
0.56 7.28188 0.129427 0
0.56 7.40598 0.118709 0
0.56 7.51917 0.107612 0
0.56 7.62109 0.0961696 0
0.56 7.71141 0.0844192 0
0.56 7.78984 0.0723985 0
0.56 7.85613 0.0601458 0
0.56 7.91006 0.0477006 0
0.56 7.95148 0.035103 0
0.56 7.98023 0.0223945 0
0.56 7.99625 0.00963329 0
0.6 -7.99625 0.00963329 0
0.6 -7.98023 0.0223945 0
0.6 -7.95148 0.035103 0
0.6 -7.91006 0.0477006 0
0.6 -7.85613 0.0601458 0
0.6 -7.78984 0.0723985 0
0.6 -7.71141 0.0844192 0
0.6 -7.62109 0.0961696 0
0.6 -7.51917 0.107612 0
0.6 -7.40598 0.118709 0
0.6 -7.28188 0.129427 0
0.6 -7.14726 0.139729 0
0.6 -7.00257 0.149585 0
0.6 -6.84825 0.158961 0
0.6 -6.68482 0.167827 0
0.6 -6.51278 0.176157 0
0.6 -6.33269 0.183921 0
0.6 -6.14513 0.191097 0
0.6 -5.9507 0.197661 0
0.6 -5.75002 0.203591 0
0.6 -5.54374 0.208869 0
0.6 -5.33251 0.213479 0
0.6 -5.11701 0.217404 0.0000100188
0.6 -4.89793 0.220633 0.0000273068
0.6 -4.67598 0.223155 0.000071442
0.6 -4.45186 0.224963 0.000178419
0.6 -4.22629 0.226049 0.00042318
0.6 -4. 0.226412 0.000948879
0.6 -3.77371 0.226049 0.00200314
0.6 -3.54814 0.224963 0.00396669
0.6 -3.32402 0.223155 0.00734365
0.6 -3.10207 0.220633 0.0126709
0.6 -2.88299 0.217404 0.020312
0.6 -2.66749 0.213479 0.0301448
0.6 -2.45626 0.208869 0.0412275
0.6 -2.24998 0.203591 0.0515985
0.6 -2.0493 0.197661 0.0583796
0.6 -1.85487 0.191097 0.0582644
0.6 -1.66731 0.183921 0.0483066
0.6 -1.48722 0.176157 0.0267621
0.6 -1.31518 0.167827 -0.00632519
0.6 -1.15175 0.158961 -0.0490164
0.6 -0.997433 0.149585 -0.0978825
0.6 -0.852737 0.139729 -0.14876
0.6 -0.718123 0.129427 -0.197595
0.6 -0.594022 0.118709 -0.24112
0.6 -0.480831 0.107612 -0.277231
0.6 -0.378913 0.0961696 -0.305027
0.6 -0.288594 0.0844192 -0.324597
0.6 -0.210165 0.0723985 -0.336621
0.6 -0.143875 0.0601458 -0.341843
0.6 -0.0899371 0.0477006 -0.340178
0.6 -0.0485242 0.035103 -0.328325
0.6 -0.0197681 0.0223945 -0.288525
0.6 -0.00375432 0.00963329 -0.108867
0.6 0.00375432 0.00963329 0.129328
0.6 0.0197681 0.0223945 0.336953
0.6 0.0485242 0.035103 0.393195
0.6 0.0899371 0.0477006 0.411298
0.6 0.143875 0.0601458 0.415547
0.6 0.210165 0.0723985 0.411109
0.6 0.288594 0.0844192 0.398623
0.6 0.378913 0.0961696 0.377486
0.6 0.480831 0.107612 0.34701
0.6 0.594022 0.118709 0.30708
0.6 0.718123 0.129427 0.258613
0.6 0.852737 0.139729 0.203814
0.6 0.997433 0.149585 0.146156
0.6 1.15175 0.158961 0.0900001
0.6 1.31518 0.167827 0.0398899
0.6 1.48722 0.176157 -0.000341309
0.6 1.66731 0.183921 -0.0283865
0.6 1.85487 0.191097 -0.0439257
0.6 2.0493 0.197661 -0.048555
0.6 2.24998 0.203591 -0.0452072
0.6 2.45626 0.208869 -0.0372886
0.6 2.66749 0.213479 -0.0278489
0.6 2.88299 0.217404 -0.0190478
0.6 3.10207 0.220633 -0.0120138
0.6 3.32402 0.223155 -0.00702117
0.6 3.54814 0.224963 -0.0038172
0.6 3.77371 0.226049 -0.0019376
0.6 4. 0.226412 -0.000921645
0.6 4.22629 0.226049 -0.000412429
0.6 4.45186 0.224963 -0.000174374
0.6 4.67598 0.223155 -0.0000699859
0.6 4.89793 0.220633 -0.000026803
0.6 5.11701 0.217404 0
0.6 5.33251 0.213479 0
0.6 5.54374 0.208869 0
0.6 5.75002 0.203591 0
0.6 5.9507 0.197661 0
0.6 6.14513 0.191097 0
0.6 6.33269 0.183921 0
0.6 6.51278 0.176157 0
0.6 6.68482 0.167827 0
0.6 6.84825 0.158961 0
0.6 7.00257 0.149585 0
0.6 7.14726 0.139729 0
0.6 7.28188 0.129427 0
0.6 7.40598 0.118709 0
0.6 7.51917 0.107612 0
0.6 7.62109 0.0961696 0
0.6 7.71141 0.0844192 0
0.6 7.78984 0.0723985 0
0.6 7.85613 0.0601458 0
0.6 7.91006 0.0477006 0
0.6 7.95148 0.035103 0
0.6 7.98023 0.0223945 0
0.6 7.99625 0.00963329 0
0.64 -7.99625 0.00963329 0
0.64 -7.98023 0.0223945 0
0.64 -7.95148 0.035103 0
0.64 -7.91006 0.0477006 0
0.64 -7.85613 0.0601458 0
0.64 -7.78984 0.0723985 0
0.64 -7.71141 0.0844192 0
0.64 -7.62109 0.0961696 0
0.64 -7.51917 0.107612 0
0.64 -7.40598 0.118709 0
0.64 -7.28188 0.129427 0
0.64 -7.14726 0.139729 0
0.64 -7.00257 0.149585 0
0.64 -6.84825 0.158961 0
0.64 -6.68482 0.167827 0
0.64 -6.51278 0.176157 0
0.64 -6.33269 0.183921 0
0.64 -6.14513 0.191097 0
0.64 -5.9507 0.197661 0
0.64 -5.75002 0.203591 0
0.64 -5.54374 0.208869 0
0.64 -5.33251 0.213479 0
0.64 -5.11701 0.217404 0.0000100195
0.64 -4.89793 0.220633 0.000027309
0.64 -4.67598 0.223155 0.000071448
0.64 -4.45186 0.224963 0.000178435
0.64 -4.22629 0.226049 0.000423219
0.64 -4. 0.226412 0.000948972
0.64 -3.77371 0.226049 0.00200335
0.64 -3.54814 0.224963 0.00396713
0.64 -3.32402 0.223155 0.00734452
0.64 -3.10207 0.220633 0.0126725
0.64 -2.88299 0.217404 0.0203147
0.64 -2.66749 0.213479 0.0301492
0.64 -2.45626 0.208869 0.0412339
0.64 -2.24998 0.203591 0.0516071
0.64 -2.0493 0.197661 0.0583901
0.64 -1.85487 0.191097 0.0582754
0.64 -1.66731 0.183921 0.0483158
0.64 -1.48722 0.176157 0.0267658
0.64 -1.31518 0.167827 -0.00633212
0.64 -1.15175 0.158961 -0.0490404
0.64 -0.997433 0.149585 -0.0979312
0.64 -0.852737 0.139729 -0.148843
0.64 -0.718123 0.129427 -0.197721
0.64 -0.594022 0.118709 -0.241304
0.64 -0.480831 0.107612 -0.277489
0.64 -0.378913 0.0961696 -0.305386
0.64 -0.288594 0.0844192 -0.325097
0.64 -0.210165 0.0723985 -0.337332
0.64 -0.143875 0.0601458 -0.342897
0.64 -0.0899371 0.0477006 -0.341858
0.64 -0.0485242 0.035103 -0.331342
0.64 -0.0197681 0.0223945 -0.295127
0.64 -0.00375432 0.00963329 -0.12449
0.64 0.00375432 0.00963329 0.120431
0.64 0.0197681 0.0223945 0.331003
0.64 0.0485242 0.035103 0.390282
0.64 0.0899371 0.0477006 0.40964
0.64 0.143875 0.0601458 0.414496
0.64 0.210165 0.0723985 0.410396
0.64 0.288594 0.0844192 0.398121
0.64 0.378913 0.0961696 0.377124
0.64 0.480831 0.107612 0.346749
0.64 0.594022 0.118709 0.306894
0.64 0.718123 0.129427 0.258485
0.64 0.852737 0.139729 0.203731
0.64 0.997433 0.149585 0.146107
0.64 1.15175 0.158961 0.0899757
0.64 1.31518 0.167827 0.0398827
0.64 1.48722 0.176157 -0.000337742
0.64 1.66731 0.183921 -0.0283773
0.64 1.85487 0.191097 -0.0439147
0.64 2.0493 0.197661 -0.0485446
0.64 2.24998 0.203591 -0.0451986
0.64 2.45626 0.208869 -0.0372822
0.64 2.66749 0.213479 -0.0278445
0.64 2.88299 0.217404 -0.0190451
0.64 3.10207 0.220633 -0.0120122
0.64 3.32402 0.223155 -0.0070203
0.64 3.54814 0.224963 -0.00381676
0.64 3.77371 0.226049 -0.00193739
0.64 4. 0.226412 -0.000921551
0.64 4.22629 0.226049 -0.00041239
0.64 4.45186 0.224963 -0.000174358
0.64 4.67598 0.223155 -0.0000699798
0.64 4.89793 0.220633 -0.0000268007
0.64 5.11701 0.217404 0
0.64 5.33251 0.213479 0
0.64 5.54374 0.208869 0
0.64 5.75002 0.203591 0
0.64 5.9507 0.197661 0
0.64 6.14513 0.191097 0
0.64 6.33269 0.183921 0
0.64 6.51278 0.176157 0
0.64 6.68482 0.167827 0
0.64 6.84825 0.158961 0
0.64 7.00257 0.149585 0
0.64 7.14726 0.139729 0
0.64 7.28188 0.129427 0
0.64 7.40598 0.118709 0
0.64 7.51917 0.107612 0
0.64 7.62109 0.0961696 0
0.64 7.71141 0.0844192 0
0.64 7.78984 0.0723985 0
0.64 7.85613 0.0601458 0
0.64 7.91006 0.0477006 0
0.64 7.95148 0.035103 0
0.64 7.98023 0.0223945 0
0.64 7.99625 0.00963329 0
0.68 -7.99625 0.00963329 0
0.68 -7.98023 0.0223945 0
0.68 -7.95148 0.035103 0
0.68 -7.91006 0.0477006 0
0.68 -7.85613 0.0601458 0
0.68 -7.78984 0.0723985 0
0.68 -7.71141 0.0844192 0
0.68 -7.62109 0.0961696 0
0.68 -7.51917 0.107612 0
0.68 -7.40598 0.118709 0
0.68 -7.28188 0.129427 0
0.68 -7.14726 0.139729 0
0.68 -7.00257 0.149585 0
0.68 -6.84825 0.158961 0
0.68 -6.68482 0.167827 0
0.68 -6.51278 0.176157 0
0.68 -6.33269 0.183921 0
0.68 -6.14513 0.191097 0
0.68 -5.9507 0.197661 0
0.68 -5.75002 0.203591 0
0.68 -5.54374 0.208869 0
0.68 -5.33251 0.213479 0
0.68 -5.11701 0.217404 0.0000100203
0.68 -4.89793 0.220633 0.0000273112
0.68 -4.67598 0.223155 0.0000714541
0.68 -4.45186 0.224963 0.000178451
0.68 -4.22629 0.226049 0.000423258
0.68 -4. 0.226412 0.000949065
0.68 -3.77371 0.226049 0.00200356
0.68 -3.54814 0.224963 0.00396757
0.68 -3.32402 0.223155 0.00734538
0.68 -3.10207 0.220633 0.0126741
0.68 -2.88299 0.217404 0.0203174
0.68 -2.66749 0.213479 0.0301535
0.68 -2.45626 0.208869 0.0412403
0.68 -2.24998 0.203591 0.0516157
0.68 -2.0493 0.197661 0.0584005
0.68 -1.85487 0.191097 0.0582864
0.68 -1.66731 0.183921 0.048325
0.68 -1.48722 0.176157 0.0267695
0.68 -1.31518 0.167827 -0.006339
0.68 -1.15175 0.158961 -0.0490643
0.68 -0.997433 0.149585 -0.0979797
0.68 -0.852737 0.139729 -0.148925
0.68 -0.718123 0.129427 -0.197848
0.68 -0.594022 0.118709 -0.241488
0.68 -0.480831 0.107612 -0.277748
0.68 -0.378913 0.0961696 -0.305745
0.68 -0.288594 0.0844192 -0.325597
0.68 -0.210165 0.0723985 -0.338043
0.68 -0.143875 0.0601458 -0.343952
0.68 -0.0899371 0.0477006 -0.343542
0.68 -0.0485242 0.035103 -0.334378
0.68 -0.0197681 0.0223945 -0.301846
0.68 -0.00375432 0.00963329 -0.141687
0.68 0.00375432 0.00963329 0.112308
0.68 0.0197681 0.0223945 0.325153
0.68 0.0485242 0.035103 0.387385
0.68 0.0899371 0.0477006 0.407985
0.68 0.143875 0.0601458 0.413446
0.68 0.210165 0.0723985 0.409684
0.68 0.288594 0.0844192 0.397618
0.68 0.378913 0.0961696 0.376762
0.68 0.480831 0.107612 0.346487
0.68 0.594022 0.118709 0.306708
0.68 0.718123 0.129427 0.258357
0.68 0.852737 0.139729 0.203647
0.68 0.997433 0.149585 0.146057
0.68 1.15175 0.158961 0.0899512
0.68 1.31518 0.167827 0.0398755
0.68 1.48722 0.176157 -0.000334196
0.68 1.66731 0.183921 -0.0283682
0.68 1.85487 0.191097 -0.0439037
0.68 2.0493 0.197661 -0.0485341
0.68 2.24998 0.203591 -0.04519
0.68 2.45626 0.208869 -0.0372757
0.68 2.66749 0.213479 -0.0278402
0.68 2.88299 0.217404 -0.0190423
0.68 3.10207 0.220633 -0.0120106
0.68 3.32402 0.223155 -0.00701943
0.68 3.54814 0.224963 -0.00381631
0.68 3.77371 0.226049 -0.00193718
0.68 4. 0.226412 -0.000921457
0.68 4.22629 0.226049 -0.00041235
0.68 4.45186 0.224963 -0.000174342
0.68 4.67598 0.223155 -0.0000699737
0.68 4.89793 0.220633 -0.0000267985
0.68 5.11701 0.217404 0
0.68 5.33251 0.213479 0
0.68 5.54374 0.208869 0
0.68 5.75002 0.203591 0
0.68 5.9507 0.197661 0
0.68 6.14513 0.191097 0
0.68 6.33269 0.183921 0
0.68 6.51278 0.176157 0
0.68 6.68482 0.167827 0
0.68 6.84825 0.158961 0
0.68 7.00257 0.149585 0
0.68 7.14726 0.139729 0
0.68 7.28188 0.129427 0
0.68 7.40598 0.118709 0
0.68 7.51917 0.107612 0
0.68 7.62109 0.0961696 0
0.68 7.71141 0.0844192 0
0.68 7.78984 0.0723985 0
0.68 7.85613 0.0601458 0
0.68 7.91006 0.0477006 0
0.68 7.95148 0.035103 0
0.68 7.98023 0.0223945 0
0.68 7.99625 0.00963329 0
0.72 -7.99625 0.00963329 0
0.72 -7.98023 0.0223945 0
0.72 -7.95148 0.035103 0
0.72 -7.91006 0.0477006 0
0.72 -7.85613 0.0601458 0
0.72 -7.78984 0.0723985 0
0.72 -7.71141 0.0844192 0
0.72 -7.62109 0.0961696 0
0.72 -7.51917 0.107612 0
0.72 -7.40598 0.118709 0
0.72 -7.28188 0.129427 0
0.72 -7.14726 0.139729 0
0.72 -7.00257 0.149585 0
0.72 -6.84825 0.158961 0
0.72 -6.68482 0.167827 0
0.72 -6.51278 0.176157 0
0.72 -6.33269 0.183921 0
0.72 -6.14513 0.191097 0
0.72 -5.9507 0.197661 0
0.72 -5.75002 0.203591 0
0.72 -5.54374 0.208869 0
0.72 -5.33251 0.213479 0
0.72 -5.11701 0.217404 0.0000100211
0.72 -4.89793 0.220633 0.0000273134
0.72 -4.67598 0.223155 0.0000714601
0.72 -4.45186 0.224963 0.000178466
0.72 -4.22629 0.226049 0.000423298
0.72 -4. 0.226412 0.000949158
0.72 -3.77371 0.226049 0.00200377
0.72 -3.54814 0.224963 0.003968
0.72 -3.32402 0.223155 0.00734624
0.72 -3.10207 0.220633 0.0126757
0.72 -2.88299 0.217404 0.0203201
0.72 -2.66749 0.213479 0.0301578
0.72 -2.45626 0.208869 0.0412466
0.72 -2.24998 0.203591 0.0516242
0.72 -2.0493 0.197661 0.0584109
0.72 -1.85487 0.191097 0.0582974
0.72 -1.66731 0.183921 0.0483343
0.72 -1.48722 0.176157 0.0267733
0.72 -1.31518 0.167827 -0.00634583
0.72 -1.15175 0.158961 -0.0490881
0.72 -0.997433 0.149585 -0.0980281
0.72 -0.852737 0.139729 -0.149007
0.72 -0.718123 0.129427 -0.197974
0.72 -0.594022 0.118709 -0.241671
0.72 -0.480831 0.107612 -0.278006
0.72 -0.378913 0.0961696 -0.306104
0.72 -0.288594 0.0844192 -0.326096
0.72 -0.210165 0.0723985 -0.338754
0.72 -0.143875 0.0601458 -0.345008
0.72 -0.0899371 0.0477006 -0.34523
0.72 -0.0485242 0.035103 -0.337431
0.72 -0.0197681 0.0223945 -0.308684
0.72 -0.00375432 0.00963329 -0.160625
0.72 0.00375432 0.00963329 0.104884
0.72 0.0197681 0.0223945 0.319402
0.72 0.0485242 0.035103 0.384506
0.72 0.0899371 0.0477006 0.406334
0.72 0.143875 0.0601458 0.412396
0.72 0.210165 0.0723985 0.408971
0.72 0.288594 0.0844192 0.397114
0.72 0.378913 0.0961696 0.3764
0.72 0.480831 0.107612 0.346226
0.72 0.594022 0.118709 0.306522
0.72 0.718123 0.129427 0.258228
0.72 0.852737 0.139729 0.203564
0.72 0.997433 0.149585 0.146008
0.72 1.15175 0.158961 0.0899266
0.72 1.31518 0.167827 0.0398682
0.72 1.48722 0.176157 -0.000330672
0.72 1.66731 0.183921 -0.028359
0.72 1.85487 0.191097 -0.0438927
0.72 2.0493 0.197661 -0.0485236
0.72 2.24998 0.203591 -0.0451813
0.72 2.45626 0.208869 -0.0372693
0.72 2.66749 0.213479 -0.0278358
0.72 2.88299 0.217404 -0.0190396
0.72 3.10207 0.220633 -0.012009
0.72 3.32402 0.223155 -0.00701856
0.72 3.54814 0.224963 -0.00381587
0.72 3.77371 0.226049 -0.00193697
0.72 4. 0.226412 -0.000921363
0.72 4.22629 0.226049 -0.00041231
0.72 4.45186 0.224963 -0.000174326
0.72 4.67598 0.223155 -0.0000699677
0.72 4.89793 0.220633 -0.0000267963
0.72 5.11701 0.217404 0
0.72 5.33251 0.213479 0
0.72 5.54374 0.208869 0
0.72 5.75002 0.203591 0
0.72 5.9507 0.197661 0
0.72 6.14513 0.191097 0
0.72 6.33269 0.183921 0
0.72 6.51278 0.176157 0
0.72 6.68482 0.167827 0
0.72 6.84825 0.158961 0
0.72 7.00257 0.149585 0
0.72 7.14726 0.139729 0
0.72 7.28188 0.129427 0
0.72 7.40598 0.118709 0
0.72 7.51917 0.107612 0
0.72 7.62109 0.0961696 0
0.72 7.71141 0.0844192 0
0.72 7.78984 0.0723985 0
0.72 7.85613 0.0601458 0
0.72 7.91006 0.0477006 0
0.72 7.95148 0.035103 0
0.72 7.98023 0.0223945 0
0.72 7.99625 0.00963329 0
0.76 -7.99625 0.00963329 0
0.76 -7.98023 0.0223945 0
0.76 -7.95148 0.035103 0
0.76 -7.91006 0.0477006 0
0.76 -7.85613 0.0601458 0
0.76 -7.78984 0.0723985 0
0.76 -7.71141 0.0844192 0
0.76 -7.62109 0.0961696 0
0.76 -7.51917 0.107612 0
0.76 -7.40598 0.118709 0
0.76 -7.28188 0.129427 0
0.76 -7.14726 0.139729 0
0.76 -7.00257 0.149585 0
0.76 -6.84825 0.158961 0
0.76 -6.68482 0.167827 0
0.76 -6.51278 0.176157 0
0.76 -6.33269 0.183921 0
0.76 -6.14513 0.191097 0
0.76 -5.9507 0.197661 0
0.76 -5.75002 0.203591 0
0.76 -5.54374 0.208869 0
0.76 -5.33251 0.213479 0
0.76 -5.11701 0.217404 0.0000100219
0.76 -4.89793 0.220633 0.0000273156
0.76 -4.67598 0.223155 0.0000714661
0.76 -4.45186 0.224963 0.000178482
0.76 -4.22629 0.226049 0.000423337
0.76 -4. 0.226412 0.000949251
0.76 -3.77371 0.226049 0.00200397
0.76 -3.54814 0.224963 0.00396844
0.76 -3.32402 0.223155 0.0073471
0.76 -3.10207 0.220633 0.0126772
0.76 -2.88299 0.217404 0.0203229
0.76 -2.66749 0.213479 0.0301621
0.76 -2.45626 0.208869 0.041253
0.76 -2.24998 0.203591 0.0516328
0.76 -2.0493 0.197661 0.0584213
0.76 -1.85487 0.191097 0.0583084
0.76 -1.66731 0.183921 0.0483435
0.76 -1.48722 0.176157 0.026777
0.76 -1.31518 0.167827 -0.00635263
0.76 -1.15175 0.158961 -0.0491118
0.76 -0.997433 0.149585 -0.0980764
0.76 -0.852737 0.139729 -0.149088
0.76 -0.718123 0.129427 -0.1981
0.76 -0.594022 0.118709 -0.241854
0.76 -0.480831 0.107612 -0.278264
0.76 -0.378913 0.0961696 -0.306461
0.76 -0.288594 0.0844192 -0.326595
0.76 -0.210165 0.0723985 -0.339464
0.76 -0.143875 0.0601458 -0.346064
0.76 -0.0899371 0.0477006 -0.346922
0.76 -0.0485242 0.035103 -0.340502
0.76 -0.0197681 0.0223945 -0.315642
0.76 -0.00375432 0.00963329 -0.181489
0.76 0.00375432 0.00963329 0.0980908
0.76 0.0197681 0.0223945 0.313748
0.76 0.0485242 0.035103 0.381642
0.76 0.0899371 0.0477006 0.404686
0.76 0.143875 0.0601458 0.411347
0.76 0.210165 0.0723985 0.408258
0.76 0.288594 0.0844192 0.39661
0.76 0.378913 0.0961696 0.376037
0.76 0.480831 0.107612 0.345964
0.76 0.594022 0.118709 0.306335
0.76 0.718123 0.129427 0.2581
0.76 0.852737 0.139729 0.20348
0.76 0.997433 0.149585 0.145958
0.76 1.15175 0.158961 0.0899019
0.76 1.31518 0.167827 0.0398609
0.76 1.48722 0.176157 -0.000327168
0.76 1.66731 0.183921 -0.0283498
0.76 1.85487 0.191097 -0.0438816
0.76 2.0493 0.197661 -0.0485132
0.76 2.24998 0.203591 -0.0451727
0.76 2.45626 0.208869 -0.0372629
0.76 2.66749 0.213479 -0.0278314
0.76 2.88299 0.217404 -0.0190368
0.76 3.10207 0.220633 -0.0120074
0.76 3.32402 0.223155 -0.00701769
0.76 3.54814 0.224963 -0.00381543
0.76 3.77371 0.226049 -0.00193676
0.76 4. 0.226412 -0.000921268
0.76 4.22629 0.226049 -0.00041227
0.76 4.45186 0.224963 -0.000174311
0.76 4.67598 0.223155 -0.0000699616
0.76 4.89793 0.220633 -0.0000267941
0.76 5.11701 0.217404 0
0.76 5.33251 0.213479 0
0.76 5.54374 0.208869 0
0.76 5.75002 0.203591 0
0.76 5.9507 0.197661 0
0.76 6.14513 0.191097 0
0.76 6.33269 0.183921 0
0.76 6.51278 0.176157 0
0.76 6.68482 0.167827 0
0.76 6.84825 0.158961 0
0.76 7.00257 0.149585 0
0.76 7.14726 0.139729 0
0.76 7.28188 0.129427 0
0.76 7.40598 0.118709 0
0.76 7.51917 0.107612 0
0.76 7.62109 0.0961696 0
0.76 7.71141 0.0844192 0
0.76 7.78984 0.0723985 0
0.76 7.85613 0.0601458 0
0.76 7.91006 0.0477006 0
0.76 7.95148 0.035103 0
0.76 7.98023 0.0223945 0
0.76 7.99625 0.00963329 0
0.8 -7.99625 0.00963329 0
0.8 -7.98023 0.0223945 0
0.8 -7.95148 0.035103 0
0.8 -7.91006 0.0477006 0
0.8 -7.85613 0.0601458 0
0.8 -7.78984 0.0723985 0
0.8 -7.71141 0.0844192 0
0.8 -7.62109 0.0961696 0
0.8 -7.51917 0.107612 0
0.8 -7.40598 0.118709 0
0.8 -7.28188 0.129427 0
0.8 -7.14726 0.139729 0
0.8 -7.00257 0.149585 0
0.8 -6.84825 0.158961 0
0.8 -6.68482 0.167827 0
0.8 -6.51278 0.176157 0
0.8 -6.33269 0.183921 0
0.8 -6.14513 0.191097 0
0.8 -5.9507 0.197661 0
0.8 -5.75002 0.203591 0
0.8 -5.54374 0.208869 0
0.8 -5.33251 0.213479 0
0.8 -5.11701 0.217404 0.0000100226
0.8 -4.89793 0.220633 0.0000273178
0.8 -4.67598 0.223155 0.0000714721
0.8 -4.45186 0.224963 0.000178498
0.8 -4.22629 0.226049 0.000423376
0.8 -4. 0.226412 0.000949344
0.8 -3.77371 0.226049 0.00200418
0.8 -3.54814 0.224963 0.00396887
0.8 -3.32402 0.223155 0.00734795
0.8 -3.10207 0.220633 0.0126788
0.8 -2.88299 0.217404 0.0203256
0.8 -2.66749 0.213479 0.0301665
0.8 -2.45626 0.208869 0.0412594
0.8 -2.24998 0.203591 0.0516414
0.8 -2.0493 0.197661 0.0584317
0.8 -1.85487 0.191097 0.0583194
0.8 -1.66731 0.183921 0.0483527
0.8 -1.48722 0.176157 0.0267808
0.8 -1.31518 0.167827 -0.00635937
0.8 -1.15175 0.158961 -0.0491354
0.8 -0.997433 0.149585 -0.0981246
0.8 -0.852737 0.139729 -0.14917
0.8 -0.718123 0.129427 -0.198225
0.8 -0.594022 0.118709 -0.242036
0.8 -0.480831 0.107612 -0.278521
0.8 -0.378913 0.0961696 -0.306819
0.8 -0.288594 0.0844192 -0.327093
0.8 -0.210165 0.0723985 -0.340175
0.8 -0.143875 0.0601458 -0.347121
0.8 -0.0899371 0.0477006 -0.348617
0.8 -0.0485242 0.035103 -0.343592
0.8 -0.0197681 0.0223945 -0.322723
0.8 -0.00375432 0.00963329 -0.204483
0.8 0.00375432 0.00963329 0.0918667
0.8 0.0197681 0.0223945 0.308188
0.8 0.0485242 0.035103 0.378795
0.8 0.0899371 0.0477006 0.403042
0.8 0.143875 0.0601458 0.410299
0.8 0.210165 0.0723985 0.407545
0.8 0.288594 0.0844192 0.396106
0.8 0.378913 0.0961696 0.375673
0.8 0.480831 0.107612 0.345701
0.8 0.594022 0.118709 0.306149
0.8 0.718123 0.129427 0.257971
0.8 0.852737 0.139729 0.203396
0.8 0.997433 0.149585 0.145908
0.8 1.15175 0.158961 0.0898772
0.8 1.31518 0.167827 0.0398535
0.8 1.48722 0.176157 -0.000323687
0.8 1.66731 0.183921 -0.0283407
0.8 1.85487 0.191097 -0.0438706
0.8 2.0493 0.197661 -0.0485027
0.8 2.24998 0.203591 -0.045164
0.8 2.45626 0.208869 -0.0372565
0.8 2.66749 0.213479 -0.027827
0.8 2.88299 0.217404 -0.0190341
0.8 3.10207 0.220633 -0.0120057
0.8 3.32402 0.223155 -0.00701682
0.8 3.54814 0.224963 -0.00381499
0.8 3.77371 0.226049 -0.00193655
0.8 4. 0.226412 -0.000921174
0.8 4.22629 0.226049 -0.00041223
0.8 4.45186 0.224963 -0.000174295
0.8 4.67598 0.223155 -0.0000699554
0.8 4.89793 0.220633 -0.0000267918
0.8 5.11701 0.217404 0
0.8 5.33251 0.213479 0
0.8 5.54374 0.208869 0
0.8 5.75002 0.203591 0
0.8 5.9507 0.197661 0
0.8 6.14513 0.191097 0
0.8 6.33269 0.183921 0
0.8 6.51278 0.176157 0
0.8 6.68482 0.167827 0
0.8 6.84825 0.158961 0
0.8 7.00257 0.149585 0
0.8 7.14726 0.139729 0
0.8 7.28188 0.129427 0
0.8 7.40598 0.118709 0
0.8 7.51917 0.107612 0
0.8 7.62109 0.0961696 0
0.8 7.71141 0.0844192 0
0.8 7.78984 0.0723985 0
0.8 7.85613 0.0601458 0
0.8 7.91006 0.0477006 0
0.8 7.95148 0.035103 0
0.8 7.98023 0.0223945 0
0.8 7.99625 0.00963329 0
0.84 -7.99625 0.00963329 0
0.84 -7.98023 0.0223945 0
0.84 -7.95148 0.035103 0
0.84 -7.91006 0.0477006 0
0.84 -7.85613 0.0601458 0
0.84 -7.78984 0.0723985 0
0.84 -7.71141 0.0844192 0
0.84 -7.62109 0.0961696 0
0.84 -7.51917 0.107612 0
0.84 -7.40598 0.118709 0
0.84 -7.28188 0.129427 0
0.84 -7.14726 0.139729 0
0.84 -7.00257 0.149585 0
0.84 -6.84825 0.158961 0
0.84 -6.68482 0.167827 0
0.84 -6.51278 0.176157 0
0.84 -6.33269 0.183921 0
0.84 -6.14513 0.191097 0
0.84 -5.9507 0.197661 0
0.84 -5.75002 0.203591 0
0.84 -5.54374 0.208869 0
0.84 -5.33251 0.213479 0
0.84 -5.11701 0.217404 0.0000100234
0.84 -4.89793 0.220633 0.00002732
0.84 -4.67598 0.223155 0.0000714781
0.84 -4.45186 0.224963 0.000178514
0.84 -4.22629 0.226049 0.000423415
0.84 -4. 0.226412 0.000949436
0.84 -3.77371 0.226049 0.00200439
0.84 -3.54814 0.224963 0.00396931
0.84 -3.32402 0.223155 0.00734881
0.84 -3.10207 0.220633 0.0126804
0.84 -2.88299 0.217404 0.0203283
0.84 -2.66749 0.213479 0.0301708
0.84 -2.45626 0.208869 0.0412657
0.84 -2.24998 0.203591 0.0516499
0.84 -2.0493 0.197661 0.0584421
0.84 -1.85487 0.191097 0.0583304
0.84 -1.66731 0.183921 0.048362
0.84 -1.48722 0.176157 0.0267846
0.84 -1.31518 0.167827 -0.00636607
0.84 -1.15175 0.158961 -0.049159
0.84 -0.997433 0.149585 -0.0981726
0.84 -0.852737 0.139729 -0.149251
0.84 -0.718123 0.129427 -0.19835
0.84 -0.594022 0.118709 -0.242219
0.84 -0.480831 0.107612 -0.278778
0.84 -0.378913 0.0961696 -0.307176
0.84 -0.288594 0.0844192 -0.327591
0.84 -0.210165 0.0723985 -0.340884
0.84 -0.143875 0.0601458 -0.348178
0.84 -0.0899371 0.0477006 -0.350315
0.84 -0.0485242 0.035103 -0.3467
0.84 -0.0197681 0.0223945 -0.32993
0.84 -0.00375432 0.00963329 -0.229833
0.84 0.00375432 0.00963329 0.0861557
0.84 0.0197681 0.0223945 0.302721
0.84 0.0485242 0.035103 0.375964
0.84 0.0899371 0.0477006 0.401401
0.84 0.143875 0.0601458 0.409251
0.84 0.210165 0.0723985 0.406831
0.84 0.288594 0.0844192 0.395601
0.84 0.378913 0.0961696 0.375309
0.84 0.480831 0.107612 0.345438
0.84 0.594022 0.118709 0.305961
0.84 0.718123 0.129427 0.257842
0.84 0.852737 0.139729 0.203312
0.84 0.997433 0.149585 0.145858
0.84 1.15175 0.158961 0.0898524
0.84 1.31518 0.167827 0.0398461
0.84 1.48722 0.176157 -0.000320227
0.84 1.66731 0.183921 -0.0283315
0.84 1.85487 0.191097 -0.0438596
0.84 2.0493 0.197661 -0.0484922
0.84 2.24998 0.203591 -0.0451554
0.84 2.45626 0.208869 -0.03725
0.84 2.66749 0.213479 -0.0278227
0.84 2.88299 0.217404 -0.0190313
0.84 3.10207 0.220633 -0.0120041
0.84 3.32402 0.223155 -0.00701595
0.84 3.54814 0.224963 -0.00381455
0.84 3.77371 0.226049 -0.00193633
0.84 4. 0.226412 -0.00092108
0.84 4.22629 0.226049 -0.00041219
0.84 4.45186 0.224963 -0.000174278
0.84 4.67598 0.223155 -0.0000699493
0.84 4.89793 0.220633 -0.0000267896
0.84 5.11701 0.217404 0
0.84 5.33251 0.213479 0
0.84 5.54374 0.208869 0
0.84 5.75002 0.203591 0
0.84 5.9507 0.197661 0
0.84 6.14513 0.191097 0
0.84 6.33269 0.183921 0
0.84 6.51278 0.176157 0
0.84 6.68482 0.167827 0
0.84 6.84825 0.158961 0
0.84 7.00257 0.149585 0
0.84 7.14726 0.139729 0
0.84 7.28188 0.129427 0
0.84 7.40598 0.118709 0
0.84 7.51917 0.107612 0
0.84 7.62109 0.0961696 0
0.84 7.71141 0.0844192 0
0.84 7.78984 0.0723985 0
0.84 7.85613 0.0601458 0
0.84 7.91006 0.0477006 0
0.84 7.95148 0.035103 0
0.84 7.98023 0.0223945 0
0.84 7.99625 0.00963329 0
0.88 -7.99625 0.00963329 0
0.88 -7.98023 0.0223945 0
0.88 -7.95148 0.035103 0
0.88 -7.91006 0.0477006 0
0.88 -7.85613 0.0601458 0
0.88 -7.78984 0.0723985 0
0.88 -7.71141 0.0844192 0
0.88 -7.62109 0.0961696 0
0.88 -7.51917 0.107612 0
0.88 -7.40598 0.118709 0
0.88 -7.28188 0.129427 0
0.88 -7.14726 0.139729 0
0.88 -7.00257 0.149585 0
0.88 -6.84825 0.158961 0
0.88 -6.68482 0.167827 0
0.88 -6.51278 0.176157 0
0.88 -6.33269 0.183921 0
0.88 -6.14513 0.191097 0
0.88 -5.9507 0.197661 0
0.88 -5.75002 0.203591 0
0.88 -5.54374 0.208869 0
0.88 -5.33251 0.213479 0
0.88 -5.11701 0.217404 0.0000100242
0.88 -4.89793 0.220633 0.0000273221
0.88 -4.67598 0.223155 0.0000714841
0.88 -4.45186 0.224963 0.000178529
0.88 -4.22629 0.226049 0.000423455
0.88 -4. 0.226412 0.000949529
0.88 -3.77371 0.226049 0.0020046
0.88 -3.54814 0.224963 0.00396974
0.88 -3.32402 0.223155 0.00734967
0.88 -3.10207 0.220633 0.012682
0.88 -2.88299 0.217404 0.020331
0.88 -2.66749 0.213479 0.0301751
0.88 -2.45626 0.208869 0.041272
0.88 -2.24998 0.203591 0.0516585
0.88 -2.0493 0.197661 0.0584524
0.88 -1.85487 0.191097 0.0583414
0.88 -1.66731 0.183921 0.0483712
0.88 -1.48722 0.176157 0.0267884
0.88 -1.31518 0.167827 -0.00637273
0.88 -1.15175 0.158961 -0.0491825
0.88 -0.997433 0.149585 -0.0982205
0.88 -0.852737 0.139729 -0.149333
0.88 -0.718123 0.129427 -0.198475
0.88 -0.594022 0.118709 -0.242401
0.88 -0.480831 0.107612 -0.279034
0.88 -0.378913 0.0961696 -0.307533
0.88 -0.288594 0.0844192 -0.328089
0.88 -0.210165 0.0723985 -0.341594
0.88 -0.143875 0.0601458 -0.349236
0.88 -0.0899371 0.0477006 -0.352018
0.88 -0.0485242 0.035103 -0.349826
0.88 -0.0197681 0.0223945 -0.337265
0.88 -0.00375432 0.00963329 -0.257788
0.88 0.00375432 0.00963329 0.0809072
0.88 0.0197681 0.0223945 0.297345
0.88 0.0485242 0.035103 0.373149
0.88 0.0899371 0.0477006 0.399763
0.88 0.143875 0.0601458 0.408203
0.88 0.210165 0.0723985 0.406118
0.88 0.288594 0.0844192 0.395096
0.88 0.378913 0.0961696 0.374945
0.88 0.480831 0.107612 0.345175
0.88 0.594022 0.118709 0.305774
0.88 0.718123 0.129427 0.257712
0.88 0.852737 0.139729 0.203227
0.88 0.997433 0.149585 0.145808
0.88 1.15175 0.158961 0.0898275
0.88 1.31518 0.167827 0.0398386
0.88 1.48722 0.176157 -0.000316789
0.88 1.66731 0.183921 -0.0283224
0.88 1.85487 0.191097 -0.0438485
0.88 2.0493 0.197661 -0.0484817
0.88 2.24998 0.203591 -0.0451467
0.88 2.45626 0.208869 -0.0372436
0.88 2.66749 0.213479 -0.0278183
0.88 2.88299 0.217404 -0.0190286
0.88 3.10207 0.220633 -0.0120025
0.88 3.32402 0.223155 -0.00701507
0.88 3.54814 0.224963 -0.0038141
0.88 3.77371 0.226049 -0.00193612
0.88 4. 0.226412 -0.000920985
0.88 4.22629 0.226049 -0.00041215
0.88 4.45186 0.224963 -0.000174262
0.88 4.67598 0.223155 -0.0000699432
0.88 4.89793 0.220633 -0.0000267874
0.88 5.11701 0.217404 0
0.88 5.33251 0.213479 0
0.88 5.54374 0.208869 0
0.88 5.75002 0.203591 0
0.88 5.9507 0.197661 0
0.88 6.14513 0.191097 0
0.88 6.33269 0.183921 0
0.88 6.51278 0.176157 0
0.88 6.68482 0.167827 0
0.88 6.84825 0.158961 0
0.88 7.00257 0.149585 0
0.88 7.14726 0.139729 0
0.88 7.28188 0.129427 0
0.88 7.40598 0.118709 0
0.88 7.51917 0.107612 0
0.88 7.62109 0.0961696 0
0.88 7.71141 0.0844192 0
0.88 7.78984 0.0723985 0
0.88 7.85613 0.0601458 0
0.88 7.91006 0.0477006 0
0.88 7.95148 0.035103 0
0.88 7.98023 0.0223945 0
0.88 7.99625 0.00963329 0
0.92 -7.99625 0.00963329 0
0.92 -7.98023 0.0223945 0
0.92 -7.95148 0.035103 0
0.92 -7.91006 0.0477006 0
0.92 -7.85613 0.0601458 0
0.92 -7.78984 0.0723985 0
0.92 -7.71141 0.0844192 0
0.92 -7.62109 0.0961696 0
0.92 -7.51917 0.107612 0
0.92 -7.40598 0.118709 0
0.92 -7.28188 0.129427 0
0.92 -7.14726 0.139729 0
0.92 -7.00257 0.149585 0
0.92 -6.84825 0.158961 0
0.92 -6.68482 0.167827 0
0.92 -6.51278 0.176157 0
0.92 -6.33269 0.183921 0
0.92 -6.14513 0.191097 0
0.92 -5.9507 0.197661 0
0.92 -5.75002 0.203591 0
0.92 -5.54374 0.208869 0
0.92 -5.33251 0.213479 0
0.92 -5.11701 0.217404 0.0000100249
0.92 -4.89793 0.220633 0.0000273243
0.92 -4.67598 0.223155 0.00007149
0.92 -4.45186 0.224963 0.000178545
0.92 -4.22629 0.226049 0.000423494
0.92 -4. 0.226412 0.000949621
0.92 -3.77371 0.226049 0.0020048
0.92 -3.54814 0.224963 0.00397018
0.92 -3.32402 0.223155 0.00735052
0.92 -3.10207 0.220633 0.0126835
0.92 -2.88299 0.217404 0.0203337
0.92 -2.66749 0.213479 0.0301794
0.92 -2.45626 0.208869 0.0412784
0.92 -2.24998 0.203591 0.051667
0.92 -2.0493 0.197661 0.0584628
0.92 -1.85487 0.191097 0.0583524
0.92 -1.66731 0.183921 0.0483805
0.92 -1.48722 0.176157 0.0267922
0.92 -1.31518 0.167827 -0.00637933
0.92 -1.15175 0.158961 -0.0492059
0.92 -0.997433 0.149585 -0.0982683
0.92 -0.852737 0.139729 -0.149414
0.92 -0.718123 0.129427 -0.1986
0.92 -0.594022 0.118709 -0.242582
0.92 -0.480831 0.107612 -0.27929
0.92 -0.378913 0.0961696 -0.307889
0.92 -0.288594 0.0844192 -0.328586
0.92 -0.210165 0.0723985 -0.342303
0.92 -0.143875 0.0601458 -0.350294
0.92 -0.0899371 0.0477006 -0.353724
0.92 -0.0485242 0.035103 -0.35297
0.92 -0.0197681 0.0223945 -0.344729
0.92 -0.00375432 0.00963329 -0.288626
0.92 0.00375432 0.00963329 0.0760749
0.92 0.0197681 0.0223945 0.292057
0.92 0.0485242 0.035103 0.370349
0.92 0.0899371 0.0477006 0.398129
0.92 0.143875 0.0601458 0.407156
0.92 0.210165 0.0723985 0.405403
0.92 0.288594 0.0844192 0.39459
0.92 0.378913 0.0961696 0.37458
0.92 0.480831 0.107612 0.344911
0.92 0.594022 0.118709 0.305586
0.92 0.718123 0.129427 0.257583
0.92 0.852737 0.139729 0.203143
0.92 0.997433 0.149585 0.145758
0.92 1.15175 0.158961 0.0898025
0.92 1.31518 0.167827 0.0398311
0.92 1.48722 0.176157 -0.000313373
0.92 1.66731 0.183921 -0.0283133
0.92 1.85487 0.191097 -0.0438375
0.92 2.0493 0.197661 -0.0484712
0.92 2.24998 0.203591 -0.045138
0.92 2.45626 0.208869 -0.0372371
0.92 2.66749 0.213479 -0.0278139
0.92 2.88299 0.217404 -0.0190258
0.92 3.10207 0.220633 -0.0120009
0.92 3.32402 0.223155 -0.0070142
0.92 3.54814 0.224963 -0.00381366
0.92 3.77371 0.226049 -0.00193591
0.92 4. 0.226412 -0.00092089
0.92 4.22629 0.226049 -0.00041211
0.92 4.45186 0.224963 -0.000174246
0.92 4.67598 0.223155 -0.0000699371
0.92 4.89793 0.220633 -0.0000267851
0.92 5.11701 0.217404 0
0.92 5.33251 0.213479 0
0.92 5.54374 0.208869 0
0.92 5.75002 0.203591 0
0.92 5.9507 0.197661 0
0.92 6.14513 0.191097 0
0.92 6.33269 0.183921 0
0.92 6.51278 0.176157 0
0.92 6.68482 0.167827 0
0.92 6.84825 0.158961 0
0.92 7.00257 0.149585 0
0.92 7.14726 0.139729 0
0.92 7.28188 0.129427 0
0.92 7.40598 0.118709 0
0.92 7.51917 0.107612 0
0.92 7.62109 0.0961696 0
0.92 7.71141 0.0844192 0
0.92 7.78984 0.0723985 0
0.92 7.85613 0.0601458 0
0.92 7.91006 0.0477006 0
0.92 7.95148 0.035103 0
0.92 7.98023 0.0223945 0
0.92 7.99625 0.00963329 0
0.96 -7.99625 0.00963329 0
0.96 -7.98023 0.0223945 0
0.96 -7.95148 0.035103 0
0.96 -7.91006 0.0477006 0
0.96 -7.85613 0.0601458 0
0.96 -7.78984 0.0723985 0
0.96 -7.71141 0.0844192 0
0.96 -7.62109 0.0961696 0
0.96 -7.51917 0.107612 0
0.96 -7.40598 0.118709 0
0.96 -7.28188 0.129427 0
0.96 -7.14726 0.139729 0
0.96 -7.00257 0.149585 0
0.96 -6.84825 0.158961 0
0.96 -6.68482 0.167827 0
0.96 -6.51278 0.176157 0
0.96 -6.33269 0.183921 0
0.96 -6.14513 0.191097 0
0.96 -5.9507 0.197661 0
0.96 -5.75002 0.203591 0
0.96 -5.54374 0.208869 0
0.96 -5.33251 0.213479 0
0.96 -5.11701 0.217404 0.0000100257
0.96 -4.89793 0.220633 0.0000273265
0.96 -4.67598 0.223155 0.000071496
0.96 -4.45186 0.224963 0.00017856
0.96 -4.22629 0.226049 0.000423533
0.96 -4. 0.226412 0.000949714
0.96 -3.77371 0.226049 0.00200501
0.96 -3.54814 0.224963 0.00397061
0.96 -3.32402 0.223155 0.00735137
0.96 -3.10207 0.220633 0.0126851
0.96 -2.88299 0.217404 0.0203364
0.96 -2.66749 0.213479 0.0301837
0.96 -2.45626 0.208869 0.0412847
0.96 -2.24998 0.203591 0.0516755
0.96 -2.0493 0.197661 0.0584732
0.96 -1.85487 0.191097 0.0583634
0.96 -1.66731 0.183921 0.0483897
0.96 -1.48722 0.176157 0.0267961
0.96 -1.31518 0.167827 -0.00638589
0.96 -1.15175 0.158961 -0.0492292
0.96 -0.997433 0.149585 -0.0983159
0.96 -0.852737 0.139729 -0.149494
0.96 -0.718123 0.129427 -0.198725
0.96 -0.594022 0.118709 -0.242764
0.96 -0.480831 0.107612 -0.279546
0.96 -0.378913 0.0961696 -0.308244
0.96 -0.288594 0.0844192 -0.329083
0.96 -0.210165 0.0723985 -0.343012
0.96 -0.143875 0.0601458 -0.351352
0.96 -0.0899371 0.0477006 -0.355433
0.96 -0.0485242 0.035103 -0.356133
0.96 -0.0197681 0.0223945 -0.352327
0.96 -0.00375432 0.00963329 -0.322651
0.96 0.00375432 0.00963329 0.0716168
0.96 0.0197681 0.0223945 0.286855
0.96 0.0485242 0.035103 0.367564
0.96 0.0899371 0.0477006 0.396497
0.96 0.143875 0.0601458 0.406109
0.96 0.210165 0.0723985 0.404689
0.96 0.288594 0.0844192 0.394084
0.96 0.378913 0.0961696 0.374215
0.96 0.480831 0.107612 0.344647
0.96 0.594022 0.118709 0.305398
0.96 0.718123 0.129427 0.257453
0.96 0.852737 0.139729 0.203058
0.96 0.997433 0.149585 0.145707
0.96 1.15175 0.158961 0.0897775
0.96 1.31518 0.167827 0.0398235
0.96 1.48722 0.176157 -0.000309981
0.96 1.66731 0.183921 -0.0283041
0.96 1.85487 0.191097 -0.0438264
0.96 2.0493 0.197661 -0.0484607
0.96 2.24998 0.203591 -0.0451293
0.96 2.45626 0.208869 -0.0372306
0.96 2.66749 0.213479 -0.0278095
0.96 2.88299 0.217404 -0.019023
0.96 3.10207 0.220633 -0.0119993
0.96 3.32402 0.223155 -0.00701332
0.96 3.54814 0.224963 -0.00381321
0.96 3.77371 0.226049 -0.0019357
0.96 4. 0.226412 -0.000920795
0.96 4.22629 0.226049 -0.00041207
0.96 4.45186 0.224963 -0.00017423
0.96 4.67598 0.223155 -0.0000699309
0.96 4.89793 0.220633 -0.0000267829
0.96 5.11701 0.217404 0
0.96 5.33251 0.213479 0
0.96 5.54374 0.208869 0
0.96 5.75002 0.203591 0
0.96 5.9507 0.197661 0
0.96 6.14513 0.191097 0
0.96 6.33269 0.183921 0
0.96 6.51278 0.176157 0
0.96 6.68482 0.167827 0
0.96 6.84825 0.158961 0
0.96 7.00257 0.149585 0
0.96 7.14726 0.139729 0
0.96 7.28188 0.129427 0
0.96 7.40598 0.118709 0
0.96 7.51917 0.107612 0
0.96 7.62109 0.0961696 0
0.96 7.71141 0.0844192 0
0.96 7.78984 0.0723985 0
0.96 7.85613 0.0601458 0
0.96 7.91006 0.0477006 0
0.96 7.95148 0.035103 0
0.96 7.98023 0.0223945 0
0.96 7.99625 0.00963329 0
