#x points: 24 #c points: 50
xloc: cloc: weight: f
values below 10e-5 have been chopped
0.04 -7.98223 0.0455752 0
0.04 -7.90666 0.10542 0
0.04 -7.7719 0.163757 0
0.04 -7.57997 0.219619 0
0.04 -7.33377 0.272153 0
0.04 -7.03704 0.320563 0
0.04 -6.69427 0.364113 0
0.04 -6.31065 0.402144 0
0.04 -5.89201 0.434078 0
0.04 -5.44469 0.459433 0
0.04 -4.97547 0.477823 0.0000192434
0.04 -4.49146 0.48897 0.000152214
0.04 -4. 0.492704 0.00094756
0.04 -3.50854 0.48897 0.00443627
0.04 -3.02453 0.477823 0.0150637
0.04 -2.55531 0.459433 0.0358691
0.04 -2.10799 0.434078 0.0568033
0.04 -1.68935 0.402144 0.0499526
0.04 -1.30573 0.364113 -0.00839262
0.04 -0.962963 0.320563 -0.108882
0.04 -0.666229 0.272153 -0.214033
0.04 -0.420032 0.219619 -0.290029
0.04 -0.228102 0.163757 -0.32521
0.04 -0.0933443 0.10542 -0.318212
0.04 -0.0177721 0.0455752 -0.194188
0.04 0.0177721 0.0455752 0.431277
0.04 0.0933443 0.10542 0.434705
0.04 0.228102 0.163757 0.41794
0.04 0.420032 0.219619 0.370318
0.04 0.666229 0.272153 0.281365
0.04 0.962963 0.320563 0.160356
0.04 1.30573 0.364113 0.0425915
0.04 1.68935 0.402144 -0.0310205
0.04 2.10799 0.434078 -0.0483827
0.04 2.55531 0.459433 -0.0329447
0.04 3.02453 0.477823 -0.0142852
0.04 3.50854 0.48897 -0.00427831
0.04 4. 0.492704 -0.000922946
0.04 4.49146 0.48897 -0.000149201
0.04 4.97547 0.477823 -0.0000189427
0.04 5.44469 0.459433 0
0.04 5.89201 0.434078 0
0.04 6.31065 0.402144 0
0.04 6.69427 0.364113 0
0.04 7.03704 0.320563 0
0.04 7.33377 0.272153 0
0.04 7.57997 0.219619 0
0.04 7.7719 0.163757 0
0.04 7.90666 0.10542 0
0.04 7.98223 0.0455752 0
0.08 -7.98223 0.0455752 0
0.08 -7.90666 0.10542 0
0.08 -7.7719 0.163757 0
0.08 -7.57997 0.219619 0
0.08 -7.33377 0.272153 0
0.08 -7.03704 0.320563 0
0.08 -6.69427 0.364113 0
0.08 -6.31065 0.402144 0
0.08 -5.89201 0.434078 0
0.08 -5.44469 0.459433 0
0.08 -4.97547 0.477823 0.0000192449
0.08 -4.49146 0.48897 0.000152227
0.08 -4. 0.492704 0.000947655
0.08 -3.50854 0.48897 0.00443677
0.08 -3.02453 0.477823 0.0150657
0.08 -2.55531 0.459433 0.0358745
0.08 -2.10799 0.434078 0.0568133
0.08 -1.68935 0.402144 0.0499621
0.08 -1.30573 0.364113 -0.00840095
0.08 -0.962963 0.320563 -0.10894
0.08 -0.666229 0.272153 -0.214185
0.08 -0.420032 0.219619 -0.290348
0.08 -0.228102 0.163757 -0.325865
0.08 -0.0933443 0.10542 -0.319787
0.08 -0.0177721 0.0455752 -0.199675
0.08 0.0177721 0.0455752 0.422857
0.08 0.0933443 0.10542 0.433057
0.08 0.228102 0.163757 0.417291
0.08 0.420032 0.219619 0.370008
0.08 0.666229 0.272153 0.281219
0.08 0.962963 0.320563 0.160301
0.08 1.30573 0.364113 0.0425842
0.08 1.68935 0.402144 -0.0310109
0.08 2.10799 0.434078 -0.0483728
0.08 2.55531 0.459433 -0.0329394
0.08 3.02453 0.477823 -0.0142833
0.08 3.50854 0.48897 -0.00427782
0.08 4. 0.492704 -0.000922854
0.08 4.49146 0.48897 -0.000149187
0.08 4.97547 0.477823 -0.0000189412
0.08 5.44469 0.459433 0
0.08 5.89201 0.434078 0
0.08 6.31065 0.402144 0
0.08 6.69427 0.364113 0
0.08 7.03704 0.320563 0
0.08 7.33377 0.272153 0
0.08 7.57997 0.219619 0
0.08 7.7719 0.163757 0
0.08 7.90666 0.10542 0
0.08 7.98223 0.0455752 0
0.12 -7.98223 0.0455752 0
0.12 -7.90666 0.10542 0
0.12 -7.7719 0.163757 0
0.12 -7.57997 0.219619 0
0.12 -7.33377 0.272153 0
0.12 -7.03704 0.320563 0
0.12 -6.69427 0.364113 0
0.12 -6.31065 0.402144 0
0.12 -5.89201 0.434078 0
0.12 -5.44469 0.459433 0
0.12 -4.97547 0.477823 0.0000192465
0.12 -4.49146 0.48897 0.000152241
0.12 -4. 0.492704 0.000947749
0.12 -3.50854 0.48897 0.00443728
0.12 -3.02453 0.477823 0.0150677
0.12 -2.55531 0.459433 0.03588
0.12 -2.10799 0.434078 0.0568234
0.12 -1.68935 0.402144 0.0499717
0.12 -1.30573 0.364113 -0.00840924
0.12 -0.962963 0.320563 -0.108997
0.12 -0.666229 0.272153 -0.214336
0.12 -0.420032 0.219619 -0.290667
0.12 -0.228102 0.163757 -0.326519
0.12 -0.0933443 0.10542 -0.321365
0.12 -0.0177721 0.0455752 -0.205267
0.12 0.0177721 0.0455752 0.414604
0.12 0.0933443 0.10542 0.431413
0.12 0.228102 0.163757 0.416642
0.12 0.420032 0.219619 0.369697
0.12 0.666229 0.272153 0.281073
0.12 0.962963 0.320563 0.160247
0.12 1.30573 0.364113 0.0425768
0.12 1.68935 0.402144 -0.0310012
0.12 2.10799 0.434078 -0.0483629
0.12 2.55531 0.459433 -0.0329341
0.12 3.02453 0.477823 -0.0142813
0.12 3.50854 0.48897 -0.00427733
0.12 4. 0.492704 -0.000922761
0.12 4.49146 0.48897 -0.000149174
0.12 4.97547 0.477823 -0.0000189396
0.12 5.44469 0.459433 0
0.12 5.89201 0.434078 0
0.12 6.31065 0.402144 0
0.12 6.69427 0.364113 0
0.12 7.03704 0.320563 0
0.12 7.33377 0.272153 0
0.12 7.57997 0.219619 0
0.12 7.7719 0.163757 0
0.12 7.90666 0.10542 0
0.12 7.98223 0.0455752 0
0.16 -7.98223 0.0455752 0
0.16 -7.90666 0.10542 0
0.16 -7.7719 0.163757 0
0.16 -7.57997 0.219619 0
0.16 -7.33377 0.272153 0
0.16 -7.03704 0.320563 0
0.16 -6.69427 0.364113 0
0.16 -6.31065 0.402144 0
0.16 -5.89201 0.434078 0
0.16 -5.44469 0.459433 0
0.16 -4.97547 0.477823 0.0000192481
0.16 -4.49146 0.48897 0.000152255
0.16 -4. 0.492704 0.000947844
0.16 -3.50854 0.48897 0.00443778
0.16 -3.02453 0.477823 0.0150696
0.16 -2.55531 0.459433 0.0358854
0.16 -2.10799 0.434078 0.0568334
0.16 -1.68935 0.402144 0.0499812
0.16 -1.30573 0.364113 -0.00841749
0.16 -0.962963 0.320563 -0.109054
0.16 -0.666229 0.272153 -0.214487
0.16 -0.420032 0.219619 -0.290985
0.16 -0.228102 0.163757 -0.327173
0.16 -0.0933443 0.10542 -0.322947
0.16 -0.0177721 0.0455752 -0.210965
0.16 0.0177721 0.0455752 0.406514
0.16 0.0933443 0.10542 0.429772
0.16 0.228102 0.163757 0.415993
0.16 0.420032 0.219619 0.369386
0.16 0.666229 0.272153 0.280926
0.16 0.962963 0.320563 0.160192
0.16 1.30573 0.364113 0.0425694
0.16 1.68935 0.402144 -0.0309916
0.16 2.10799 0.434078 -0.048353
0.16 2.55531 0.459433 -0.0329287
0.16 3.02453 0.477823 -0.0142794
0.16 3.50854 0.48897 -0.00427684
0.16 4. 0.492704 -0.000922669
0.16 4.49146 0.48897 -0.000149161
0.16 4.97547 0.477823 -0.0000189381
0.16 5.44469 0.459433 0
0.16 5.89201 0.434078 0
0.16 6.31065 0.402144 0
0.16 6.69427 0.364113 0
0.16 7.03704 0.320563 0
0.16 7.33377 0.272153 0
0.16 7.57997 0.219619 0
0.16 7.7719 0.163757 0
0.16 7.90666 0.10542 0
0.16 7.98223 0.0455752 0
0.2 -7.98223 0.0455752 0
0.2 -7.90666 0.10542 0
0.2 -7.7719 0.163757 0
0.2 -7.57997 0.219619 0
0.2 -7.33377 0.272153 0
0.2 -7.03704 0.320563 0
0.2 -6.69427 0.364113 0
0.2 -6.31065 0.402144 0
0.2 -5.89201 0.434078 0
0.2 -5.44469 0.459433 0
0.2 -4.97547 0.477823 0.0000192496
0.2 -4.49146 0.48897 0.000152268
0.2 -4. 0.492704 0.000947939
0.2 -3.50854 0.48897 0.00443828
0.2 -3.02453 0.477823 0.0150716
0.2 -2.55531 0.459433 0.0358908
0.2 -2.10799 0.434078 0.0568434
0.2 -1.68935 0.402144 0.0499907
0.2 -1.30573 0.364113 -0.00842569
0.2 -0.962963 0.320563 -0.109111
0.2 -0.666229 0.272153 -0.214638
0.2 -0.420032 0.219619 -0.291303
0.2 -0.228102 0.163757 -0.327827
0.2 -0.0933443 0.10542 -0.324532
0.2 -0.0177721 0.0455752 -0.216773
0.2 0.0177721 0.0455752 0.398583
0.2 0.0933443 0.10542 0.428135
0.2 0.228102 0.163757 0.415344
0.2 0.420032 0.219619 0.369074
0.2 0.666229 0.272153 0.280779
0.2 0.962963 0.320563 0.160137
0.2 1.30573 0.364113 0.0425619
0.2 1.68935 0.402144 -0.030982
0.2 2.10799 0.434078 -0.0483431
0.2 2.55531 0.459433 -0.0329234
0.2 3.02453 0.477823 -0.0142775
0.2 3.50854 0.48897 -0.00427635
0.2 4. 0.492704 -0.000922576
0.2 4.49146 0.48897 -0.000149148
0.2 4.97547 0.477823 -0.0000189366
0.2 5.44469 0.459433 0
0.2 5.89201 0.434078 0
0.2 6.31065 0.402144 0
0.2 6.69427 0.364113 0
0.2 7.03704 0.320563 0
0.2 7.33377 0.272153 0
0.2 7.57997 0.219619 0
0.2 7.7719 0.163757 0
0.2 7.90666 0.10542 0
0.2 7.98223 0.0455752 0
0.24 -7.98223 0.0455752 0
0.24 -7.90666 0.10542 0
0.24 -7.7719 0.163757 0
0.24 -7.57997 0.219619 0
0.24 -7.33377 0.272153 0
0.24 -7.03704 0.320563 0
0.24 -6.69427 0.364113 0
0.24 -6.31065 0.402144 0
0.24 -5.89201 0.434078 0
0.24 -5.44469 0.459433 0
0.24 -4.97547 0.477823 0.0000192512
0.24 -4.49146 0.48897 0.000152282
0.24 -4. 0.492704 0.000948033
0.24 -3.50854 0.48897 0.00443878
0.24 -3.02453 0.477823 0.0150735
0.24 -2.55531 0.459433 0.0358963
0.24 -2.10799 0.434078 0.0568535
0.24 -1.68935 0.402144 0.0500003
0.24 -1.30573 0.364113 -0.00843385
0.24 -0.962963 0.320563 -0.109168
0.24 -0.666229 0.272153 -0.214789
0.24 -0.420032 0.219619 -0.29162
0.24 -0.228102 0.163757 -0.328481
0.24 -0.0933443 0.10542 -0.326119
0.24 -0.0177721 0.0455752 -0.222692
0.24 0.0177721 0.0455752 0.390808
0.24 0.0933443 0.10542 0.426501
0.24 0.228102 0.163757 0.414694
0.24 0.420032 0.219619 0.368762
0.24 0.666229 0.272153 0.280632
0.24 0.962963 0.320563 0.160082
0.24 1.30573 0.364113 0.0425544
0.24 1.68935 0.402144 -0.0309724
0.24 2.10799 0.434078 -0.0483331
0.24 2.55531 0.459433 -0.032918
0.24 3.02453 0.477823 -0.0142756
0.24 3.50854 0.48897 -0.00427585
0.24 4. 0.492704 -0.000922483
0.24 4.49146 0.48897 -0.000149134
0.24 4.97547 0.477823 -0.0000189351
0.24 5.44469 0.459433 0
0.24 5.89201 0.434078 0
0.24 6.31065 0.402144 0
0.24 6.69427 0.364113 0
0.24 7.03704 0.320563 0
0.24 7.33377 0.272153 0
0.24 7.57997 0.219619 0
0.24 7.7719 0.163757 0
0.24 7.90666 0.10542 0
0.24 7.98223 0.0455752 0
0.28 -7.98223 0.0455752 0
0.28 -7.90666 0.10542 0
0.28 -7.7719 0.163757 0
0.28 -7.57997 0.219619 0
0.28 -7.33377 0.272153 0
0.28 -7.03704 0.320563 0
0.28 -6.69427 0.364113 0
0.28 -6.31065 0.402144 0
0.28 -5.89201 0.434078 0
0.28 -5.44469 0.459433 0
0.28 -4.97547 0.477823 0.0000192527
0.28 -4.49146 0.48897 0.000152295
0.28 -4. 0.492704 0.000948127
0.28 -3.50854 0.48897 0.00443928
0.28 -3.02453 0.477823 0.0150755
0.28 -2.55531 0.459433 0.0359017
0.28 -2.10799 0.434078 0.0568635
0.28 -1.68935 0.402144 0.0500098
0.28 -1.30573 0.364113 -0.00844196
0.28 -0.962963 0.320563 -0.109225
0.28 -0.666229 0.272153 -0.214939
0.28 -0.420032 0.219619 -0.291937
0.28 -0.228102 0.163757 -0.329134
0.28 -0.0933443 0.10542 -0.32771
0.28 -0.0177721 0.0455752 -0.228725
0.28 0.0177721 0.0455752 0.383186
0.28 0.0933443 0.10542 0.42487
0.28 0.228102 0.163757 0.414044
0.28 0.420032 0.219619 0.36845
0.28 0.666229 0.272153 0.280485
0.28 0.962963 0.320563 0.160026
0.28 1.30573 0.364113 0.0425468
0.28 1.68935 0.402144 -0.0309628
0.28 2.10799 0.434078 -0.0483232
0.28 2.55531 0.459433 -0.0329127
0.28 3.02453 0.477823 -0.0142736
0.28 3.50854 0.48897 -0.00427536
0.28 4. 0.492704 -0.00092239
0.28 4.49146 0.48897 -0.000149121
0.28 4.97547 0.477823 -0.0000189336
0.28 5.44469 0.459433 0
0.28 5.89201 0.434078 0
0.28 6.31065 0.402144 0
0.28 6.69427 0.364113 0
0.28 7.03704 0.320563 0
0.28 7.33377 0.272153 0
0.28 7.57997 0.219619 0
0.28 7.7719 0.163757 0
0.28 7.90666 0.10542 0
0.28 7.98223 0.0455752 0
0.32 -7.98223 0.0455752 0
0.32 -7.90666 0.10542 0
0.32 -7.7719 0.163757 0
0.32 -7.57997 0.219619 0
0.32 -7.33377 0.272153 0
0.32 -7.03704 0.320563 0
0.32 -6.69427 0.364113 0
0.32 -6.31065 0.402144 0
0.32 -5.89201 0.434078 0
0.32 -5.44469 0.459433 0
0.32 -4.97547 0.477823 0.0000192542
0.32 -4.49146 0.48897 0.000152309
0.32 -4. 0.492704 0.000948221
0.32 -3.50854 0.48897 0.00443978
0.32 -3.02453 0.477823 0.0150775
0.32 -2.55531 0.459433 0.0359071
0.32 -2.10799 0.434078 0.0568735
0.32 -1.68935 0.402144 0.0500194
0.32 -1.30573 0.364113 -0.00845002
0.32 -0.962963 0.320563 -0.109281
0.32 -0.666229 0.272153 -0.215089
0.32 -0.420032 0.219619 -0.292254
0.32 -0.228102 0.163757 -0.329788
0.32 -0.0933443 0.10542 -0.329305
0.32 -0.0177721 0.0455752 -0.234875
0.32 0.0177721 0.0455752 0.375713
0.32 0.0933443 0.10542 0.423242
0.32 0.228102 0.163757 0.413393
0.32 0.420032 0.219619 0.368137
0.32 0.666229 0.272153 0.280337
0.32 0.962963 0.320563 0.159971
0.32 1.30573 0.364113 0.0425392
0.32 1.68935 0.402144 -0.0309532
0.32 2.10799 0.434078 -0.0483132
0.32 2.55531 0.459433 -0.0329073
0.32 3.02453 0.477823 -0.0142717
0.32 3.50854 0.48897 -0.00427487
0.32 4. 0.492704 -0.000922297
0.32 4.49146 0.48897 -0.000149108
0.32 4.97547 0.477823 -0.000018932
0.32 5.44469 0.459433 0
0.32 5.89201 0.434078 0
0.32 6.31065 0.402144 0
0.32 6.69427 0.364113 0
0.32 7.03704 0.320563 0
0.32 7.33377 0.272153 0
0.32 7.57997 0.219619 0
0.32 7.7719 0.163757 0
0.32 7.90666 0.10542 0
0.32 7.98223 0.0455752 0
0.36 -7.98223 0.0455752 0
0.36 -7.90666 0.10542 0
0.36 -7.7719 0.163757 0
0.36 -7.57997 0.219619 0
0.36 -7.33377 0.272153 0
0.36 -7.03704 0.320563 0
0.36 -6.69427 0.364113 0
0.36 -6.31065 0.402144 0
0.36 -5.89201 0.434078 0
0.36 -5.44469 0.459433 0
0.36 -4.97547 0.477823 0.0000192558
0.36 -4.49146 0.48897 0.000152322
0.36 -4. 0.492704 0.000948315
0.36 -3.50854 0.48897 0.00444028
0.36 -3.02453 0.477823 0.0150794
0.36 -2.55531 0.459433 0.0359125
0.36 -2.10799 0.434078 0.0568835
0.36 -1.68935 0.402144 0.050029
0.36 -1.30573 0.364113 -0.00845804
0.36 -0.962963 0.320563 -0.109338
0.36 -0.666229 0.272153 -0.215239
0.36 -0.420032 0.219619 -0.29257
0.36 -0.228102 0.163757 -0.33044
0.36 -0.0933443 0.10542 -0.330902
0.36 -0.0177721 0.0455752 -0.241145
0.36 0.0177721 0.0455752 0.368385
0.36 0.0933443 0.10542 0.421618
0.36 0.228102 0.163757 0.412742
0.36 0.420032 0.219619 0.367824
0.36 0.666229 0.272153 0.28019
0.36 0.962963 0.320563 0.159916
0.36 1.30573 0.364113 0.0425315
0.36 1.68935 0.402144 -0.0309436
0.36 2.10799 0.434078 -0.0483033
0.36 2.55531 0.459433 -0.0329019
0.36 3.02453 0.477823 -0.0142698
0.36 3.50854 0.48897 -0.00427437
0.36 4. 0.492704 -0.000922204
0.36 4.49146 0.48897 -0.000149094
0.36 4.97547 0.477823 -0.0000189305
0.36 5.44469 0.459433 0
0.36 5.89201 0.434078 0
0.36 6.31065 0.402144 0
0.36 6.69427 0.364113 0
0.36 7.03704 0.320563 0
0.36 7.33377 0.272153 0
0.36 7.57997 0.219619 0
0.36 7.7719 0.163757 0
0.36 7.90666 0.10542 0
0.36 7.98223 0.0455752 0
0.4 -7.98223 0.0455752 0
0.4 -7.90666 0.10542 0
0.4 -7.7719 0.163757 0
0.4 -7.57997 0.219619 0
0.4 -7.33377 0.272153 0
0.4 -7.03704 0.320563 0
0.4 -6.69427 0.364113 0
0.4 -6.31065 0.402144 0
0.4 -5.89201 0.434078 0
0.4 -5.44469 0.459433 0
0.4 -4.97547 0.477823 0.0000192573
0.4 -4.49146 0.48897 0.000152336
0.4 -4. 0.492704 0.000948409
0.4 -3.50854 0.48897 0.00444078
0.4 -3.02453 0.477823 0.0150814
0.4 -2.55531 0.459433 0.0359179
0.4 -2.10799 0.434078 0.0568935
0.4 -1.68935 0.402144 0.0500385
0.4 -1.30573 0.364113 -0.00846602
0.4 -0.962963 0.320563 -0.109394
0.4 -0.666229 0.272153 -0.215389
0.4 -0.420032 0.219619 -0.292886
0.4 -0.228102 0.163757 -0.331093
0.4 -0.0933443 0.10542 -0.332503
0.4 -0.0177721 0.0455752 -0.247536
0.4 0.0177721 0.0455752 0.361201
0.4 0.0933443 0.10542 0.419998
0.4 0.228102 0.163757 0.412091
0.4 0.420032 0.219619 0.367511
0.4 0.666229 0.272153 0.280041
0.4 0.962963 0.320563 0.15986
0.4 1.30573 0.364113 0.0425238
0.4 1.68935 0.402144 -0.030934
0.4 2.10799 0.434078 -0.0482933
0.4 2.55531 0.459433 -0.0328966
0.4 3.02453 0.477823 -0.0142678
0.4 3.50854 0.48897 -0.00427388
0.4 4. 0.492704 -0.000922111
0.4 4.49146 0.48897 -0.000149081
0.4 4.97547 0.477823 -0.000018929
0.4 5.44469 0.459433 0
0.4 5.89201 0.434078 0
0.4 6.31065 0.402144 0
0.4 6.69427 0.364113 0
0.4 7.03704 0.320563 0
0.4 7.33377 0.272153 0
0.4 7.57997 0.219619 0
0.4 7.7719 0.163757 0
0.4 7.90666 0.10542 0
0.4 7.98223 0.0455752 0
0.44 -7.98223 0.0455752 0
0.44 -7.90666 0.10542 0
0.44 -7.7719 0.163757 0
0.44 -7.57997 0.219619 0
0.44 -7.33377 0.272153 0
0.44 -7.03704 0.320563 0
0.44 -6.69427 0.364113 0
0.44 -6.31065 0.402144 0
0.44 -5.89201 0.434078 0
0.44 -5.44469 0.459433 0
0.44 -4.97547 0.477823 0.0000192589
0.44 -4.49146 0.48897 0.000152349
0.44 -4. 0.492704 0.000948503
0.44 -3.50854 0.48897 0.00444128
0.44 -3.02453 0.477823 0.0150833
0.44 -2.55531 0.459433 0.0359233
0.44 -2.10799 0.434078 0.0569035
0.44 -1.68935 0.402144 0.0500481
0.44 -1.30573 0.364113 -0.00847395
0.44 -0.962963 0.320563 -0.109451
0.44 -0.666229 0.272153 -0.215538
0.44 -0.420032 0.219619 -0.293201
0.44 -0.228102 0.163757 -0.331745
0.44 -0.0933443 0.10542 -0.334107
0.44 -0.0177721 0.0455752 -0.254053
0.44 0.0177721 0.0455752 0.354156
0.44 0.0933443 0.10542 0.418381
0.44 0.228102 0.163757 0.41144
0.44 0.420032 0.219619 0.367197
0.44 0.666229 0.272153 0.279893
0.44 0.962963 0.320563 0.159804
0.44 1.30573 0.364113 0.0425161
0.44 1.68935 0.402144 -0.0309244
0.44 2.10799 0.434078 -0.0482834
0.44 2.55531 0.459433 -0.0328912
0.44 3.02453 0.477823 -0.0142659
0.44 3.50854 0.48897 -0.00427338
0.44 4. 0.492704 -0.000922018
0.44 4.49146 0.48897 -0.000149068
0.44 4.97547 0.477823 -0.0000189274
0.44 5.44469 0.459433 0
0.44 5.89201 0.434078 0
0.44 6.31065 0.402144 0
0.44 6.69427 0.364113 0
0.44 7.03704 0.320563 0
0.44 7.33377 0.272153 0
0.44 7.57997 0.219619 0
0.44 7.7719 0.163757 0
0.44 7.90666 0.10542 0
0.44 7.98223 0.0455752 0
0.48 -7.98223 0.0455752 0
0.48 -7.90666 0.10542 0
0.48 -7.7719 0.163757 0
0.48 -7.57997 0.219619 0
0.48 -7.33377 0.272153 0
0.48 -7.03704 0.320563 0
0.48 -6.69427 0.364113 0
0.48 -6.31065 0.402144 0
0.48 -5.89201 0.434078 0
0.48 -5.44469 0.459433 0
0.48 -4.97547 0.477823 0.0000192604
0.48 -4.49146 0.48897 0.000152363
0.48 -4. 0.492704 0.000948597
0.48 -3.50854 0.48897 0.00444178
0.48 -3.02453 0.477823 0.0150852
0.48 -2.55531 0.459433 0.0359287
0.48 -2.10799 0.434078 0.0569135
0.48 -1.68935 0.402144 0.0500577
0.48 -1.30573 0.364113 -0.00848183
0.48 -0.962963 0.320563 -0.109507
0.48 -0.666229 0.272153 -0.215687
0.48 -0.420032 0.219619 -0.293516
0.48 -0.228102 0.163757 -0.332397
0.48 -0.0933443 0.10542 -0.335714
0.48 -0.0177721 0.0455752 -0.260697
0.48 0.0177721 0.0455752 0.347248
0.48 0.0933443 0.10542 0.416767
0.48 0.228102 0.163757 0.410789
0.48 0.420032 0.219619 0.366883
0.48 0.666229 0.272153 0.279744
0.48 0.962963 0.320563 0.159748
0.48 1.30573 0.364113 0.0425083
0.48 1.68935 0.402144 -0.0309148
0.48 2.10799 0.434078 -0.0482734
0.48 2.55531 0.459433 -0.0328858
0.48 3.02453 0.477823 -0.014264
0.48 3.50854 0.48897 -0.00427288
0.48 4. 0.492704 -0.000921924
0.48 4.49146 0.48897 -0.000149054
0.48 4.97547 0.477823 -0.0000189259
0.48 5.44469 0.459433 0
0.48 5.89201 0.434078 0
0.48 6.31065 0.402144 0
0.48 6.69427 0.364113 0
0.48 7.03704 0.320563 0
0.48 7.33377 0.272153 0
0.48 7.57997 0.219619 0
0.48 7.7719 0.163757 0
0.48 7.90666 0.10542 0
0.48 7.98223 0.0455752 0
0.52 -7.98223 0.0455752 0
0.52 -7.90666 0.10542 0
0.52 -7.7719 0.163757 0
0.52 -7.57997 0.219619 0
0.52 -7.33377 0.272153 0
0.52 -7.03704 0.320563 0
0.52 -6.69427 0.364113 0
0.52 -6.31065 0.402144 0
0.52 -5.89201 0.434078 0
0.52 -5.44469 0.459433 0
0.52 -4.97547 0.477823 0.0000192619
0.52 -4.49146 0.48897 0.000152376
0.52 -4. 0.492704 0.00094869
0.52 -3.50854 0.48897 0.00444227
0.52 -3.02453 0.477823 0.0150872
0.52 -2.55531 0.459433 0.0359341
0.52 -2.10799 0.434078 0.0569235
0.52 -1.68935 0.402144 0.0500672
0.52 -1.30573 0.364113 -0.00848967
0.52 -0.962963 0.320563 -0.109563
0.52 -0.666229 0.272153 -0.215836
0.52 -0.420032 0.219619 -0.293831
0.52 -0.228102 0.163757 -0.333049
0.52 -0.0933443 0.10542 -0.337325
0.52 -0.0177721 0.0455752 -0.267472
0.52 0.0177721 0.0455752 0.340473
0.52 0.0933443 0.10542 0.415156
0.52 0.228102 0.163757 0.410137
0.52 0.420032 0.219619 0.366568
0.52 0.666229 0.272153 0.279596
0.52 0.962963 0.320563 0.159692
0.52 1.30573 0.364113 0.0425004
0.52 1.68935 0.402144 -0.0309052
0.52 2.10799 0.434078 -0.0482634
0.52 2.55531 0.459433 -0.0328804
0.52 3.02453 0.477823 -0.014262
0.52 3.50854 0.48897 -0.00427239
0.52 4. 0.492704 -0.000921831
0.52 4.49146 0.48897 -0.000149041
0.52 4.97547 0.477823 -0.0000189244
0.52 5.44469 0.459433 0
0.52 5.89201 0.434078 0
0.52 6.31065 0.402144 0
0.52 6.69427 0.364113 0
0.52 7.03704 0.320563 0
0.52 7.33377 0.272153 0
0.52 7.57997 0.219619 0
0.52 7.7719 0.163757 0
0.52 7.90666 0.10542 0
0.52 7.98223 0.0455752 0
0.56 -7.98223 0.0455752 0
0.56 -7.90666 0.10542 0
0.56 -7.7719 0.163757 0
0.56 -7.57997 0.219619 0
0.56 -7.33377 0.272153 0
0.56 -7.03704 0.320563 0
0.56 -6.69427 0.364113 0
0.56 -6.31065 0.402144 0
0.56 -5.89201 0.434078 0
0.56 -5.44469 0.459433 0
0.56 -4.97547 0.477823 0.0000192635
0.56 -4.49146 0.48897 0.000152389
0.56 -4. 0.492704 0.000948784
0.56 -3.50854 0.48897 0.00444277
0.56 -3.02453 0.477823 0.0150891
0.56 -2.55531 0.459433 0.0359395
0.56 -2.10799 0.434078 0.0569334
0.56 -1.68935 0.402144 0.0500768
0.56 -1.30573 0.364113 -0.00849746
0.56 -0.962963 0.320563 -0.109619
0.56 -0.666229 0.272153 -0.215985
0.56 -0.420032 0.219619 -0.294145
0.56 -0.228102 0.163757 -0.333701
0.56 -0.0933443 0.10542 -0.338939
0.56 -0.0177721 0.0455752 -0.27438
0.56 0.0177721 0.0455752 0.333829
0.56 0.0933443 0.10542 0.413549
0.56 0.228102 0.163757 0.409485
0.56 0.420032 0.219619 0.366253
0.56 0.666229 0.272153 0.279446
0.56 0.962963 0.320563 0.159636
0.56 1.30573 0.364113 0.0424925
0.56 1.68935 0.402144 -0.0308957
0.56 2.10799 0.434078 -0.0482534
0.56 2.55531 0.459433 -0.032875
0.56 3.02453 0.477823 -0.0142601
0.56 3.50854 0.48897 -0.00427189
0.56 4. 0.492704 -0.000921737
0.56 4.49146 0.48897 -0.000149027
0.56 4.97547 0.477823 -0.0000189228
0.56 5.44469 0.459433 0
0.56 5.89201 0.434078 0
0.56 6.31065 0.402144 0
0.56 6.69427 0.364113 0
0.56 7.03704 0.320563 0
0.56 7.33377 0.272153 0
0.56 7.57997 0.219619 0
0.56 7.7719 0.163757 0
0.56 7.90666 0.10542 0
0.56 7.98223 0.0455752 0
0.6 -7.98223 0.0455752 0
0.6 -7.90666 0.10542 0
0.6 -7.7719 0.163757 0
0.6 -7.57997 0.219619 0
0.6 -7.33377 0.272153 0
0.6 -7.03704 0.320563 0
0.6 -6.69427 0.364113 0
0.6 -6.31065 0.402144 0
0.6 -5.89201 0.434078 0
0.6 -5.44469 0.459433 0
0.6 -4.97547 0.477823 0.000019265
0.6 -4.49146 0.48897 0.000152403
0.6 -4. 0.492704 0.000948877
0.6 -3.50854 0.48897 0.00444327
0.6 -3.02453 0.477823 0.0150911
0.6 -2.55531 0.459433 0.0359448
0.6 -2.10799 0.434078 0.0569434
0.6 -1.68935 0.402144 0.0500864
0.6 -1.30573 0.364113 -0.00850521
0.6 -0.962963 0.320563 -0.109674
0.6 -0.666229 0.272153 -0.216133
0.6 -0.420032 0.219619 -0.294459
0.6 -0.228102 0.163757 -0.334352
0.6 -0.0933443 0.10542 -0.340556
0.6 -0.0177721 0.0455752 -0.281425
0.6 0.0177721 0.0455752 0.327312
0.6 0.0933443 0.10542 0.411945
0.6 0.228102 0.163757 0.408833
0.6 0.420032 0.219619 0.365937
0.6 0.666229 0.272153 0.279297
0.6 0.962963 0.320563 0.15958
0.6 1.30573 0.364113 0.0424846
0.6 1.68935 0.402144 -0.0308861
0.6 2.10799 0.434078 -0.0482434
0.6 2.55531 0.459433 -0.0328696
0.6 3.02453 0.477823 -0.0142581
0.6 3.50854 0.48897 -0.00427139
0.6 4. 0.492704 -0.000921643
0.6 4.49146 0.48897 -0.000149014
0.6 4.97547 0.477823 -0.0000189213
0.6 5.44469 0.459433 0
0.6 5.89201 0.434078 0
0.6 6.31065 0.402144 0
0.6 6.69427 0.364113 0
0.6 7.03704 0.320563 0
0.6 7.33377 0.272153 0
0.6 7.57997 0.219619 0
0.6 7.7719 0.163757 0
0.6 7.90666 0.10542 0
0.6 7.98223 0.0455752 0
0.64 -7.98223 0.0455752 0
0.64 -7.90666 0.10542 0
0.64 -7.7719 0.163757 0
0.64 -7.57997 0.219619 0
0.64 -7.33377 0.272153 0
0.64 -7.03704 0.320563 0
0.64 -6.69427 0.364113 0
0.64 -6.31065 0.402144 0
0.64 -5.89201 0.434078 0
0.64 -5.44469 0.459433 0
0.64 -4.97547 0.477823 0.0000192665
0.64 -4.49146 0.48897 0.000152416
0.64 -4. 0.492704 0.00094897
0.64 -3.50854 0.48897 0.00444376
0.64 -3.02453 0.477823 0.015093
0.64 -2.55531 0.459433 0.0359502
0.64 -2.10799 0.434078 0.0569534
0.64 -1.68935 0.402144 0.050096
0.64 -1.30573 0.364113 -0.00851292
0.64 -0.962963 0.320563 -0.10973
0.64 -0.666229 0.272153 -0.216281
0.64 -0.420032 0.219619 -0.294773
0.64 -0.228102 0.163757 -0.335003
0.64 -0.0933443 0.10542 -0.342177
0.64 -0.0177721 0.0455752 -0.288609
0.64 0.0177721 0.0455752 0.320921
0.64 0.0933443 0.10542 0.410344
0.64 0.228102 0.163757 0.40818
0.64 0.420032 0.219619 0.365622
0.64 0.666229 0.272153 0.279147
0.64 0.962963 0.320563 0.159524
0.64 1.30573 0.364113 0.0424766
0.64 1.68935 0.402144 -0.0308765
0.64 2.10799 0.434078 -0.0482334
0.64 2.55531 0.459433 -0.0328642
0.64 3.02453 0.477823 -0.0142562
0.64 3.50854 0.48897 -0.00427089
0.64 4. 0.492704 -0.000921549
0.64 4.49146 0.48897 -0.000149
0.64 4.97547 0.477823 -0.0000189197
0.64 5.44469 0.459433 0
0.64 5.89201 0.434078 0
0.64 6.31065 0.402144 0
0.64 6.69427 0.364113 0
0.64 7.03704 0.320563 0
0.64 7.33377 0.272153 0
0.64 7.57997 0.219619 0
0.64 7.7719 0.163757 0
0.64 7.90666 0.10542 0
0.64 7.98223 0.0455752 0
0.68 -7.98223 0.0455752 0
0.68 -7.90666 0.10542 0
0.68 -7.7719 0.163757 0
0.68 -7.57997 0.219619 0
0.68 -7.33377 0.272153 0
0.68 -7.03704 0.320563 0
0.68 -6.69427 0.364113 0
0.68 -6.31065 0.402144 0
0.68 -5.89201 0.434078 0
0.68 -5.44469 0.459433 0
0.68 -4.97547 0.477823 0.0000192681
0.68 -4.49146 0.48897 0.00015243
0.68 -4. 0.492704 0.000949064
0.68 -3.50854 0.48897 0.00444426
0.68 -3.02453 0.477823 0.0150949
0.68 -2.55531 0.459433 0.0359556
0.68 -2.10799 0.434078 0.0569633
0.68 -1.68935 0.402144 0.0501056
0.68 -1.30573 0.364113 -0.00852057
0.68 -0.962963 0.320563 -0.109785
0.68 -0.666229 0.272153 -0.216429
0.68 -0.420032 0.219619 -0.295086
0.68 -0.228102 0.163757 -0.335654
0.68 -0.0933443 0.10542 -0.343801
0.68 -0.0177721 0.0455752 -0.295937
0.68 0.0177721 0.0455752 0.314651
0.68 0.0933443 0.10542 0.408746
0.68 0.228102 0.163757 0.407527
0.68 0.420032 0.219619 0.365305
0.68 0.666229 0.272153 0.278998
0.68 0.962963 0.320563 0.159467
0.68 1.30573 0.364113 0.0424686
0.68 1.68935 0.402144 -0.030867
0.68 2.10799 0.434078 -0.0482234
0.68 2.55531 0.459433 -0.0328588
0.68 3.02453 0.477823 -0.0142542
0.68 3.50854 0.48897 -0.00427039
0.68 4. 0.492704 -0.000921455
0.68 4.49146 0.48897 -0.000148987
0.68 4.97547 0.477823 -0.0000189182
0.68 5.44469 0.459433 0
0.68 5.89201 0.434078 0
0.68 6.31065 0.402144 0
0.68 6.69427 0.364113 0
0.68 7.03704 0.320563 0
0.68 7.33377 0.272153 0
0.68 7.57997 0.219619 0
0.68 7.7719 0.163757 0
0.68 7.90666 0.10542 0
0.68 7.98223 0.0455752 0
0.72 -7.98223 0.0455752 0
0.72 -7.90666 0.10542 0
0.72 -7.7719 0.163757 0
0.72 -7.57997 0.219619 0
0.72 -7.33377 0.272153 0
0.72 -7.03704 0.320563 0
0.72 -6.69427 0.364113 0
0.72 -6.31065 0.402144 0
0.72 -5.89201 0.434078 0
0.72 -5.44469 0.459433 0
0.72 -4.97547 0.477823 0.0000192696
0.72 -4.49146 0.48897 0.000152443
0.72 -4. 0.492704 0.000949157
0.72 -3.50854 0.48897 0.00444475
0.72 -3.02453 0.477823 0.0150969
0.72 -2.55531 0.459433 0.0359609
0.72 -2.10799 0.434078 0.0569733
0.72 -1.68935 0.402144 0.0501152
0.72 -1.30573 0.364113 -0.00852819
0.72 -0.962963 0.320563 -0.109841
0.72 -0.666229 0.272153 -0.216577
0.72 -0.420032 0.219619 -0.295399
0.72 -0.228102 0.163757 -0.336304
0.72 -0.0933443 0.10542 -0.345428
0.72 -0.0177721 0.0455752 -0.30341
0.72 0.0177721 0.0455752 0.308501
0.72 0.0933443 0.10542 0.407152
0.72 0.228102 0.163757 0.406874
0.72 0.420032 0.219619 0.364989
0.72 0.666229 0.272153 0.278847
0.72 0.962963 0.320563 0.15941
0.72 1.30573 0.364113 0.0424606
0.72 1.68935 0.402144 -0.0308574
0.72 2.10799 0.434078 -0.0482134
0.72 2.55531 0.459433 -0.0328534
0.72 3.02453 0.477823 -0.0142523
0.72 3.50854 0.48897 -0.00426989
0.72 4. 0.492704 -0.000921361
0.72 4.49146 0.48897 -0.000148973
0.72 4.97547 0.477823 -0.0000189167
0.72 5.44469 0.459433 0
0.72 5.89201 0.434078 0
0.72 6.31065 0.402144 0
0.72 6.69427 0.364113 0
0.72 7.03704 0.320563 0
0.72 7.33377 0.272153 0
0.72 7.57997 0.219619 0
0.72 7.7719 0.163757 0
0.72 7.90666 0.10542 0
0.72 7.98223 0.0455752 0
0.76 -7.98223 0.0455752 0
0.76 -7.90666 0.10542 0
0.76 -7.7719 0.163757 0
0.76 -7.57997 0.219619 0
0.76 -7.33377 0.272153 0
0.76 -7.03704 0.320563 0
0.76 -6.69427 0.364113 0
0.76 -6.31065 0.402144 0
0.76 -5.89201 0.434078 0
0.76 -5.44469 0.459433 0
0.76 -4.97547 0.477823 0.0000192711
0.76 -4.49146 0.48897 0.000152456
0.76 -4. 0.492704 0.000949249
0.76 -3.50854 0.48897 0.00444524
0.76 -3.02453 0.477823 0.0150988
0.76 -2.55531 0.459433 0.0359663
0.76 -2.10799 0.434078 0.0569832
0.76 -1.68935 0.402144 0.0501248
0.76 -1.30573 0.364113 -0.00853576
0.76 -0.962963 0.320563 -0.109896
0.76 -0.666229 0.272153 -0.216724
0.76 -0.420032 0.219619 -0.295711
0.76 -0.228102 0.163757 -0.336954
0.76 -0.0933443 0.10542 -0.347059
0.76 -0.0177721 0.0455752 -0.311032
0.76 0.0177721 0.0455752 0.302468
0.76 0.0933443 0.10542 0.405561
0.76 0.228102 0.163757 0.406221
0.76 0.420032 0.219619 0.364672
0.76 0.666229 0.272153 0.278697
0.76 0.962963 0.320563 0.159354
0.76 1.30573 0.364113 0.0424525
0.76 1.68935 0.402144 -0.0308478
0.76 2.10799 0.434078 -0.0482034
0.76 2.55531 0.459433 -0.032848
0.76 3.02453 0.477823 -0.0142503
0.76 3.50854 0.48897 -0.00426939
0.76 4. 0.492704 -0.000921267
0.76 4.49146 0.48897 -0.00014896
0.76 4.97547 0.477823 -0.0000189151
0.76 5.44469 0.459433 0
0.76 5.89201 0.434078 0
0.76 6.31065 0.402144 0
0.76 6.69427 0.364113 0
0.76 7.03704 0.320563 0
0.76 7.33377 0.272153 0
0.76 7.57997 0.219619 0
0.76 7.7719 0.163757 0
0.76 7.90666 0.10542 0
0.76 7.98223 0.0455752 0
0.8 -7.98223 0.0455752 0
0.8 -7.90666 0.10542 0
0.8 -7.7719 0.163757 0
0.8 -7.57997 0.219619 0
0.8 -7.33377 0.272153 0
0.8 -7.03704 0.320563 0
0.8 -6.69427 0.364113 0
0.8 -6.31065 0.402144 0
0.8 -5.89201 0.434078 0
0.8 -5.44469 0.459433 0
0.8 -4.97547 0.477823 0.0000192726
0.8 -4.49146 0.48897 0.00015247
0.8 -4. 0.492704 0.000949342
0.8 -3.50854 0.48897 0.00444574
0.8 -3.02453 0.477823 0.0151007
0.8 -2.55531 0.459433 0.0359717
0.8 -2.10799 0.434078 0.0569932
0.8 -1.68935 0.402144 0.0501344
0.8 -1.30573 0.364113 -0.00854328
0.8 -0.962963 0.320563 -0.109951
0.8 -0.666229 0.272153 -0.216871
0.8 -0.420032 0.219619 -0.296023
0.8 -0.228102 0.163757 -0.337604
0.8 -0.0933443 0.10542 -0.348693
0.8 -0.0177721 0.0455752 -0.318807
0.8 0.0177721 0.0455752 0.296549
0.8 0.0933443 0.10542 0.403973
0.8 0.228102 0.163757 0.405567
0.8 0.420032 0.219619 0.364354
0.8 0.666229 0.272153 0.278546
0.8 0.962963 0.320563 0.159297
0.8 1.30573 0.364113 0.0424443
0.8 1.68935 0.402144 -0.0308383
0.8 2.10799 0.434078 -0.0481933
0.8 2.55531 0.459433 -0.0328426
0.8 3.02453 0.477823 -0.0142484
0.8 3.50854 0.48897 -0.00426889
0.8 4. 0.492704 -0.000921172
0.8 4.49146 0.48897 -0.000148946
0.8 4.97547 0.477823 -0.0000189136
0.8 5.44469 0.459433 0
0.8 5.89201 0.434078 0
0.8 6.31065 0.402144 0
0.8 6.69427 0.364113 0
0.8 7.03704 0.320563 0
0.8 7.33377 0.272153 0
0.8 7.57997 0.219619 0
0.8 7.7719 0.163757 0
0.8 7.90666 0.10542 0
0.8 7.98223 0.0455752 0
0.84 -7.98223 0.0455752 0
0.84 -7.90666 0.10542 0
0.84 -7.7719 0.163757 0
0.84 -7.57997 0.219619 0
0.84 -7.33377 0.272153 0
0.84 -7.03704 0.320563 0
0.84 -6.69427 0.364113 0
0.84 -6.31065 0.402144 0
0.84 -5.89201 0.434078 0
0.84 -5.44469 0.459433 0
0.84 -4.97547 0.477823 0.0000192742
0.84 -4.49146 0.48897 0.000152483
0.84 -4. 0.492704 0.000949435
0.84 -3.50854 0.48897 0.00444623
0.84 -3.02453 0.477823 0.0151026
0.84 -2.55531 0.459433 0.035977
0.84 -2.10799 0.434078 0.0570031
0.84 -1.68935 0.402144 0.0501441
0.84 -1.30573 0.364113 -0.00855076
0.84 -0.962963 0.320563 -0.110006
0.84 -0.666229 0.272153 -0.217018
0.84 -0.420032 0.219619 -0.296334
0.84 -0.228102 0.163757 -0.338254
0.84 -0.0933443 0.10542 -0.350331
0.84 -0.0177721 0.0455752 -0.326738
0.84 0.0177721 0.0455752 0.290741
0.84 0.0933443 0.10542 0.402389
0.84 0.228102 0.163757 0.404913
0.84 0.420032 0.219619 0.364037
0.84 0.666229 0.272153 0.278395
0.84 0.962963 0.320563 0.15924
0.84 1.30573 0.364113 0.0424361
0.84 1.68935 0.402144 -0.0308288
0.84 2.10799 0.434078 -0.0481833
0.84 2.55531 0.459433 -0.0328371
0.84 3.02453 0.477823 -0.0142464
0.84 3.50854 0.48897 -0.00426839
0.84 4. 0.492704 -0.000921078
0.84 4.49146 0.48897 -0.000148933
0.84 4.97547 0.477823 -0.000018912
0.84 5.44469 0.459433 0
0.84 5.89201 0.434078 0
0.84 6.31065 0.402144 0
0.84 6.69427 0.364113 0
0.84 7.03704 0.320563 0
0.84 7.33377 0.272153 0
0.84 7.57997 0.219619 0
0.84 7.7719 0.163757 0
0.84 7.90666 0.10542 0
0.84 7.98223 0.0455752 0
0.88 -7.98223 0.0455752 0
0.88 -7.90666 0.10542 0
0.88 -7.7719 0.163757 0
0.88 -7.57997 0.219619 0
0.88 -7.33377 0.272153 0
0.88 -7.03704 0.320563 0
0.88 -6.69427 0.364113 0
0.88 -6.31065 0.402144 0
0.88 -5.89201 0.434078 0
0.88 -5.44469 0.459433 0
0.88 -4.97547 0.477823 0.0000192757
0.88 -4.49146 0.48897 0.000152496
0.88 -4. 0.492704 0.000949527
0.88 -3.50854 0.48897 0.00444672
0.88 -3.02453 0.477823 0.0151046
0.88 -2.55531 0.459433 0.0359823
0.88 -2.10799 0.434078 0.057013
0.88 -1.68935 0.402144 0.0501537
0.88 -1.30573 0.364113 -0.00855819
0.88 -0.962963 0.320563 -0.110061
0.88 -0.666229 0.272153 -0.217164
0.88 -0.420032 0.219619 -0.296645
0.88 -0.228102 0.163757 -0.338903
0.88 -0.0933443 0.10542 -0.351971
0.88 -0.0177721 0.0455752 -0.334828
0.88 0.0177721 0.0455752 0.285043
0.88 0.0933443 0.10542 0.400807
0.88 0.228102 0.163757 0.404259
0.88 0.420032 0.219619 0.363718
0.88 0.666229 0.272153 0.278244
0.88 0.962963 0.320563 0.159183
0.88 1.30573 0.364113 0.0424278
0.88 1.68935 0.402144 -0.0308192
0.88 2.10799 0.434078 -0.0481733
0.88 2.55531 0.459433 -0.0328317
0.88 3.02453 0.477823 -0.0142444
0.88 3.50854 0.48897 -0.00426789
0.88 4. 0.492704 -0.000920983
0.88 4.49146 0.48897 -0.000148919
0.88 4.97547 0.477823 -0.0000189105
0.88 5.44469 0.459433 0
0.88 5.89201 0.434078 0
0.88 6.31065 0.402144 0
0.88 6.69427 0.364113 0
0.88 7.03704 0.320563 0
0.88 7.33377 0.272153 0
0.88 7.57997 0.219619 0
0.88 7.7719 0.163757 0
0.88 7.90666 0.10542 0
0.88 7.98223 0.0455752 0
0.92 -7.98223 0.0455752 0
0.92 -7.90666 0.10542 0
0.92 -7.7719 0.163757 0
0.92 -7.57997 0.219619 0
0.92 -7.33377 0.272153 0
0.92 -7.03704 0.320563 0
0.92 -6.69427 0.364113 0
0.92 -6.31065 0.402144 0
0.92 -5.89201 0.434078 0
0.92 -5.44469 0.459433 0
0.92 -4.97547 0.477823 0.0000192772
0.92 -4.49146 0.48897 0.000152509
0.92 -4. 0.492704 0.00094962
0.92 -3.50854 0.48897 0.00444721
0.92 -3.02453 0.477823 0.0151065
0.92 -2.55531 0.459433 0.0359877
0.92 -2.10799 0.434078 0.0570229
0.92 -1.68935 0.402144 0.0501633
0.92 -1.30573 0.364113 -0.00856558
0.92 -0.962963 0.320563 -0.110116
0.92 -0.666229 0.272153 -0.217311
0.92 -0.420032 0.219619 -0.296956
0.92 -0.228102 0.163757 -0.339552
0.92 -0.0933443 0.10542 -0.353616
0.92 -0.0177721 0.0455752 -0.343081
0.92 0.0177721 0.0455752 0.279451
0.92 0.0933443 0.10542 0.399229
0.92 0.228102 0.163757 0.403604
0.92 0.420032 0.219619 0.3634
0.92 0.666229 0.272153 0.278093
0.92 0.962963 0.320563 0.159125
0.92 1.30573 0.364113 0.0424196
0.92 1.68935 0.402144 -0.0308097
0.92 2.10799 0.434078 -0.0481632
0.92 2.55531 0.459433 -0.0328263
0.92 3.02453 0.477823 -0.0142425
0.92 3.50854 0.48897 -0.00426738
0.92 4. 0.492704 -0.000920889
0.92 4.49146 0.48897 -0.000148905
0.92 4.97547 0.477823 -0.0000189089
0.92 5.44469 0.459433 0
0.92 5.89201 0.434078 0
0.92 6.31065 0.402144 0
0.92 6.69427 0.364113 0
0.92 7.03704 0.320563 0
0.92 7.33377 0.272153 0
0.92 7.57997 0.219619 0
0.92 7.7719 0.163757 0
0.92 7.90666 0.10542 0
0.92 7.98223 0.0455752 0
0.96 -7.98223 0.0455752 0
0.96 -7.90666 0.10542 0
0.96 -7.7719 0.163757 0
0.96 -7.57997 0.219619 0
0.96 -7.33377 0.272153 0
0.96 -7.03704 0.320563 0
0.96 -6.69427 0.364113 0
0.96 -6.31065 0.402144 0
0.96 -5.89201 0.434078 0
0.96 -5.44469 0.459433 0
0.96 -4.97547 0.477823 0.0000192787
0.96 -4.49146 0.48897 0.000152523
0.96 -4. 0.492704 0.000949712
0.96 -3.50854 0.48897 0.0044477
0.96 -3.02453 0.477823 0.0151084
0.96 -2.55531 0.459433 0.035993
0.96 -2.10799 0.434078 0.0570328
0.96 -1.68935 0.402144 0.0501729
0.96 -1.30573 0.364113 -0.00857292
0.96 -0.962963 0.320563 -0.11017
0.96 -0.666229 0.272153 -0.217457
0.96 -0.420032 0.219619 -0.297266
0.96 -0.228102 0.163757 -0.340201
0.96 -0.0933443 0.10542 -0.355264
0.96 -0.0177721 0.0455752 -0.351501
0.96 0.0177721 0.0455752 0.273964
0.96 0.0933443 0.10542 0.397654
0.96 0.228102 0.163757 0.402949
0.96 0.420032 0.219619 0.363081
0.96 0.666229 0.272153 0.277941
0.96 0.962963 0.320563 0.159068
0.96 1.30573 0.364113 0.0424112
0.96 1.68935 0.402144 -0.0308002
0.96 2.10799 0.434078 -0.0481532
0.96 2.55531 0.459433 -0.0328208
0.96 3.02453 0.477823 -0.0142405
0.96 3.50854 0.48897 -0.00426688
0.96 4. 0.492704 -0.000920794
0.96 4.49146 0.48897 -0.000148892
0.96 4.97547 0.477823 -0.0000189073
0.96 5.44469 0.459433 0
0.96 5.89201 0.434078 0
0.96 6.31065 0.402144 0
0.96 6.69427 0.364113 0
0.96 7.03704 0.320563 0
0.96 7.33377 0.272153 0
0.96 7.57997 0.219619 0
0.96 7.7719 0.163757 0
0.96 7.90666 0.10542 0
0.96 7.98223 0.0455752 0
