#x points: 24 #c points: 70
xloc: cloc: weight: f
values below 10e-5 have been chopped
0.04 -7.99083 0.0235337 0
0.04 -7.95174 0.0546033 0
0.04 -7.88175 0.0852919 0
0.04 -7.78138 0.115317 0
0.04 -7.65142 0.14444 0
0.04 -7.49288 0.172434 0
0.04 -7.307 0.199077 0
0.04 -7.09524 0.224163 0
0.04 -6.85926 0.247495 0
0.04 -6.6009 0.268889 0
0.04 -6.32218 0.288179 0
0.04 -6.02529 0.305214 0
0.04 -5.71255 0.31986 0
0.04 -5.38641 0.332002 0
0.04 -5.04941 0.341547 0.000013713
0.04 -4.7042 0.348418 0.0000633341
0.04 -4.35349 0.352562 0.000261557
0.04 -4. 0.353947 0.000947561
0.04 -3.64651 0.352562 0.0029628
0.04 -3.2958 0.348418 0.00788659
0.04 -2.95059 0.341547 0.0176559
0.04 -2.61359 0.332002 0.0328235
0.04 -2.28745 0.31986 0.0497533
0.04 -1.97471 0.305214 0.0591721
0.04 -1.67782 0.288179 0.0490463
0.04 -1.3991 0.268889 0.0113939
0.04 -1.14074 0.247495 -0.0518892
0.04 -0.904759 0.224163 -0.129121
0.04 -0.693 0.199077 -0.204676
0.04 -0.507123 0.172434 -0.265885
0.04 -0.348583 0.14444 -0.306562
0.04 -0.218619 0.115317 -0.326022
0.04 -0.11825 0.0852919 -0.324202
0.04 -0.0482569 0.0546033 -0.287522
0.04 -0.00917372 0.0235337 -0.102625
0.04 0.00917372 0.0235337 0.423669
0.04 0.0482569 0.0546033 0.435822
0.04 0.11825 0.0852919 0.432865
0.04 0.218619 0.115317 0.41962
0.04 0.348583 0.14444 0.390857
0.04 0.507123 0.172434 0.341561
0.04 0.693 0.199077 0.27059
0.04 0.904759 0.224163 0.183702
0.04 1.14074 0.247495 0.0941054
0.04 1.3991 0.268889 0.0186135
0.04 1.67782 0.288179 -0.0297343
0.04 1.97471 0.305214 -0.0480671
0.04 2.28745 0.31986 -0.0441113
0.04 2.61359 0.332002 -0.0303126
0.04 2.95059 0.341547 -0.0166827
0.04 3.2958 0.348418 -0.00755884
0.04 3.64651 0.352562 -0.00286676
0.04 4. 0.353947 -0.000922947
0.04 4.35349 0.352562 -0.000255989
0.04 4.7042 0.348418 -0.0000622079
0.04 5.04941 0.341547 -0.0000135058
0.04 5.38641 0.332002 0
0.04 5.71255 0.31986 0
0.04 6.02529 0.305214 0
0.04 6.32218 0.288179 0
0.04 6.6009 0.268889 0
0.04 6.85926 0.247495 0
0.04 7.09524 0.224163 0
0.04 7.307 0.199077 0
0.04 7.49288 0.172434 0
0.04 7.65142 0.14444 0
0.04 7.78138 0.115317 0
0.04 7.88175 0.0852919 0
0.04 7.95174 0.0546033 0
0.04 7.99083 0.0235337 0
0.08 -7.99083 0.0235337 0
0.08 -7.95174 0.0546033 0
0.08 -7.88175 0.0852919 0
0.08 -7.78138 0.115317 0
0.08 -7.65142 0.14444 0
0.08 -7.49288 0.172434 0
0.08 -7.307 0.199077 0
0.08 -7.09524 0.224163 0
0.08 -6.85926 0.247495 0
0.08 -6.6009 0.268889 0
0.08 -6.32218 0.288179 0
0.08 -6.02529 0.305214 0
0.08 -5.71255 0.31986 0
0.08 -5.38641 0.332002 0
0.08 -5.04941 0.341547 0.0000137141
0.08 -4.7042 0.348418 0.0000633395
0.08 -4.35349 0.352562 0.000261581
0.08 -4. 0.353947 0.000947656
0.08 -3.64651 0.352562 0.00296312
0.08 -3.2958 0.348418 0.00788754
0.08 -2.95059 0.341547 0.0176582
0.08 -2.61359 0.332002 0.0328284
0.08 -2.28745 0.31986 0.0497616
0.08 -1.97471 0.305214 0.059183
0.08 -1.67782 0.288179 0.0490556
0.08 -1.3991 0.268889 0.0113924
0.08 -1.14074 0.247495 -0.0519158
0.08 -0.904759 0.224163 -0.129192
0.08 -0.693 0.199077 -0.204816
0.08 -0.507123 0.172434 -0.266129
0.08 -0.348583 0.14444 -0.306967
0.08 -0.218619 0.115317 -0.326707
0.08 -0.11825 0.0852919 -0.325467
0.08 -0.0482569 0.0546033 -0.290319
0.08 -0.00917372 0.0235337 -0.109279
0.08 0.00917372 0.0235337 0.408019
0.08 0.0482569 0.0546033 0.432643
0.08 0.11825 0.0852919 0.43157
0.08 0.218619 0.115317 0.41894
0.08 0.348583 0.14444 0.390461
0.08 0.507123 0.172434 0.341325
0.08 0.693 0.199077 0.270455
0.08 0.904759 0.224163 0.183635
0.08 1.14074 0.247495 0.0940807
0.08 1.3991 0.268889 0.0186128
0.08 1.67782 0.288179 -0.0297249
0.08 1.97471 0.305214 -0.0480563
0.08 2.28745 0.31986 -0.0441031
0.08 2.61359 0.332002 -0.0303078
0.08 2.95059 0.341547 -0.0166804
0.08 3.2958 0.348418 -0.00755791
0.08 3.64651 0.352562 -0.00286644
0.08 4. 0.353947 -0.000922855
0.08 4.35349 0.352562 -0.000255966
0.08 4.7042 0.348418 -0.0000622027
0.08 5.04941 0.341547 -0.0000135048
0.08 5.38641 0.332002 0
0.08 5.71255 0.31986 0
0.08 6.02529 0.305214 0
0.08 6.32218 0.288179 0
0.08 6.6009 0.268889 0
0.08 6.85926 0.247495 0
0.08 7.09524 0.224163 0
0.08 7.307 0.199077 0
0.08 7.49288 0.172434 0
0.08 7.65142 0.14444 0
0.08 7.78138 0.115317 0
0.08 7.88175 0.0852919 0
0.08 7.95174 0.0546033 0
0.08 7.99083 0.0235337 0
0.12 -7.99083 0.0235337 0
0.12 -7.95174 0.0546033 0
0.12 -7.88175 0.0852919 0
0.12 -7.78138 0.115317 0
0.12 -7.65142 0.14444 0
0.12 -7.49288 0.172434 0
0.12 -7.307 0.199077 0
0.12 -7.09524 0.224163 0
0.12 -6.85926 0.247495 0
0.12 -6.6009 0.268889 0
0.12 -6.32218 0.288179 0
0.12 -6.02529 0.305214 0
0.12 -5.71255 0.31986 0
0.12 -5.38641 0.332002 0
0.12 -5.04941 0.341547 0.0000137152
0.12 -4.7042 0.348418 0.000063345
0.12 -4.35349 0.352562 0.000261605
0.12 -4. 0.353947 0.000947751
0.12 -3.64651 0.352562 0.00296345
0.12 -3.2958 0.348418 0.00788849
0.12 -2.95059 0.341547 0.0176606
0.12 -2.61359 0.332002 0.0328332
0.12 -2.28745 0.31986 0.0497699
0.12 -1.97471 0.305214 0.0591939
0.12 -1.67782 0.288179 0.049065
0.12 -1.3991 0.268889 0.0113911
0.12 -1.14074 0.247495 -0.0519422
0.12 -0.904759 0.224163 -0.129262
0.12 -0.693 0.199077 -0.204956
0.12 -0.507123 0.172434 -0.266373
0.12 -0.348583 0.14444 -0.307372
0.12 -0.218619 0.115317 -0.327393
0.12 -0.11825 0.0852919 -0.326733
0.12 -0.0482569 0.0546033 -0.293132
0.12 -0.00917372 0.0235337 -0.116185
0.12 0.00917372 0.0235337 0.392986
0.12 0.0482569 0.0546033 0.429482
0.12 0.11825 0.0852919 0.430276
0.12 0.218619 0.115317 0.418261
0.12 0.348583 0.14444 0.390065
0.12 0.507123 0.172434 0.341089
0.12 0.693 0.199077 0.270321
0.12 0.904759 0.224163 0.183567
0.12 1.14074 0.247495 0.0940558
0.12 1.3991 0.268889 0.0186121
0.12 1.67782 0.288179 -0.0297154
0.12 1.97471 0.305214 -0.0480455
0.12 2.28745 0.31986 -0.044095
0.12 2.61359 0.332002 -0.0303031
0.12 2.95059 0.341547 -0.0166781
0.12 3.2958 0.348418 -0.00755699
0.12 3.64651 0.352562 -0.00286613
0.12 4. 0.353947 -0.000922762
0.12 4.35349 0.352562 -0.000255942
0.12 4.7042 0.348418 -0.0000621974
0.12 5.04941 0.341547 -0.0000135037
0.12 5.38641 0.332002 0
0.12 5.71255 0.31986 0
0.12 6.02529 0.305214 0
0.12 6.32218 0.288179 0
0.12 6.6009 0.268889 0
0.12 6.85926 0.247495 0
0.12 7.09524 0.224163 0
0.12 7.307 0.199077 0
0.12 7.49288 0.172434 0
0.12 7.65142 0.14444 0
0.12 7.78138 0.115317 0
0.12 7.88175 0.0852919 0
0.12 7.95174 0.0546033 0
0.12 7.99083 0.0235337 0
0.16 -7.99083 0.0235337 0
0.16 -7.95174 0.0546033 0
0.16 -7.88175 0.0852919 0
0.16 -7.78138 0.115317 0
0.16 -7.65142 0.14444 0
0.16 -7.49288 0.172434 0
0.16 -7.307 0.199077 0
0.16 -7.09524 0.224163 0
0.16 -6.85926 0.247495 0
0.16 -6.6009 0.268889 0
0.16 -6.32218 0.288179 0
0.16 -6.02529 0.305214 0
0.16 -5.71255 0.31986 0
0.16 -5.38641 0.332002 0
0.16 -5.04941 0.341547 0.0000137163
0.16 -4.7042 0.348418 0.0000633504
0.16 -4.35349 0.352562 0.000261629
0.16 -4. 0.353947 0.000947845
0.16 -3.64651 0.352562 0.00296377
0.16 -3.2958 0.348418 0.00788944
0.16 -2.95059 0.341547 0.0176629
0.16 -2.61359 0.332002 0.0328381
0.16 -2.28745 0.31986 0.0497781
0.16 -1.97471 0.305214 0.0592048
0.16 -1.67782 0.288179 0.0490743
0.16 -1.3991 0.268889 0.0113897
0.16 -1.14074 0.247495 -0.0519686
0.16 -0.904759 0.224163 -0.129333
0.16 -0.693 0.199077 -0.205095
0.16 -0.507123 0.172434 -0.266616
0.16 -0.348583 0.14444 -0.307777
0.16 -0.218619 0.115317 -0.328077
0.16 -0.11825 0.0852919 -0.328
0.16 -0.0482569 0.0546033 -0.295961
0.16 -0.00917372 0.0235337 -0.123353
0.16 0.00917372 0.0235337 0.378544
0.16 0.0482569 0.0546033 0.42634
0.16 0.11825 0.0852919 0.428984
0.16 0.218619 0.115317 0.417581
0.16 0.348583 0.14444 0.389669
0.16 0.507123 0.172434 0.340853
0.16 0.693 0.199077 0.270186
0.16 0.904759 0.224163 0.183499
0.16 1.14074 0.247495 0.0940309
0.16 1.3991 0.268889 0.0186113
0.16 1.67782 0.288179 -0.029706
0.16 1.97471 0.305214 -0.0480347
0.16 2.28745 0.31986 -0.0440868
0.16 2.61359 0.332002 -0.0302983
0.16 2.95059 0.341547 -0.0166758
0.16 3.2958 0.348418 -0.00755606
0.16 3.64651 0.352562 -0.00286581
0.16 4. 0.353947 -0.00092267
0.16 4.35349 0.352562 -0.000255919
0.16 4.7042 0.348418 -0.0000621921
0.16 5.04941 0.341547 -0.0000135027
0.16 5.38641 0.332002 0
0.16 5.71255 0.31986 0
0.16 6.02529 0.305214 0
0.16 6.32218 0.288179 0
0.16 6.6009 0.268889 0
0.16 6.85926 0.247495 0
0.16 7.09524 0.224163 0
0.16 7.307 0.199077 0
0.16 7.49288 0.172434 0
0.16 7.65142 0.14444 0
0.16 7.78138 0.115317 0
0.16 7.88175 0.0852919 0
0.16 7.95174 0.0546033 0
0.16 7.99083 0.0235337 0
0.2 -7.99083 0.0235337 0
0.2 -7.95174 0.0546033 0
0.2 -7.88175 0.0852919 0
0.2 -7.78138 0.115317 0
0.2 -7.65142 0.14444 0
0.2 -7.49288 0.172434 0
0.2 -7.307 0.199077 0
0.2 -7.09524 0.224163 0
0.2 -6.85926 0.247495 0
0.2 -6.6009 0.268889 0
0.2 -6.32218 0.288179 0
0.2 -6.02529 0.305214 0
0.2 -5.71255 0.31986 0
0.2 -5.38641 0.332002 0
0.2 -5.04941 0.341547 0.0000137174
0.2 -4.7042 0.348418 0.0000633558
0.2 -4.35349 0.352562 0.000261653
0.2 -4. 0.353947 0.00094794
0.2 -3.64651 0.352562 0.00296409
0.2 -3.2958 0.348418 0.00789039
0.2 -2.95059 0.341547 0.0176653
0.2 -2.61359 0.332002 0.032843
0.2 -2.28745 0.31986 0.0497864
0.2 -1.97471 0.305214 0.0592158
0.2 -1.67782 0.288179 0.0490836
0.2 -1.3991 0.268889 0.0113884
0.2 -1.14074 0.247495 -0.0519949
0.2 -0.904759 0.224163 -0.129404
0.2 -0.693 0.199077 -0.205235
0.2 -0.507123 0.172434 -0.266858
0.2 -0.348583 0.14444 -0.308181
0.2 -0.218619 0.115317 -0.328762
0.2 -0.11825 0.0852919 -0.329268
0.2 -0.0482569 0.0546033 -0.298806
0.2 -0.00917372 0.0235337 -0.130795
0.2 0.00917372 0.0235337 0.364668
0.2 0.0482569 0.0546033 0.423216
0.2 0.11825 0.0852919 0.427693
0.2 0.218619 0.115317 0.416901
0.2 0.348583 0.14444 0.389272
0.2 0.507123 0.172434 0.340616
0.2 0.693 0.199077 0.27005
0.2 0.904759 0.224163 0.183431
0.2 1.14074 0.247495 0.0940059
0.2 1.3991 0.268889 0.0186105
0.2 1.67782 0.288179 -0.0296966
0.2 1.97471 0.305214 -0.0480239
0.2 2.28745 0.31986 -0.0440787
0.2 2.61359 0.332002 -0.0302935
0.2 2.95059 0.341547 -0.0166735
0.2 3.2958 0.348418 -0.00755513
0.2 3.64651 0.352562 -0.00286549
0.2 4. 0.353947 -0.000922577
0.2 4.35349 0.352562 -0.000255895
0.2 4.7042 0.348418 -0.0000621868
0.2 5.04941 0.341547 -0.0000135016
0.2 5.38641 0.332002 0
0.2 5.71255 0.31986 0
0.2 6.02529 0.305214 0
0.2 6.32218 0.288179 0
0.2 6.6009 0.268889 0
0.2 6.85926 0.247495 0
0.2 7.09524 0.224163 0
0.2 7.307 0.199077 0
0.2 7.49288 0.172434 0
0.2 7.65142 0.14444 0
0.2 7.78138 0.115317 0
0.2 7.88175 0.0852919 0
0.2 7.95174 0.0546033 0
0.2 7.99083 0.0235337 0
0.24 -7.99083 0.0235337 0
0.24 -7.95174 0.0546033 0
0.24 -7.88175 0.0852919 0
0.24 -7.78138 0.115317 0
0.24 -7.65142 0.14444 0
0.24 -7.49288 0.172434 0
0.24 -7.307 0.199077 0
0.24 -7.09524 0.224163 0
0.24 -6.85926 0.247495 0
0.24 -6.6009 0.268889 0
0.24 -6.32218 0.288179 0
0.24 -6.02529 0.305214 0
0.24 -5.71255 0.31986 0
0.24 -5.38641 0.332002 0
0.24 -5.04941 0.341547 0.0000137185
0.24 -4.7042 0.348418 0.0000633611
0.24 -4.35349 0.352562 0.000261677
0.24 -4. 0.353947 0.000948034
0.24 -3.64651 0.352562 0.00296442
0.24 -3.2958 0.348418 0.00789133
0.24 -2.95059 0.341547 0.0176676
0.24 -2.61359 0.332002 0.0328479
0.24 -2.28745 0.31986 0.0497947
0.24 -1.97471 0.305214 0.0592267
0.24 -1.67782 0.288179 0.049093
0.24 -1.3991 0.268889 0.0113871
0.24 -1.14074 0.247495 -0.0520211
0.24 -0.904759 0.224163 -0.129474
0.24 -0.693 0.199077 -0.205374
0.24 -0.507123 0.172434 -0.267101
0.24 -0.348583 0.14444 -0.308584
0.24 -0.218619 0.115317 -0.329446
0.24 -0.11825 0.0852919 -0.330538
0.24 -0.0482569 0.0546033 -0.301667
0.24 -0.00917372 0.0235337 -0.138523
0.24 0.00917372 0.0235337 0.351335
0.24 0.0482569 0.0546033 0.420111
0.24 0.11825 0.0852919 0.426404
0.24 0.218619 0.115317 0.416221
0.24 0.348583 0.14444 0.388875
0.24 0.507123 0.172434 0.340379
0.24 0.693 0.199077 0.269915
0.24 0.904759 0.224163 0.183363
0.24 1.14074 0.247495 0.0939809
0.24 1.3991 0.268889 0.0186097
0.24 1.67782 0.288179 -0.0296871
0.24 1.97471 0.305214 -0.048013
0.24 2.28745 0.31986 -0.0440705
0.24 2.61359 0.332002 -0.0302887
0.24 2.95059 0.341547 -0.0166712
0.24 3.2958 0.348418 -0.0075542
0.24 3.64651 0.352562 -0.00286518
0.24 4. 0.353947 -0.000922485
0.24 4.35349 0.352562 -0.000255872
0.24 4.7042 0.348418 -0.0000621815
0.24 5.04941 0.341547 -0.0000135005
0.24 5.38641 0.332002 0
0.24 5.71255 0.31986 0
0.24 6.02529 0.305214 0
0.24 6.32218 0.288179 0
0.24 6.6009 0.268889 0
0.24 6.85926 0.247495 0
0.24 7.09524 0.224163 0
0.24 7.307 0.199077 0
0.24 7.49288 0.172434 0
0.24 7.65142 0.14444 0
0.24 7.78138 0.115317 0
0.24 7.88175 0.0852919 0
0.24 7.95174 0.0546033 0
0.24 7.99083 0.0235337 0
0.28 -7.99083 0.0235337 0
0.28 -7.95174 0.0546033 0
0.28 -7.88175 0.0852919 0
0.28 -7.78138 0.115317 0
0.28 -7.65142 0.14444 0
0.28 -7.49288 0.172434 0
0.28 -7.307 0.199077 0
0.28 -7.09524 0.224163 0
0.28 -6.85926 0.247495 0
0.28 -6.6009 0.268889 0
0.28 -6.32218 0.288179 0
0.28 -6.02529 0.305214 0
0.28 -5.71255 0.31986 0
0.28 -5.38641 0.332002 0
0.28 -5.04941 0.341547 0.0000137196
0.28 -4.7042 0.348418 0.0000633665
0.28 -4.35349 0.352562 0.000261701
0.28 -4. 0.353947 0.000948128
0.28 -3.64651 0.352562 0.00296474
0.28 -3.2958 0.348418 0.00789228
0.28 -2.95059 0.341547 0.01767
0.28 -2.61359 0.332002 0.0328527
0.28 -2.28745 0.31986 0.0498029
0.28 -1.97471 0.305214 0.0592375
0.28 -1.67782 0.288179 0.0491023
0.28 -1.3991 0.268889 0.0113859
0.28 -1.14074 0.247495 -0.0520473
0.28 -0.904759 0.224163 -0.129544
0.28 -0.693 0.199077 -0.205513
0.28 -0.507123 0.172434 -0.267343
0.28 -0.348583 0.14444 -0.308987
0.28 -0.218619 0.115317 -0.33013
0.28 -0.11825 0.0852919 -0.331809
0.28 -0.0482569 0.0546033 -0.304545
0.28 -0.00917372 0.0235337 -0.14655
0.28 0.00917372 0.0235337 0.338523
0.28 0.0482569 0.0546033 0.417024
0.28 0.11825 0.0852919 0.425116
0.28 0.218619 0.115317 0.41554
0.28 0.348583 0.14444 0.388477
0.28 0.507123 0.172434 0.340141
0.28 0.693 0.199077 0.269779
0.28 0.904759 0.224163 0.183295
0.28 1.14074 0.247495 0.0939557
0.28 1.3991 0.268889 0.0186089
0.28 1.67782 0.288179 -0.0296777
0.28 1.97471 0.305214 -0.0480022
0.28 2.28745 0.31986 -0.0440624
0.28 2.61359 0.332002 -0.0302839
0.28 2.95059 0.341547 -0.0166689
0.28 3.2958 0.348418 -0.00755327
0.28 3.64651 0.352562 -0.00286486
0.28 4. 0.353947 -0.000922392
0.28 4.35349 0.352562 -0.000255848
0.28 4.7042 0.348418 -0.0000621762
0.28 5.04941 0.341547 -0.0000134994
0.28 5.38641 0.332002 0
0.28 5.71255 0.31986 0
0.28 6.02529 0.305214 0
0.28 6.32218 0.288179 0
0.28 6.6009 0.268889 0
0.28 6.85926 0.247495 0
0.28 7.09524 0.224163 0
0.28 7.307 0.199077 0
0.28 7.49288 0.172434 0
0.28 7.65142 0.14444 0
0.28 7.78138 0.115317 0
0.28 7.88175 0.0852919 0
0.28 7.95174 0.0546033 0
0.28 7.99083 0.0235337 0
0.32 -7.99083 0.0235337 0
0.32 -7.95174 0.0546033 0
0.32 -7.88175 0.0852919 0
0.32 -7.78138 0.115317 0
0.32 -7.65142 0.14444 0
0.32 -7.49288 0.172434 0
0.32 -7.307 0.199077 0
0.32 -7.09524 0.224163 0
0.32 -6.85926 0.247495 0
0.32 -6.6009 0.268889 0
0.32 -6.32218 0.288179 0
0.32 -6.02529 0.305214 0
0.32 -5.71255 0.31986 0
0.32 -5.38641 0.332002 0
0.32 -5.04941 0.341547 0.0000137206
0.32 -4.7042 0.348418 0.0000633719
0.32 -4.35349 0.352562 0.000261725
0.32 -4. 0.353947 0.000948223
0.32 -3.64651 0.352562 0.00296506
0.32 -3.2958 0.348418 0.00789322
0.32 -2.95059 0.341547 0.0176723
0.32 -2.61359 0.332002 0.0328576
0.32 -2.28745 0.31986 0.0498112
0.32 -1.97471 0.305214 0.0592484
0.32 -1.67782 0.288179 0.0491117
0.32 -1.3991 0.268889 0.0113847
0.32 -1.14074 0.247495 -0.0520733
0.32 -0.904759 0.224163 -0.129614
0.32 -0.693 0.199077 -0.205651
0.32 -0.507123 0.172434 -0.267584
0.32 -0.348583 0.14444 -0.30939
0.32 -0.218619 0.115317 -0.330814
0.32 -0.11825 0.0852919 -0.333081
0.32 -0.0482569 0.0546033 -0.307439
0.32 -0.00917372 0.0235337 -0.154888
0.32 0.00917372 0.0235337 0.32621
0.32 0.0482569 0.0546033 0.413956
0.32 0.11825 0.0852919 0.423829
0.32 0.218619 0.115317 0.414859
0.32 0.348583 0.14444 0.388079
0.32 0.507123 0.172434 0.339903
0.32 0.693 0.199077 0.269643
0.32 0.904759 0.224163 0.183226
0.32 1.14074 0.247495 0.0939305
0.32 1.3991 0.268889 0.018608
0.32 1.67782 0.288179 -0.0296683
0.32 1.97471 0.305214 -0.0479914
0.32 2.28745 0.31986 -0.0440542
0.32 2.61359 0.332002 -0.0302791
0.32 2.95059 0.341547 -0.0166665
0.32 3.2958 0.348418 -0.00755234
0.32 3.64651 0.352562 -0.00286454
0.32 4. 0.353947 -0.000922299
0.32 4.35349 0.352562 -0.000255825
0.32 4.7042 0.348418 -0.0000621709
0.32 5.04941 0.341547 -0.0000134984
0.32 5.38641 0.332002 0
0.32 5.71255 0.31986 0
0.32 6.02529 0.305214 0
0.32 6.32218 0.288179 0
0.32 6.6009 0.268889 0
0.32 6.85926 0.247495 0
0.32 7.09524 0.224163 0
0.32 7.307 0.199077 0
0.32 7.49288 0.172434 0
0.32 7.65142 0.14444 0
0.32 7.78138 0.115317 0
0.32 7.88175 0.0852919 0
0.32 7.95174 0.0546033 0
0.32 7.99083 0.0235337 0
0.36 -7.99083 0.0235337 0
0.36 -7.95174 0.0546033 0
0.36 -7.88175 0.0852919 0
0.36 -7.78138 0.115317 0
0.36 -7.65142 0.14444 0
0.36 -7.49288 0.172434 0
0.36 -7.307 0.199077 0
0.36 -7.09524 0.224163 0
0.36 -6.85926 0.247495 0
0.36 -6.6009 0.268889 0
0.36 -6.32218 0.288179 0
0.36 -6.02529 0.305214 0
0.36 -5.71255 0.31986 0
0.36 -5.38641 0.332002 0
0.36 -5.04941 0.341547 0.0000137217
0.36 -4.7042 0.348418 0.0000633773
0.36 -4.35349 0.352562 0.000261749
0.36 -4. 0.353947 0.000948317
0.36 -3.64651 0.352562 0.00296538
0.36 -3.2958 0.348418 0.00789416
0.36 -2.95059 0.341547 0.0176747
0.36 -2.61359 0.332002 0.0328624
0.36 -2.28745 0.31986 0.0498194
0.36 -1.97471 0.305214 0.0592593
0.36 -1.67782 0.288179 0.0491211
0.36 -1.3991 0.268889 0.0113835
0.36 -1.14074 0.247495 -0.0520993
0.36 -0.904759 0.224163 -0.129684
0.36 -0.693 0.199077 -0.20579
0.36 -0.507123 0.172434 -0.267825
0.36 -0.348583 0.14444 -0.309792
0.36 -0.218619 0.115317 -0.331498
0.36 -0.11825 0.0852919 -0.334355
0.36 -0.0482569 0.0546033 -0.31035
0.36 -0.00917372 0.0235337 -0.163551
0.36 0.00917372 0.0235337 0.314374
0.36 0.0482569 0.0546033 0.410905
0.36 0.11825 0.0852919 0.422544
0.36 0.218619 0.115317 0.414178
0.36 0.348583 0.14444 0.38768
0.36 0.507123 0.172434 0.339665
0.36 0.693 0.199077 0.269507
0.36 0.904759 0.224163 0.183158
0.36 1.14074 0.247495 0.0939051
0.36 1.3991 0.268889 0.018607
0.36 1.67782 0.288179 -0.0296589
0.36 1.97471 0.305214 -0.0479805
0.36 2.28745 0.31986 -0.044046
0.36 2.61359 0.332002 -0.0302742
0.36 2.95059 0.341547 -0.0166642
0.36 3.2958 0.348418 -0.0075514
0.36 3.64651 0.352562 -0.00286422
0.36 4. 0.353947 -0.000922206
0.36 4.35349 0.352562 -0.000255801
0.36 4.7042 0.348418 -0.0000621656
0.36 5.04941 0.341547 -0.0000134973
0.36 5.38641 0.332002 0
0.36 5.71255 0.31986 0
0.36 6.02529 0.305214 0
0.36 6.32218 0.288179 0
0.36 6.6009 0.268889 0
0.36 6.85926 0.247495 0
0.36 7.09524 0.224163 0
0.36 7.307 0.199077 0
0.36 7.49288 0.172434 0
0.36 7.65142 0.14444 0
0.36 7.78138 0.115317 0
0.36 7.88175 0.0852919 0
0.36 7.95174 0.0546033 0
0.36 7.99083 0.0235337 0
0.4 -7.99083 0.0235337 0
0.4 -7.95174 0.0546033 0
0.4 -7.88175 0.0852919 0
0.4 -7.78138 0.115317 0
0.4 -7.65142 0.14444 0
0.4 -7.49288 0.172434 0
0.4 -7.307 0.199077 0
0.4 -7.09524 0.224163 0
0.4 -6.85926 0.247495 0
0.4 -6.6009 0.268889 0
0.4 -6.32218 0.288179 0
0.4 -6.02529 0.305214 0
0.4 -5.71255 0.31986 0
0.4 -5.38641 0.332002 0
0.4 -5.04941 0.341547 0.0000137228
0.4 -4.7042 0.348418 0.0000633826
0.4 -4.35349 0.352562 0.000261773
0.4 -4. 0.353947 0.000948411
0.4 -3.64651 0.352562 0.0029657
0.4 -3.2958 0.348418 0.0078951
0.4 -2.95059 0.341547 0.017677
0.4 -2.61359 0.332002 0.0328673
0.4 -2.28745 0.31986 0.0498276
0.4 -1.97471 0.305214 0.0592702
0.4 -1.67782 0.288179 0.0491304
0.4 -1.3991 0.268889 0.0113823
0.4 -1.14074 0.247495 -0.0521252
0.4 -0.904759 0.224163 -0.129754
0.4 -0.693 0.199077 -0.205928
0.4 -0.507123 0.172434 -0.268066
0.4 -0.348583 0.14444 -0.310194
0.4 -0.218619 0.115317 -0.332181
0.4 -0.11825 0.0852919 -0.33563
0.4 -0.0482569 0.0546033 -0.313278
0.4 -0.00917372 0.0235337 -0.172555
0.4 0.00917372 0.0235337 0.302997
0.4 0.0482569 0.0546033 0.407872
0.4 0.11825 0.0852919 0.42126
0.4 0.218619 0.115317 0.413497
0.4 0.348583 0.14444 0.387281
0.4 0.507123 0.172434 0.339426
0.4 0.693 0.199077 0.26937
0.4 0.904759 0.224163 0.183089
0.4 1.14074 0.247495 0.0938797
0.4 1.3991 0.268889 0.0186061
0.4 1.67782 0.288179 -0.0296495
0.4 1.97471 0.305214 -0.0479697
0.4 2.28745 0.31986 -0.0440378
0.4 2.61359 0.332002 -0.0302694
0.4 2.95059 0.341547 -0.0166619
0.4 3.2958 0.348418 -0.00755047
0.4 3.64651 0.352562 -0.0028639
0.4 4. 0.353947 -0.000922112
0.4 4.35349 0.352562 -0.000255777
0.4 4.7042 0.348418 -0.0000621603
0.4 5.04941 0.341547 -0.0000134962
0.4 5.38641 0.332002 0
0.4 5.71255 0.31986 0
0.4 6.02529 0.305214 0
0.4 6.32218 0.288179 0
0.4 6.6009 0.268889 0
0.4 6.85926 0.247495 0
0.4 7.09524 0.224163 0
0.4 7.307 0.199077 0
0.4 7.49288 0.172434 0
0.4 7.65142 0.14444 0
0.4 7.78138 0.115317 0
0.4 7.88175 0.0852919 0
0.4 7.95174 0.0546033 0
0.4 7.99083 0.0235337 0
0.44 -7.99083 0.0235337 0
0.44 -7.95174 0.0546033 0
0.44 -7.88175 0.0852919 0
0.44 -7.78138 0.115317 0
0.44 -7.65142 0.14444 0
0.44 -7.49288 0.172434 0
0.44 -7.307 0.199077 0
0.44 -7.09524 0.224163 0
0.44 -6.85926 0.247495 0
0.44 -6.6009 0.268889 0
0.44 -6.32218 0.288179 0
0.44 -6.02529 0.305214 0
0.44 -5.71255 0.31986 0
0.44 -5.38641 0.332002 0
0.44 -5.04941 0.341547 0.0000137239
0.44 -4.7042 0.348418 0.000063388
0.44 -4.35349 0.352562 0.000261797
0.44 -4. 0.353947 0.000948504
0.44 -3.64651 0.352562 0.00296602
0.44 -3.2958 0.348418 0.00789604
0.44 -2.95059 0.341547 0.0176793
0.44 -2.61359 0.332002 0.0328721
0.44 -2.28745 0.31986 0.0498359
0.44 -1.97471 0.305214 0.0592811
0.44 -1.67782 0.288179 0.0491398
0.44 -1.3991 0.268889 0.0113812
0.44 -1.14074 0.247495 -0.052151
0.44 -0.904759 0.224163 -0.129823
0.44 -0.693 0.199077 -0.206065
0.44 -0.507123 0.172434 -0.268307
0.44 -0.348583 0.14444 -0.310595
0.44 -0.218619 0.115317 -0.332864
0.44 -0.11825 0.0852919 -0.336907
0.44 -0.0482569 0.0546033 -0.316223
0.44 -0.00917372 0.0235337 -0.181913
0.44 0.00917372 0.0235337 0.292058
0.44 0.0482569 0.0546033 0.404858
0.44 0.11825 0.0852919 0.419978
0.44 0.218619 0.115317 0.412815
0.44 0.348583 0.14444 0.386882
0.44 0.507123 0.172434 0.339187
0.44 0.693 0.199077 0.269233
0.44 0.904759 0.224163 0.18302
0.44 1.14074 0.247495 0.0938542
0.44 1.3991 0.268889 0.0186051
0.44 1.67782 0.288179 -0.0296401
0.44 1.97471 0.305214 -0.0479588
0.44 2.28745 0.31986 -0.0440296
0.44 2.61359 0.332002 -0.0302646
0.44 2.95059 0.341547 -0.0166596
0.44 3.2958 0.348418 -0.00754953
0.44 3.64651 0.352562 -0.00286358
0.44 4. 0.353947 -0.000922019
0.44 4.35349 0.352562 -0.000255754
0.44 4.7042 0.348418 -0.000062155
0.44 5.04941 0.341547 -0.0000134952
0.44 5.38641 0.332002 0
0.44 5.71255 0.31986 0
0.44 6.02529 0.305214 0
0.44 6.32218 0.288179 0
0.44 6.6009 0.268889 0
0.44 6.85926 0.247495 0
0.44 7.09524 0.224163 0
0.44 7.307 0.199077 0
0.44 7.49288 0.172434 0
0.44 7.65142 0.14444 0
0.44 7.78138 0.115317 0
0.44 7.88175 0.0852919 0
0.44 7.95174 0.0546033 0
0.44 7.99083 0.0235337 0
0.48 -7.99083 0.0235337 0
0.48 -7.95174 0.0546033 0
0.48 -7.88175 0.0852919 0
0.48 -7.78138 0.115317 0
0.48 -7.65142 0.14444 0
0.48 -7.49288 0.172434 0
0.48 -7.307 0.199077 0
0.48 -7.09524 0.224163 0
0.48 -6.85926 0.247495 0
0.48 -6.6009 0.268889 0
0.48 -6.32218 0.288179 0
0.48 -6.02529 0.305214 0
0.48 -5.71255 0.31986 0
0.48 -5.38641 0.332002 0
0.48 -5.04941 0.341547 0.000013725
0.48 -4.7042 0.348418 0.0000633933
0.48 -4.35349 0.352562 0.000261821
0.48 -4. 0.353947 0.000948598
0.48 -3.64651 0.352562 0.00296634
0.48 -3.2958 0.348418 0.00789698
0.48 -2.95059 0.341547 0.0176817
0.48 -2.61359 0.332002 0.032877
0.48 -2.28745 0.31986 0.0498441
0.48 -1.97471 0.305214 0.0592919
0.48 -1.67782 0.288179 0.0491492
0.48 -1.3991 0.268889 0.0113801
0.48 -1.14074 0.247495 -0.0521767
0.48 -0.904759 0.224163 -0.129893
0.48 -0.693 0.199077 -0.206203
0.48 -0.507123 0.172434 -0.268547
0.48 -0.348583 0.14444 -0.310996
0.48 -0.218619 0.115317 -0.333546
0.48 -0.11825 0.0852919 -0.338185
0.48 -0.0482569 0.0546033 -0.319185
0.48 -0.00917372 0.0235337 -0.191641
0.48 0.00917372 0.0235337 0.281541
0.48 0.0482569 0.0546033 0.401861
0.48 0.11825 0.0852919 0.418697
0.48 0.218619 0.115317 0.412133
0.48 0.348583 0.14444 0.386482
0.48 0.507123 0.172434 0.338948
0.48 0.693 0.199077 0.269096
0.48 0.904759 0.224163 0.182951
0.48 1.14074 0.247495 0.0938287
0.48 1.3991 0.268889 0.0186041
0.48 1.67782 0.288179 -0.0296307
0.48 1.97471 0.305214 -0.047948
0.48 2.28745 0.31986 -0.0440214
0.48 2.61359 0.332002 -0.0302598
0.48 2.95059 0.341547 -0.0166573
0.48 3.2958 0.348418 -0.0075486
0.48 3.64651 0.352562 -0.00286327
0.48 4. 0.353947 -0.000921926
0.48 4.35349 0.352562 -0.00025573
0.48 4.7042 0.348418 -0.0000621496
0.48 5.04941 0.341547 -0.0000134941
0.48 5.38641 0.332002 0
0.48 5.71255 0.31986 0
0.48 6.02529 0.305214 0
0.48 6.32218 0.288179 0
0.48 6.6009 0.268889 0
0.48 6.85926 0.247495 0
0.48 7.09524 0.224163 0
0.48 7.307 0.199077 0
0.48 7.49288 0.172434 0
0.48 7.65142 0.14444 0
0.48 7.78138 0.115317 0
0.48 7.88175 0.0852919 0
0.48 7.95174 0.0546033 0
0.48 7.99083 0.0235337 0
0.52 -7.99083 0.0235337 0
0.52 -7.95174 0.0546033 0
0.52 -7.88175 0.0852919 0
0.52 -7.78138 0.115317 0
0.52 -7.65142 0.14444 0
0.52 -7.49288 0.172434 0
0.52 -7.307 0.199077 0
0.52 -7.09524 0.224163 0
0.52 -6.85926 0.247495 0
0.52 -6.6009 0.268889 0
0.52 -6.32218 0.288179 0
0.52 -6.02529 0.305214 0
0.52 -5.71255 0.31986 0
0.52 -5.38641 0.332002 0
0.52 -5.04941 0.341547 0.000013726
0.52 -4.7042 0.348418 0.0000633987
0.52 -4.35349 0.352562 0.000261845
0.52 -4. 0.353947 0.000948692
0.52 -3.64651 0.352562 0.00296666
0.52 -3.2958 0.348418 0.00789792
0.52 -2.95059 0.341547 0.017684
0.52 -2.61359 0.332002 0.0328818
0.52 -2.28745 0.31986 0.0498523
0.52 -1.97471 0.305214 0.0593028
0.52 -1.67782 0.288179 0.0491586
0.52 -1.3991 0.268889 0.0113791
0.52 -1.14074 0.247495 -0.0522024
0.52 -0.904759 0.224163 -0.129962
0.52 -0.693 0.199077 -0.20634
0.52 -0.507123 0.172434 -0.268787
0.52 -0.348583 0.14444 -0.311396
0.52 -0.218619 0.115317 -0.334229
0.52 -0.11825 0.0852919 -0.339465
0.52 -0.0482569 0.0546033 -0.322165
0.52 -0.00917372 0.0235337 -0.201756
0.52 0.00917372 0.0235337 0.271426
0.52 0.0482569 0.0546033 0.398881
0.52 0.11825 0.0852919 0.417418
0.52 0.218619 0.115317 0.411451
0.52 0.348583 0.14444 0.386081
0.52 0.507123 0.172434 0.338708
0.52 0.693 0.199077 0.268959
0.52 0.904759 0.224163 0.182882
0.52 1.14074 0.247495 0.093803
0.52 1.3991 0.268889 0.018603
0.52 1.67782 0.288179 -0.0296213
0.52 1.97471 0.305214 -0.0479371
0.52 2.28745 0.31986 -0.0440132
0.52 2.61359 0.332002 -0.0302549
0.52 2.95059 0.341547 -0.0166549
0.52 3.2958 0.348418 -0.00754766
0.52 3.64651 0.352562 -0.00286295
0.52 4. 0.353947 -0.000921832
0.52 4.35349 0.352562 -0.000255706
0.52 4.7042 0.348418 -0.0000621443
0.52 5.04941 0.341547 -0.000013493
0.52 5.38641 0.332002 0
0.52 5.71255 0.31986 0
0.52 6.02529 0.305214 0
0.52 6.32218 0.288179 0
0.52 6.6009 0.268889 0
0.52 6.85926 0.247495 0
0.52 7.09524 0.224163 0
0.52 7.307 0.199077 0
0.52 7.49288 0.172434 0
0.52 7.65142 0.14444 0
0.52 7.78138 0.115317 0
0.52 7.88175 0.0852919 0
0.52 7.95174 0.0546033 0
0.52 7.99083 0.0235337 0
0.56 -7.99083 0.0235337 0
0.56 -7.95174 0.0546033 0
0.56 -7.88175 0.0852919 0
0.56 -7.78138 0.115317 0
0.56 -7.65142 0.14444 0
0.56 -7.49288 0.172434 0
0.56 -7.307 0.199077 0
0.56 -7.09524 0.224163 0
0.56 -6.85926 0.247495 0
0.56 -6.6009 0.268889 0
0.56 -6.32218 0.288179 0
0.56 -6.02529 0.305214 0
0.56 -5.71255 0.31986 0
0.56 -5.38641 0.332002 0
0.56 -5.04941 0.341547 0.0000137271
0.56 -4.7042 0.348418 0.000063404
0.56 -4.35349 0.352562 0.000261868
0.56 -4. 0.353947 0.000948785
0.56 -3.64651 0.352562 0.00296698
0.56 -3.2958 0.348418 0.00789886
0.56 -2.95059 0.341547 0.0176863
0.56 -2.61359 0.332002 0.0328866
0.56 -2.28745 0.31986 0.0498605
0.56 -1.97471 0.305214 0.0593137
0.56 -1.67782 0.288179 0.049168
0.56 -1.3991 0.268889 0.011378
0.56 -1.14074 0.247495 -0.0522279
0.56 -0.904759 0.224163 -0.130031
0.56 -0.693 0.199077 -0.206477
0.56 -0.507123 0.172434 -0.269026
0.56 -0.348583 0.14444 -0.311796
0.56 -0.218619 0.115317 -0.334911
0.56 -0.11825 0.0852919 -0.340745
0.56 -0.0482569 0.0546033 -0.325162
0.56 -0.00917372 0.0235337 -0.212273
0.56 0.00917372 0.0235337 0.261698
0.56 0.0482569 0.0546033 0.395919
0.56 0.11825 0.0852919 0.41614
0.56 0.218619 0.115317 0.410768
0.56 0.348583 0.14444 0.38568
0.56 0.507123 0.172434 0.338468
0.56 0.693 0.199077 0.268821
0.56 0.904759 0.224163 0.182812
0.56 1.14074 0.247495 0.0937773
0.56 1.3991 0.268889 0.0186019
0.56 1.67782 0.288179 -0.029612
0.56 1.97471 0.305214 -0.0479263
0.56 2.28745 0.31986 -0.044005
0.56 2.61359 0.332002 -0.0302501
0.56 2.95059 0.341547 -0.0166526
0.56 3.2958 0.348418 -0.00754672
0.56 3.64651 0.352562 -0.00286262
0.56 4. 0.353947 -0.000921738
0.56 4.35349 0.352562 -0.000255682
0.56 4.7042 0.348418 -0.000062139
0.56 5.04941 0.341547 -0.0000134919
0.56 5.38641 0.332002 0
0.56 5.71255 0.31986 0
0.56 6.02529 0.305214 0
0.56 6.32218 0.288179 0
0.56 6.6009 0.268889 0
0.56 6.85926 0.247495 0
0.56 7.09524 0.224163 0
0.56 7.307 0.199077 0
0.56 7.49288 0.172434 0
0.56 7.65142 0.14444 0
0.56 7.78138 0.115317 0
0.56 7.88175 0.0852919 0
0.56 7.95174 0.0546033 0
0.56 7.99083 0.0235337 0
0.6 -7.99083 0.0235337 0
0.6 -7.95174 0.0546033 0
0.6 -7.88175 0.0852919 0
0.6 -7.78138 0.115317 0
0.6 -7.65142 0.14444 0
0.6 -7.49288 0.172434 0
0.6 -7.307 0.199077 0
0.6 -7.09524 0.224163 0
0.6 -6.85926 0.247495 0
0.6 -6.6009 0.268889 0
0.6 -6.32218 0.288179 0
0.6 -6.02529 0.305214 0
0.6 -5.71255 0.31986 0
0.6 -5.38641 0.332002 0
0.6 -5.04941 0.341547 0.0000137282
0.6 -4.7042 0.348418 0.0000634093
0.6 -4.35349 0.352562 0.000261892
0.6 -4. 0.353947 0.000948878
0.6 -3.64651 0.352562 0.0029673
0.6 -3.2958 0.348418 0.00789979
0.6 -2.95059 0.341547 0.0176886
0.6 -2.61359 0.332002 0.0328914
0.6 -2.28745 0.31986 0.0498687
0.6 -1.97471 0.305214 0.0593245
0.6 -1.67782 0.288179 0.0491774
0.6 -1.3991 0.268889 0.0113771
0.6 -1.14074 0.247495 -0.0522534
0.6 -0.904759 0.224163 -0.1301
0.6 -0.693 0.199077 -0.206614
0.6 -0.507123 0.172434 -0.269265
0.6 -0.348583 0.14444 -0.312196
0.6 -0.218619 0.115317 -0.335592
0.6 -0.11825 0.0852919 -0.342028
0.6 -0.0482569 0.0546033 -0.328177
0.6 -0.00917372 0.0235337 -0.223212
0.6 0.00917372 0.0235337 0.25234
0.6 0.0482569 0.0546033 0.392974
0.6 0.11825 0.0852919 0.414863
0.6 0.218619 0.115317 0.410085
0.6 0.348583 0.14444 0.385279
0.6 0.507123 0.172434 0.338227
0.6 0.693 0.199077 0.268684
0.6 0.904759 0.224163 0.182743
0.6 1.14074 0.247495 0.0937515
0.6 1.3991 0.268889 0.0186008
0.6 1.67782 0.288179 -0.0296026
0.6 1.97471 0.305214 -0.0479154
0.6 2.28745 0.31986 -0.0439968
0.6 2.61359 0.332002 -0.0302453
0.6 2.95059 0.341547 -0.0166503
0.6 3.2958 0.348418 -0.00754578
0.6 3.64651 0.352562 -0.0028623
0.6 4. 0.353947 -0.000921644
0.6 4.35349 0.352562 -0.000255658
0.6 4.7042 0.348418 -0.0000621336
0.6 5.04941 0.341547 -0.0000134908
0.6 5.38641 0.332002 0
0.6 5.71255 0.31986 0
0.6 6.02529 0.305214 0
0.6 6.32218 0.288179 0
0.6 6.6009 0.268889 0
0.6 6.85926 0.247495 0
0.6 7.09524 0.224163 0
0.6 7.307 0.199077 0
0.6 7.49288 0.172434 0
0.6 7.65142 0.14444 0
0.6 7.78138 0.115317 0
0.6 7.88175 0.0852919 0
0.6 7.95174 0.0546033 0
0.6 7.99083 0.0235337 0
0.64 -7.99083 0.0235337 0
0.64 -7.95174 0.0546033 0
0.64 -7.88175 0.0852919 0
0.64 -7.78138 0.115317 0
0.64 -7.65142 0.14444 0
0.64 -7.49288 0.172434 0
0.64 -7.307 0.199077 0
0.64 -7.09524 0.224163 0
0.64 -6.85926 0.247495 0
0.64 -6.6009 0.268889 0
0.64 -6.32218 0.288179 0
0.64 -6.02529 0.305214 0
0.64 -5.71255 0.31986 0
0.64 -5.38641 0.332002 0
0.64 -5.04941 0.341547 0.0000137293
0.64 -4.7042 0.348418 0.0000634147
0.64 -4.35349 0.352562 0.000261916
0.64 -4. 0.353947 0.000948972
0.64 -3.64651 0.352562 0.00296762
0.64 -3.2958 0.348418 0.00790073
0.64 -2.95059 0.341547 0.017691
0.64 -2.61359 0.332002 0.0328963
0.64 -2.28745 0.31986 0.0498769
0.64 -1.97471 0.305214 0.0593353
0.64 -1.67782 0.288179 0.0491868
0.64 -1.3991 0.268889 0.0113761
0.64 -1.14074 0.247495 -0.0522788
0.64 -0.904759 0.224163 -0.130169
0.64 -0.693 0.199077 -0.206751
0.64 -0.507123 0.172434 -0.269504
0.64 -0.348583 0.14444 -0.312595
0.64 -0.218619 0.115317 -0.336274
0.64 -0.11825 0.0852919 -0.343311
0.64 -0.0482569 0.0546033 -0.331209
0.64 -0.00917372 0.0235337 -0.234589
0.64 0.00917372 0.0235337 0.243337
0.64 0.0482569 0.0546033 0.390046
0.64 0.11825 0.0852919 0.413588
0.64 0.218619 0.115317 0.409402
0.64 0.348583 0.14444 0.384877
0.64 0.507123 0.172434 0.337986
0.64 0.693 0.199077 0.268546
0.64 0.904759 0.224163 0.182673
0.64 1.14074 0.247495 0.0937256
0.64 1.3991 0.268889 0.0185997
0.64 1.67782 0.288179 -0.0295932
0.64 1.97471 0.305214 -0.0479045
0.64 2.28745 0.31986 -0.0439885
0.64 2.61359 0.332002 -0.0302404
0.64 2.95059 0.341547 -0.0166479
0.64 3.2958 0.348418 -0.00754484
0.64 3.64651 0.352562 -0.00286198
0.64 4. 0.353947 -0.000921551
0.64 4.35349 0.352562 -0.000255634
0.64 4.7042 0.348418 -0.0000621282
0.64 5.04941 0.341547 -0.0000134897
0.64 5.38641 0.332002 0
0.64 5.71255 0.31986 0
0.64 6.02529 0.305214 0
0.64 6.32218 0.288179 0
0.64 6.6009 0.268889 0
0.64 6.85926 0.247495 0
0.64 7.09524 0.224163 0
0.64 7.307 0.199077 0
0.64 7.49288 0.172434 0
0.64 7.65142 0.14444 0
0.64 7.78138 0.115317 0
0.64 7.88175 0.0852919 0
0.64 7.95174 0.0546033 0
0.64 7.99083 0.0235337 0
0.68 -7.99083 0.0235337 0
0.68 -7.95174 0.0546033 0
0.68 -7.88175 0.0852919 0
0.68 -7.78138 0.115317 0
0.68 -7.65142 0.14444 0
0.68 -7.49288 0.172434 0
0.68 -7.307 0.199077 0
0.68 -7.09524 0.224163 0
0.68 -6.85926 0.247495 0
0.68 -6.6009 0.268889 0
0.68 -6.32218 0.288179 0
0.68 -6.02529 0.305214 0
0.68 -5.71255 0.31986 0
0.68 -5.38641 0.332002 0
0.68 -5.04941 0.341547 0.0000137303
0.68 -4.7042 0.348418 0.00006342
0.68 -4.35349 0.352562 0.000261939
0.68 -4. 0.353947 0.000949065
0.68 -3.64651 0.352562 0.00296794
0.68 -3.2958 0.348418 0.00790166
0.68 -2.95059 0.341547 0.0176933
0.68 -2.61359 0.332002 0.0329011
0.68 -2.28745 0.31986 0.049885
0.68 -1.97471 0.305214 0.0593462
0.68 -1.67782 0.288179 0.0491962
0.68 -1.3991 0.268889 0.0113752
0.68 -1.14074 0.247495 -0.0523041
0.68 -0.904759 0.224163 -0.130237
0.68 -0.693 0.199077 -0.206887
0.68 -0.507123 0.172434 -0.269742
0.68 -0.348583 0.14444 -0.312994
0.68 -0.218619 0.115317 -0.336955
0.68 -0.11825 0.0852919 -0.344597
0.68 -0.0482569 0.0546033 -0.33426
0.68 -0.00917372 0.0235337 -0.246424
0.68 0.00917372 0.0235337 0.234673
0.68 0.0482569 0.0546033 0.387135
0.68 0.11825 0.0852919 0.412314
0.68 0.218619 0.115317 0.408719
0.68 0.348583 0.14444 0.384475
0.68 0.507123 0.172434 0.337745
0.68 0.693 0.199077 0.268407
0.68 0.904759 0.224163 0.182603
0.68 1.14074 0.247495 0.0936996
0.68 1.3991 0.268889 0.0185985
0.68 1.67782 0.288179 -0.0295839
0.68 1.97471 0.305214 -0.0478936
0.68 2.28745 0.31986 -0.0439803
0.68 2.61359 0.332002 -0.0302356
0.68 2.95059 0.341547 -0.0166456
0.68 3.2958 0.348418 -0.0075439
0.68 3.64651 0.352562 -0.00286166
0.68 4. 0.353947 -0.000921456
0.68 4.35349 0.352562 -0.00025561
0.68 4.7042 0.348418 -0.0000621229
0.68 5.04941 0.341547 -0.0000134887
0.68 5.38641 0.332002 0
0.68 5.71255 0.31986 0
0.68 6.02529 0.305214 0
0.68 6.32218 0.288179 0
0.68 6.6009 0.268889 0
0.68 6.85926 0.247495 0
0.68 7.09524 0.224163 0
0.68 7.307 0.199077 0
0.68 7.49288 0.172434 0
0.68 7.65142 0.14444 0
0.68 7.78138 0.115317 0
0.68 7.88175 0.0852919 0
0.68 7.95174 0.0546033 0
0.68 7.99083 0.0235337 0
0.72 -7.99083 0.0235337 0
0.72 -7.95174 0.0546033 0
0.72 -7.88175 0.0852919 0
0.72 -7.78138 0.115317 0
0.72 -7.65142 0.14444 0
0.72 -7.49288 0.172434 0
0.72 -7.307 0.199077 0
0.72 -7.09524 0.224163 0
0.72 -6.85926 0.247495 0
0.72 -6.6009 0.268889 0
0.72 -6.32218 0.288179 0
0.72 -6.02529 0.305214 0
0.72 -5.71255 0.31986 0
0.72 -5.38641 0.332002 0
0.72 -5.04941 0.341547 0.0000137314
0.72 -4.7042 0.348418 0.0000634253
0.72 -4.35349 0.352562 0.000261963
0.72 -4. 0.353947 0.000949158
0.72 -3.64651 0.352562 0.00296826
0.72 -3.2958 0.348418 0.00790259
0.72 -2.95059 0.341547 0.0176956
0.72 -2.61359 0.332002 0.0329059
0.72 -2.28745 0.31986 0.0498932
0.72 -1.97471 0.305214 0.059357
0.72 -1.67782 0.288179 0.0492056
0.72 -1.3991 0.268889 0.0113743
0.72 -1.14074 0.247495 -0.0523294
0.72 -0.904759 0.224163 -0.130306
0.72 -0.693 0.199077 -0.207023
0.72 -0.507123 0.172434 -0.26998
0.72 -0.348583 0.14444 -0.313392
0.72 -0.218619 0.115317 -0.337636
0.72 -0.11825 0.0852919 -0.345883
0.72 -0.0482569 0.0546033 -0.337328
0.72 -0.00917372 0.0235337 -0.258738
0.72 0.00917372 0.0235337 0.226335
0.72 0.0482569 0.0546033 0.38424
0.72 0.11825 0.0852919 0.411042
0.72 0.218619 0.115317 0.408035
0.72 0.348583 0.14444 0.384072
0.72 0.507123 0.172434 0.337504
0.72 0.693 0.199077 0.268269
0.72 0.904759 0.224163 0.182533
0.72 1.14074 0.247495 0.0936736
0.72 1.3991 0.268889 0.0185973
0.72 1.67782 0.288179 -0.0295745
0.72 1.97471 0.305214 -0.0478827
0.72 2.28745 0.31986 -0.0439721
0.72 2.61359 0.332002 -0.0302307
0.72 2.95059 0.341547 -0.0166432
0.72 3.2958 0.348418 -0.00754295
0.72 3.64651 0.352562 -0.00286134
0.72 4. 0.353947 -0.000921362
0.72 4.35349 0.352562 -0.000255587
0.72 4.7042 0.348418 -0.0000621175
0.72 5.04941 0.341547 -0.0000134876
0.72 5.38641 0.332002 0
0.72 5.71255 0.31986 0
0.72 6.02529 0.305214 0
0.72 6.32218 0.288179 0
0.72 6.6009 0.268889 0
0.72 6.85926 0.247495 0
0.72 7.09524 0.224163 0
0.72 7.307 0.199077 0
0.72 7.49288 0.172434 0
0.72 7.65142 0.14444 0
0.72 7.78138 0.115317 0
0.72 7.88175 0.0852919 0
0.72 7.95174 0.0546033 0
0.72 7.99083 0.0235337 0
0.76 -7.99083 0.0235337 0
0.76 -7.95174 0.0546033 0
0.76 -7.88175 0.0852919 0
0.76 -7.78138 0.115317 0
0.76 -7.65142 0.14444 0
0.76 -7.49288 0.172434 0
0.76 -7.307 0.199077 0
0.76 -7.09524 0.224163 0
0.76 -6.85926 0.247495 0
0.76 -6.6009 0.268889 0
0.76 -6.32218 0.288179 0
0.76 -6.02529 0.305214 0
0.76 -5.71255 0.31986 0
0.76 -5.38641 0.332002 0
0.76 -5.04941 0.341547 0.0000137325
0.76 -4.7042 0.348418 0.0000634306
0.76 -4.35349 0.352562 0.000261987
0.76 -4. 0.353947 0.000949251
0.76 -3.64651 0.352562 0.00296858
0.76 -3.2958 0.348418 0.00790352
0.76 -2.95059 0.341547 0.0176979
0.76 -2.61359 0.332002 0.0329107
0.76 -2.28745 0.31986 0.0499014
0.76 -1.97471 0.305214 0.0593679
0.76 -1.67782 0.288179 0.049215
0.76 -1.3991 0.268889 0.0113734
0.76 -1.14074 0.247495 -0.0523545
0.76 -0.904759 0.224163 -0.130374
0.76 -0.693 0.199077 -0.207159
0.76 -0.507123 0.172434 -0.270218
0.76 -0.348583 0.14444 -0.31379
0.76 -0.218619 0.115317 -0.338317
0.76 -0.11825 0.0852919 -0.347171
0.76 -0.0482569 0.0546033 -0.340415
0.76 -0.00917372 0.0235337 -0.27155
0.76 0.00917372 0.0235337 0.218308
0.76 0.0482569 0.0546033 0.381363
0.76 0.11825 0.0852919 0.40977
0.76 0.218619 0.115317 0.407351
0.76 0.348583 0.14444 0.383669
0.76 0.507123 0.172434 0.337262
0.76 0.693 0.199077 0.26813
0.76 0.904759 0.224163 0.182463
0.76 1.14074 0.247495 0.0936475
0.76 1.3991 0.268889 0.018596
0.76 1.67782 0.288179 -0.0295651
0.76 1.97471 0.305214 -0.0478718
0.76 2.28745 0.31986 -0.0439638
0.76 2.61359 0.332002 -0.0302258
0.76 2.95059 0.341547 -0.0166409
0.76 3.2958 0.348418 -0.00754201
0.76 3.64651 0.352562 -0.00286102
0.76 4. 0.353947 -0.000921268
0.76 4.35349 0.352562 -0.000255563
0.76 4.7042 0.348418 -0.0000621121
0.76 5.04941 0.341547 -0.0000134865
0.76 5.38641 0.332002 0
0.76 5.71255 0.31986 0
0.76 6.02529 0.305214 0
0.76 6.32218 0.288179 0
0.76 6.6009 0.268889 0
0.76 6.85926 0.247495 0
0.76 7.09524 0.224163 0
0.76 7.307 0.199077 0
0.76 7.49288 0.172434 0
0.76 7.65142 0.14444 0
0.76 7.78138 0.115317 0
0.76 7.88175 0.0852919 0
0.76 7.95174 0.0546033 0
0.76 7.99083 0.0235337 0
0.8 -7.99083 0.0235337 0
0.8 -7.95174 0.0546033 0
0.8 -7.88175 0.0852919 0
0.8 -7.78138 0.115317 0
0.8 -7.65142 0.14444 0
0.8 -7.49288 0.172434 0
0.8 -7.307 0.199077 0
0.8 -7.09524 0.224163 0
0.8 -6.85926 0.247495 0
0.8 -6.6009 0.268889 0
0.8 -6.32218 0.288179 0
0.8 -6.02529 0.305214 0
0.8 -5.71255 0.31986 0
0.8 -5.38641 0.332002 0
0.8 -5.04941 0.341547 0.0000137336
0.8 -4.7042 0.348418 0.0000634359
0.8 -4.35349 0.352562 0.00026201
0.8 -4. 0.353947 0.000949343
0.8 -3.64651 0.352562 0.00296889
0.8 -3.2958 0.348418 0.00790445
0.8 -2.95059 0.341547 0.0177002
0.8 -2.61359 0.332002 0.0329155
0.8 -2.28745 0.31986 0.0499096
0.8 -1.97471 0.305214 0.0593787
0.8 -1.67782 0.288179 0.0492244
0.8 -1.3991 0.268889 0.0113726
0.8 -1.14074 0.247495 -0.0523796
0.8 -0.904759 0.224163 -0.130442
0.8 -0.693 0.199077 -0.207294
0.8 -0.507123 0.172434 -0.270455
0.8 -0.348583 0.14444 -0.314187
0.8 -0.218619 0.115317 -0.338997
0.8 -0.11825 0.0852919 -0.348461
0.8 -0.0482569 0.0546033 -0.34352
0.8 -0.00917372 0.0235337 -0.284883
0.8 0.00917372 0.0235337 0.21058
0.8 0.0482569 0.0546033 0.378501
0.8 0.11825 0.0852919 0.408501
0.8 0.218619 0.115317 0.406666
0.8 0.348583 0.14444 0.383266
0.8 0.507123 0.172434 0.337019
0.8 0.693 0.199077 0.267991
0.8 0.904759 0.224163 0.182393
0.8 1.14074 0.247495 0.0936212
0.8 1.3991 0.268889 0.0185947
0.8 1.67782 0.288179 -0.0295558
0.8 1.97471 0.305214 -0.0478609
0.8 2.28745 0.31986 -0.0439555
0.8 2.61359 0.332002 -0.030221
0.8 2.95059 0.341547 -0.0166386
0.8 3.2958 0.348418 -0.00754106
0.8 3.64651 0.352562 -0.00286069
0.8 4. 0.353947 -0.000921174
0.8 4.35349 0.352562 -0.000255539
0.8 4.7042 0.348418 -0.0000621067
0.8 5.04941 0.341547 -0.0000134854
0.8 5.38641 0.332002 0
0.8 5.71255 0.31986 0
0.8 6.02529 0.305214 0
0.8 6.32218 0.288179 0
0.8 6.6009 0.268889 0
0.8 6.85926 0.247495 0
0.8 7.09524 0.224163 0
0.8 7.307 0.199077 0
0.8 7.49288 0.172434 0
0.8 7.65142 0.14444 0
0.8 7.78138 0.115317 0
0.8 7.88175 0.0852919 0
0.8 7.95174 0.0546033 0
0.8 7.99083 0.0235337 0
0.84 -7.99083 0.0235337 0
0.84 -7.95174 0.0546033 0
0.84 -7.88175 0.0852919 0
0.84 -7.78138 0.115317 0
0.84 -7.65142 0.14444 0
0.84 -7.49288 0.172434 0
0.84 -7.307 0.199077 0
0.84 -7.09524 0.224163 0
0.84 -6.85926 0.247495 0
0.84 -6.6009 0.268889 0
0.84 -6.32218 0.288179 0
0.84 -6.02529 0.305214 0
0.84 -5.71255 0.31986 0
0.84 -5.38641 0.332002 0
0.84 -5.04941 0.341547 0.0000137346
0.84 -4.7042 0.348418 0.0000634412
0.84 -4.35349 0.352562 0.000262034
0.84 -4. 0.353947 0.000949436
0.84 -3.64651 0.352562 0.00296921
0.84 -3.2958 0.348418 0.00790538
0.84 -2.95059 0.341547 0.0177025
0.84 -2.61359 0.332002 0.0329203
0.84 -2.28745 0.31986 0.0499177
0.84 -1.97471 0.305214 0.0593895
0.84 -1.67782 0.288179 0.0492338
0.84 -1.3991 0.268889 0.0113718
0.84 -1.14074 0.247495 -0.0524046
0.84 -0.904759 0.224163 -0.13051
0.84 -0.693 0.199077 -0.20743
0.84 -0.507123 0.172434 -0.270692
0.84 -0.348583 0.14444 -0.314584
0.84 -0.218619 0.115317 -0.339677
0.84 -0.11825 0.0852919 -0.349752
0.84 -0.0482569 0.0546033 -0.346644
0.84 -0.00917372 0.0235337 -0.298759
0.84 0.00917372 0.0235337 0.203138
0.84 0.0482569 0.0546033 0.375656
0.84 0.11825 0.0852919 0.407232
0.84 0.218619 0.115317 0.405982
0.84 0.348583 0.14444 0.382862
0.84 0.507123 0.172434 0.336777
0.84 0.693 0.199077 0.267851
0.84 0.904759 0.224163 0.182322
0.84 1.14074 0.247495 0.0935949
0.84 1.3991 0.268889 0.0185934
0.84 1.67782 0.288179 -0.0295465
0.84 1.97471 0.305214 -0.04785
0.84 2.28745 0.31986 -0.0439473
0.84 2.61359 0.332002 -0.0302161
0.84 2.95059 0.341547 -0.0166362
0.84 3.2958 0.348418 -0.00754012
0.84 3.64651 0.352562 -0.00286037
0.84 4. 0.353947 -0.000921079
0.84 4.35349 0.352562 -0.000255515
0.84 4.7042 0.348418 -0.0000621013
0.84 5.04941 0.341547 -0.0000134843
0.84 5.38641 0.332002 0
0.84 5.71255 0.31986 0
0.84 6.02529 0.305214 0
0.84 6.32218 0.288179 0
0.84 6.6009 0.268889 0
0.84 6.85926 0.247495 0
0.84 7.09524 0.224163 0
0.84 7.307 0.199077 0
0.84 7.49288 0.172434 0
0.84 7.65142 0.14444 0
0.84 7.78138 0.115317 0
0.84 7.88175 0.0852919 0
0.84 7.95174 0.0546033 0
0.84 7.99083 0.0235337 0
0.88 -7.99083 0.0235337 0
0.88 -7.95174 0.0546033 0
0.88 -7.88175 0.0852919 0
0.88 -7.78138 0.115317 0
0.88 -7.65142 0.14444 0
0.88 -7.49288 0.172434 0
0.88 -7.307 0.199077 0
0.88 -7.09524 0.224163 0
0.88 -6.85926 0.247495 0
0.88 -6.6009 0.268889 0
0.88 -6.32218 0.288179 0
0.88 -6.02529 0.305214 0
0.88 -5.71255 0.31986 0
0.88 -5.38641 0.332002 0
0.88 -5.04941 0.341547 0.0000137357
0.88 -4.7042 0.348418 0.0000634464
0.88 -4.35349 0.352562 0.000262057
0.88 -4. 0.353947 0.000949529
0.88 -3.64651 0.352562 0.00296953
0.88 -3.2958 0.348418 0.00790631
0.88 -2.95059 0.341547 0.0177048
0.88 -2.61359 0.332002 0.0329251
0.88 -2.28745 0.31986 0.0499259
0.88 -1.97471 0.305214 0.0594003
0.88 -1.67782 0.288179 0.0492433
0.88 -1.3991 0.268889 0.011371
0.88 -1.14074 0.247495 -0.0524295
0.88 -0.904759 0.224163 -0.130578
0.88 -0.693 0.199077 -0.207565
0.88 -0.507123 0.172434 -0.270928
0.88 -0.348583 0.14444 -0.31498
0.88 -0.218619 0.115317 -0.340357
0.88 -0.11825 0.0852919 -0.351044
0.88 -0.0482569 0.0546033 -0.349786
0.88 -0.00917372 0.0235337 -0.313201
0.88 0.00917372 0.0235337 0.19597
0.88 0.0482569 0.0546033 0.372827
0.88 0.11825 0.0852919 0.405965
0.88 0.218619 0.115317 0.405297
0.88 0.348583 0.14444 0.382458
0.88 0.507123 0.172434 0.336534
0.88 0.693 0.199077 0.267712
0.88 0.904759 0.224163 0.182251
0.88 1.14074 0.247495 0.0935686
0.88 1.3991 0.268889 0.0185921
0.88 1.67782 0.288179 -0.0295371
0.88 1.97471 0.305214 -0.0478391
0.88 2.28745 0.31986 -0.043939
0.88 2.61359 0.332002 -0.0302112
0.88 2.95059 0.341547 -0.0166339
0.88 3.2958 0.348418 -0.00753917
0.88 3.64651 0.352562 -0.00286005
0.88 4. 0.353947 -0.000920984
0.88 4.35349 0.352562 -0.00025549
0.88 4.7042 0.348418 -0.0000620959
0.88 5.04941 0.341547 -0.0000134832
0.88 5.38641 0.332002 0
0.88 5.71255 0.31986 0
0.88 6.02529 0.305214 0
0.88 6.32218 0.288179 0
0.88 6.6009 0.268889 0
0.88 6.85926 0.247495 0
0.88 7.09524 0.224163 0
0.88 7.307 0.199077 0
0.88 7.49288 0.172434 0
0.88 7.65142 0.14444 0
0.88 7.78138 0.115317 0
0.88 7.88175 0.0852919 0
0.88 7.95174 0.0546033 0
0.88 7.99083 0.0235337 0
0.92 -7.99083 0.0235337 0
0.92 -7.95174 0.0546033 0
0.92 -7.88175 0.0852919 0
0.92 -7.78138 0.115317 0
0.92 -7.65142 0.14444 0
0.92 -7.49288 0.172434 0
0.92 -7.307 0.199077 0
0.92 -7.09524 0.224163 0
0.92 -6.85926 0.247495 0
0.92 -6.6009 0.268889 0
0.92 -6.32218 0.288179 0
0.92 -6.02529 0.305214 0
0.92 -5.71255 0.31986 0
0.92 -5.38641 0.332002 0
0.92 -5.04941 0.341547 0.0000137368
0.92 -4.7042 0.348418 0.0000634517
0.92 -4.35349 0.352562 0.000262081
0.92 -4. 0.353947 0.000949621
0.92 -3.64651 0.352562 0.00296984
0.92 -3.2958 0.348418 0.00790724
0.92 -2.95059 0.341547 0.0177071
0.92 -2.61359 0.332002 0.0329299
0.92 -2.28745 0.31986 0.049934
0.92 -1.97471 0.305214 0.0594111
0.92 -1.67782 0.288179 0.0492527
0.92 -1.3991 0.268889 0.0113703
0.92 -1.14074 0.247495 -0.0524543
0.92 -0.904759 0.224163 -0.130646
0.92 -0.693 0.199077 -0.207699
0.92 -0.507123 0.172434 -0.271164
0.92 -0.348583 0.14444 -0.315376
0.92 -0.218619 0.115317 -0.341036
0.92 -0.11825 0.0852919 -0.352337
0.92 -0.0482569 0.0546033 -0.352947
0.92 -0.00917372 0.0235337 -0.328234
0.92 0.00917372 0.0235337 0.189064
0.92 0.0482569 0.0546033 0.370014
0.92 0.11825 0.0852919 0.404699
0.92 0.218619 0.115317 0.404612
0.92 0.348583 0.14444 0.382053
0.92 0.507123 0.172434 0.33629
0.92 0.693 0.199077 0.267572
0.92 0.904759 0.224163 0.182181
0.92 1.14074 0.247495 0.0935421
0.92 1.3991 0.268889 0.0185907
0.92 1.67782 0.288179 -0.0295278
0.92 1.97471 0.305214 -0.0478282
0.92 2.28745 0.31986 -0.0439307
0.92 2.61359 0.332002 -0.0302063
0.92 2.95059 0.341547 -0.0166315
0.92 3.2958 0.348418 -0.00753822
0.92 3.64651 0.352562 -0.00285972
0.92 4. 0.353947 -0.00092089
0.92 4.35349 0.352562 -0.000255466
0.92 4.7042 0.348418 -0.0000620905
0.92 5.04941 0.341547 -0.0000134821
0.92 5.38641 0.332002 0
0.92 5.71255 0.31986 0
0.92 6.02529 0.305214 0
0.92 6.32218 0.288179 0
0.92 6.6009 0.268889 0
0.92 6.85926 0.247495 0
0.92 7.09524 0.224163 0
0.92 7.307 0.199077 0
0.92 7.49288 0.172434 0
0.92 7.65142 0.14444 0
0.92 7.78138 0.115317 0
0.92 7.88175 0.0852919 0
0.92 7.95174 0.0546033 0
0.92 7.99083 0.0235337 0
0.96 -7.99083 0.0235337 0
0.96 -7.95174 0.0546033 0
0.96 -7.88175 0.0852919 0
0.96 -7.78138 0.115317 0
0.96 -7.65142 0.14444 0
0.96 -7.49288 0.172434 0
0.96 -7.307 0.199077 0
0.96 -7.09524 0.224163 0
0.96 -6.85926 0.247495 0
0.96 -6.6009 0.268889 0
0.96 -6.32218 0.288179 0
0.96 -6.02529 0.305214 0
0.96 -5.71255 0.31986 0
0.96 -5.38641 0.332002 0
0.96 -5.04941 0.341547 0.0000137378
0.96 -4.7042 0.348418 0.000063457
0.96 -4.35349 0.352562 0.000262104
0.96 -4. 0.353947 0.000949713
0.96 -3.64651 0.352562 0.00297016
0.96 -3.2958 0.348418 0.00790816
0.96 -2.95059 0.341547 0.0177094
0.96 -2.61359 0.332002 0.0329346
0.96 -2.28745 0.31986 0.0499421
0.96 -1.97471 0.305214 0.0594219
0.96 -1.67782 0.288179 0.0492621
0.96 -1.3991 0.268889 0.0113696
0.96 -1.14074 0.247495 -0.0524791
0.96 -0.904759 0.224163 -0.130713
0.96 -0.693 0.199077 -0.207834
0.96 -0.507123 0.172434 -0.2714
0.96 -0.348583 0.14444 -0.315771
0.96 -0.218619 0.115317 -0.341715
0.96 -0.11825 0.0852919 -0.353633
0.96 -0.0482569 0.0546033 -0.356127
0.96 -0.00917372 0.0235337 -0.343884
0.96 0.00917372 0.0235337 0.182409
0.96 0.0482569 0.0546033 0.367217
0.96 0.11825 0.0852919 0.403435
0.96 0.218619 0.115317 0.403926
0.96 0.348583 0.14444 0.381647
0.96 0.507123 0.172434 0.336046
0.96 0.693 0.199077 0.267432
0.96 0.904759 0.224163 0.18211
0.96 1.14074 0.247495 0.0935155
0.96 1.3991 0.268889 0.0185893
0.96 1.67782 0.288179 -0.0295185
0.96 1.97471 0.305214 -0.0478173
0.96 2.28745 0.31986 -0.0439224
0.96 2.61359 0.332002 -0.0302015
0.96 2.95059 0.341547 -0.0166291
0.96 3.2958 0.348418 -0.00753727
0.96 3.64651 0.352562 -0.0028594
0.96 4. 0.353947 -0.000920795
0.96 4.35349 0.352562 -0.000255442
0.96 4.7042 0.348418 -0.0000620851
0.96 5.04941 0.341547 -0.000013481
0.96 5.38641 0.332002 0
0.96 5.71255 0.31986 0
0.96 6.02529 0.305214 0
0.96 6.32218 0.288179 0
0.96 6.6009 0.268889 0
0.96 6.85926 0.247495 0
0.96 7.09524 0.224163 0
0.96 7.307 0.199077 0
0.96 7.49288 0.172434 0
0.96 7.65142 0.14444 0
0.96 7.78138 0.115317 0
0.96 7.88175 0.0852919 0
0.96 7.95174 0.0546033 0
0.96 7.99083 0.0235337 0
