#x points: 24 #c points: 60
xloc: cloc: weight: f
values below 10e-5 have been chopped
0.04 -7.98757 0.0318728 0
0.04 -7.93467 0.0738659 0
0.04 -7.84009 0.115139 0
0.04 -7.7048 0.155197 0
0.04 -7.53024 0.193611 0
0.04 -7.31826 0.229973 0
0.04 -7.07111 0.263897 0
0.04 -6.7914 0.295024 0
0.04 -6.4821 0.323024 0
0.04 -6.1465 0.347599 0
0.04 -5.78814 0.36849 0
0.04 -5.41082 0.385475 0
0.04 -5.01855 0.398374 0
0.04 -4.61548 0.40705 0
0.04 -4.20589 0.411411 -0.00003311
0.04 -3.79411 0.411411 -0.000205029
0.04 -3.38452 0.40705 -0.000893557
0.04 -2.98145 0.398374 -0.00278544
0.04 -2.58918 0.385475 -0.0059601
0.04 -2.21186 0.36849 -0.00719622
0.04 -1.8535 0.347599 0.0025263
0.04 -1.5179 0.323024 0.0352958
0.04 -1.2086 0.295024 0.0972638
0.04 -0.92889 0.263897 0.181434
0.04 -0.681737 0.229973 0.270509
0.04 -0.469758 0.193611 0.347121
0.04 -0.2952 0.155197 0.402001
0.04 -0.159913 0.115139 0.43513
0.04 -0.0653275 0.0738659 0.451944
0.04 -0.0124261 0.0318728 0.45879
0.04 0.0124261 0.0318728 0.4637
0.04 0.0653275 0.0738659 0.475422
0.04 0.159913 0.115139 0.484358
0.04 0.2952 0.155197 0.475803
0.04 0.469758 0.193611 0.436446
0.04 0.681737 0.229973 0.359655
0.04 0.92889 0.263897 0.251958
0.04 1.2086 0.295024 0.135417
0.04 1.5179 0.323024 0.0394106
0.04 1.8535 0.347599 -0.016068
0.04 2.21186 0.36849 -0.0319547
0.04 2.58918 0.385475 -0.0251803
0.04 2.98145 0.398374 -0.0134325
0.04 3.38452 0.40705 -0.00535399
0.04 3.79411 0.411411 -0.00166157
0.04 4.20589 0.411411 -0.000413194
0.04 4.61548 0.40705 -0.0000846618
0.04 5.01855 0.398374 -0.0000147426
0.04 5.41082 0.385475 0
0.04 5.78814 0.36849 0
0.04 6.1465 0.347599 0
0.04 6.4821 0.323024 0
0.04 6.7914 0.295024 0
0.04 7.07111 0.263897 0
0.04 7.31826 0.229973 0
0.04 7.53024 0.193611 0
0.04 7.7048 0.155197 0
0.04 7.84009 0.115139 0
0.04 7.93467 0.0738659 0
0.04 7.98757 0.0318728 0
0.08 -7.98757 0.0318728 0
0.08 -7.93467 0.0738659 0
0.08 -7.84009 0.115139 0
0.08 -7.7048 0.155197 0
0.08 -7.53024 0.193611 0
0.08 -7.31826 0.229973 0
0.08 -7.07111 0.263897 0
0.08 -6.7914 0.295024 0
0.08 -6.4821 0.323024 0
0.08 -6.1465 0.347599 0
0.08 -5.78814 0.36849 0
0.08 -5.41082 0.385475 0
0.08 -5.01855 0.398374 0
0.08 -4.61548 0.40705 0
0.08 -4.20589 0.411411 0
0.08 -3.79411 0.411411 -0.000105699
0.08 -3.38452 0.40705 -0.000566786
0.08 -2.98145 0.398374 -0.00195065
0.08 -2.58918 0.385475 -0.00437333
0.08 -2.21186 0.36849 -0.00517404
0.08 -1.8535 0.347599 0.00347067
0.08 -1.5179 0.323024 0.0324269
0.08 -1.2086 0.295024 0.0876144
0.08 -0.92889 0.263897 0.16319
0.08 -0.681737 0.229973 0.243729
0.08 -0.469758 0.193611 0.313397
0.08 -0.2952 0.155197 0.363534
0.08 -0.159913 0.115139 0.393899
0.08 -0.0653275 0.0738659 0.409332
0.08 -0.0124261 0.0318728 0.41561
0.08 0.0124261 0.0318728 0.418127
0.08 0.0653275 0.0738659 0.423541
0.08 0.159913 0.115139 0.429485
0.08 0.2952 0.155197 0.42478
0.08 0.469758 0.193611 0.39499
0.08 0.681737 0.229973 0.330704
0.08 0.92889 0.263897 0.235503
0.08 1.2086 0.295024 0.128962
0.08 1.5179 0.323024 0.0390836
0.08 1.8535 0.347599 -0.0139812
0.08 2.21186 0.36849 -0.0298305
0.08 2.58918 0.385475 -0.0238638
0.08 2.98145 0.398374 -0.012836
0.08 3.38452 0.40705 -0.00514548
0.08 3.79411 0.411411 -0.00160374
0.08 4.20589 0.411411 -0.000400162
0.08 4.61548 0.40705 -0.0000822163
0.08 5.01855 0.398374 -0.000014349
0.08 5.41082 0.385475 0
0.08 5.78814 0.36849 0
0.08 6.1465 0.347599 0
0.08 6.4821 0.323024 0
0.08 6.7914 0.295024 0
0.08 7.07111 0.263897 0
0.08 7.31826 0.229973 0
0.08 7.53024 0.193611 0
0.08 7.7048 0.155197 0
0.08 7.84009 0.115139 0
0.08 7.93467 0.0738659 0
0.08 7.98757 0.0318728 0
0.12 -7.98757 0.0318728 0
0.12 -7.93467 0.0738659 0
0.12 -7.84009 0.115139 0
0.12 -7.7048 0.155197 0
0.12 -7.53024 0.193611 0
0.12 -7.31826 0.229973 0
0.12 -7.07111 0.263897 0
0.12 -6.7914 0.295024 0
0.12 -6.4821 0.323024 0
0.12 -6.1465 0.347599 0
0.12 -5.78814 0.36849 0
0.12 -5.41082 0.385475 0
0.12 -5.01855 0.398374 0
0.12 -4.61548 0.40705 0
0.12 -4.20589 0.411411 0.0000146221
0.12 -3.79411 0.411411 0
0.12 -3.38452 0.40705 -0.000247582
0.12 -2.98145 0.398374 -0.00113513
0.12 -2.58918 0.385475 -0.00282315
0.12 -2.21186 0.36849 -0.0031964
0.12 -1.8535 0.347599 0.00441019
0.12 -1.5179 0.323024 0.029697
0.12 -1.2086 0.295024 0.0783984
0.12 -0.92889 0.263897 0.145827
0.12 -0.681737 0.229973 0.218381
0.12 -0.469758 0.193611 0.281684
0.12 -0.2952 0.155197 0.32762
0.12 -0.159913 0.115139 0.355688
0.12 -0.0653275 0.0738659 0.370097
0.12 -0.0124261 0.0318728 0.376024
0.12 0.0124261 0.0318728 0.37831
0.12 0.0653275 0.0738659 0.38231
0.12 0.159913 0.115139 0.386111
0.12 0.2952 0.155197 0.381941
0.12 0.469758 0.193611 0.357508
0.12 0.681737 0.229973 0.302673
0.12 0.92889 0.263897 0.218509
0.12 1.2086 0.295024 0.121699
0.12 1.5179 0.323024 0.0382335
0.12 1.8535 0.347599 -0.0120734
0.12 2.21186 0.36849 -0.0276962
0.12 2.58918 0.385475 -0.0224927
0.12 2.98145 0.398374 -0.0122015
0.12 3.38452 0.40705 -0.00492046
0.12 3.79411 0.411411 -0.00154065
0.12 4.20589 0.411411 -0.00038583
0.12 4.61548 0.40705 -0.0000795088
0.12 5.01855 0.398374 -0.0000139108
0.12 5.41082 0.385475 0
0.12 5.78814 0.36849 0
0.12 6.1465 0.347599 0
0.12 6.4821 0.323024 0
0.12 6.7914 0.295024 0
0.12 7.07111 0.263897 0
0.12 7.31826 0.229973 0
0.12 7.53024 0.193611 0
0.12 7.7048 0.155197 0
0.12 7.84009 0.115139 0
0.12 7.93467 0.0738659 0
0.12 7.98757 0.0318728 0
0.16 -7.98757 0.0318728 0
0.16 -7.93467 0.0738659 0
0.16 -7.84009 0.115139 0
0.16 -7.7048 0.155197 0
0.16 -7.53024 0.193611 0
0.16 -7.31826 0.229973 0
0.16 -7.07111 0.263897 0
0.16 -6.7914 0.295024 0
0.16 -6.4821 0.323024 0
0.16 -6.1465 0.347599 0
0.16 -5.78814 0.36849 0
0.16 -5.41082 0.385475 0
0.16 -5.01855 0.398374 0
0.16 -4.61548 0.40705 0.0000109089
0.16 -4.20589 0.411411 0.0000378027
0.16 -3.79411 0.411411 0.0000867626
0.16 -3.38452 0.40705 0.0000667609
0.16 -2.98145 0.398374 -0.000331435
0.16 -2.58918 0.385475 -0.00129432
0.16 -2.21186 0.36849 -0.00124354
0.16 -1.8535 0.347599 0.00534809
0.16 -1.5179 0.323024 0.0270448
0.16 -1.2086 0.295024 0.0694213
0.16 -0.92889 0.263897 0.128947
0.16 -0.681737 0.229973 0.193811
0.16 -0.469758 0.193611 0.251052
0.16 -0.2952 0.155197 0.293059
0.16 -0.159913 0.115139 0.319049
0.16 -0.0653275 0.0738659 0.332595
0.16 -0.0124261 0.0318728 0.338263
0.16 0.0124261 0.0318728 0.340458
0.16 0.0653275 0.0738659 0.344152
0.16 0.159913 0.115139 0.347304
0.16 0.2952 0.155197 0.343553
0.16 0.469758 0.193611 0.322863
0.16 0.681737 0.229973 0.275667
0.16 0.92889 0.263897 0.201385
0.16 1.2086 0.295024 0.113932
0.16 1.5179 0.323024 0.036992
0.16 1.8535 0.347599 -0.0103243
0.16 2.21186 0.36849 -0.0255701
0.16 2.58918 0.385475 -0.0210855
0.16 2.98145 0.398374 -0.0115388
0.16 3.38452 0.40705 -0.00468251
0.16 3.79411 0.411411 -0.00147331
0.16 4.20589 0.411411 -0.000370423
0.16 4.61548 0.40705 -0.0000765817
0.16 5.01855 0.398374 -0.0000134349
0.16 5.41082 0.385475 0
0.16 5.78814 0.36849 0
0.16 6.1465 0.347599 0
0.16 6.4821 0.323024 0
0.16 6.7914 0.295024 0
0.16 7.07111 0.263897 0
0.16 7.31826 0.229973 0
0.16 7.53024 0.193611 0
0.16 7.7048 0.155197 0
0.16 7.84009 0.115139 0
0.16 7.93467 0.0738659 0
0.16 7.98757 0.0318728 0
0.2 -7.98757 0.0318728 0
0.2 -7.93467 0.0738659 0
0.2 -7.84009 0.115139 0
0.2 -7.7048 0.155197 0
0.2 -7.53024 0.193611 0
0.2 -7.31826 0.229973 0
0.2 -7.07111 0.263897 0
0.2 -6.7914 0.295024 0
0.2 -6.4821 0.323024 0
0.2 -6.1465 0.347599 0
0.2 -5.78814 0.36849 0
0.2 -5.41082 0.385475 0
0.2 -5.01855 0.398374 0
0.2 -4.61548 0.40705 0.0000154726
0.2 -4.20589 0.411411 0.0000606626
0.2 -3.79411 0.411411 0.00018101
0.2 -3.38452 0.40705 0.000377517
0.2 -2.98145 0.398374 0.000464047
0.2 -2.58918 0.385475 0.000220666
0.2 -2.21186 0.36849 0.000694718
0.2 -1.8535 0.347599 0.00628727
0.2 -1.5179 0.323024 0.0244431
0.2 -1.2086 0.295024 0.0605934
0.2 -0.92889 0.263897 0.112367
0.2 -0.681737 0.229973 0.169724
0.2 -0.469758 0.193611 0.221086
0.2 -0.2952 0.155197 0.259324
0.2 -0.159913 0.115139 0.283362
0.2 -0.0653275 0.0738659 0.296133
0.2 -0.0124261 0.0318728 0.30159
0.2 0.0124261 0.0318728 0.30373
0.2 0.0653275 0.0738659 0.307365
0.2 0.159913 0.115139 0.310566
0.2 0.2952 0.155197 0.307638
0.2 0.469758 0.193611 0.290164
0.2 0.681737 0.229973 0.249572
0.2 0.92889 0.263897 0.184315
0.2 1.2086 0.295024 0.105851
0.2 1.5179 0.323024 0.0354544
0.2 1.8535 0.347599 -0.0087126
0.2 2.21186 0.36849 -0.023461
0.2 2.58918 0.385475 -0.0196538
0.2 2.98145 0.398374 -0.0108542
0.2 3.38452 0.40705 -0.00443408
0.2 3.79411 0.411411 -0.00140245
0.2 4.20589 0.411411 -0.000354103
0.2 4.61548 0.40705 -0.0000734652
0.2 5.01855 0.398374 -0.0000129261
0.2 5.41082 0.385475 0
0.2 5.78814 0.36849 0
0.2 6.1465 0.347599 0
0.2 6.4821 0.323024 0
0.2 6.7914 0.295024 0
0.2 7.07111 0.263897 0
0.2 7.31826 0.229973 0
0.2 7.53024 0.193611 0
0.2 7.7048 0.155197 0
0.2 7.84009 0.115139 0
0.2 7.93467 0.0738659 0
0.2 7.98757 0.0318728 0
0.24 -7.98757 0.0318728 0
0.24 -7.93467 0.0738659 0
0.24 -7.84009 0.115139 0
0.24 -7.7048 0.155197 0
0.24 -7.53024 0.193611 0
0.24 -7.31826 0.229973 0
0.24 -7.07111 0.263897 0
0.24 -6.7914 0.295024 0
0.24 -6.4821 0.323024 0
0.24 -6.1465 0.347599 0
0.24 -5.78814 0.36849 0
0.24 -5.41082 0.385475 0
0.24 -5.01855 0.398374 0
0.24 -4.61548 0.40705 0.0000199739
0.24 -4.20589 0.411411 0.0000832412
0.24 -3.79411 0.411411 0.000274234
0.24 -3.38452 0.40705 0.000685374
0.24 -2.98145 0.398374 0.00125333
0.24 -2.58918 0.385475 0.00172622
0.24 -2.21186 0.36849 0.0026247
0.24 -1.8535 0.347599 0.00723041
0.24 -1.5179 0.323024 0.0218776
0.24 -1.2086 0.295024 0.0518646
0.24 -0.92889 0.263897 0.0959847
0.24 -0.681737 0.229973 0.145956
0.24 -0.469758 0.193611 0.191561
0.24 -0.2952 0.155197 0.226134
0.24 -0.159913 0.115139 0.2483
0.24 -0.0653275 0.0738659 0.260349
0.24 -0.0124261 0.0318728 0.265625
0.24 0.0124261 0.0318728 0.267729
0.24 0.0653275 0.0738659 0.271382
0.24 0.159913 0.115139 0.274916
0.24 0.2952 0.155197 0.27315
0.24 0.469758 0.193611 0.258783
0.24 0.681737 0.229973 0.224223
0.24 0.92889 0.263897 0.167381
0.24 1.2086 0.295024 0.0975745
0.24 1.5179 0.323024 0.0336916
0.24 1.8535 0.347599 -0.00721824
0.24 2.21186 0.36849 -0.0213727
0.24 2.58918 0.385475 -0.0182051
0.24 2.98145 0.398374 -0.0101524
0.24 3.38452 0.40705 -0.00417699
0.24 3.79411 0.411411 -0.00132857
0.24 4.20589 0.411411 -0.000336994
0.24 4.61548 0.40705 -0.0000701827
0.24 5.01855 0.398374 -0.0000123881
0.24 5.41082 0.385475 0
0.24 5.78814 0.36849 0
0.24 6.1465 0.347599 0
0.24 6.4821 0.323024 0
0.24 6.7914 0.295024 0
0.24 7.07111 0.263897 0
0.24 7.31826 0.229973 0
0.24 7.53024 0.193611 0
0.24 7.7048 0.155197 0
0.24 7.84009 0.115139 0
0.24 7.93467 0.0738659 0
0.24 7.98757 0.0318728 0
0.28 -7.98757 0.0318728 0
0.28 -7.93467 0.0738659 0
0.28 -7.84009 0.115139 0
0.28 -7.7048 0.155197 0
0.28 -7.53024 0.193611 0
0.28 -7.31826 0.229973 0
0.28 -7.07111 0.263897 0
0.28 -6.7914 0.295024 0
0.28 -6.4821 0.323024 0
0.28 -6.1465 0.347599 0
0.28 -5.78814 0.36849 0
0.28 -5.41082 0.385475 0
0.28 -5.01855 0.398374 0
0.28 -4.61548 0.40705 0.0000244159
0.28 -4.20589 0.411411 0.000105557
0.28 -3.79411 0.411411 0.000366531
0.28 -3.38452 0.40705 0.000990712
0.28 -2.98145 0.398374 0.00203761
0.28 -2.58918 0.385475 0.00322515
0.28 -2.21186 0.36849 0.0045508
0.28 -1.8535 0.347599 0.00818008
0.28 -1.5179 0.323024 0.0193402
0.28 -1.2086 0.295024 0.0432038
0.28 -0.92889 0.263897 0.0797352
0.28 -0.681737 0.229973 0.122406
0.28 -0.469758 0.193611 0.162338
0.28 -0.2952 0.155197 0.193319
0.28 -0.159913 0.115139 0.213666
0.28 -0.0653275 0.0738659 0.225028
0.28 -0.0124261 0.0318728 0.230143
0.28 0.0124261 0.0318728 0.232222
0.28 0.0653275 0.0738659 0.235927
0.28 0.159913 0.115139 0.239915
0.28 0.2952 0.155197 0.239527
0.28 0.469758 0.193611 0.228297
0.28 0.681737 0.229973 0.199463
0.28 0.92889 0.263897 0.150605
0.28 1.2086 0.295024 0.0891787
0.28 1.5179 0.323024 0.0317568
0.28 1.8535 0.347599 -0.00582333
0.28 2.21186 0.36849 -0.0193064
0.28 2.58918 0.385475 -0.0167446
0.28 2.98145 0.398374 -0.00943671
0.28 3.38452 0.40705 -0.00391263
0.28 3.79411 0.411411 -0.00125212
0.28 4.20589 0.411411 -0.000319195
0.28 4.61548 0.40705 -0.0000667531
0.28 5.01855 0.398374 -0.000011824
0.28 5.41082 0.385475 0
0.28 5.78814 0.36849 0
0.28 6.1465 0.347599 0
0.28 6.4821 0.323024 0
0.28 6.7914 0.295024 0
0.28 7.07111 0.263897 0
0.28 7.31826 0.229973 0
0.28 7.53024 0.193611 0
0.28 7.7048 0.155197 0
0.28 7.84009 0.115139 0
0.28 7.93467 0.0738659 0
0.28 7.98757 0.0318728 0
0.32 -7.98757 0.0318728 0
0.32 -7.93467 0.0738659 0
0.32 -7.84009 0.115139 0
0.32 -7.7048 0.155197 0
0.32 -7.53024 0.193611 0
0.32 -7.31826 0.229973 0
0.32 -7.07111 0.263897 0
0.32 -6.7914 0.295024 0
0.32 -6.4821 0.323024 0
0.32 -6.1465 0.347599 0
0.32 -5.78814 0.36849 0
0.32 -5.41082 0.385475 0
0.32 -5.01855 0.398374 0
0.32 -4.61548 0.40705 0.0000287993
0.32 -4.20589 0.411411 0.000127617
0.32 -3.79411 0.411411 0.000457941
0.32 -3.38452 0.40705 0.00129373
0.32 -2.98145 0.398374 0.00281763
0.32 -2.58918 0.385475 0.0047194
0.32 -2.21186 0.36849 0.0064764
0.32 -1.8535 0.347599 0.00913897
0.32 -1.5179 0.323024 0.0168264
0.32 -1.2086 0.295024 0.0345899
0.32 -0.92889 0.263897 0.063574
0.32 -0.681737 0.229973 0.0990025
0.32 -0.469758 0.193611 0.133324
0.32 -0.2952 0.155197 0.160765
0.32 -0.159913 0.115139 0.179332
0.32 -0.0653275 0.0738659 0.190033
0.32 -0.0124261 0.0318728 0.194999
0.32 0.0124261 0.0318728 0.19706
0.32 0.0653275 0.0738659 0.200838
0.32 0.159913 0.115139 0.205337
0.32 0.2952 0.155197 0.206451
0.32 0.469758 0.193611 0.198423
0.32 0.681737 0.229973 0.175156
0.32 0.92889 0.263897 0.133986
0.32 1.2086 0.295024 0.0807132
0.32 1.5179 0.323024 0.0296901
0.32 1.8535 0.347599 -0.0045123
0.32 2.21186 0.36849 -0.0172619
0.32 2.58918 0.385475 -0.015276
0.32 2.98145 0.398374 -0.00870976
0.32 3.38452 0.40705 -0.00364211
0.32 3.79411 0.411411 -0.00117343
0.32 4.20589 0.411411 -0.000300786
0.32 4.61548 0.40705 -0.000063192
0.32 5.01855 0.398374 -0.0000112364
0.32 5.41082 0.385475 0
0.32 5.78814 0.36849 0
0.32 6.1465 0.347599 0
0.32 6.4821 0.323024 0
0.32 6.7914 0.295024 0
0.32 7.07111 0.263897 0
0.32 7.31826 0.229973 0
0.32 7.53024 0.193611 0
0.32 7.7048 0.155197 0
0.32 7.84009 0.115139 0
0.32 7.93467 0.0738659 0
0.32 7.98757 0.0318728 0
0.36 -7.98757 0.0318728 0
0.36 -7.93467 0.0738659 0
0.36 -7.84009 0.115139 0
0.36 -7.7048 0.155197 0
0.36 -7.53024 0.193611 0
0.36 -7.31826 0.229973 0
0.36 -7.07111 0.263897 0
0.36 -6.7914 0.295024 0
0.36 -6.4821 0.323024 0
0.36 -6.1465 0.347599 0
0.36 -5.78814 0.36849 0
0.36 -5.41082 0.385475 0
0.36 -5.01855 0.398374 0
0.36 -4.61548 0.40705 0.0000331232
0.36 -4.20589 0.411411 0.000149418
0.36 -3.79411 0.411411 0.000548467
0.36 -3.38452 0.40705 0.00159451
0.36 -2.98145 0.398374 0.00359378
0.36 -2.58918 0.385475 0.00621028
0.36 -2.21186 0.36849 0.00840426
0.36 -1.8535 0.347599 0.0101099
0.36 -1.5179 0.323024 0.014334
0.36 -1.2086 0.295024 0.026008
0.36 -0.92889 0.263897 0.0474681
0.36 -0.681737 0.229973 0.0756953
0.36 -0.469758 0.193611 0.104453
0.36 -0.2952 0.155197 0.128393
0.36 -0.159913 0.115139 0.145208
0.36 -0.0653275 0.0738659 0.155266
0.36 -0.0124261 0.0318728 0.160093
0.36 0.0124261 0.0318728 0.162142
0.36 0.0653275 0.0738659 0.166007
0.36 0.159913 0.115139 0.171048
0.36 0.2952 0.155197 0.173736
0.36 0.469758 0.193611 0.168969
0.36 0.681737 0.229973 0.151192
0.36 0.92889 0.263897 0.11751
0.36 1.2086 0.295024 0.0722089
0.36 1.5179 0.323024 0.027522
0.36 1.8535 0.347599 -0.00327175
0.36 2.21186 0.36849 -0.015238
0.36 2.58918 0.385475 -0.0138018
0.36 2.98145 0.398374 -0.00797357
0.36 3.38452 0.40705 -0.00336631
0.36 3.79411 0.411411 -0.00109277
0.36 4.20589 0.411411 -0.000281836
0.36 4.61548 0.40705 -0.0000595129
0.36 5.01855 0.398374 -0.0000106274
0.36 5.41082 0.385475 0
0.36 5.78814 0.36849 0
0.36 6.1465 0.347599 0
0.36 6.4821 0.323024 0
0.36 6.7914 0.295024 0
0.36 7.07111 0.263897 0
0.36 7.31826 0.229973 0
0.36 7.53024 0.193611 0
0.36 7.7048 0.155197 0
0.36 7.84009 0.115139 0
0.36 7.93467 0.0738659 0
0.36 7.98757 0.0318728 0
0.4 -7.98757 0.0318728 0
0.4 -7.93467 0.0738659 0
0.4 -7.84009 0.115139 0
0.4 -7.7048 0.155197 0
0.4 -7.53024 0.193611 0
0.4 -7.31826 0.229973 0
0.4 -7.07111 0.263897 0
0.4 -6.7914 0.295024 0
0.4 -6.4821 0.323024 0
0.4 -6.1465 0.347599 0
0.4 -5.78814 0.36849 0
0.4 -5.41082 0.385475 0
0.4 -5.01855 0.398374 0
0.4 -4.61548 0.40705 0.0000373852
0.4 -4.20589 0.411411 0.000170952
0.4 -3.79411 0.411411 0.000638084
0.4 -3.38452 0.40705 0.00189302
0.4 -2.98145 0.398374 0.00436624
0.4 -2.58918 0.385475 0.00769875
0.4 -2.21186 0.36849 0.0103368
0.4 -1.8535 0.347599 0.0110962
0.4 -1.5179 0.323024 0.0118629
0.4 -1.2086 0.295024 0.0174471
0.4 -0.92889 0.263897 0.0313907
0.4 -0.681737 0.229973 0.0524428
0.4 -0.469758 0.193611 0.0756721
0.4 -0.2952 0.155197 0.0961413
0.4 -0.159913 0.115139 0.111228
0.4 -0.0653275 0.0738659 0.120657
0.4 -0.0124261 0.0318728 0.125352
0.4 0.0124261 0.0318728 0.127394
0.4 0.0653275 0.0738659 0.131354
0.4 0.159913 0.115139 0.136957
0.4 0.2952 0.155197 0.141261
0.4 0.469758 0.193611 0.139806
0.4 0.681737 0.229973 0.127485
0.4 0.92889 0.263897 0.101155
0.4 1.2086 0.295024 0.0636851
0.4 1.5179 0.323024 0.0252757
0.4 1.8535 0.347599 -0.00209026
0.4 2.21186 0.36849 -0.013233
0.4 2.58918 0.385475 -0.0123238
0.4 2.98145 0.398374 -0.0072297
0.4 3.38452 0.40705 -0.00308597
0.4 3.79411 0.411411 -0.00101039
0.4 4.20589 0.411411 -0.000262402
0.4 4.61548 0.40705 -0.0000557271
0.4 5.01855 0.398374 0
0.4 5.41082 0.385475 0
0.4 5.78814 0.36849 0
0.4 6.1465 0.347599 0
0.4 6.4821 0.323024 0
0.4 6.7914 0.295024 0
0.4 7.07111 0.263897 0
0.4 7.31826 0.229973 0
0.4 7.53024 0.193611 0
0.4 7.7048 0.155197 0
0.4 7.84009 0.115139 0
0.4 7.93467 0.0738659 0
0.4 7.98757 0.0318728 0
0.44 -7.98757 0.0318728 0
0.44 -7.93467 0.0738659 0
0.44 -7.84009 0.115139 0
0.44 -7.7048 0.155197 0
0.44 -7.53024 0.193611 0
0.44 -7.31826 0.229973 0
0.44 -7.07111 0.263897 0
0.44 -6.7914 0.295024 0
0.44 -6.4821 0.323024 0
0.44 -6.1465 0.347599 0
0.44 -5.78814 0.36849 0
0.44 -5.41082 0.385475 0
0.44 -5.01855 0.398374 0
0.44 -4.61548 0.40705 0.0000415819
0.44 -4.20589 0.411411 0.000192202
0.44 -3.79411 0.411411 0.000726745
0.44 -3.38452 0.40705 0.00218917
0.44 -2.98145 0.398374 0.005135
0.44 -2.58918 0.385475 0.00918541
0.44 -2.21186 0.36849 0.0122762
0.44 -1.8535 0.347599 0.0121015
0.44 -1.5179 0.323024 0.00941436
0.44 -1.2086 0.295024 0.00889905
0.44 -0.92889 0.263897 0.015319
0.44 -0.681737 0.229973 0.0292094
0.44 -0.469758 0.193611 0.0469381
0.44 -0.2952 0.155197 0.0639624
0.44 -0.159913 0.115139 0.0773384
0.44 -0.0653275 0.0738659 0.0861504
0.44 -0.0124261 0.0318728 0.0907206
0.44 0.0124261 0.0318728 0.0927568
0.44 0.0653275 0.0738659 0.0968197
0.44 0.159913 0.115139 0.102998
0.44 0.2952 0.155197 0.108947
0.44 0.469758 0.193611 0.110839
0.44 0.681737 0.229973 0.103966
0.44 0.92889 0.263897 0.0848986
0.44 1.2086 0.295024 0.0551526
0.44 1.5179 0.323024 0.0229687
0.44 1.8535 0.347599 -0.000958121
0.44 2.21186 0.36849 -0.0112452
0.44 2.58918 0.385475 -0.0108431
0.44 2.98145 0.398374 -0.00647937
0.44 3.38452 0.40705 -0.00280167
0.44 3.79411 0.411411 -0.00092647
0.44 4.20589 0.411411 -0.000242532
0.44 4.61548 0.40705 -0.0000518443
0.44 5.01855 0.398374 0
0.44 5.41082 0.385475 0
0.44 5.78814 0.36849 0
0.44 6.1465 0.347599 0
0.44 6.4821 0.323024 0
0.44 6.7914 0.295024 0
0.44 7.07111 0.263897 0
0.44 7.31826 0.229973 0
0.44 7.53024 0.193611 0
0.44 7.7048 0.155197 0
0.44 7.84009 0.115139 0
0.44 7.93467 0.0738659 0
0.44 7.98757 0.0318728 0
0.48 -7.98757 0.0318728 0
0.48 -7.93467 0.0738659 0
0.48 -7.84009 0.115139 0
0.48 -7.7048 0.155197 0
0.48 -7.53024 0.193611 0
0.48 -7.31826 0.229973 0
0.48 -7.07111 0.263897 0
0.48 -6.7914 0.295024 0
0.48 -6.4821 0.323024 0
0.48 -6.1465 0.347599 0
0.48 -5.78814 0.36849 0
0.48 -5.41082 0.385475 0
0.48 -5.01855 0.398374 0
0.48 -4.61548 0.40705 0.0000457092
0.48 -4.20589 0.411411 0.00021315
0.48 -3.79411 0.411411 0.000814379
0.48 -3.38452 0.40705 0.00248279
0.48 -2.98145 0.398374 0.00589986
0.48 -2.58918 0.385475 0.0106707
0.48 -2.21186 0.36849 0.0142247
0.48 -1.8535 0.347599 0.0131301
0.48 -1.5179 0.323024 0.0069915
0.48 -1.2086 0.295024 0.000358076
0.48 -0.92889 0.263897 -0.000767938
0.48 -0.681737 0.229973 0.00596125
0.48 -0.469758 0.193611 0.018211
0.48 -0.2952 0.155197 0.0318129
0.48 -0.159913 0.115139 0.043494
0.48 -0.0653275 0.0738659 0.0516996
0.48 -0.0124261 0.0318728 0.0561501
0.48 0.0124261 0.0318728 0.0581837
0.48 0.0653275 0.0738659 0.0623558
0.48 0.159913 0.115139 0.0691211
0.48 0.2952 0.155197 0.076734
0.48 0.469758 0.193611 0.0820022
0.48 0.681737 0.229973 0.0805803
0.48 0.92889 0.263897 0.06872
0.48 1.2086 0.295024 0.0466168
0.48 1.5179 0.323024 0.0206142
0.48 1.8535 0.347599 0.000132887
0.48 2.21186 0.36849 -0.00927256
0.48 2.58918 0.385475 -0.00936065
0.48 2.98145 0.398374 -0.00572354
0.48 3.38452 0.40705 -0.00251391
0.48 3.79411 0.411411 -0.000841186
0.48 4.20589 0.411411 -0.00022227
0.48 4.61548 0.40705 -0.000047873
0.48 5.01855 0.398374 0
0.48 5.41082 0.385475 0
0.48 5.78814 0.36849 0
0.48 6.1465 0.347599 0
0.48 6.4821 0.323024 0
0.48 6.7914 0.295024 0
0.48 7.07111 0.263897 0
0.48 7.31826 0.229973 0
0.48 7.53024 0.193611 0
0.48 7.7048 0.155197 0
0.48 7.84009 0.115139 0
0.48 7.93467 0.0738659 0
0.48 7.98757 0.0318728 0
0.52 -7.98757 0.0318728 0
0.52 -7.93467 0.0738659 0
0.52 -7.84009 0.115139 0
0.52 -7.7048 0.155197 0
0.52 -7.53024 0.193611 0
0.52 -7.31826 0.229973 0
0.52 -7.07111 0.263897 0
0.52 -6.7914 0.295024 0
0.52 -6.4821 0.323024 0
0.52 -6.1465 0.347599 0
0.52 -5.78814 0.36849 0
0.52 -5.41082 0.385475 0
0.52 -5.01855 0.398374 0
0.52 -4.61548 0.40705 0.0000497616
0.52 -4.20589 0.411411 0.00023377
0.52 -3.79411 0.411411 0.000900895
0.52 -3.38452 0.40705 0.00277364
0.52 -2.98145 0.398374 0.00666047
0.52 -2.58918 0.385475 0.0121546
0.52 -2.21186 0.36849 0.0161842
0.52 -1.8535 0.347599 0.0141869
0.52 -1.5179 0.323024 0.00459926
0.52 -1.2086 0.295024 -0.00817961
0.52 -0.92889 0.263897 -0.0168905
0.52 -0.681737 0.229973 -0.0173365
0.52 -0.469758 0.193611 -0.010549
0.52 -0.2952 0.155197 -0.00034738
0.52 -0.159913 0.115139 0.00965369
0.52 -0.0653275 0.0738659 0.0172626
0.52 -0.0124261 0.0318728 0.0215986
0.52 0.0124261 0.0318728 0.0236322
0.52 0.0653275 0.0738659 0.0279188
0.52 0.159913 0.115139 0.0352808
0.52 0.2952 0.155197 0.0445737
0.52 0.469758 0.193611 0.0532422
0.52 0.681737 0.229973 0.0572825
0.52 0.92889 0.263897 0.0525975
0.52 1.2086 0.295024 0.0380791
0.52 1.5179 0.323024 0.0182219
0.52 1.8535 0.347599 0.00118972
0.52 2.21186 0.36849 -0.00731304
0.52 2.58918 0.385475 -0.00787672
0.52 2.98145 0.398374 -0.00496293
0.52 3.38452 0.40705 -0.00222306
0.52 3.79411 0.411411 -0.00075467
0.52 4.20589 0.411411 -0.000201649
0.52 4.61548 0.40705 -0.0000438206
0.52 5.01855 0.398374 0
0.52 5.41082 0.385475 0
0.52 5.78814 0.36849 0
0.52 6.1465 0.347599 0
0.52 6.4821 0.323024 0
0.52 6.7914 0.295024 0
0.52 7.07111 0.263897 0
0.52 7.31826 0.229973 0
0.52 7.53024 0.193611 0
0.52 7.7048 0.155197 0
0.52 7.84009 0.115139 0
0.52 7.93467 0.0738659 0
0.52 7.98757 0.0318728 0
0.56 -7.98757 0.0318728 0
0.56 -7.93467 0.0738659 0
0.56 -7.84009 0.115139 0
0.56 -7.7048 0.155197 0
0.56 -7.53024 0.193611 0
0.56 -7.31826 0.229973 0
0.56 -7.07111 0.263897 0
0.56 -6.7914 0.295024 0
0.56 -6.4821 0.323024 0
0.56 -6.1465 0.347599 0
0.56 -5.78814 0.36849 0
0.56 -5.41082 0.385475 0
0.56 -5.01855 0.398374 0
0.56 -4.61548 0.40705 0.0000537328
0.56 -4.20589 0.411411 0.000254033
0.56 -3.79411 0.411411 0.00098618
0.56 -3.38452 0.40705 0.00306141
0.56 -2.98145 0.398374 0.0074163
0.56 -2.58918 0.385475 0.0136371
0.56 -2.21186 0.36849 0.0181568
0.56 -1.8535 0.347599 0.0152779
0.56 -1.5179 0.323024 0.00224474
0.56 -1.2086 0.295024 -0.0167154
0.56 -0.92889 0.263897 -0.0330691
0.56 -0.681737 0.229973 -0.0407223
0.56 -0.469758 0.193611 -0.0393859
0.56 -0.2952 0.155197 -0.0325606
0.56 -0.159913 0.115139 -0.0242234
0.56 -0.0653275 0.0738659 -0.0172013
0.56 -0.0124261 0.0318728 -0.0129744
0.56 0.0124261 0.0318728 -0.0109383
0.56 0.0653275 0.0738659 -0.00653201
0.56 0.159913 0.115139 0.00143643
0.56 0.2952 0.155197 0.0124243
0.56 0.469758 0.193611 0.0245151
0.56 0.681737 0.229973 0.0340343
0.56 0.92889 0.263897 0.0365105
0.56 1.2086 0.295024 0.0295381
0.56 1.5179 0.323024 0.0157991
0.56 1.8535 0.347599 0.00221828
0.56 2.21186 0.36849 -0.00536459
0.56 2.58918 0.385475 -0.00639148
0.56 2.98145 0.398374 -0.00419807
0.56 3.38452 0.40705 -0.00192944
0.56 3.79411 0.411411 -0.000667036
0.56 4.20589 0.411411 -0.000180702
0.56 4.61548 0.40705 -0.0000396934
0.56 5.01855 0.398374 0
0.56 5.41082 0.385475 0
0.56 5.78814 0.36849 0
0.56 6.1465 0.347599 0
0.56 6.4821 0.323024 0
0.56 6.7914 0.295024 0
0.56 7.07111 0.263897 0
0.56 7.31826 0.229973 0
0.56 7.53024 0.193611 0
0.56 7.7048 0.155197 0
0.56 7.84009 0.115139 0
0.56 7.93467 0.0738659 0
0.56 7.98757 0.0318728 0
0.6 -7.98757 0.0318728 0
0.6 -7.93467 0.0738659 0
0.6 -7.84009 0.115139 0
0.6 -7.7048 0.155197 0
0.6 -7.53024 0.193611 0
0.6 -7.31826 0.229973 0
0.6 -7.07111 0.263897 0
0.6 -6.7914 0.295024 0
0.6 -6.4821 0.323024 0
0.6 -6.1465 0.347599 0
0.6 -5.78814 0.36849 0
0.6 -5.41082 0.385475 0
0.6 -5.01855 0.398374 0.0000102699
0.6 -4.61548 0.40705 0.0000576156
0.6 -4.20589 0.411411 0.000273902
0.6 -3.79411 0.411411 0.0010701
0.6 -3.38452 0.40705 0.0033457
0.6 -2.98145 0.398374 0.00816663
0.6 -2.58918 0.385475 0.0151177
0.6 -2.21186 0.36849 0.0201446
0.6 -1.8535 0.347599 0.01641
0.6 -1.5179 0.323024 -0.0000622682
0.6 -1.2086 0.295024 -0.0252479
0.6 -0.92889 0.263897 -0.049325
0.6 -0.681737 0.229973 -0.0642412
0.6 -0.469758 0.193611 -0.0683524
0.6 -0.2952 0.155197 -0.0648747
0.6 -0.159913 0.115139 -0.0581817
0.6 -0.0653275 0.0738659 -0.0517352
0.6 -0.0124261 0.0318728 -0.0476114
0.6 0.0124261 0.0318728 -0.0455701
0.6 0.0653275 0.0738659 -0.0410386
0.6 0.159913 0.115139 -0.0324534
0.6 0.2952 0.155197 -0.0197547
0.6 0.469758 0.193611 -0.00421888
0.6 0.681737 0.229973 0.0108009
0.6 0.92889 0.263897 0.0204388
0.6 1.2086 0.295024 0.0209901
0.6 1.5179 0.323024 0.0133505
0.6 1.8535 0.347599 0.00322356
0.6 2.21186 0.36849 -0.00342516
0.6 2.58918 0.385475 -0.00490481
0.6 2.98145 0.398374 -0.00342932
0.6 3.38452 0.40705 -0.00163329
0.6 3.79411 0.411411 -0.000578375
0.6 4.20589 0.411411 -0.000159451
0.6 4.61548 0.40705 -0.0000354966
0.6 5.01855 0.398374 0
0.6 5.41082 0.385475 0
0.6 5.78814 0.36849 0
0.6 6.1465 0.347599 0
0.6 6.4821 0.323024 0
0.6 6.7914 0.295024 0
0.6 7.07111 0.263897 0
0.6 7.31826 0.229973 0
0.6 7.53024 0.193611 0
0.6 7.7048 0.155197 0
0.6 7.84009 0.115139 0
0.6 7.93467 0.0738659 0
0.6 7.98757 0.0318728 0
0.64 -7.98757 0.0318728 0
0.64 -7.93467 0.0738659 0
0.64 -7.84009 0.115139 0
0.64 -7.7048 0.155197 0
0.64 -7.53024 0.193611 0
0.64 -7.31826 0.229973 0
0.64 -7.07111 0.263897 0
0.64 -6.7914 0.295024 0
0.64 -6.4821 0.323024 0
0.64 -6.1465 0.347599 0
0.64 -5.78814 0.36849 0
0.64 -5.41082 0.385475 0
0.64 -5.01855 0.398374 0.0000108984
0.64 -4.61548 0.40705 0.0000614015
0.64 -4.20589 0.411411 0.000293336
0.64 -3.79411 0.411411 0.00115248
0.64 -3.38452 0.40705 0.00362604
0.64 -2.98145 0.398374 0.0089105
0.64 -2.58918 0.385475 0.0165957
0.64 -2.21186 0.36849 0.0221496
0.64 -1.8535 0.347599 0.0175915
0.64 -1.5179 0.323024 -0.00230858
0.64 -1.2086 0.295024 -0.0337718
0.64 -0.92889 0.263897 -0.0656802
0.64 -0.681737 0.229973 -0.0879481
0.64 -0.469758 0.193611 -0.0975163
0.64 -0.2952 0.155197 -0.0973491
0.64 -0.159913 0.115139 -0.092273
0.64 -0.0653275 0.0738659 -0.0863881
0.64 -0.0124261 0.0318728 -0.08236
0.64 0.0124261 0.0318728 -0.0803105
0.64 0.0653275 0.0738659 -0.0756474
0.64 0.159913 0.115139 -0.0664337
0.64 0.2952 0.155197 -0.0520059
0.64 0.469758 0.193611 -0.0329997
0.64 0.681737 0.229973 -0.0124515
0.64 0.92889 0.263897 0.00436145
0.64 1.2086 0.295024 0.0124292
0.64 1.5179 0.323024 0.0108794
0.64 1.8535 0.347599 0.00420984
0.64 2.21186 0.36849 -0.00149262
0.64 2.58918 0.385475 -0.00341635
0.64 2.98145 0.398374 -0.00265685
0.64 3.38452 0.40705 -0.00133478
0.64 3.79411 0.411411 -0.000488757
0.64 4.20589 0.411411 -0.000137918
0.64 4.61548 0.40705 -0.0000312346
0.64 5.01855 0.398374 0
0.64 5.41082 0.385475 0
0.64 5.78814 0.36849 0
0.64 6.1465 0.347599 0
0.64 6.4821 0.323024 0
0.64 6.7914 0.295024 0
0.64 7.07111 0.263897 0
0.64 7.31826 0.229973 0
0.64 7.53024 0.193611 0
0.64 7.7048 0.155197 0
0.64 7.84009 0.115139 0
0.64 7.93467 0.0738659 0
0.64 7.98757 0.0318728 0
0.68 -7.98757 0.0318728 0
0.68 -7.93467 0.0738659 0
0.68 -7.84009 0.115139 0
0.68 -7.7048 0.155197 0
0.68 -7.53024 0.193611 0
0.68 -7.31826 0.229973 0
0.68 -7.07111 0.263897 0
0.68 -6.7914 0.295024 0
0.68 -6.4821 0.323024 0
0.68 -6.1465 0.347599 0
0.68 -5.78814 0.36849 0
0.68 -5.41082 0.385475 0
0.68 -5.01855 0.398374 0.0000115074
0.68 -4.61548 0.40705 0.0000650806
0.68 -4.20589 0.411411 0.000312287
0.68 -3.79411 0.411411 0.00123314
0.68 -3.38452 0.40705 0.00390184
0.68 -2.98145 0.398374 0.00964669
0.68 -2.58918 0.385475 0.0180699
0.68 -2.21186 0.36849 0.0241735
0.68 -1.8535 0.347599 0.0188321
0.68 -1.5179 0.323024 -0.00447667
0.68 -1.2086 0.295024 -0.042276
0.68 -0.92889 0.263897 -0.0821568
0.68 -0.681737 0.229973 -0.111912
0.68 -0.469758 0.193611 -0.12697
0.68 -0.2952 0.155197 -0.130065
0.68 -0.159913 0.115139 -0.126563
0.68 -0.0653275 0.0738659 -0.12122
0.68 -0.0124261 0.0318728 -0.117278
0.68 0.0124261 0.0318728 -0.115216
0.68 0.0653275 0.0738659 -0.110414
0.68 0.159913 0.115139 -0.100557
0.68 0.2952 0.155197 -0.0843783
0.68 0.469758 0.193611 -0.0618709
0.68 0.681737 0.229973 -0.0357587
0.68 0.92889 0.263897 -0.0117445
0.68 1.2086 0.295024 0.00384728
0.68 1.5179 0.323024 0.00838701
0.68 1.8535 0.347599 0.00518081
0.68 2.21186 0.36849 0.000435236
0.68 2.58918 0.385475 -0.00192546
0.68 2.98145 0.398374 -0.0018807
0.68 3.38452 0.40705 -0.001034
0.68 3.79411 0.411411 -0.000398231
0.68 4.20589 0.411411 -0.000116117
0.68 4.61548 0.40705 -0.0000269108
0.68 5.01855 0.398374 0
0.68 5.41082 0.385475 0
0.68 5.78814 0.36849 0
0.68 6.1465 0.347599 0
0.68 6.4821 0.323024 0
0.68 6.7914 0.295024 0
0.68 7.07111 0.263897 0
0.68 7.31826 0.229973 0
0.68 7.53024 0.193611 0
0.68 7.7048 0.155197 0
0.68 7.84009 0.115139 0
0.68 7.93467 0.0738659 0
0.68 7.98757 0.0318728 0
0.72 -7.98757 0.0318728 0
0.72 -7.93467 0.0738659 0
0.72 -7.84009 0.115139 0
0.72 -7.7048 0.155197 0
0.72 -7.53024 0.193611 0
0.72 -7.31826 0.229973 0
0.72 -7.07111 0.263897 0
0.72 -6.7914 0.295024 0
0.72 -6.4821 0.323024 0
0.72 -6.1465 0.347599 0
0.72 -5.78814 0.36849 0
0.72 -5.41082 0.385475 0
0.72 -5.01855 0.398374 0.000012095
0.72 -4.61548 0.40705 0.0000686416
0.72 -4.20589 0.411411 0.000330695
0.72 -3.79411 0.411411 0.00131183
0.72 -3.38452 0.40705 0.00417236
0.72 -2.98145 0.398374 0.0103736
0.72 -2.58918 0.385475 0.0195386
0.72 -2.21186 0.36849 0.0262181
0.72 -1.8535 0.347599 0.0201431
0.72 -1.5179 0.323024 -0.00654338
0.72 -1.2086 0.295024 -0.0507416
0.72 -0.92889 0.263897 -0.0987754
0.72 -0.681737 0.229973 -0.136219
0.72 -0.469758 0.193611 -0.156844
0.72 -0.2952 0.155197 -0.16314
0.72 -0.159913 0.115139 -0.161141
0.72 -0.0653275 0.0738659 -0.156309
0.72 -0.0124261 0.0318728 -0.15244
0.72 0.0124261 0.0318728 -0.15036
0.72 0.0653275 0.0738659 -0.14541
0.72 0.159913 0.115139 -0.134891
0.72 0.2952 0.155197 -0.116932
0.72 0.469758 0.193611 -0.0908845
0.72 0.681737 0.229973 -0.0591619
0.72 0.92889 0.263897 -0.0279056
0.72 1.2086 0.295024 -0.00476663
0.72 1.5179 0.323024 0.00587319
0.72 1.8535 0.347599 0.0061397
0.72 2.21186 0.36849 0.00236083
0.72 2.58918 0.385475 -0.000431221
0.72 2.98145 0.398374 -0.00110068
0.72 3.38452 0.40705 -0.000730982
0.72 3.79411 0.411411 -0.000306822
0.72 4.20589 0.411411 -0.0000940569
0.72 4.61548 0.40705 -0.0000225274
0.72 5.01855 0.398374 0
0.72 5.41082 0.385475 0
0.72 5.78814 0.36849 0
0.72 6.1465 0.347599 0
0.72 6.4821 0.323024 0
0.72 6.7914 0.295024 0
0.72 7.07111 0.263897 0
0.72 7.31826 0.229973 0
0.72 7.53024 0.193611 0
0.72 7.7048 0.155197 0
0.72 7.84009 0.115139 0
0.72 7.93467 0.0738659 0
0.72 7.98757 0.0318728 0
0.76 -7.98757 0.0318728 0
0.76 -7.93467 0.0738659 0
0.76 -7.84009 0.115139 0
0.76 -7.7048 0.155197 0
0.76 -7.53024 0.193611 0
0.76 -7.31826 0.229973 0
0.76 -7.07111 0.263897 0
0.76 -6.7914 0.295024 0
0.76 -6.4821 0.323024 0
0.76 -6.1465 0.347599 0
0.76 -5.78814 0.36849 0
0.76 -5.41082 0.385475 0
0.76 -5.01855 0.398374 0.0000126591
0.76 -4.61548 0.40705 0.0000720712
0.76 -4.20589 0.411411 0.000348495
0.76 -3.79411 0.411411 0.00138828
0.76 -3.38452 0.40705 0.00443672
0.76 -2.98145 0.398374 0.0110893
0.76 -2.58918 0.385475 0.020999
0.76 -2.21186 0.36849 0.0282843
0.76 -1.8535 0.347599 0.021538
0.76 -1.5179 0.323024 -0.00847823
0.76 -1.2086 0.295024 -0.0591373
0.76 -0.92889 0.263897 -0.115551
0.76 -0.681737 0.229973 -0.16098
0.76 -0.469758 0.193611 -0.18733
0.76 -0.2952 0.155197 -0.196764
0.76 -0.159913 0.115139 -0.196141
0.76 -0.0653275 0.0738659 -0.191763
0.76 -0.0124261 0.0318728 -0.187947
0.76 0.0124261 0.0318728 -0.185843
0.76 0.0653275 0.0738659 -0.18073
0.76 0.159913 0.115139 -0.169525
0.76 0.2952 0.155197 -0.149748
0.76 0.469758 0.193611 -0.120107
0.76 0.681737 0.229973 -0.0827126
0.76 0.92889 0.263897 -0.0441552
0.76 1.2086 0.295024 -0.0134274
0.76 1.5179 0.323024 0.0033358
0.76 1.8535 0.347599 0.00708937
0.76 2.21186 0.36849 0.00428694
0.76 2.58918 0.385475 0.00106772
0.76 2.98145 0.398374 -0.000316399
0.76 3.38452 0.40705 -0.000425643
0.76 3.79411 0.411411 -0.000214525
0.76 4.20589 0.411411 -0.0000717407
0.76 4.61548 0.40705 -0.0000180854
0.76 5.01855 0.398374 0
0.76 5.41082 0.385475 0
0.76 5.78814 0.36849 0
0.76 6.1465 0.347599 0
0.76 6.4821 0.323024 0
0.76 6.7914 0.295024 0
0.76 7.07111 0.263897 0
0.76 7.31826 0.229973 0
0.76 7.53024 0.193611 0
0.76 7.7048 0.155197 0
0.76 7.84009 0.115139 0
0.76 7.93467 0.0738659 0
0.76 7.98757 0.0318728 0
0.8 -7.98757 0.0318728 0
0.8 -7.93467 0.0738659 0
0.8 -7.84009 0.115139 0
0.8 -7.7048 0.155197 0
0.8 -7.53024 0.193611 0
0.8 -7.31826 0.229973 0
0.8 -7.07111 0.263897 0
0.8 -6.7914 0.295024 0
0.8 -6.4821 0.323024 0
0.8 -6.1465 0.347599 0
0.8 -5.78814 0.36849 0
0.8 -5.41082 0.385475 0
0.8 -5.01855 0.398374 0.0000131971
0.8 -4.61548 0.40705 0.0000753537
0.8 -4.20589 0.411411 0.000365604
0.8 -3.79411 0.411411 0.00146215
0.8 -3.38452 0.40705 0.00469381
0.8 -2.98145 0.398374 0.0117912
0.8 -2.58918 0.385475 0.0224478
0.8 -2.21186 0.36849 0.0303726
0.8 -1.8535 0.347599 0.0230324
0.8 -1.5179 0.323024 -0.010241
0.8 -1.2086 0.295024 -0.0674141
0.8 -0.92889 0.263897 -0.132486
0.8 -0.681737 0.229973 -0.186328
0.8 -0.469758 0.193611 -0.218711
0.8 -0.2952 0.155197 -0.231251
0.8 -0.159913 0.115139 -0.231791
0.8 -0.0653275 0.0738659 -0.227747
0.8 -0.0124261 0.0318728 -0.223948
0.8 0.0124261 0.0318728 -0.221808
0.8 0.0653275 0.0738659 -0.216514
0.8 0.159913 0.115139 -0.204587
0.8 0.2952 0.155197 -0.182937
0.8 0.469758 0.193611 -0.149633
0.8 0.681737 0.229973 -0.10648
0.8 0.92889 0.263897 -0.0605377
0.8 1.2086 0.295024 -0.0221562
0.8 1.5179 0.323024 0.000770319
0.8 1.8535 0.347599 0.00803251
0.8 2.21186 0.36849 0.00621692
0.8 2.58918 0.385475 0.00257327
0.8 2.98145 0.398374 0.000472881
0.8 3.38452 0.40705 -0.000117786
0.8 3.79411 0.411411 -0.0001213
0.8 4.20589 0.411411 -0.0000491621
0.8 4.61548 0.40705 -0.0000135841
0.8 5.01855 0.398374 0
0.8 5.41082 0.385475 0
0.8 5.78814 0.36849 0
0.8 6.1465 0.347599 0
0.8 6.4821 0.323024 0
0.8 6.7914 0.295024 0
0.8 7.07111 0.263897 0
0.8 7.31826 0.229973 0
0.8 7.53024 0.193611 0
0.8 7.7048 0.155197 0
0.8 7.84009 0.115139 0
0.8 7.93467 0.0738659 0
0.8 7.98757 0.0318728 0
0.84 -7.98757 0.0318728 0
0.84 -7.93467 0.0738659 0
0.84 -7.84009 0.115139 0
0.84 -7.7048 0.155197 0
0.84 -7.53024 0.193611 0
0.84 -7.31826 0.229973 0
0.84 -7.07111 0.263897 0
0.84 -6.7914 0.295024 0
0.84 -6.4821 0.323024 0
0.84 -6.1465 0.347599 0
0.84 -5.78814 0.36849 0
0.84 -5.41082 0.385475 0
0.84 -5.01855 0.398374 0.0000137059
0.84 -4.61548 0.40705 0.0000784702
0.84 -4.20589 0.411411 0.000381923
0.84 -3.79411 0.411411 0.00153302
0.84 -3.38452 0.40705 0.00494224
0.84 -2.98145 0.398374 0.0124757
0.84 -2.58918 0.385475 0.0238795
0.84 -2.21186 0.36849 0.0324817
0.84 -1.8535 0.347599 0.0246441
0.84 -1.5179 0.323024 -0.0117785
0.84 -1.2086 0.295024 -0.0754953
0.84 -0.92889 0.263897 -0.149555
0.84 -0.681737 0.229973 -0.212424
0.84 -0.469758 0.193611 -0.25141
0.84 -0.2952 0.155197 -0.267167
0.84 -0.159913 0.115139 -0.268529
0.84 -0.0653275 0.0738659 -0.264533
0.84 -0.0124261 0.0318728 -0.260675
0.84 0.0124261 0.0318728 -0.25848
0.84 0.0653275 0.0738659 -0.252977
0.84 0.159913 0.115139 -0.240274
0.84 0.2952 0.155197 -0.216672
0.84 0.469758 0.193611 -0.179599
0.84 0.681737 0.229973 -0.130567
0.84 0.92889 0.263897 -0.0771178
0.84 1.2086 0.295024 -0.0309842
0.84 1.5179 0.323024 -0.00183136
0.84 1.8535 0.347599 0.0089717
0.84 2.21186 0.36849 0.00815518
0.84 2.58918 0.385475 0.00408825
0.84 2.98145 0.398374 0.00126836
0.84 3.38452 0.40705 0.00019297
0.84 3.79411 0.411411 -0.0000270532
0.84 4.20589 0.411411 -0.0000263022
0.84 4.61548 0.40705 0
0.84 5.01855 0.398374 0
0.84 5.41082 0.385475 0
0.84 5.78814 0.36849 0
0.84 6.1465 0.347599 0
0.84 6.4821 0.323024 0
0.84 6.7914 0.295024 0
0.84 7.07111 0.263897 0
0.84 7.31826 0.229973 0
0.84 7.53024 0.193611 0
0.84 7.7048 0.155197 0
0.84 7.84009 0.115139 0
0.84 7.93467 0.0738659 0
0.84 7.98757 0.0318728 0
0.88 -7.98757 0.0318728 0
0.88 -7.93467 0.0738659 0
0.88 -7.84009 0.115139 0
0.88 -7.7048 0.155197 0
0.88 -7.53024 0.193611 0
0.88 -7.31826 0.229973 0
0.88 -7.07111 0.263897 0
0.88 -6.7914 0.295024 0
0.88 -6.4821 0.323024 0
0.88 -6.1465 0.347599 0
0.88 -5.78814 0.36849 0
0.88 -5.41082 0.385475 0
0.88 -5.01855 0.398374 0.0000141818
0.88 -4.61548 0.40705 0.0000813974
0.88 -4.20589 0.411411 0.00039733
0.88 -3.79411 0.411411 0.00160036
0.88 -3.38452 0.40705 0.00518019
0.88 -2.98145 0.398374 0.0131385
0.88 -2.58918 0.385475 0.0252866
0.88 -2.21186 0.36849 0.0346078
0.88 -1.8535 0.347599 0.0263931
0.88 -1.5179 0.323024 -0.0130201
0.88 -1.2086 0.295024 -0.0832616
0.88 -0.92889 0.263897 -0.16668
0.88 -0.681737 0.229973 -0.23943
0.88 -0.469758 0.193611 -0.286055
0.88 -0.2952 0.155197 -0.305554
0.88 -0.159913 0.115139 -0.307336
0.88 -0.0653275 0.0738659 -0.302691
0.88 -0.0124261 0.0318728 -0.298528
0.88 0.0124261 0.0318728 -0.296241
0.88 0.0653275 0.0738659 -0.290479
0.88 0.159913 0.115139 -0.276913
0.88 0.2952 0.155197 -0.251234
0.88 0.469758 0.193611 -0.210231
0.88 0.681737 0.229973 -0.155137
0.88 0.92889 0.263897 -0.0939976
0.88 1.2086 0.295024 -0.0399613
0.88 1.5179 0.323024 -0.00448358
0.88 1.8535 0.347599 0.00990959
0.88 2.21186 0.36849 0.010108
0.88 2.58918 0.385475 0.00561708
0.88 2.98145 0.398374 0.00207206
0.88 3.38452 0.40705 0.000507313
0.88 3.79411 0.411411 0.0000683989
0.88 4.20589 0.411411 0
0.88 4.61548 0.40705 0
0.88 5.01855 0.398374 0
0.88 5.41082 0.385475 0
0.88 5.78814 0.36849 0
0.88 6.1465 0.347599 0
0.88 6.4821 0.323024 0
0.88 6.7914 0.295024 0
0.88 7.07111 0.263897 0
0.88 7.31826 0.229973 0
0.88 7.53024 0.193611 0
0.88 7.7048 0.155197 0
0.88 7.84009 0.115139 0
0.88 7.93467 0.0738659 0
0.88 7.98757 0.0318728 0
0.92 -7.98757 0.0318728 0
0.92 -7.93467 0.0738659 0
0.92 -7.84009 0.115139 0
0.92 -7.7048 0.155197 0
0.92 -7.53024 0.193611 0
0.92 -7.31826 0.229973 0
0.92 -7.07111 0.263897 0
0.92 -6.7914 0.295024 0
0.92 -6.4821 0.323024 0
0.92 -6.1465 0.347599 0
0.92 -5.78814 0.36849 0
0.92 -5.41082 0.385475 0
0.92 -5.01855 0.398374 0.0000146199
0.92 -4.61548 0.40705 0.0000841049
0.92 -4.20589 0.411411 0.000411663
0.92 -3.79411 0.411411 0.00166345
0.92 -3.38452 0.40705 0.00540521
0.92 -2.98145 0.398374 0.0137729
0.92 -2.58918 0.385475 0.0266577
0.92 -2.21186 0.36849 0.0367421
0.92 -1.8535 0.347599 0.028301
0.92 -1.5179 0.323024 -0.0138702
0.92 -1.2086 0.295024 -0.0905251
0.92 -0.92889 0.263897 -0.183674
0.92 -0.681737 0.229973 -0.26746
0.92 -0.469758 0.193611 -0.323537
0.92 -0.2952 0.155197 -0.348394
0.92 -0.159913 0.115139 -0.350711
0.92 -0.0653275 0.0738659 -0.343923
0.92 -0.0124261 0.0318728 -0.338345
0.92 0.0124261 0.0318728 -0.335827
0.92 0.0653275 0.0738659 -0.329714
0.92 0.159913 0.115139 -0.315124
0.92 0.2952 0.155197 -0.287147
0.92 0.469758 0.193611 -0.241944
0.92 0.681737 0.229973 -0.180485
0.92 0.92889 0.263897 -0.11136
0.92 1.2086 0.295024 -0.0491772
0.92 1.5179 0.323024 -0.00721353
0.92 1.8535 0.347599 0.0108491
0.92 2.21186 0.36849 0.0120857
0.92 2.58918 0.385475 0.00716726
0.92 2.98145 0.398374 0.00288757
0.92 3.38452 0.40705 0.000826517
0.92 3.79411 0.411411 0.000165409
0.92 4.20589 0.411411 0.0000204582
0.92 4.61548 0.40705 0
0.92 5.01855 0.398374 0
0.92 5.41082 0.385475 0
0.92 5.78814 0.36849 0
0.92 6.1465 0.347599 0
0.92 6.4821 0.323024 0
0.92 6.7914 0.295024 0
0.92 7.07111 0.263897 0
0.92 7.31826 0.229973 0
0.92 7.53024 0.193611 0
0.92 7.7048 0.155197 0
0.92 7.84009 0.115139 0
0.92 7.93467 0.0738659 0
0.92 7.98757 0.0318728 0
0.96 -7.98757 0.0318728 0
0.96 -7.93467 0.0738659 0
0.96 -7.84009 0.115139 0
0.96 -7.7048 0.155197 0
0.96 -7.53024 0.193611 0
0.96 -7.31826 0.229973 0
0.96 -7.07111 0.263897 0
0.96 -6.7914 0.295024 0
0.96 -6.4821 0.323024 0
0.96 -6.1465 0.347599 0
0.96 -5.78814 0.36849 0
0.96 -5.41082 0.385475 0
0.96 -5.01855 0.398374 0.0000150136
0.96 -4.61548 0.40705 0.0000865504
0.96 -4.20589 0.411411 0.000424694
0.96 -3.79411 0.411411 0.00172128
0.96 -3.38452 0.40705 0.00561372
0.96 -2.98145 0.398374 0.0143694
0.96 -2.58918 0.385475 0.0279742
0.96 -2.21186 0.36849 0.0388663
0.96 -1.8535 0.347599 0.0303878
0.96 -1.5179 0.323024 -0.0141972
0.96 -1.2086 0.295024 -0.0969798
0.96 -0.92889 0.263897 -0.200129
0.96 -0.681737 0.229973 -0.296412
0.96 -0.469758 0.193611 -0.364993
0.96 -0.2952 0.155197 -0.399417
0.96 -0.159913 0.115139 -0.405583
0.96 -0.0653275 0.0738659 -0.395804
0.96 -0.0124261 0.0318728 -0.383918
0.96 0.0124261 0.0318728 -0.379008
0.96 0.0653275 0.0738659 -0.372326
0.96 0.159913 0.115139 -0.356355
0.96 0.2952 0.155197 -0.325615
0.96 0.469758 0.193611 -0.275668
0.96 0.681737 0.229973 -0.207265
0.96 0.92889 0.263897 -0.129604
0.96 1.2086 0.295024 -0.0588267
0.96 1.5179 0.323024 -0.0100824
0.96 1.8535 0.347599 0.0117935
0.96 2.21186 0.36849 0.0141079
0.96 2.58918 0.385475 0.00875403
0.96 2.98145 0.398374 0.00372237
0.96 3.38452 0.40705 0.00115329
0.96 3.79411 0.411411 0.000264739
0.96 4.20589 0.411411 0.0000446105
0.96 4.61548 0.40705 0
0.96 5.01855 0.398374 0
0.96 5.41082 0.385475 0
0.96 5.78814 0.36849 0
0.96 6.1465 0.347599 0
0.96 6.4821 0.323024 0
0.96 6.7914 0.295024 0
0.96 7.07111 0.263897 0
0.96 7.31826 0.229973 0
0.96 7.53024 0.193611 0
0.96 7.7048 0.155197 0
0.96 7.84009 0.115139 0
0.96 7.93467 0.0738659 0
0.96 7.98757 0.0318728 0
