#x points: 24 #c points: 90
xloc: cloc: weight: f
values below 10e-5 have been chopped
0.04 -7.99441 0.0143307 0
0.04 -7.9706 0.0332928 0
0.04 -7.92787 0.0521244 0
0.04 -7.86643 0.0707101 0
0.04 -7.78657 0.0889594 0
0.04 -7.68866 0.106785 0
0.04 -7.57317 0.124101 0
0.04 -7.44065 0.140827 0
0.04 -7.29174 0.156881 0
0.04 -7.12714 0.172188 0
0.04 -6.94764 0.186674 0
0.04 -6.75409 0.20027 0
0.04 -6.54741 0.212912 0
0.04 -6.3286 0.22454 0
0.04 -6.09869 0.235097 0
0.04 -5.85878 0.244534 0
0.04 -5.61001 0.252806 0
0.04 -5.35357 0.259873 0
0.04 -5.09068 0.265701 0
0.04 -4.82259 0.270264 0
0.04 -4.55058 0.273538 0
0.04 -4.27595 0.275509 -0.0000232944
0.04 -4. 0.276167 -0.00008641
0.04 -3.72405 0.275509 -0.000269773
0.04 -3.44942 0.273538 -0.000722696
0.04 -3.17741 0.270264 -0.00166786
0.04 -2.90932 0.265701 -0.00329636
0.04 -2.64643 0.259873 -0.00547527
0.04 -2.38999 0.252806 -0.00727736
0.04 -2.14122 0.244534 -0.00654862
0.04 -1.90131 0.235097 0.0000895502
0.04 -1.6714 0.22454 0.0164879
0.04 -1.45259 0.212912 0.0455796
0.04 -1.24591 0.20027 0.0879773
0.04 -1.05236 0.186674 0.141335
0.04 -0.872863 0.172188 0.200855
0.04 -0.708263 0.156881 0.260681
0.04 -0.55935 0.140827 0.315484
0.04 -0.426833 0.124101 0.361597
0.04 -0.311344 0.106785 0.397428
0.04 -0.213433 0.0889594 0.423206
0.04 -0.133567 0.0707101 0.440379
0.04 -0.0721251 0.0521244 0.450928
0.04 -0.0294 0.0332928 0.456801
0.04 -0.00558542 0.0143307 0.459535
0.04 0.00558542 0.0143307 0.461771
0.04 0.0294 0.0332928 0.46806
0.04 0.0721251 0.0521244 0.476549
0.04 0.133567 0.0707101 0.483253
0.04 0.213433 0.0889594 0.483669
0.04 0.311344 0.106785 0.473369
0.04 0.426833 0.124101 0.448576
0.04 0.55935 0.140827 0.406964
0.04 0.708263 0.156881 0.34862
0.04 0.872863 0.172188 0.276841
0.04 1.05236 0.186674 0.198228
0.04 1.24591 0.20027 0.121646
0.04 1.45259 0.212912 0.0560725
0.04 1.6714 0.22454 0.0080246
0.04 1.90131 0.235097 -0.020309
0.04 2.14122 0.244534 -0.0312869
0.04 2.38999 0.252806 -0.0303045
0.04 2.64643 0.259873 -0.0234284
0.04 2.90932 0.265701 -0.0154103
0.04 3.17741 0.270264 -0.00885808
0.04 3.44942 0.273538 -0.00451529
0.04 3.72405 0.275509 -0.00206169
0.04 4. 0.276167 -0.000850405
0.04 4.27595 0.275509 -0.000319483
0.04 4.55058 0.273538 -0.00011026
0.04 4.82259 0.270264 -0.0000352843
0.04 5.09068 0.265701 -0.0000105771
0.04 5.35357 0.259873 0
0.04 5.61001 0.252806 0
0.04 5.85878 0.244534 0
0.04 6.09869 0.235097 0
0.04 6.3286 0.22454 0
0.04 6.54741 0.212912 0
0.04 6.75409 0.20027 0
0.04 6.94764 0.186674 0
0.04 7.12714 0.172188 0
0.04 7.29174 0.156881 0
0.04 7.44065 0.140827 0
0.04 7.57317 0.124101 0
0.04 7.68866 0.106785 0
0.04 7.78657 0.0889594 0
0.04 7.86643 0.0707101 0
0.04 7.92787 0.0521244 0
0.04 7.9706 0.0332928 0
0.04 7.99441 0.0143307 0
0.08 -7.99441 0.0143307 0
0.08 -7.9706 0.0332928 0
0.08 -7.92787 0.0521244 0
0.08 -7.86643 0.0707101 0
0.08 -7.78657 0.0889594 0
0.08 -7.68866 0.106785 0
0.08 -7.57317 0.124101 0
0.08 -7.44065 0.140827 0
0.08 -7.29174 0.156881 0
0.08 -7.12714 0.172188 0
0.08 -6.94764 0.186674 0
0.08 -6.75409 0.20027 0
0.08 -6.54741 0.212912 0
0.08 -6.3286 0.22454 0
0.08 -6.09869 0.235097 0
0.08 -5.85878 0.244534 0
0.08 -5.61001 0.252806 0
0.08 -5.35357 0.259873 0
0.08 -5.09068 0.265701 0
0.08 -4.82259 0.270264 0
0.08 -4.55058 0.273538 0
0.08 -4.27595 0.275509 0
0.08 -4. 0.276167 -0.0000361315
0.08 -3.72405 0.275509 -0.000146069
0.08 -3.44942 0.273538 -0.000447981
0.08 -3.17741 0.270264 -0.00112198
0.08 -2.90932 0.265701 -0.00233586
0.08 -2.64643 0.259873 -0.00400137
0.08 -2.38999 0.252806 -0.00535958
0.08 -2.14122 0.244534 -0.00457272
0.08 -1.90131 0.235097 0.00132186
0.08 -1.6714 0.22454 0.0157864
0.08 -1.45259 0.212912 0.0415503
0.08 -1.24591 0.20027 0.0793149
0.08 -1.05236 0.186674 0.127112
0.08 -0.872863 0.172188 0.180705
0.08 -0.708263 0.156881 0.234818
0.08 -0.55935 0.140827 0.284583
0.08 -0.426833 0.124101 0.326603
0.08 -0.311344 0.106785 0.359348
0.08 -0.213433 0.0889594 0.382961
0.08 -0.133567 0.0707101 0.398716
0.08 -0.0721251 0.0521244 0.408399
0.08 -0.0294 0.0332928 0.413787
0.08 -0.00558542 0.0143307 0.416292
0.08 0.00558542 0.0143307 0.417407
0.08 0.0294 0.0332928 0.419925
0.08 0.0721251 0.0521244 0.424167
0.08 0.133567 0.0707101 0.428505
0.08 0.213433 0.0889594 0.429617
0.08 0.311344 0.106785 0.423106
0.08 0.426833 0.124101 0.404587
0.08 0.55935 0.140827 0.370875
0.08 0.708263 0.156881 0.321151
0.08 0.872863 0.172188 0.257835
0.08 1.05236 0.186674 0.186751
0.08 1.24591 0.20027 0.116186
0.08 1.45259 0.212912 0.054825
0.08 1.6714 0.22454 0.00922201
0.08 1.90131 0.235097 -0.0181137
0.08 2.14122 0.244534 -0.0290622
0.08 2.38999 0.252806 -0.0285366
0.08 2.64643 0.259873 -0.0222364
0.08 2.90932 0.265701 -0.0147075
0.08 3.17741 0.270264 -0.00849024
0.08 3.44942 0.273538 -0.00434275
0.08 3.72405 0.275509 -0.00198862
0.08 4. 0.276167 -0.00082227
0.08 4.27595 0.275509 -0.000309564
0.08 4.55058 0.273538 -0.000107032
0.08 4.82259 0.270264 -0.0000343063
0.08 5.09068 0.265701 -0.0000102985
0.08 5.35357 0.259873 0
0.08 5.61001 0.252806 0
0.08 5.85878 0.244534 0
0.08 6.09869 0.235097 0
0.08 6.3286 0.22454 0
0.08 6.54741 0.212912 0
0.08 6.75409 0.20027 0
0.08 6.94764 0.186674 0
0.08 7.12714 0.172188 0
0.08 7.29174 0.156881 0
0.08 7.44065 0.140827 0
0.08 7.57317 0.124101 0
0.08 7.68866 0.106785 0
0.08 7.78657 0.0889594 0
0.08 7.86643 0.0707101 0
0.08 7.92787 0.0521244 0
0.08 7.9706 0.0332928 0
0.08 7.99441 0.0143307 0
0.12 -7.99441 0.0143307 0
0.12 -7.9706 0.0332928 0
0.12 -7.92787 0.0521244 0
0.12 -7.86643 0.0707101 0
0.12 -7.78657 0.0889594 0
0.12 -7.68866 0.106785 0
0.12 -7.57317 0.124101 0
0.12 -7.44065 0.140827 0
0.12 -7.29174 0.156881 0
0.12 -7.12714 0.172188 0
0.12 -6.94764 0.186674 0
0.12 -6.75409 0.20027 0
0.12 -6.54741 0.212912 0
0.12 -6.3286 0.22454 0
0.12 -6.09869 0.235097 0
0.12 -5.85878 0.244534 0
0.12 -5.61001 0.252806 0
0.12 -5.35357 0.259873 0
0.12 -5.09068 0.265701 0
0.12 -4.82259 0.270264 0
0.12 -4.55058 0.273538 0
0.12 -4.27595 0.275509 0.0000134657
0.12 -4. 0.276167 0.0000129646
0.12 -3.72405 0.275509 -0.0000252502
0.12 -3.44942 0.273538 -0.000179634
0.12 -3.17741 0.270264 -0.000588719
0.12 -2.90932 0.265701 -0.00139755
0.12 -2.64643 0.259873 -0.00256148
0.12 -2.38999 0.252806 -0.00348555
0.12 -2.14122 0.244534 -0.00263902
0.12 -1.90131 0.235097 0.00253907
0.12 -1.6714 0.22454 0.01514
0.12 -1.45259 0.212912 0.0377069
0.12 -1.24591 0.20027 0.0710402
0.12 -1.05236 0.186674 0.113551
0.12 -0.872863 0.172188 0.161549
0.12 -0.708263 0.156881 0.210321
0.12 -0.55935 0.140827 0.255438
0.12 -0.426833 0.124101 0.293747
0.12 -0.311344 0.106785 0.323769
0.12 -0.213433 0.0889594 0.345546
0.12 -0.133567 0.0707101 0.36017
0.12 -0.0721251 0.0521244 0.369221
0.12 -0.0294 0.0332928 0.374296
0.12 -0.00558542 0.0143307 0.376672
0.12 0.00558542 0.0143307 0.377699
0.12 0.0294 0.0332928 0.37973
0.12 0.0721251 0.0521244 0.382733
0.12 0.133567 0.0707101 0.385537
0.12 0.213433 0.0889594 0.38595
0.12 0.311344 0.106785 0.380586
0.12 0.426833 0.124101 0.365467
0.12 0.55935 0.140827 0.337207
0.12 0.708263 0.156881 0.294358
0.12 0.872863 0.172188 0.238483
0.12 1.05236 0.186674 0.174503
0.12 1.24591 0.20027 0.109935
0.12 1.45259 0.212912 0.0529791
0.12 1.6714 0.22454 0.0100693
0.12 1.90131 0.235097 -0.0160609
0.12 2.14122 0.244534 -0.0268503
0.12 2.38999 0.252806 -0.0267243
0.12 2.64643 0.259873 -0.0209903
0.12 2.90932 0.265701 -0.0139624
0.12 3.17741 0.270264 -0.00809597
0.12 3.44942 0.273538 -0.00415618
0.12 3.72405 0.275509 -0.00190904
0.12 4. 0.276167 -0.000791445
0.12 4.27595 0.275509 -0.000298641
0.12 4.55058 0.273538 -0.000103462
0.12 4.82259 0.270264 -0.0000332205
0.12 5.09068 0.265701 0
0.12 5.35357 0.259873 0
0.12 5.61001 0.252806 0
0.12 5.85878 0.244534 0
0.12 6.09869 0.235097 0
0.12 6.3286 0.22454 0
0.12 6.54741 0.212912 0
0.12 6.75409 0.20027 0
0.12 6.94764 0.186674 0
0.12 7.12714 0.172188 0
0.12 7.29174 0.156881 0
0.12 7.44065 0.140827 0
0.12 7.57317 0.124101 0
0.12 7.68866 0.106785 0
0.12 7.78657 0.0889594 0
0.12 7.86643 0.0707101 0
0.12 7.92787 0.0521244 0
0.12 7.9706 0.0332928 0
0.12 7.99441 0.0143307 0
0.16 -7.99441 0.0143307 0
0.16 -7.9706 0.0332928 0
0.16 -7.92787 0.0521244 0
0.16 -7.86643 0.0707101 0
0.16 -7.78657 0.0889594 0
0.16 -7.68866 0.106785 0
0.16 -7.57317 0.124101 0
0.16 -7.44065 0.140827 0
0.16 -7.29174 0.156881 0
0.16 -7.12714 0.172188 0
0.16 -6.94764 0.186674 0
0.16 -6.75409 0.20027 0
0.16 -6.54741 0.212912 0
0.16 -6.3286 0.22454 0
0.16 -6.09869 0.235097 0
0.16 -5.85878 0.244534 0
0.16 -5.61001 0.252806 0
0.16 -5.35357 0.259873 0
0.16 -5.09068 0.265701 0
0.16 -4.82259 0.270264 0
0.16 -4.55058 0.273538 0.0000135692
0.16 -4.27595 0.275509 0.0000313144
0.16 -4. 0.276167 0.000061251
0.16 -3.72405 0.275509 0.0000936467
0.16 -3.44942 0.273538 0.0000845937
0.16 -3.17741 0.270264 -0.0000633676
0.16 -2.90932 0.265701 -0.000472714
0.16 -2.64643 0.259873 -0.00114159
0.16 -2.38999 0.252806 -0.00163642
0.16 -2.14122 0.244534 -0.00072854
0.16 -1.90131 0.235097 0.00374886
0.16 -1.6714 0.22454 0.0145255
0.16 -1.45259 0.212912 0.0339668
0.16 -1.24591 0.20027 0.0629791
0.16 -1.05236 0.186674 0.100352
0.16 -0.872863 0.172188 0.142936
0.16 -0.708263 0.156881 0.186567
0.16 -0.55935 0.140827 0.227241
0.16 -0.426833 0.124101 0.262037
0.16 -0.311344 0.106785 0.289517
0.16 -0.213433 0.0889594 0.309616
0.16 -0.133567 0.0707101 0.32324
0.16 -0.0721251 0.0521244 0.331764
0.16 -0.0294 0.0332928 0.336601
0.16 -0.00558542 0.0143307 0.33889
0.16 0.00558542 0.0143307 0.339876
0.16 0.0294 0.0332928 0.341797
0.16 0.0721251 0.0521244 0.344526
0.16 0.133567 0.0707101 0.346875
0.16 0.213433 0.0889594 0.347047
0.16 0.311344 0.106785 0.3424
0.16 0.426833 0.124101 0.329613
0.16 0.55935 0.140827 0.305527
0.16 0.708263 0.156881 0.268416
0.16 0.872863 0.172188 0.219178
0.16 1.05236 0.186674 0.161871
0.16 1.24591 0.20027 0.103178
0.16 1.45259 0.212912 0.050699
0.16 1.6714 0.22454 0.0106359
0.16 1.90131 0.235097 -0.0141393
0.16 2.14122 0.244534 -0.0246663
0.16 2.38999 0.252806 -0.0248887
0.16 2.64643 0.259873 -0.0197075
0.16 2.90932 0.265701 -0.0131862
0.16 3.17741 0.270264 -0.00768145
0.16 3.44942 0.273538 -0.00395858
0.16 3.72405 0.275509 -0.00182422
0.16 4. 0.276167 -0.000758423
0.16 4.27595 0.275509 -0.000286887
0.16 4.55058 0.273538 -0.0000996058
0.16 4.82259 0.270264 -0.0000320436
0.16 5.09068 0.265701 0
0.16 5.35357 0.259873 0
0.16 5.61001 0.252806 0
0.16 5.85878 0.244534 0
0.16 6.09869 0.235097 0
0.16 6.3286 0.22454 0
0.16 6.54741 0.212912 0
0.16 6.75409 0.20027 0
0.16 6.94764 0.186674 0
0.16 7.12714 0.172188 0
0.16 7.29174 0.156881 0
0.16 7.44065 0.140827 0
0.16 7.57317 0.124101 0
0.16 7.68866 0.106785 0
0.16 7.78657 0.0889594 0
0.16 7.86643 0.0707101 0
0.16 7.92787 0.0521244 0
0.16 7.9706 0.0332928 0
0.16 7.99441 0.0143307 0
0.2 -7.99441 0.0143307 0
0.2 -7.9706 0.0332928 0
0.2 -7.92787 0.0521244 0
0.2 -7.86643 0.0707101 0
0.2 -7.78657 0.0889594 0
0.2 -7.68866 0.106785 0
0.2 -7.57317 0.124101 0
0.2 -7.44065 0.140827 0
0.2 -7.29174 0.156881 0
0.2 -7.12714 0.172188 0
0.2 -6.94764 0.186674 0
0.2 -6.75409 0.20027 0
0.2 -6.54741 0.212912 0
0.2 -6.3286 0.22454 0
0.2 -6.09869 0.235097 0
0.2 -5.85878 0.244534 0
0.2 -5.61001 0.252806 0
0.2 -5.35357 0.259873 0
0.2 -5.09068 0.265701 0
0.2 -4.82259 0.270264 0
0.2 -4.55058 0.273538 0.0000195377
0.2 -4.27595 0.275509 0.0000489126
0.2 -4. 0.276167 0.000108898
0.2 -3.72405 0.275509 0.000211067
0.2 -3.44942 0.273538 0.000345755
0.2 -3.17741 0.270264 0.000456311
0.2 -2.90932 0.265701 0.000442863
0.2 -2.64643 0.259873 0.000265189
0.2 -2.38999 0.252806 0.000197251
0.2 -2.14122 0.244534 0.00116864
0.2 -1.90131 0.235097 0.0049562
0.2 -1.6714 0.22454 0.0139332
0.2 -1.45259 0.212912 0.0302931
0.2 -1.24591 0.20027 0.0550517
0.2 -1.05236 0.186674 0.0873784
0.2 -0.872863 0.172188 0.124661
0.2 -0.708263 0.156881 0.163275
0.2 -0.55935 0.140827 0.199631
0.2 -0.426833 0.124101 0.231033
0.2 -0.311344 0.106785 0.256076
0.2 -0.213433 0.0889594 0.274588
0.2 -0.133567 0.0707101 0.287286
0.2 -0.0721251 0.0521244 0.295341
0.2 -0.0294 0.0332928 0.299978
0.2 -0.00558542 0.0143307 0.302202
0.2 0.00558542 0.0143307 0.303164
0.2 0.0294 0.0332928 0.305041
0.2 0.0721251 0.0521244 0.307737
0.2 0.133567 0.0707101 0.3101
0.2 0.213433 0.0889594 0.310487
0.2 0.311344 0.106785 0.306676
0.2 0.426833 0.124101 0.295896
0.2 0.55935 0.140827 0.27535
0.2 0.708263 0.156881 0.243269
0.2 0.872863 0.172188 0.200074
0.2 1.05236 0.186674 0.149064
0.2 1.24591 0.20027 0.0960908
0.2 1.45259 0.212912 0.0480995
0.2 1.6714 0.22454 0.0109772
0.2 1.90131 0.235097 -0.0123341
0.2 2.14122 0.244534 -0.022516
0.2 2.38999 0.252806 -0.0230418
0.2 2.64643 0.259873 -0.0183988
0.2 2.90932 0.265701 -0.0123862
0.2 3.17741 0.270264 -0.00725086
0.2 3.44942 0.273538 -0.00375197
0.2 3.72405 0.275509 -0.00173507
0.2 4. 0.276167 -0.000723549
0.2 4.27595 0.275509 -0.000274424
0.2 4.55058 0.273538 -0.0000955029
0.2 4.82259 0.270264 -0.0000307877
0.2 5.09068 0.265701 0
0.2 5.35357 0.259873 0
0.2 5.61001 0.252806 0
0.2 5.85878 0.244534 0
0.2 6.09869 0.235097 0
0.2 6.3286 0.22454 0
0.2 6.54741 0.212912 0
0.2 6.75409 0.20027 0
0.2 6.94764 0.186674 0
0.2 7.12714 0.172188 0
0.2 7.29174 0.156881 0
0.2 7.44065 0.140827 0
0.2 7.57317 0.124101 0
0.2 7.68866 0.106785 0
0.2 7.78657 0.0889594 0
0.2 7.86643 0.0707101 0
0.2 7.92787 0.0521244 0
0.2 7.9706 0.0332928 0
0.2 7.99441 0.0143307 0
0.24 -7.99441 0.0143307 0
0.24 -7.9706 0.0332928 0
0.24 -7.92787 0.0521244 0
0.24 -7.86643 0.0707101 0
0.24 -7.78657 0.0889594 0
0.24 -7.68866 0.106785 0
0.24 -7.57317 0.124101 0
0.24 -7.44065 0.140827 0
0.24 -7.29174 0.156881 0
0.24 -7.12714 0.172188 0
0.24 -6.94764 0.186674 0
0.24 -6.75409 0.20027 0
0.24 -6.54741 0.212912 0
0.24 -6.3286 0.22454 0
0.24 -6.09869 0.235097 0
0.24 -5.85878 0.244534 0
0.24 -5.61001 0.252806 0
0.24 -5.35357 0.259873 0
0.24 -5.09068 0.265701 0
0.24 -4.82259 0.270264 0
0.24 -4.55058 0.273538 0.0000254258
0.24 -4.27595 0.275509 0.00006629
0.24 -4. 0.276167 0.000155994
0.24 -3.72405 0.275509 0.000327244
0.24 -3.44942 0.273538 0.000604416
0.24 -3.17741 0.270264 0.000971546
0.24 -2.90932 0.265701 0.00135156
0.24 -2.64643 0.259873 0.00166287
0.24 -2.38999 0.252806 0.00202116
0.24 -2.14122 0.244534 0.0030588
0.24 -1.90131 0.235097 0.00616487
0.24 -1.6714 0.22454 0.0133589
0.24 -1.45259 0.212912 0.0266655
0.24 -1.24591 0.20027 0.0472137
0.24 -1.05236 0.186674 0.0745538
0.24 -0.872863 0.172188 0.106609
0.24 -0.708263 0.156881 0.140288
0.24 -0.55935 0.140827 0.172409
0.24 -0.426833 0.124101 0.200495
0.24 -0.311344 0.106785 0.223171
0.24 -0.213433 0.0889594 0.240153
0.24 -0.133567 0.0707101 0.251973
0.24 -0.0721251 0.0521244 0.259591
0.24 -0.0294 0.0332928 0.264053
0.24 -0.00558542 0.0143307 0.266226
0.24 0.00558542 0.0143307 0.267171
0.24 0.0294 0.0332928 0.26903
0.24 0.0721251 0.0521244 0.271765
0.24 0.133567 0.0707101 0.274322
0.24 0.213433 0.0889594 0.275186
0.24 0.311344 0.106785 0.272395
0.24 0.426833 0.124101 0.263572
0.24 0.55935 0.140827 0.246273
0.24 0.708263 0.156881 0.218791
0.24 0.872863 0.172188 0.181219
0.24 1.05236 0.186674 0.136199
0.24 1.24591 0.20027 0.0887906
0.24 1.45259 0.212912 0.0452635
0.24 1.6714 0.22454 0.0111376
0.24 1.90131 0.235097 -0.0106302
0.24 2.14122 0.244534 -0.0204006
0.24 2.38999 0.252806 -0.0211908
0.24 2.64643 0.259873 -0.0170715
0.24 2.90932 0.265701 -0.0115678
0.24 3.17741 0.270264 -0.00680723
0.24 3.44942 0.273538 -0.00353789
0.24 3.72405 0.275509 -0.00164224
0.24 4. 0.276167 -0.000687087
0.24 4.27595 0.275509 -0.000261348
0.24 4.55058 0.273538 -0.0000911844
0.24 4.82259 0.270264 -0.0000294622
0.24 5.09068 0.265701 0
0.24 5.35357 0.259873 0
0.24 5.61001 0.252806 0
0.24 5.85878 0.244534 0
0.24 6.09869 0.235097 0
0.24 6.3286 0.22454 0
0.24 6.54741 0.212912 0
0.24 6.75409 0.20027 0
0.24 6.94764 0.186674 0
0.24 7.12714 0.172188 0
0.24 7.29174 0.156881 0
0.24 7.44065 0.140827 0
0.24 7.57317 0.124101 0
0.24 7.68866 0.106785 0
0.24 7.78657 0.0889594 0
0.24 7.86643 0.0707101 0
0.24 7.92787 0.0521244 0
0.24 7.9706 0.0332928 0
0.24 7.99441 0.0143307 0
0.28 -7.99441 0.0143307 0
0.28 -7.9706 0.0332928 0
0.28 -7.92787 0.0521244 0
0.28 -7.86643 0.0707101 0
0.28 -7.78657 0.0889594 0
0.28 -7.68866 0.106785 0
0.28 -7.57317 0.124101 0
0.28 -7.44065 0.140827 0
0.28 -7.29174 0.156881 0
0.28 -7.12714 0.172188 0
0.28 -6.94764 0.186674 0
0.28 -6.75409 0.20027 0
0.28 -6.54741 0.212912 0
0.28 -6.3286 0.22454 0
0.28 -6.09869 0.235097 0
0.28 -5.85878 0.244534 0
0.28 -5.61001 0.252806 0
0.28 -5.35357 0.259873 0
0.28 -5.09068 0.265701 0
0.28 -4.82259 0.270264 0.0000107359
0.28 -4.55058 0.273538 0.0000312377
0.28 -4.27595 0.275509 0.0000834607
0.28 -4. 0.276167 0.000202581
0.28 -3.72405 0.275509 0.000442299
0.28 -3.44942 0.273538 0.000860887
0.28 -3.17741 0.270264 0.00148305
0.28 -2.90932 0.265701 0.00225481
0.28 -2.64643 0.259873 0.003054
0.28 -2.38999 0.252806 0.00383912
0.28 -2.14122 0.244534 0.00494641
0.28 -1.90131 0.235097 0.00737809
0.28 -1.6714 0.22454 0.0128009
0.28 -1.45259 0.212912 0.0230724
0.28 -1.24591 0.20027 0.0394373
0.28 -1.05236 0.186674 0.0618293
0.28 -0.872863 0.172188 0.0887063
0.28 -0.708263 0.156881 0.117507
0.28 -0.55935 0.140827 0.145452
0.28 -0.426833 0.124101 0.170277
0.28 -0.311344 0.106785 0.190633
0.28 -0.213433 0.0889594 0.206126
0.28 -0.133567 0.0707101 0.217097
0.28 -0.0721251 0.0521244 0.224303
0.28 -0.0294 0.0332928 0.228605
0.28 -0.00558542 0.0143307 0.230734
0.28 0.00558542 0.0143307 0.231669
0.28 0.0294 0.0332928 0.233522
0.28 0.0721251 0.0521244 0.236328
0.28 0.133567 0.0707101 0.239152
0.28 0.213433 0.0889594 0.240628
0.28 0.311344 0.106785 0.238995
0.28 0.426833 0.124101 0.232168
0.28 0.55935 0.140827 0.21799
0.28 0.708263 0.156881 0.194852
0.28 0.872863 0.172188 0.16261
0.28 1.05236 0.186674 0.123337
0.28 1.24591 0.20027 0.0813533
0.28 1.45259 0.212912 0.0422515
0.28 1.6714 0.22454 0.0111527
0.28 1.90131 0.235097 -0.00901341
0.28 2.14122 0.244534 -0.0183191
0.28 2.38999 0.252806 -0.0193402
0.28 2.64643 0.259873 -0.0157307
0.28 2.90932 0.265701 -0.0107346
0.28 3.17741 0.270264 -0.00635286
0.28 3.44942 0.273538 -0.00331751
0.28 3.72405 0.275509 -0.00154626
0.28 4. 0.276167 -0.000649248
0.28 4.27595 0.275509 -0.000247733
0.28 4.55058 0.273538 -0.0000866753
0.28 4.82259 0.270264 -0.0000280746
0.28 5.09068 0.265701 0
0.28 5.35357 0.259873 0
0.28 5.61001 0.252806 0
0.28 5.85878 0.244534 0
0.28 6.09869 0.235097 0
0.28 6.3286 0.22454 0
0.28 6.54741 0.212912 0
0.28 6.75409 0.20027 0
0.28 6.94764 0.186674 0
0.28 7.12714 0.172188 0
0.28 7.29174 0.156881 0
0.28 7.44065 0.140827 0
0.28 7.57317 0.124101 0
0.28 7.68866 0.106785 0
0.28 7.78657 0.0889594 0
0.28 7.86643 0.0707101 0
0.28 7.92787 0.0521244 0
0.28 7.9706 0.0332928 0
0.28 7.99441 0.0143307 0
0.32 -7.99441 0.0143307 0
0.32 -7.9706 0.0332928 0
0.32 -7.92787 0.0521244 0
0.32 -7.86643 0.0707101 0
0.32 -7.78657 0.0889594 0
0.32 -7.68866 0.106785 0
0.32 -7.57317 0.124101 0
0.32 -7.44065 0.140827 0
0.32 -7.29174 0.156881 0
0.32 -7.12714 0.172188 0
0.32 -6.94764 0.186674 0
0.32 -6.75409 0.20027 0
0.32 -6.54741 0.212912 0
0.32 -6.3286 0.22454 0
0.32 -6.09869 0.235097 0
0.32 -5.85878 0.244534 0
0.32 -5.61001 0.252806 0
0.32 -5.35357 0.259873 0
0.32 -5.09068 0.265701 0
0.32 -4.82259 0.270264 0.0000125344
0.32 -4.55058 0.273538 0.0000369745
0.32 -4.27595 0.275509 0.000100429
0.32 -4. 0.276167 0.000248675
0.32 -3.72405 0.275509 0.000556286
0.32 -3.44942 0.273538 0.00111533
0.32 -3.17741 0.270264 0.00199123
0.32 -2.90932 0.265701 0.00315352
0.32 -2.64643 0.259873 0.00444027
0.32 -2.38999 0.252806 0.00565384
0.32 -2.14122 0.244534 0.00683499
0.32 -1.90131 0.235097 0.00859891
0.32 -1.6714 0.22454 0.0122591
0.32 -1.45259 0.212912 0.0195066
0.32 -1.24591 0.20027 0.031704
0.32 -1.05236 0.186674 0.0491718
0.32 -0.872863 0.172188 0.0709038
0.32 -0.708263 0.156881 0.0948669
0.32 -0.55935 0.140827 0.118678
0.32 -0.426833 0.124101 0.140281
0.32 -0.311344 0.106785 0.158352
0.32 -0.213433 0.0889594 0.172383
0.32 -0.133567 0.0707101 0.182529
0.32 -0.0721251 0.0521244 0.189338
0.32 -0.0294 0.0332928 0.193491
0.32 -0.00558542 0.0143307 0.195582
0.32 0.00558542 0.0143307 0.196509
0.32 0.0294 0.0332928 0.198367
0.32 0.0721251 0.0521244 0.20126
0.32 0.133567 0.0707101 0.204385
0.32 0.213433 0.0889594 0.20654
0.32 0.311344 0.106785 0.206156
0.32 0.426833 0.124101 0.201378
0.32 0.55935 0.140827 0.190276
0.32 0.708263 0.156881 0.171336
0.32 0.872863 0.172188 0.144223
0.32 1.05236 0.186674 0.110511
0.32 1.24591 0.20027 0.0738293
0.32 1.45259 0.212912 0.0391081
0.32 1.6714 0.22454 0.0110509
0.32 1.90131 0.235097 -0.00747112
0.32 2.14122 0.244534 -0.0162693
0.32 2.38999 0.252806 -0.0174926
0.32 2.64643 0.259873 -0.0143802
0.32 2.90932 0.265701 -0.00988973
0.32 3.17741 0.270264 -0.00588956
0.32 3.44942 0.273538 -0.00309175
0.32 3.72405 0.275509 -0.00144756
0.32 4. 0.276167 -0.000610201
0.32 4.27595 0.275509 -0.000233641
0.32 4.55058 0.273538 -0.000081996
0.32 4.82259 0.270264 -0.0000266314
0.32 5.09068 0.265701 0
0.32 5.35357 0.259873 0
0.32 5.61001 0.252806 0
0.32 5.85878 0.244534 0
0.32 6.09869 0.235097 0
0.32 6.3286 0.22454 0
0.32 6.54741 0.212912 0
0.32 6.75409 0.20027 0
0.32 6.94764 0.186674 0
0.32 7.12714 0.172188 0
0.32 7.29174 0.156881 0
0.32 7.44065 0.140827 0
0.32 7.57317 0.124101 0
0.32 7.68866 0.106785 0
0.32 7.78657 0.0889594 0
0.32 7.86643 0.0707101 0
0.32 7.92787 0.0521244 0
0.32 7.9706 0.0332928 0
0.32 7.99441 0.0143307 0
0.36 -7.99441 0.0143307 0
0.36 -7.9706 0.0332928 0
0.36 -7.92787 0.0521244 0
0.36 -7.86643 0.0707101 0
0.36 -7.78657 0.0889594 0
0.36 -7.68866 0.106785 0
0.36 -7.57317 0.124101 0
0.36 -7.44065 0.140827 0
0.36 -7.29174 0.156881 0
0.36 -7.12714 0.172188 0
0.36 -6.94764 0.186674 0
0.36 -6.75409 0.20027 0
0.36 -6.54741 0.212912 0
0.36 -6.3286 0.22454 0
0.36 -6.09869 0.235097 0
0.36 -5.85878 0.244534 0
0.36 -5.61001 0.252806 0
0.36 -5.35357 0.259873 0
0.36 -5.09068 0.265701 0
0.36 -4.82259 0.270264 0.0000143068
0.36 -4.55058 0.273538 0.000042635
0.36 -4.27595 0.275509 0.000117193
0.36 -4. 0.276167 0.000294275
0.36 -3.72405 0.275509 0.000669214
0.36 -3.44942 0.273538 0.00136778
0.36 -3.17741 0.270264 0.00249626
0.36 -2.90932 0.265701 0.00404819
0.36 -2.64643 0.259873 0.00582284
0.36 -2.38999 0.252806 0.00746742
0.36 -2.14122 0.244534 0.00872752
0.36 -1.90131 0.235097 0.00983041
0.36 -1.6714 0.22454 0.0117346
0.36 -1.45259 0.212912 0.015964
0.36 -1.24591 0.20027 0.0240009
0.36 -1.05236 0.186674 0.0365566
0.36 -0.872863 0.172188 0.053164
0.36 -0.708263 0.156881 0.0723174
0.36 -0.55935 0.140827 0.0920263
0.36 -0.426833 0.124101 0.110437
0.36 -0.311344 0.106785 0.126249
0.36 -0.213433 0.0889594 0.13884
0.36 -0.133567 0.0707101 0.148176
0.36 -0.0721251 0.0521244 0.154601
0.36 -0.0294 0.0332928 0.158613
0.36 -0.00558542 0.0143307 0.16067
0.36 0.00558542 0.0143307 0.161592
0.36 0.0294 0.0332928 0.163459
0.36 0.0721251 0.0521244 0.166451
0.36 0.133567 0.0707101 0.169895
0.36 0.213433 0.0889594 0.172766
0.36 0.311344 0.106785 0.173686
0.36 0.426833 0.124101 0.171003
0.36 0.55935 0.140827 0.162971
0.36 0.708263 0.156881 0.148144
0.36 0.872863 0.172188 0.126025
0.36 1.05236 0.186674 0.0977329
0.36 1.24591 0.20027 0.0662518
0.36 1.45259 0.212912 0.0358663
0.36 1.6714 0.22454 0.0108552
0.36 1.90131 0.235097 -0.00599209
0.36 2.14122 0.244534 -0.0142485
0.36 2.38999 0.252806 -0.0156495
0.36 2.64643 0.259873 -0.0130224
0.36 2.90932 0.265701 -0.00903528
0.36 3.17741 0.270264 -0.00541874
0.36 3.44942 0.273538 -0.00286139
0.36 3.72405 0.275509 -0.00134648
0.36 4. 0.276167 -0.00057009
0.36 4.27595 0.275509 -0.000219126
0.36 4.55058 0.273538 -0.0000771642
0.36 4.82259 0.270264 -0.0000251379
0.36 5.09068 0.265701 0
0.36 5.35357 0.259873 0
0.36 5.61001 0.252806 0
0.36 5.85878 0.244534 0
0.36 6.09869 0.235097 0
0.36 6.3286 0.22454 0
0.36 6.54741 0.212912 0
0.36 6.75409 0.20027 0
0.36 6.94764 0.186674 0
0.36 7.12714 0.172188 0
0.36 7.29174 0.156881 0
0.36 7.44065 0.140827 0
0.36 7.57317 0.124101 0
0.36 7.68866 0.106785 0
0.36 7.78657 0.0889594 0
0.36 7.86643 0.0707101 0
0.36 7.92787 0.0521244 0
0.36 7.9706 0.0332928 0
0.36 7.99441 0.0143307 0
0.4 -7.99441 0.0143307 0
0.4 -7.9706 0.0332928 0
0.4 -7.92787 0.0521244 0
0.4 -7.86643 0.0707101 0
0.4 -7.78657 0.0889594 0
0.4 -7.68866 0.106785 0
0.4 -7.57317 0.124101 0
0.4 -7.44065 0.140827 0
0.4 -7.29174 0.156881 0
0.4 -7.12714 0.172188 0
0.4 -6.94764 0.186674 0
0.4 -6.75409 0.20027 0
0.4 -6.54741 0.212912 0
0.4 -6.3286 0.22454 0
0.4 -6.09869 0.235097 0
0.4 -5.85878 0.244534 0
0.4 -5.61001 0.252806 0
0.4 -5.35357 0.259873 0
0.4 -5.09068 0.265701 0
0.4 -4.82259 0.270264 0.0000160521
0.4 -4.55058 0.273538 0.0000482162
0.4 -4.27595 0.275509 0.000133744
0.4 -4. 0.276167 0.000339365
0.4 -3.72405 0.275509 0.000781055
0.4 -3.44942 0.273538 0.00161824
0.4 -3.17741 0.270264 0.0029982
0.4 -2.90932 0.265701 0.0049391
0.4 -2.64643 0.259873 0.00720248
0.4 -2.38999 0.252806 0.00928151
0.4 -2.14122 0.244534 0.0106267
0.4 -1.90131 0.235097 0.0110759
0.4 -1.6714 0.22454 0.0112296
0.4 -1.45259 0.212912 0.0124429
0.4 -1.24591 0.20027 0.0163189
0.4 -1.05236 0.186674 0.0239645
0.4 -0.872863 0.172188 0.0354567
0.4 -0.708263 0.156881 0.049819
0.4 -0.55935 0.140827 0.065449
0.4 -0.426833 0.124101 0.0806916
0.4 -0.311344 0.106785 0.0942645
0.4 -0.213433 0.0889594 0.105432
0.4 -0.133567 0.0707101 0.113971
0.4 -0.0721251 0.0521244 0.120021
0.4 -0.0294 0.0332928 0.123897
0.4 -0.00558542 0.0143307 0.125925
0.4 0.00558542 0.0143307 0.126842
0.4 0.0294 0.0332928 0.128724
0.4 0.0721251 0.0521244 0.131822
0.4 0.133567 0.0707101 0.135598
0.4 0.213433 0.0889594 0.139206
0.4 0.311344 0.106785 0.141464
0.4 0.426833 0.124101 0.14091
0.4 0.55935 0.140827 0.135954
0.4 0.708263 0.156881 0.125198
0.4 0.872863 0.172188 0.107981
0.4 1.05236 0.186674 0.0850058
0.4 1.24591 0.20027 0.058642
0.4 1.45259 0.212912 0.0325505
0.4 1.6714 0.22454 0.0105837
0.4 1.90131 0.235097 -0.0045666
0.4 2.14122 0.244534 -0.0122536
0.4 2.38999 0.252806 -0.0138116
0.4 2.64643 0.259873 -0.0116594
0.4 2.90932 0.265701 -0.008173
0.4 3.17741 0.270264 -0.00494153
0.4 3.44942 0.273538 -0.00262703
0.4 3.72405 0.275509 -0.00124332
0.4 4. 0.276167 -0.000529033
0.4 4.27595 0.275509 -0.000204231
0.4 4.55058 0.273538 -0.0000721946
0.4 4.82259 0.270264 -0.0000235988
0.4 5.09068 0.265701 0
0.4 5.35357 0.259873 0
0.4 5.61001 0.252806 0
0.4 5.85878 0.244534 0
0.4 6.09869 0.235097 0
0.4 6.3286 0.22454 0
0.4 6.54741 0.212912 0
0.4 6.75409 0.20027 0
0.4 6.94764 0.186674 0
0.4 7.12714 0.172188 0
0.4 7.29174 0.156881 0
0.4 7.44065 0.140827 0
0.4 7.57317 0.124101 0
0.4 7.68866 0.106785 0
0.4 7.78657 0.0889594 0
0.4 7.86643 0.0707101 0
0.4 7.92787 0.0521244 0
0.4 7.9706 0.0332928 0
0.4 7.99441 0.0143307 0
0.44 -7.99441 0.0143307 0
0.44 -7.9706 0.0332928 0
0.44 -7.92787 0.0521244 0
0.44 -7.86643 0.0707101 0
0.44 -7.78657 0.0889594 0
0.44 -7.68866 0.106785 0
0.44 -7.57317 0.124101 0
0.44 -7.44065 0.140827 0
0.44 -7.29174 0.156881 0
0.44 -7.12714 0.172188 0
0.44 -6.94764 0.186674 0
0.44 -6.75409 0.20027 0
0.44 -6.54741 0.212912 0
0.44 -6.3286 0.22454 0
0.44 -6.09869 0.235097 0
0.44 -5.85878 0.244534 0
0.44 -5.61001 0.252806 0
0.44 -5.35357 0.259873 0
0.44 -5.09068 0.265701 0
0.44 -4.82259 0.270264 0.000017769
0.44 -4.55058 0.273538 0.0000537139
0.44 -4.27595 0.275509 0.000150072
0.44 -4. 0.276167 0.000383916
0.44 -3.72405 0.275509 0.000891752
0.44 -3.44942 0.273538 0.00186659
0.44 -3.17741 0.270264 0.00349693
0.44 -2.90932 0.265701 0.00582627
0.44 -2.64643 0.259873 0.00857966
0.44 -2.38999 0.252806 0.0110975
0.44 -2.14122 0.244534 0.0125352
0.44 -1.90131 0.235097 0.0123388
0.44 -1.6714 0.22454 0.0107474
0.44 -1.45259 0.212912 0.00894317
0.44 -1.24591 0.20027 0.0086513
0.44 -1.05236 0.186674 0.0113795
0.44 -0.872863 0.172188 0.0177561
0.44 -0.708263 0.156881 0.0273369
0.44 -0.55935 0.140827 0.0389056
0.44 -0.426833 0.124101 0.0509992
0.44 -0.311344 0.106785 0.06235
0.44 -0.213433 0.0889594 0.0721069
0.44 -0.133567 0.0707101 0.0798593
0.44 -0.0721251 0.0521244 0.0855419
0.44 -0.0294 0.0332928 0.0892881
0.44 -0.00558542 0.0143307 0.0912883
0.44 0.00558542 0.0143307 0.0922036
0.44 0.0294 0.0332928 0.0941029
0.44 0.0721251 0.0521244 0.0973124
0.44 0.133567 0.0707101 0.10143
0.44 0.213433 0.0889594 0.105788
0.44 0.311344 0.106785 0.109405
0.44 0.426833 0.124101 0.111008
0.44 0.55935 0.140827 0.109141
0.44 0.708263 0.156881 0.102433
0.44 0.872863 0.172188 0.0900612
0.44 1.05236 0.186674 0.0723257
0.44 1.24591 0.20027 0.0510129
0.44 1.45259 0.212912 0.0291785
0.44 1.6714 0.22454 0.010251
0.44 1.90131 0.235097 -0.00318623
0.44 2.14122 0.244534 -0.0102817
0.44 2.38999 0.252806 -0.011979
0.44 2.64643 0.259873 -0.0102923
0.44 2.90932 0.265701 -0.00730421
0.44 3.17741 0.270264 -0.00445885
0.44 3.44942 0.273538 -0.00238919
0.44 3.72405 0.275509 -0.00113831
0.44 4. 0.276167 -0.000487132
0.44 4.27595 0.275509 -0.000188993
0.44 4.55058 0.273538 -0.0000671002
0.44 4.82259 0.270264 -0.000022018
0.44 5.09068 0.265701 0
0.44 5.35357 0.259873 0
0.44 5.61001 0.252806 0
0.44 5.85878 0.244534 0
0.44 6.09869 0.235097 0
0.44 6.3286 0.22454 0
0.44 6.54741 0.212912 0
0.44 6.75409 0.20027 0
0.44 6.94764 0.186674 0
0.44 7.12714 0.172188 0
0.44 7.29174 0.156881 0
0.44 7.44065 0.140827 0
0.44 7.57317 0.124101 0
0.44 7.68866 0.106785 0
0.44 7.78657 0.0889594 0
0.44 7.86643 0.0707101 0
0.44 7.92787 0.0521244 0
0.44 7.9706 0.0332928 0
0.44 7.99441 0.0143307 0
0.48 -7.99441 0.0143307 0
0.48 -7.9706 0.0332928 0
0.48 -7.92787 0.0521244 0
0.48 -7.86643 0.0707101 0
0.48 -7.78657 0.0889594 0
0.48 -7.68866 0.106785 0
0.48 -7.57317 0.124101 0
0.48 -7.44065 0.140827 0
0.48 -7.29174 0.156881 0
0.48 -7.12714 0.172188 0
0.48 -6.94764 0.186674 0
0.48 -6.75409 0.20027 0
0.48 -6.54741 0.212912 0
0.48 -6.3286 0.22454 0
0.48 -6.09869 0.235097 0
0.48 -5.85878 0.244534 0
0.48 -5.61001 0.252806 0
0.48 -5.35357 0.259873 0
0.48 -5.09068 0.265701 0
0.48 -4.82259 0.270264 0.0000194557
0.48 -4.55058 0.273538 0.0000591224
0.48 -4.27595 0.275509 0.000166161
0.48 -4. 0.276167 0.00042789
0.48 -3.72405 0.275509 0.00100122
0.48 -3.44942 0.273538 0.0021127
0.48 -3.17741 0.270264 0.00399226
0.48 -2.90932 0.265701 0.00670955
0.48 -2.64643 0.259873 0.0099546
0.48 -2.38999 0.252806 0.0129164
0.48 -2.14122 0.244534 0.0144555
0.48 -1.90131 0.235097 0.0136234
0.48 -1.6714 0.22454 0.0102923
0.48 -1.45259 0.212912 0.00546694
0.48 -1.24591 0.20027 0.000993911
0.48 -1.05236 0.186674 -0.0012122
0.48 -0.872863 0.172188 0.0000378727
0.48 -0.708263 0.156881 0.00483858
0.48 -0.55935 0.140827 0.0123584
0.48 -0.426833 0.124101 0.0213194
0.48 -0.311344 0.106785 0.0304631
0.48 -0.213433 0.0889594 0.0388213
0.48 -0.133567 0.0707101 0.0457962
0.48 -0.0721251 0.0521244 0.051118
0.48 -0.0294 0.0332928 0.0547386
0.48 -0.00558542 0.0143307 0.0567139
0.48 0.00558542 0.0143307 0.057628
0.48 0.0294 0.0332928 0.0595475
0.48 0.0721251 0.0521244 0.062874
0.48 0.133567 0.0707101 0.0673399
0.48 0.213433 0.0889594 0.0724576
0.48 0.311344 0.106785 0.0774503
0.48 0.426833 0.124101 0.0812295
0.48 0.55935 0.140827 0.0824656
0.48 0.708263 0.156881 0.0797981
0.48 0.872863 0.172188 0.0722347
0.48 1.05236 0.186674 0.0596851
0.48 1.24591 0.20027 0.043372
0.48 1.45259 0.212912 0.0257635
0.48 1.6714 0.22454 0.00986892
0.48 1.90131 0.235097 -0.00184373
0.48 2.14122 0.244534 -0.00832976
0.48 2.38999 0.252806 -0.0101516
0.48 2.64643 0.259873 -0.00892219
0.48 2.90932 0.265701 -0.0064299
0.48 3.17741 0.270264 -0.00397143
0.48 3.44942 0.273538 -0.00214827
0.48 3.72405 0.275509 -0.00103165
0.48 4. 0.276167 -0.000444471
0.48 4.27595 0.275509 -0.000173446
0.48 4.55058 0.273538 -0.000061892
0.48 4.82259 0.270264 -0.000020399
0.48 5.09068 0.265701 0
0.48 5.35357 0.259873 0
0.48 5.61001 0.252806 0
0.48 5.85878 0.244534 0
0.48 6.09869 0.235097 0
0.48 6.3286 0.22454 0
0.48 6.54741 0.212912 0
0.48 6.75409 0.20027 0
0.48 6.94764 0.186674 0
0.48 7.12714 0.172188 0
0.48 7.29174 0.156881 0
0.48 7.44065 0.140827 0
0.48 7.57317 0.124101 0
0.48 7.68866 0.106785 0
0.48 7.78657 0.0889594 0
0.48 7.86643 0.0707101 0
0.48 7.92787 0.0521244 0
0.48 7.9706 0.0332928 0
0.48 7.99441 0.0143307 0
0.52 -7.99441 0.0143307 0
0.52 -7.9706 0.0332928 0
0.52 -7.92787 0.0521244 0
0.52 -7.86643 0.0707101 0
0.52 -7.78657 0.0889594 0
0.52 -7.68866 0.106785 0
0.52 -7.57317 0.124101 0
0.52 -7.44065 0.140827 0
0.52 -7.29174 0.156881 0
0.52 -7.12714 0.172188 0
0.52 -6.94764 0.186674 0
0.52 -6.75409 0.20027 0
0.52 -6.54741 0.212912 0
0.52 -6.3286 0.22454 0
0.52 -6.09869 0.235097 0
0.52 -5.85878 0.244534 0
0.52 -5.61001 0.252806 0
0.52 -5.35357 0.259873 0
0.52 -5.09068 0.265701 0
0.52 -4.82259 0.270264 0.0000211098
0.52 -4.55058 0.273538 0.0000644348
0.52 -4.27595 0.275509 0.00018199
0.52 -4. 0.276167 0.000471238
0.52 -3.72405 0.275509 0.00110935
0.52 -3.44942 0.273538 0.00235635
0.52 -3.17741 0.270264 0.00448386
0.52 -2.90932 0.265701 0.00758861
0.52 -2.64643 0.259873 0.0113273
0.52 -2.38999 0.252806 0.0147392
0.52 -2.14122 0.244534 0.0163902
0.52 -1.90131 0.235097 0.0149343
0.52 -1.6714 0.22454 0.00986999
0.52 -1.45259 0.212912 0.00201815
0.52 -1.24591 0.20027 -0.00665538
0.52 -1.05236 0.186674 -0.0138228
0.52 -0.872863 0.172188 -0.017722
0.52 -0.708263 0.156881 -0.0177096
0.52 -0.55935 0.140827 -0.0142316
0.52 -0.426833 0.124101 -0.00838801
0.52 -0.311344 0.106785 -0.00143678
0.52 -0.213433 0.0889594 0.00553408
0.52 -0.133567 0.0707101 0.0117401
0.52 -0.0721251 0.0521244 0.0167073
0.52 -0.0294 0.0332928 0.0202065
0.52 -0.00558542 0.0143307 0.0221592
0.52 0.00558542 0.0143307 0.0230734
0.52 0.0294 0.0332928 0.0250154
0.52 0.0721251 0.0521244 0.0284632
0.52 0.133567 0.0707101 0.0332837
0.52 0.213433 0.0889594 0.0391704
0.52 0.311344 0.106785 0.0455505
0.52 0.426833 0.124101 0.0515221
0.52 0.55935 0.140827 0.0558757
0.52 0.708263 0.156881 0.0572499
0.52 0.872863 0.172188 0.0544749
0.52 1.05236 0.186674 0.0470745
0.52 1.24591 0.20027 0.0357227
0.52 1.45259 0.212912 0.0223147
0.52 1.6714 0.22454 0.00944664
0.52 1.90131 0.235097 -0.00053287
0.52 2.14122 0.244534 -0.00639502
0.52 2.38999 0.252806 -0.00832877
0.52 2.64643 0.259873 -0.00754951
0.52 2.90932 0.265701 -0.00555084
0.52 3.17741 0.270264 -0.00347983
0.52 3.44942 0.273538 -0.00190463
0.52 3.72405 0.275509 -0.000923521
0.52 4. 0.276167 -0.000401124
0.52 4.27595 0.275509 -0.000157616
0.52 4.55058 0.273538 -0.0000565796
0.52 4.82259 0.270264 -0.0000187449
0.52 5.09068 0.265701 0
0.52 5.35357 0.259873 0
0.52 5.61001 0.252806 0
0.52 5.85878 0.244534 0
0.52 6.09869 0.235097 0
0.52 6.3286 0.22454 0
0.52 6.54741 0.212912 0
0.52 6.75409 0.20027 0
0.52 6.94764 0.186674 0
0.52 7.12714 0.172188 0
0.52 7.29174 0.156881 0
0.52 7.44065 0.140827 0
0.52 7.57317 0.124101 0
0.52 7.68866 0.106785 0
0.52 7.78657 0.0889594 0
0.52 7.86643 0.0707101 0
0.52 7.92787 0.0521244 0
0.52 7.9706 0.0332928 0
0.52 7.99441 0.0143307 0
0.56 -7.99441 0.0143307 0
0.56 -7.9706 0.0332928 0
0.56 -7.92787 0.0521244 0
0.56 -7.86643 0.0707101 0
0.56 -7.78657 0.0889594 0
0.56 -7.68866 0.106785 0
0.56 -7.57317 0.124101 0
0.56 -7.44065 0.140827 0
0.56 -7.29174 0.156881 0
0.56 -7.12714 0.172188 0
0.56 -6.94764 0.186674 0
0.56 -6.75409 0.20027 0
0.56 -6.54741 0.212912 0
0.56 -6.3286 0.22454 0
0.56 -6.09869 0.235097 0
0.56 -5.85878 0.244534 0
0.56 -5.61001 0.252806 0
0.56 -5.35357 0.259873 0
0.56 -5.09068 0.265701 0
0.56 -4.82259 0.270264 0.0000227287
0.56 -4.55058 0.273538 0.000069643
0.56 -4.27595 0.275509 0.000197538
0.56 -4. 0.276167 0.000513898
0.56 -3.72405 0.275509 0.00121601
0.56 -3.44942 0.273538 0.00259726
0.56 -3.17741 0.270264 0.00497129
0.56 -2.90932 0.265701 0.00846292
0.56 -2.64643 0.259873 0.0126974
0.56 -2.38999 0.252806 0.0165666
0.56 -2.14122 0.244534 0.0183421
0.56 -1.90131 0.235097 0.0162768
0.56 -1.6714 0.22454 0.00948789
0.56 -1.45259 0.212912 -0.00139687
0.56 -1.24591 0.20027 -0.0142963
0.56 -1.05236 0.186674 -0.0264634
0.56 -0.872863 0.172188 -0.0355485
0.56 -0.708263 0.156881 -0.0403446
0.56 -0.55935 0.140827 -0.0409072
0.56 -0.426833 0.124101 -0.0381667
0.56 -0.311344 0.106785 -0.0333917
0.56 -0.213433 0.0889594 -0.0277959
0.56 -0.133567 0.0707101 -0.0223502
0.56 -0.0721251 0.0521244 -0.0177311
0.56 -0.0294 0.0332928 -0.0143489
0.56 -0.00558542 0.0143307 -0.0124163
0.56 0.00558542 0.0143307 -0.011501
0.56 0.0294 0.0332928 -0.00953407
0.56 0.0721251 0.0521244 -0.00596067
0.56 0.133567 0.0707101 -0.000779357
0.56 0.213433 0.0889594 0.00588482
0.56 0.311344 0.106785 0.0136635
0.56 0.426833 0.124101 0.0218423
0.56 0.55935 0.140827 0.0293284
0.56 0.708263 0.156881 0.0347516
0.56 0.872863 0.172188 0.0367566
0.56 1.05236 0.186674 0.0344828
0.56 1.24591 0.20027 0.0280653
0.56 1.45259 0.212912 0.0188385
0.56 1.6714 0.22454 0.00899152
0.56 1.90131 0.235097 0.00075173
0.56 2.14122 0.244534 -0.00447473
0.56 2.38999 0.252806 -0.00650985
0.56 2.64643 0.259873 -0.00617457
0.56 2.90932 0.265701 -0.00466756
0.56 3.17741 0.270264 -0.0029845
0.56 3.44942 0.273538 -0.00165852
0.56 3.72405 0.275509 -0.000814052
0.56 4. 0.276167 -0.00035715
0.56 4.27595 0.275509 -0.000141528
0.56 4.55058 0.273538 -0.0000511711
0.56 4.82259 0.270264 -0.0000170583
0.56 5.09068 0.265701 0
0.56 5.35357 0.259873 0
0.56 5.61001 0.252806 0
0.56 5.85878 0.244534 0
0.56 6.09869 0.235097 0
0.56 6.3286 0.22454 0
0.56 6.54741 0.212912 0
0.56 6.75409 0.20027 0
0.56 6.94764 0.186674 0
0.56 7.12714 0.172188 0
0.56 7.29174 0.156881 0
0.56 7.44065 0.140827 0
0.56 7.57317 0.124101 0
0.56 7.68866 0.106785 0
0.56 7.78657 0.0889594 0
0.56 7.86643 0.0707101 0
0.56 7.92787 0.0521244 0
0.56 7.9706 0.0332928 0
0.56 7.99441 0.0143307 0
0.6 -7.99441 0.0143307 0
0.6 -7.9706 0.0332928 0
0.6 -7.92787 0.0521244 0
0.6 -7.86643 0.0707101 0
0.6 -7.78657 0.0889594 0
0.6 -7.68866 0.106785 0
0.6 -7.57317 0.124101 0
0.6 -7.44065 0.140827 0
0.6 -7.29174 0.156881 0
0.6 -7.12714 0.172188 0
0.6 -6.94764 0.186674 0
0.6 -6.75409 0.20027 0
0.6 -6.54741 0.212912 0
0.6 -6.3286 0.22454 0
0.6 -6.09869 0.235097 0
0.6 -5.85878 0.244534 0
0.6 -5.61001 0.252806 0
0.6 -5.35357 0.259873 0
0.6 -5.09068 0.265701 0
0.6 -4.82259 0.270264 0.0000243095
0.6 -4.55058 0.273538 0.0000747374
0.6 -4.27595 0.275509 0.000212775
0.6 -4. 0.276167 0.0005558
0.6 -3.72405 0.275509 0.00132102
0.6 -3.44942 0.273538 0.00283511
0.6 -3.17741 0.270264 0.00545396
0.6 -2.90932 0.265701 0.00933171
0.6 -2.64643 0.259873 0.0140645
0.6 -2.38999 0.252806 0.0183992
0.6 -2.14122 0.244534 0.020314
0.6 -1.90131 0.235097 0.0176572
0.6 -1.6714 0.22454 0.00915525
0.6 -1.45259 0.212912 -0.0047688
0.6 -1.24591 0.20027 -0.0219253
0.6 -1.05236 0.186674 -0.0391435
0.6 -0.872863 0.172188 -0.0534686
0.6 -0.708263 0.156881 -0.0631093
0.6 -0.55935 0.140827 -0.0677204
0.6 -0.426833 0.124101 -0.0680688
0.6 -0.311344 0.106785 -0.0654502
0.6 -0.213433 0.0889594 -0.0612141
0.6 -0.133567 0.0707101 -0.0565183
0.6 -0.0721251 0.0521244 -0.0522403
0.6 -0.0294 0.0332928 -0.0489701
0.6 -0.00558542 0.0143307 -0.047055
0.6 0.00558542 0.0143307 -0.0461374
0.6 0.0294 0.0332928 -0.0441431
0.6 0.0721251 0.0521244 -0.0404396
0.6 0.133567 0.0707101 -0.0348908
0.6 0.213433 0.0889594 -0.0274401
0.6 0.311344 0.106785 -0.018251
0.6 0.426833 0.124101 -0.00785012
0.6 0.55935 0.140827 0.00278501
0.6 0.708263 0.156881 0.0122696
0.6 0.872863 0.172188 0.019056
0.6 1.05236 0.186674 0.0218978
0.6 1.24591 0.20027 0.0203977
0.6 1.45259 0.212912 0.0153388
0.6 1.6714 0.22454 0.00850928
0.6 1.90131 0.235097 0.00201472
0.6 2.14122 0.244534 -0.00256627
0.6 2.38999 0.252806 -0.0046939
0.6 2.64643 0.259873 -0.00479739
0.6 2.90932 0.265701 -0.00378039
0.6 3.17741 0.270264 -0.00248576
0.6 3.44942 0.273538 -0.00141016
0.6 3.72405 0.275509 -0.000703355
0.6 4. 0.276167 -0.000312599
0.6 4.27595 0.275509 -0.0001252
0.6 4.55058 0.273538 -0.0000456735
0.6 4.82259 0.270264 -0.0000153413
0.6 5.09068 0.265701 0
0.6 5.35357 0.259873 0
0.6 5.61001 0.252806 0
0.6 5.85878 0.244534 0
0.6 6.09869 0.235097 0
0.6 6.3286 0.22454 0
0.6 6.54741 0.212912 0
0.6 6.75409 0.20027 0
0.6 6.94764 0.186674 0
0.6 7.12714 0.172188 0
0.6 7.29174 0.156881 0
0.6 7.44065 0.140827 0
0.6 7.57317 0.124101 0
0.6 7.68866 0.106785 0
0.6 7.78657 0.0889594 0
0.6 7.86643 0.0707101 0
0.6 7.92787 0.0521244 0
0.6 7.9706 0.0332928 0
0.6 7.99441 0.0143307 0
0.64 -7.99441 0.0143307 0
0.64 -7.9706 0.0332928 0
0.64 -7.92787 0.0521244 0
0.64 -7.86643 0.0707101 0
0.64 -7.78657 0.0889594 0
0.64 -7.68866 0.106785 0
0.64 -7.57317 0.124101 0
0.64 -7.44065 0.140827 0
0.64 -7.29174 0.156881 0
0.64 -7.12714 0.172188 0
0.64 -6.94764 0.186674 0
0.64 -6.75409 0.20027 0
0.64 -6.54741 0.212912 0
0.64 -6.3286 0.22454 0
0.64 -6.09869 0.235097 0
0.64 -5.85878 0.244534 0
0.64 -5.61001 0.252806 0
0.64 -5.35357 0.259873 0
0.64 -5.09068 0.265701 0
0.64 -4.82259 0.270264 0.0000258487
0.64 -4.55058 0.273538 0.0000797069
0.64 -4.27595 0.275509 0.00022767
0.64 -4. 0.276167 0.000596856
0.64 -3.72405 0.275509 0.00142418
0.64 -3.44942 0.273538 0.00306946
0.64 -3.17741 0.270264 0.00593117
0.64 -2.90932 0.265701 0.010194
0.64 -2.64643 0.259873 0.0154275
0.64 -2.38999 0.252806 0.0202371
0.64 -2.14122 0.244534 0.0223089
0.64 -1.90131 0.235097 0.0190827
0.64 -1.6714 0.22454 0.00888374
0.64 -1.45259 0.212912 -0.00808463
0.64 -1.24591 0.20027 -0.0295352
0.64 -1.05236 0.186674 -0.0518706
0.64 -0.872863 0.172188 -0.0715118
0.64 -0.708263 0.156881 -0.0860555
0.64 -0.55935 0.140827 -0.0947365
0.64 -0.426833 0.124101 -0.0981613
0.64 -0.311344 0.106785 -0.0976729
0.64 -0.213433 0.0889594 -0.0947748
0.64 -0.133567 0.0707101 -0.0908153
0.64 -0.0721251 0.0521244 -0.0868694
0.64 -0.0294 0.0332928 -0.0837053
0.64 -0.00558542 0.0143307 -0.0818043
0.64 0.00558542 0.0143307 -0.080883
0.64 0.0294 0.0332928 -0.0788586
0.64 0.0721251 0.0521244 -0.07502
0.64 0.133567 0.0707101 -0.069096
0.64 0.213433 0.0889594 -0.0608485
0.64 0.311344 0.106785 -0.0502355
0.64 0.426833 0.124101 -0.0375957
0.64 0.55935 0.140827 -0.0237923
0.64 0.708263 0.156881 -0.0102289
0.64 0.872863 0.172188 0.0013488
0.64 1.05236 0.186674 0.00930569
0.64 1.24591 0.20027 0.0127157
0.64 1.45259 0.212912 0.0118176
0.64 1.6714 0.22454 0.00800431
0.64 1.90131 0.235097 0.00326016
0.64 2.14122 0.244534 -0.000667071
0.64 2.38999 0.252806 -0.00287982
0.64 2.64643 0.259873 -0.00341775
0.64 2.90932 0.265701 -0.00288948
0.64 3.17741 0.270264 -0.00198383
0.64 3.44942 0.273538 -0.00115971
0.64 3.72405 0.275509 -0.000591514
0.64 4. 0.276167 -0.000267509
0.64 4.27595 0.275509 -0.000108648
0.64 4.55058 0.273538 -0.0000400923
0.64 4.82259 0.270264 -0.000013596
0.64 5.09068 0.265701 0
0.64 5.35357 0.259873 0
0.64 5.61001 0.252806 0
0.64 5.85878 0.244534 0
0.64 6.09869 0.235097 0
0.64 6.3286 0.22454 0
0.64 6.54741 0.212912 0
0.64 6.75409 0.20027 0
0.64 6.94764 0.186674 0
0.64 7.12714 0.172188 0
0.64 7.29174 0.156881 0
0.64 7.44065 0.140827 0
0.64 7.57317 0.124101 0
0.64 7.68866 0.106785 0
0.64 7.78657 0.0889594 0
0.64 7.86643 0.0707101 0
0.64 7.92787 0.0521244 0
0.64 7.9706 0.0332928 0
0.64 7.99441 0.0143307 0
0.68 -7.99441 0.0143307 0
0.68 -7.9706 0.0332928 0
0.68 -7.92787 0.0521244 0
0.68 -7.86643 0.0707101 0
0.68 -7.78657 0.0889594 0
0.68 -7.68866 0.106785 0
0.68 -7.57317 0.124101 0
0.68 -7.44065 0.140827 0
0.68 -7.29174 0.156881 0
0.68 -7.12714 0.172188 0
0.68 -6.94764 0.186674 0
0.68 -6.75409 0.20027 0
0.68 -6.54741 0.212912 0
0.68 -6.3286 0.22454 0
0.68 -6.09869 0.235097 0
0.68 -5.85878 0.244534 0
0.68 -5.61001 0.252806 0
0.68 -5.35357 0.259873 0
0.68 -5.09068 0.265701 0
0.68 -4.82259 0.270264 0.0000273422
0.68 -4.55058 0.273538 0.0000845388
0.68 -4.27595 0.275509 0.000242186
0.68 -4. 0.276167 0.000636968
0.68 -3.72405 0.275509 0.00152526
0.68 -3.44942 0.273538 0.00329983
0.68 -3.17741 0.270264 0.00640199
0.68 -2.90932 0.265701 0.0110484
0.68 -2.64643 0.259873 0.0167853
0.68 -2.38999 0.252806 0.0220802
0.68 -2.14122 0.244534 0.0243298
0.68 -1.90131 0.235097 0.0205617
0.68 -1.6714 0.22454 0.00868797
0.68 -1.45259 0.212912 -0.0113264
0.68 -1.24591 0.20027 -0.0371127
0.68 -1.05236 0.186674 -0.0646484
0.68 -0.872863 0.172188 -0.0897103
0.68 -0.708263 0.156881 -0.109247
0.68 -0.55935 0.140827 -0.122042
0.68 -0.426833 0.124101 -0.128536
0.68 -0.311344 0.106785 -0.130143
0.68 -0.213433 0.0889594 -0.128549
0.68 -0.133567 0.0707101 -0.125305
0.68 -0.0721251 0.0521244 -0.121679
0.68 -0.0294 0.0332928 -0.118613
0.68 -0.00558542 0.0143307 -0.116722
0.68 0.00558542 0.0143307 -0.115795
0.68 0.0294 0.0332928 -0.113737
0.68 0.0721251 0.0521244 -0.109757
0.68 0.133567 0.0707101 -0.103449
0.68 0.213433 0.0889594 -0.0943917
0.68 0.311344 0.106785 -0.0823384
0.68 0.426833 0.124101 -0.0674393
0.68 0.55935 0.140827 -0.0504441
0.68 0.708263 0.156881 -0.0327784
0.68 0.872863 0.172188 -0.0163911
0.68 1.05236 0.186674 -0.00330951
0.68 1.24591 0.20027 0.00501265
0.68 1.45259 0.212912 0.00827504
0.68 1.6714 0.22454 0.00747985
0.68 1.90131 0.235097 0.00449166
0.68 2.14122 0.244534 0.00122546
0.68 2.38999 0.252806 -0.00106624
0.68 2.64643 0.259873 -0.00203518
0.68 2.90932 0.265701 -0.00199481
0.68 3.17741 0.270264 -0.00147879
0.68 3.44942 0.273538 -0.000907252
0.68 3.72405 0.275509 -0.000478586
0.68 4. 0.276167 -0.000221909
0.68 4.27595 0.275509 -0.0000918847
0.68 4.55058 0.273538 -0.0000344318
0.68 4.82259 0.270264 -0.0000118236
0.68 5.09068 0.265701 0
0.68 5.35357 0.259873 0
0.68 5.61001 0.252806 0
0.68 5.85878 0.244534 0
0.68 6.09869 0.235097 0
0.68 6.3286 0.22454 0
0.68 6.54741 0.212912 0
0.68 6.75409 0.20027 0
0.68 6.94764 0.186674 0
0.68 7.12714 0.172188 0
0.68 7.29174 0.156881 0
0.68 7.44065 0.140827 0
0.68 7.57317 0.124101 0
0.68 7.68866 0.106785 0
0.68 7.78657 0.0889594 0
0.68 7.86643 0.0707101 0
0.68 7.92787 0.0521244 0
0.68 7.9706 0.0332928 0
0.68 7.99441 0.0143307 0
0.72 -7.99441 0.0143307 0
0.72 -7.9706 0.0332928 0
0.72 -7.92787 0.0521244 0
0.72 -7.86643 0.0707101 0
0.72 -7.78657 0.0889594 0
0.72 -7.68866 0.106785 0
0.72 -7.57317 0.124101 0
0.72 -7.44065 0.140827 0
0.72 -7.29174 0.156881 0
0.72 -7.12714 0.172188 0
0.72 -6.94764 0.186674 0
0.72 -6.75409 0.20027 0
0.72 -6.54741 0.212912 0
0.72 -6.3286 0.22454 0
0.72 -6.09869 0.235097 0
0.72 -5.85878 0.244534 0
0.72 -5.61001 0.252806 0
0.72 -5.35357 0.259873 0
0.72 -5.09068 0.265701 0
0.72 -4.82259 0.270264 0.0000287854
0.72 -4.55058 0.273538 0.000089218
0.72 -4.27595 0.275509 0.000256277
0.72 -4. 0.276167 0.000676014
0.72 -3.72405 0.275509 0.00162396
0.72 -3.44942 0.273538 0.00352558
0.72 -3.17741 0.270264 0.00686529
0.72 -2.90932 0.265701 0.0118933
0.72 -2.64643 0.259873 0.0181358
0.72 -2.38999 0.252806 0.0239278
0.72 -2.14122 0.244534 0.0263795
0.72 -1.90131 0.235097 0.022104
0.72 -1.6714 0.22454 0.00858622
0.72 -1.45259 0.212912 -0.0144698
0.72 -1.24591 0.20027 -0.0446367
0.72 -1.05236 0.186674 -0.0774747
0.72 -0.872863 0.172188 -0.108098
0.72 -0.708263 0.156881 -0.132763
0.72 -0.55935 0.140827 -0.149756
0.72 -0.426833 0.124101 -0.159327
0.72 -0.311344 0.106785 -0.162981
0.72 -0.213433 0.0889594 -0.162636
0.72 -0.133567 0.0707101 -0.160072
0.72 -0.0721251 0.0521244 -0.156747
0.72 -0.0294 0.0332928 -0.153768
0.72 -0.00558542 0.0143307 -0.151881
0.72 0.00558542 0.0143307 -0.150947
0.72 0.0294 0.0332928 -0.148851
0.72 0.0721251 0.0521244 -0.144722
0.72 0.133567 0.0707101 -0.138017
0.72 0.213433 0.0889594 -0.128134
0.72 0.311344 0.106785 -0.114619
0.72 0.426833 0.124101 -0.0974351
0.72 0.55935 0.140827 -0.0772181
0.72 0.708263 0.156881 -0.0554186
0.72 0.872863 0.172188 -0.0341936
0.72 1.05236 0.186674 -0.015967
0.72 1.24591 0.20027 -0.00272063
0.72 1.45259 0.212912 0.00470923
0.72 1.6714 0.22454 0.00693805
0.72 1.90131 0.235097 0.00571248
0.72 2.14122 0.244534 0.00311404
0.72 2.38999 0.252806 0.000748489
0.72 2.64643 0.259873 -0.00064891
0.72 2.90932 0.265701 -0.0010961
0.72 3.17741 0.270264 -0.000970619
0.72 3.44942 0.273538 -0.000652814
0.72 3.72405 0.275509 -0.000364599
0.72 4. 0.276167 -0.000175814
0.72 4.27595 0.275509 -0.0000749164
0.72 4.55058 0.273538 -0.000028695
0.72 4.82259 0.270264 -0.0000100252
0.72 5.09068 0.265701 0
0.72 5.35357 0.259873 0
0.72 5.61001 0.252806 0
0.72 5.85878 0.244534 0
0.72 6.09869 0.235097 0
0.72 6.3286 0.22454 0
0.72 6.54741 0.212912 0
0.72 6.75409 0.20027 0
0.72 6.94764 0.186674 0
0.72 7.12714 0.172188 0
0.72 7.29174 0.156881 0
0.72 7.44065 0.140827 0
0.72 7.57317 0.124101 0
0.72 7.68866 0.106785 0
0.72 7.78657 0.0889594 0
0.72 7.86643 0.0707101 0
0.72 7.92787 0.0521244 0
0.72 7.9706 0.0332928 0
0.72 7.99441 0.0143307 0
0.76 -7.99441 0.0143307 0
0.76 -7.9706 0.0332928 0
0.76 -7.92787 0.0521244 0
0.76 -7.86643 0.0707101 0
0.76 -7.78657 0.0889594 0
0.76 -7.68866 0.106785 0
0.76 -7.57317 0.124101 0
0.76 -7.44065 0.140827 0
0.76 -7.29174 0.156881 0
0.76 -7.12714 0.172188 0
0.76 -6.94764 0.186674 0
0.76 -6.75409 0.20027 0
0.76 -6.54741 0.212912 0
0.76 -6.3286 0.22454 0
0.76 -6.09869 0.235097 0
0.76 -5.85878 0.244534 0
0.76 -5.61001 0.252806 0
0.76 -5.35357 0.259873 0
0.76 -5.09068 0.265701 0
0.76 -4.82259 0.270264 0.0000301728
0.76 -4.55058 0.273538 0.0000937272
0.76 -4.27595 0.275509 0.000269892
0.76 -4. 0.276167 0.000713853
0.76 -3.72405 0.275509 0.00171994
0.76 -3.44942 0.273538 0.00374596
0.76 -3.17741 0.270264 0.00731966
0.76 -2.90932 0.265701 0.0127265
0.76 -2.64643 0.259873 0.0194766
0.76 -2.38999 0.252806 0.0257784
0.76 -2.14122 0.244534 0.028461
0.76 -1.90131 0.235097 0.0237207
0.76 -1.6714 0.22454 0.00860132
0.76 -1.45259 0.212912 -0.0174818
0.76 -1.24591 0.20027 -0.0520739
0.76 -1.05236 0.186674 -0.0903362
0.76 -0.872863 0.172188 -0.126707
0.76 -0.708263 0.156881 -0.156702
0.76 -0.55935 0.140827 -0.178039
0.76 -0.426833 0.124101 -0.190731
0.76 -0.311344 0.106785 -0.196381
0.76 -0.213433 0.0889594 -0.197195
0.76 -0.133567 0.0707101 -0.195242
0.76 -0.0721251 0.0521244 -0.192184
0.76 -0.0294 0.0332928 -0.189276
0.76 -0.00558542 0.0143307 -0.187384
0.76 0.00558542 0.0143307 -0.186438
0.76 0.0294 0.0332928 -0.184299
0.76 0.0721251 0.0521244 -0.18001
0.76 0.133567 0.0707101 -0.172893
0.76 0.213433 0.0889594 -0.162162
0.76 0.311344 0.106785 -0.147157
0.76 0.426833 0.124101 -0.127653
0.76 0.55935 0.140827 -0.104175
0.76 0.708263 0.156881 -0.078199
0.76 0.872863 0.172188 -0.0520961
0.76 1.05236 0.186674 -0.0286914
0.76 1.24591 0.20027 -0.0104971
0.76 1.45259 0.212912 0.00111612
0.76 1.6714 0.22454 0.00638004
0.76 1.90131 0.235097 0.00692571
0.76 2.14122 0.244534 0.00500165
0.76 2.38999 0.252806 0.00256644
0.76 2.64643 0.259873 0.000742217
0.76 2.90932 0.265701 -0.000192849
0.76 3.17741 0.270264 -0.000459114
0.76 3.44942 0.273538 -0.000396343
0.76 3.72405 0.275509 -0.000249544
0.76 4. 0.276167 -0.000129228
0.76 4.27595 0.275509 -0.0000577457
0.76 4.55058 0.273538 -0.000022883
0.76 4.82259 0.270264 0
0.76 5.09068 0.265701 0
0.76 5.35357 0.259873 0
0.76 5.61001 0.252806 0
0.76 5.85878 0.244534 0
0.76 6.09869 0.235097 0
0.76 6.3286 0.22454 0
0.76 6.54741 0.212912 0
0.76 6.75409 0.20027 0
0.76 6.94764 0.186674 0
0.76 7.12714 0.172188 0
0.76 7.29174 0.156881 0
0.76 7.44065 0.140827 0
0.76 7.57317 0.124101 0
0.76 7.68866 0.106785 0
0.76 7.78657 0.0889594 0
0.76 7.86643 0.0707101 0
0.76 7.92787 0.0521244 0
0.76 7.9706 0.0332928 0
0.76 7.99441 0.0143307 0
0.8 -7.99441 0.0143307 0
0.8 -7.9706 0.0332928 0
0.8 -7.92787 0.0521244 0
0.8 -7.86643 0.0707101 0
0.8 -7.78657 0.0889594 0
0.8 -7.68866 0.106785 0
0.8 -7.57317 0.124101 0
0.8 -7.44065 0.140827 0
0.8 -7.29174 0.156881 0
0.8 -7.12714 0.172188 0
0.8 -6.94764 0.186674 0
0.8 -6.75409 0.20027 0
0.8 -6.54741 0.212912 0
0.8 -6.3286 0.22454 0
0.8 -6.09869 0.235097 0
0.8 -5.85878 0.244534 0
0.8 -5.61001 0.252806 0
0.8 -5.35357 0.259873 0
0.8 -5.09068 0.265701 0
0.8 -4.82259 0.270264 0.0000314983
0.8 -4.55058 0.273538 0.0000980457
0.8 -4.27595 0.275509 0.000282968
0.8 -4. 0.276167 0.000750315
0.8 -3.72405 0.275509 0.00181277
0.8 -3.44942 0.273538 0.00396005
0.8 -3.17741 0.270264 0.00776329
0.8 -2.90932 0.265701 0.0135449
0.8 -2.64643 0.259873 0.0208039
0.8 -2.38999 0.252806 0.0276294
0.8 -2.14122 0.244534 0.0305764
0.8 -1.90131 0.235097 0.0254247
0.8 -1.6714 0.22454 0.00876174
0.8 -1.45259 0.212912 -0.0203178
0.8 -1.24591 0.20027 -0.0593741
0.8 -1.05236 0.186674 -0.103202
0.8 -0.872863 0.172188 -0.145561
0.8 -0.708263 0.156881 -0.18118
0.8 -0.55935 0.140827 -0.207116
0.8 -0.426833 0.124101 -0.223054
0.8 -0.311344 0.106785 -0.230662
0.8 -0.213433 0.0889594 -0.232495
0.8 -0.133567 0.0707101 -0.23102
0.8 -0.0721251 0.0521244 -0.228155
0.8 -0.0294 0.0332928 -0.225287
0.8 -0.00558542 0.0143307 -0.223377
0.8 0.00558542 0.0143307 -0.222415
0.8 0.0294 0.0332928 -0.220224
0.8 0.0721251 0.0521244 -0.215759
0.8 0.133567 0.0707101 -0.208206
0.8 0.213433 0.0889594 -0.196596
0.8 0.311344 0.106785 -0.180062
0.8 0.426833 0.124101 -0.158191
0.8 0.55935 0.140827 -0.131397
0.8 0.708263 0.156881 -0.101187
0.8 0.872863 0.172188 -0.0701487
0.8 1.05236 0.186674 -0.0415161
0.8 1.24591 0.20027 -0.0183351
0.8 1.45259 0.212912 -0.00251142
0.8 1.6714 0.22454 0.00580572
0.8 1.90131 0.235097 0.00813438
0.8 2.14122 0.244534 0.00689181
0.8 2.38999 0.252806 0.00439035
0.8 2.64643 0.259873 0.0021399
0.8 2.90932 0.265701 0.000715846
0.8 3.17741 0.270264 0.0000561218
0.8 3.44942 0.273538 -0.000137682
0.8 3.72405 0.275509 -0.000133367
0.8 4. 0.276167 -0.0000821323
0.8 4.27595 0.275509 -0.0000403682
0.8 4.55058 0.273538 -0.0000169949
0.8 4.82259 0.270264 0
0.8 5.09068 0.265701 0
0.8 5.35357 0.259873 0
0.8 5.61001 0.252806 0
0.8 5.85878 0.244534 0
0.8 6.09869 0.235097 0
0.8 6.3286 0.22454 0
0.8 6.54741 0.212912 0
0.8 6.75409 0.20027 0
0.8 6.94764 0.186674 0
0.8 7.12714 0.172188 0
0.8 7.29174 0.156881 0
0.8 7.44065 0.140827 0
0.8 7.57317 0.124101 0
0.8 7.68866 0.106785 0
0.8 7.78657 0.0889594 0
0.8 7.86643 0.0707101 0
0.8 7.92787 0.0521244 0
0.8 7.9706 0.0332928 0
0.8 7.99441 0.0143307 0
0.84 -7.99441 0.0143307 0
0.84 -7.9706 0.0332928 0
0.84 -7.92787 0.0521244 0
0.84 -7.86643 0.0707101 0
0.84 -7.78657 0.0889594 0
0.84 -7.68866 0.106785 0
0.84 -7.57317 0.124101 0
0.84 -7.44065 0.140827 0
0.84 -7.29174 0.156881 0
0.84 -7.12714 0.172188 0
0.84 -6.94764 0.186674 0
0.84 -6.75409 0.20027 0
0.84 -6.54741 0.212912 0
0.84 -6.3286 0.22454 0
0.84 -6.09869 0.235097 0
0.84 -5.85878 0.244534 0
0.84 -5.61001 0.252806 0
0.84 -5.35357 0.259873 0
0.84 -5.09068 0.265701 0
0.84 -4.82259 0.270264 0.0000327542
0.84 -4.55058 0.273538 0.000102149
0.84 -4.27595 0.275509 0.000295431
0.84 -4. 0.276167 0.000785189
0.84 -3.72405 0.275509 0.00190192
0.84 -3.44942 0.273538 0.00416665
0.84 -3.17741 0.270264 0.00819389
0.84 -2.90932 0.265701 0.0143449
0.84 -2.64643 0.259873 0.0221126
0.84 -2.38999 0.252806 0.0294763
0.84 -2.14122 0.244534 0.0327267
0.84 -1.90131 0.235097 0.0272298
0.84 -1.6714 0.22454 0.00910304
0.84 -1.45259 0.212912 -0.0229173
0.84 -1.24591 0.20027 -0.066461
0.84 -1.05236 0.186674 -0.116009
0.84 -0.872863 0.172188 -0.164665
0.84 -0.708263 0.156881 -0.206328
0.84 -0.55935 0.140827 -0.237293
0.84 -0.426833 0.124101 -0.256772
0.84 -0.311344 0.106785 -0.266387
0.84 -0.213433 0.0889594 -0.269056
0.84 -0.133567 0.0707101 -0.267795
0.84 -0.0721251 0.0521244 -0.264944
0.84 -0.0294 0.0332928 -0.262043
0.84 -0.00558542 0.0143307 -0.260089
0.84 0.00558542 0.0143307 -0.259102
0.84 0.0294 0.0332928 -0.256847
0.84 0.0721251 0.0521244 -0.252183
0.84 0.133567 0.0707101 -0.24416
0.84 0.213433 0.0889594 -0.231624
0.84 0.311344 0.106785 -0.213503
0.84 0.426833 0.124101 -0.189196
0.84 0.55935 0.140827 -0.159007
0.84 0.708263 0.156881 -0.124479
0.84 0.872863 0.172188 -0.0884237
0.84 1.05236 0.186674 -0.0544894
0.84 1.24591 0.20027 -0.0262624
0.84 1.45259 0.212912 -0.00618517
0.84 1.6714 0.22454 0.00521343
0.84 1.90131 0.235097 0.00934172
0.84 2.14122 0.244534 0.00878899
0.84 2.38999 0.252806 0.00622403
0.84 2.64643 0.259873 0.00354668
0.84 2.90932 0.265701 0.00163142
0.84 3.17741 0.270264 0.0005758
0.84 3.44942 0.273538 0.000123479
0.84 3.72405 0.275509 -0.0000159468
0.84 4. 0.276167 -0.0000344849
0.84 4.27595 0.275509 -0.00002277
0.84 4.55058 0.273538 -0.0000110264
0.84 4.82259 0.270264 0
0.84 5.09068 0.265701 0
0.84 5.35357 0.259873 0
0.84 5.61001 0.252806 0
0.84 5.85878 0.244534 0
0.84 6.09869 0.235097 0
0.84 6.3286 0.22454 0
0.84 6.54741 0.212912 0
0.84 6.75409 0.20027 0
0.84 6.94764 0.186674 0
0.84 7.12714 0.172188 0
0.84 7.29174 0.156881 0
0.84 7.44065 0.140827 0
0.84 7.57317 0.124101 0
0.84 7.68866 0.106785 0
0.84 7.78657 0.0889594 0
0.84 7.86643 0.0707101 0
0.84 7.92787 0.0521244 0
0.84 7.9706 0.0332928 0
0.84 7.99441 0.0143307 0
0.88 -7.99441 0.0143307 0
0.88 -7.9706 0.0332928 0
0.88 -7.92787 0.0521244 0
0.88 -7.86643 0.0707101 0
0.88 -7.78657 0.0889594 0
0.88 -7.68866 0.106785 0
0.88 -7.57317 0.124101 0
0.88 -7.44065 0.140827 0
0.88 -7.29174 0.156881 0
0.88 -7.12714 0.172188 0
0.88 -6.94764 0.186674 0
0.88 -6.75409 0.20027 0
0.88 -6.54741 0.212912 0
0.88 -6.3286 0.22454 0
0.88 -6.09869 0.235097 0
0.88 -5.85878 0.244534 0
0.88 -5.61001 0.252806 0
0.88 -5.35357 0.259873 0
0.88 -5.09068 0.265701 0.0000101762
0.88 -4.82259 0.270264 0.0000339311
0.88 -4.55058 0.273538 0.000106005
0.88 -4.27595 0.275509 0.000307185
0.88 -4. 0.276167 0.000818212
0.88 -3.72405 0.275509 0.00198674
0.88 -3.44942 0.273538 0.00436426
0.88 -3.17741 0.270264 0.00860841
0.88 -2.90932 0.265701 0.0151211
0.88 -2.64643 0.259873 0.0233954
0.88 -2.38999 0.252806 0.0313119
0.88 -2.14122 0.244534 0.0349107
0.88 -1.90131 0.235097 0.0291514
0.88 -1.6714 0.22454 0.00966961
0.88 -1.45259 0.212912 -0.0251975
0.88 -1.24591 0.20027 -0.0732188
0.88 -1.05236 0.186674 -0.128641
0.88 -0.872863 0.172188 -0.18397
0.88 -0.708263 0.156881 -0.23227
0.88 -0.55935 0.140827 -0.268973
0.88 -0.426833 0.124101 -0.292625
0.88 -0.311344 0.106785 -0.304573
0.88 -0.213433 0.0889594 -0.307958
0.88 -0.133567 0.0707101 -0.306457
0.88 -0.0721251 0.0521244 -0.303152
0.88 -0.0294 0.0332928 -0.299976
0.88 -0.00558542 0.0143307 -0.297912
0.88 0.00558542 0.0143307 -0.296885
0.88 0.0294 0.0332928 -0.294542
0.88 0.0721251 0.0521244 -0.28964
0.88 0.133567 0.0707101 -0.28109
0.88 0.213433 0.0889594 -0.267555
0.88 0.311344 0.106785 -0.247756
0.88 0.426833 0.124101 -0.220906
0.88 0.55935 0.140827 -0.187204
0.88 0.708263 0.156881 -0.148232
0.88 0.872863 0.172188 -0.107036
0.88 1.05236 0.186674 -0.0676884
0.88 1.24591 0.20027 -0.0343235
0.88 1.45259 0.212912 -0.0099252
0.88 1.6714 0.22454 0.00459887
0.88 1.90131 0.235097 0.0105515
0.88 2.14122 0.244534 0.0106995
0.88 2.38999 0.252806 0.00807315
0.88 2.64643 0.259873 0.00496657
0.88 2.90932 0.265701 0.00255626
0.88 3.17741 0.270264 0.00110115
0.88 3.44942 0.273538 0.000387707
0.88 3.72405 0.275509 0.00010295
0.88 4. 0.276167 0.0000138015
0.88 4.27595 0.275509 0
0.88 4.55058 0.273538 0
0.88 4.82259 0.270264 0
0.88 5.09068 0.265701 0
0.88 5.35357 0.259873 0
0.88 5.61001 0.252806 0
0.88 5.85878 0.244534 0
0.88 6.09869 0.235097 0
0.88 6.3286 0.22454 0
0.88 6.54741 0.212912 0
0.88 6.75409 0.20027 0
0.88 6.94764 0.186674 0
0.88 7.12714 0.172188 0
0.88 7.29174 0.156881 0
0.88 7.44065 0.140827 0
0.88 7.57317 0.124101 0
0.88 7.68866 0.106785 0
0.88 7.78657 0.0889594 0
0.88 7.86643 0.0707101 0
0.88 7.92787 0.0521244 0
0.88 7.9706 0.0332928 0
0.88 7.99441 0.0143307 0
0.92 -7.99441 0.0143307 0
0.92 -7.9706 0.0332928 0
0.92 -7.92787 0.0521244 0
0.92 -7.86643 0.0707101 0
0.92 -7.78657 0.0889594 0
0.92 -7.68866 0.106785 0
0.92 -7.57317 0.124101 0
0.92 -7.44065 0.140827 0
0.92 -7.29174 0.156881 0
0.92 -7.12714 0.172188 0
0.92 -6.94764 0.186674 0
0.92 -6.75409 0.20027 0
0.92 -6.54741 0.212912 0
0.92 -6.3286 0.22454 0
0.92 -6.09869 0.235097 0
0.92 -5.85878 0.244534 0
0.92 -5.61001 0.252806 0
0.92 -5.35357 0.259873 0
0.92 -5.09068 0.265701 0.0000104866
0.92 -4.82259 0.270264 0.000035017
0.92 -4.55058 0.273538 0.000109575
0.92 -4.27595 0.275509 0.000318108
0.92 -4. 0.276167 0.000849036
0.92 -3.72405 0.275509 0.00206632
0.92 -3.44942 0.273538 0.00455082
0.92 -3.17741 0.270264 0.00900267
0.92 -2.90932 0.265701 0.0158662
0.92 -2.64643 0.259873 0.0246415
0.92 -2.38999 0.252806 0.0331242
0.92 -2.14122 0.244534 0.0371226
0.92 -1.90131 0.235097 0.0312043
0.92 -1.6714 0.22454 0.0105169
0.92 -1.45259 0.212912 -0.0270434
0.92 -1.24591 0.20027 -0.0794694
0.92 -1.05236 0.186674 -0.140889
0.92 -0.872863 0.172188 -0.203322
0.92 -0.708263 0.156881 -0.259063
0.92 -0.55935 0.140827 -0.302641
0.92 -0.426833 0.124101 -0.331745
0.92 -0.311344 0.106785 -0.347093
0.92 -0.213433 0.0889594 -0.351625
0.92 -0.133567 0.0707101 -0.349425
0.92 -0.0721251 0.0521244 -0.344586
0.92 -0.0294 0.0332928 -0.340171
0.92 -0.00558542 0.0143307 -0.33762
0.92 0.00558542 0.0143307 -0.336505
0.92 0.0294 0.0332928 -0.334033
0.92 0.0721251 0.0521244 -0.328818
0.92 0.133567 0.0707101 -0.319637
0.92 0.213433 0.0889594 -0.30497
0.92 0.311344 0.106785 -0.283334
0.92 0.426833 0.124101 -0.253761
0.92 0.55935 0.140827 -0.216349
0.92 0.708263 0.156881 -0.172729
0.92 0.872863 0.172188 -0.126192
0.92 1.05236 0.186674 -0.08125
0.92 1.24591 0.20027 -0.0425983
0.92 1.45259 0.212912 -0.0137686
0.92 1.6714 0.22454 0.00395255
0.92 1.90131 0.235097 0.0117687
0.92 2.14122 0.244534 0.0126332
0.92 2.38999 0.252806 0.00994719
0.92 2.64643 0.259873 0.00640646
0.92 2.90932 0.265701 0.00349457
0.92 3.17741 0.270264 0.00163442
0.92 3.44942 0.273538 0.000656054
0.92 3.72405 0.275509 0.000223769
0.92 4. 0.276167 0.0000628976
0.92 4.27595 0.275509 0.0000132376
0.92 4.55058 0.273538 0
0.92 4.82259 0.270264 0
0.92 5.09068 0.265701 0
0.92 5.35357 0.259873 0
0.92 5.61001 0.252806 0
0.92 5.85878 0.244534 0
0.92 6.09869 0.235097 0
0.92 6.3286 0.22454 0
0.92 6.54741 0.212912 0
0.92 6.75409 0.20027 0
0.92 6.94764 0.186674 0
0.92 7.12714 0.172188 0
0.92 7.29174 0.156881 0
0.92 7.44065 0.140827 0
0.92 7.57317 0.124101 0
0.92 7.68866 0.106785 0
0.92 7.78657 0.0889594 0
0.92 7.86643 0.0707101 0
0.92 7.92787 0.0521244 0
0.92 7.9706 0.0332928 0
0.92 7.99441 0.0143307 0
0.96 -7.99441 0.0143307 0
0.96 -7.9706 0.0332928 0
0.96 -7.92787 0.0521244 0
0.96 -7.86643 0.0707101 0
0.96 -7.78657 0.0889594 0
0.96 -7.68866 0.106785 0
0.96 -7.57317 0.124101 0
0.96 -7.44065 0.140827 0
0.96 -7.29174 0.156881 0
0.96 -7.12714 0.172188 0
0.96 -6.94764 0.186674 0
0.96 -6.75409 0.20027 0
0.96 -6.54741 0.212912 0
0.96 -6.3286 0.22454 0
0.96 -6.09869 0.235097 0
0.96 -5.85878 0.244534 0
0.96 -5.61001 0.252806 0
0.96 -5.35357 0.259873 0
0.96 -5.09068 0.265701 0.0000107653
0.96 -4.82259 0.270264 0.000035995
0.96 -4.55058 0.273538 0.000112803
0.96 -4.27595 0.275509 0.000328028
0.96 -4. 0.276167 0.000877171
0.96 -3.72405 0.275509 0.00213939
0.96 -3.44942 0.273538 0.00472336
0.96 -3.17741 0.270264 0.00937051
0.96 -2.90932 0.265701 0.016569
0.96 -2.64643 0.259873 0.0258335
0.96 -2.38999 0.252806 0.0348921
0.96 -2.14122 0.244534 0.0393473
0.96 -1.90131 0.235097 0.0333996
0.96 -1.6714 0.22454 0.0117143
0.96 -1.45259 0.212912 -0.0282909
0.96 -1.24591 0.20027 -0.0849291
0.96 -1.05236 0.186674 -0.152365
0.96 -0.872863 0.172188 -0.222328
0.96 -0.708263 0.156881 -0.286532
0.96 -0.55935 0.140827 -0.33873
0.96 -0.426833 0.124101 -0.375735
0.96 -0.311344 0.106785 -0.397355
0.96 -0.213433 0.0889594 -0.405677
0.96 -0.133567 0.0707101 -0.404173
0.96 -0.0721251 0.0521244 -0.396967
0.96 -0.0294 0.0332928 -0.388306
0.96 -0.00558542 0.0143307 -0.381984
0.96 0.00558542 0.0143307 -0.379748
0.96 0.0294 0.0332928 -0.377047
0.96 0.0721251 0.0521244 -0.371346
0.96 0.133567 0.0707101 -0.361299
0.96 0.213433 0.0889594 -0.345215
0.96 0.311344 0.106785 -0.321414
0.96 0.426833 0.124101 -0.288756
0.96 0.55935 0.140827 -0.24725
0.96 0.708263 0.156881 -0.198593
0.96 0.872863 0.172188 -0.146342
0.96 1.05236 0.186674 -0.0954724
0.96 1.24591 0.20027 -0.0512607
0.96 1.45259 0.212912 -0.0177979
0.96 1.6714 0.22454 0.00325099
0.96 1.90131 0.235097 0.013001
0.96 2.14122 0.244534 0.0146091
0.96 2.38999 0.252806 0.011865
0.96 2.64643 0.259873 0.00788036
0.96 2.90932 0.265701 0.00445507
0.96 3.17741 0.270264 0.00218029
0.96 3.44942 0.273538 0.000930769
0.96 3.72405 0.275509 0.000347473
0.96 4. 0.276167 0.000113176
0.96 4.27595 0.275509 0.0000318388
0.96 4.55058 0.273538 0
0.96 4.82259 0.270264 0
0.96 5.09068 0.265701 0
0.96 5.35357 0.259873 0
0.96 5.61001 0.252806 0
0.96 5.85878 0.244534 0
0.96 6.09869 0.235097 0
0.96 6.3286 0.22454 0
0.96 6.54741 0.212912 0
0.96 6.75409 0.20027 0
0.96 6.94764 0.186674 0
0.96 7.12714 0.172188 0
0.96 7.29174 0.156881 0
0.96 7.44065 0.140827 0
0.96 7.57317 0.124101 0
0.96 7.68866 0.106785 0
0.96 7.78657 0.0889594 0
0.96 7.86643 0.0707101 0
0.96 7.92787 0.0521244 0
0.96 7.9706 0.0332928 0
0.96 7.99441 0.0143307 0
