#x points: 24 #c points: 110
xloc: cloc: weight: f
values below 10e-5 have been chopped
0.04 -7.99625 0.00963329 0
0.04 -7.98023 0.0223945 0
0.04 -7.95148 0.035103 0
0.04 -7.91006 0.0477006 0
0.04 -7.85613 0.0601458 0
0.04 -7.78984 0.0723985 0
0.04 -7.71141 0.0844192 0
0.04 -7.62109 0.0961696 0
0.04 -7.51917 0.107612 0
0.04 -7.40598 0.118709 0
0.04 -7.28188 0.129427 0
0.04 -7.14726 0.139729 0
0.04 -7.00257 0.149585 0
0.04 -6.84825 0.158961 0
0.04 -6.68482 0.167827 0
0.04 -6.51278 0.176157 0
0.04 -6.33269 0.183921 0
0.04 -6.14513 0.191097 0
0.04 -5.9507 0.197661 0
0.04 -5.75002 0.203591 0
0.04 -5.54374 0.208869 0
0.04 -5.33251 0.213479 0
0.04 -5.11701 0.217404 0
0.04 -4.89793 0.220633 0
0.04 -4.67598 0.223155 0
0.04 -4.45186 0.224963 0
0.04 -4.22629 0.226049 -0.0000299305
0.04 -4. 0.226412 -0.00008641
0.04 -3.77371 0.226049 -0.000222309
0.04 -3.54814 0.224963 -0.000515473
0.04 -3.32402 0.223155 -0.00108131
0.04 -3.10207 0.220633 -0.00205025
0.04 -2.88299 0.217404 -0.00349517
0.04 -2.66749 0.213479 -0.00529337
0.04 -2.45626 0.208869 -0.00693953
0.04 -2.24998 0.203591 -0.0073753
0.04 -2.0493 0.197661 -0.00494122
0.04 -1.85487 0.191097 0.00245042
0.04 -1.66731 0.183921 0.0168985
0.04 -1.48722 0.176157 0.0399468
0.04 -1.31518 0.167827 0.0720613
0.04 -1.15175 0.158961 0.112353
0.04 -0.997433 0.149585 0.158664
0.04 -0.852737 0.139729 0.207981
0.04 -0.718123 0.129427 0.257032
0.04 -0.594022 0.118709 0.302872
0.04 -0.480831 0.107612 0.343305
0.04 -0.378913 0.0961696 0.377075
0.04 -0.288594 0.0844192 0.403838
0.04 -0.210165 0.0723985 0.423981
0.04 -0.143875 0.0601458 0.438376
0.04 -0.0899371 0.0477006 0.44812
0.04 -0.0485242 0.035103 0.454324
0.04 -0.0197681 0.0223945 0.457954
0.04 -0.00375432 0.00963329 0.459729
0.04 0.00375432 0.00963329 0.461237
0.04 0.0197681 0.0223945 0.465659
0.04 0.0485242 0.035103 0.472281
0.04 0.0899371 0.0477006 0.479122
0.04 0.143875 0.0601458 0.483804
0.04 0.210165 0.0723985 0.483818
0.04 0.288594 0.0844192 0.47672
0.04 0.378913 0.0961696 0.460346
0.04 0.480831 0.107612 0.433092
0.04 0.594022 0.118709 0.39427
0.04 0.718123 0.129427 0.344465
0.04 0.852737 0.139729 0.285782
0.04 0.997433 0.149585 0.221838
0.04 1.15175 0.158961 0.157384
0.04 1.31518 0.167827 0.0975722
0.04 1.48722 0.176157 0.0469872
0.04 1.66731 0.183921 0.00872321
0.04 1.85487 0.191097 -0.0162002
0.04 2.0493 0.197661 -0.02887
0.04 2.24998 0.203591 -0.0319571
0.04 2.45626 0.208869 -0.0288502
0.04 2.66749 0.213479 -0.0227724
0.04 2.88299 0.217404 -0.016166
0.04 3.10207 0.220633 -0.010471
0.04 3.32402 0.223155 -0.0062422
0.04 3.54814 0.224963 -0.00344602
0.04 3.77371 0.226049 -0.00177047
0.04 4. 0.226412 -0.000850405
0.04 4.22629 0.226049 -0.000383604
0.04 4.45186 0.224963 -0.000163268
0.04 4.67598 0.223155 -0.000065895
0.04 4.89793 0.220633 -0.000025356
0.04 5.11701 0.217404 0
0.04 5.33251 0.213479 0
0.04 5.54374 0.208869 0
0.04 5.75002 0.203591 0
0.04 5.9507 0.197661 0
0.04 6.14513 0.191097 0
0.04 6.33269 0.183921 0
0.04 6.51278 0.176157 0
0.04 6.68482 0.167827 0
0.04 6.84825 0.158961 0
0.04 7.00257 0.149585 0
0.04 7.14726 0.139729 0
0.04 7.28188 0.129427 0
0.04 7.40598 0.118709 0
0.04 7.51917 0.107612 0
0.04 7.62109 0.0961696 0
0.04 7.71141 0.0844192 0
0.04 7.78984 0.0723985 0
0.04 7.85613 0.0601458 0
0.04 7.91006 0.0477006 0
0.04 7.95148 0.035103 0
0.04 7.98023 0.0223945 0
0.04 7.99625 0.00963329 0
0.08 -7.99625 0.00963329 0
0.08 -7.98023 0.0223945 0
0.08 -7.95148 0.035103 0
0.08 -7.91006 0.0477006 0
0.08 -7.85613 0.0601458 0
0.08 -7.78984 0.0723985 0
0.08 -7.71141 0.0844192 0
0.08 -7.62109 0.0961696 0
0.08 -7.51917 0.107612 0
0.08 -7.40598 0.118709 0
0.08 -7.28188 0.129427 0
0.08 -7.14726 0.139729 0
0.08 -7.00257 0.149585 0
0.08 -6.84825 0.158961 0
0.08 -6.68482 0.167827 0
0.08 -6.51278 0.176157 0
0.08 -6.33269 0.183921 0
0.08 -6.14513 0.191097 0
0.08 -5.9507 0.197661 0
0.08 -5.75002 0.203591 0
0.08 -5.54374 0.208869 0
0.08 -5.33251 0.213479 0
0.08 -5.11701 0.217404 0
0.08 -4.89793 0.220633 0
0.08 -4.67598 0.223155 0
0.08 -4.45186 0.224963 0
0.08 -4.22629 0.226049 0
0.08 -4. 0.226412 -0.0000361315
0.08 -3.77371 0.226049 -0.000116355
0.08 -3.54814 0.224963 -0.000306837
0.08 -3.32402 0.223155 -0.000699227
0.08 -3.10207 0.220633 -0.00140283
0.08 -2.88299 0.217404 -0.00248653
0.08 -2.66749 0.213479 -0.00386167
0.08 -2.45626 0.208869 -0.00511574
0.08 -2.24998 0.203591 -0.00535197
0.08 -2.0493 0.197661 -0.00312922
0.08 -1.85487 0.191097 0.00340377
0.08 -1.66731 0.183921 0.0161489
0.08 -1.48722 0.176157 0.0365511
0.08 -1.31518 0.167827 0.0651124
0.08 -1.15175 0.158961 0.101118
0.08 -0.997433 0.149585 0.142689
0.08 -0.852737 0.139729 0.187138
0.08 -0.718123 0.129427 0.23151
0.08 -0.594022 0.118709 0.273114
0.08 -0.480831 0.107612 0.309919
0.08 -0.378913 0.0961696 0.340737
0.08 -0.288594 0.0844192 0.365215
0.08 -0.210165 0.0723985 0.383672
0.08 -0.143875 0.0601458 0.396878
0.08 -0.0899371 0.0477006 0.405822
0.08 -0.0485242 0.035103 0.411516
0.08 -0.0197681 0.0223945 0.414844
0.08 -0.00375432 0.00963329 0.41647
0.08 0.00375432 0.00963329 0.417216
0.08 0.0197681 0.0223945 0.418905
0.08 0.0485242 0.035103 0.421903
0.08 0.0899371 0.0477006 0.425686
0.08 0.143875 0.0601458 0.428957
0.08 0.210165 0.0723985 0.429683
0.08 0.288594 0.0844192 0.425398
0.08 0.378913 0.0961696 0.413621
0.08 0.480831 0.107612 0.392298
0.08 0.594022 0.118709 0.360242
0.08 0.718123 0.129427 0.317539
0.08 0.852737 0.139729 0.265817
0.08 0.997433 0.149585 0.208257
0.08 1.15175 0.158961 0.149265
0.08 1.31518 0.167827 0.0937614
0.08 1.48722 0.176157 0.0462501
0.08 1.66731 0.183921 0.00989031
0.08 1.85487 0.191097 -0.0141097
0.08 2.0493 0.197661 -0.0265748
0.08 2.24998 0.203591 -0.0298993
0.08 2.45626 0.208869 -0.0272324
0.08 2.66749 0.213479 -0.0216249
0.08 2.88299 0.217404 -0.0154214
0.08 3.10207 0.220633 -0.0100252
0.08 3.32402 0.223155 -0.00599465
0.08 3.54814 0.224963 -0.00331797
0.08 3.77371 0.226049 -0.00170852
0.08 4. 0.226412 -0.00082227
0.08 4.22629 0.226049 -0.000371562
0.08 4.45186 0.224963 -0.000158388
0.08 4.67598 0.223155 -0.0000640147
0.08 4.89793 0.220633 -0.0000246633
0.08 5.11701 0.217404 0
0.08 5.33251 0.213479 0
0.08 5.54374 0.208869 0
0.08 5.75002 0.203591 0
0.08 5.9507 0.197661 0
0.08 6.14513 0.191097 0
0.08 6.33269 0.183921 0
0.08 6.51278 0.176157 0
0.08 6.68482 0.167827 0
0.08 6.84825 0.158961 0
0.08 7.00257 0.149585 0
0.08 7.14726 0.139729 0
0.08 7.28188 0.129427 0
0.08 7.40598 0.118709 0
0.08 7.51917 0.107612 0
0.08 7.62109 0.0961696 0
0.08 7.71141 0.0844192 0
0.08 7.78984 0.0723985 0
0.08 7.85613 0.0601458 0
0.08 7.91006 0.0477006 0
0.08 7.95148 0.035103 0
0.08 7.98023 0.0223945 0
0.08 7.99625 0.00963329 0
0.12 -7.99625 0.00963329 0
0.12 -7.98023 0.0223945 0
0.12 -7.95148 0.035103 0
0.12 -7.91006 0.0477006 0
0.12 -7.85613 0.0601458 0
0.12 -7.78984 0.0723985 0
0.12 -7.71141 0.0844192 0
0.12 -7.62109 0.0961696 0
0.12 -7.51917 0.107612 0
0.12 -7.40598 0.118709 0
0.12 -7.28188 0.129427 0
0.12 -7.14726 0.139729 0
0.12 -7.00257 0.149585 0
0.12 -6.84825 0.158961 0
0.12 -6.68482 0.167827 0
0.12 -6.51278 0.176157 0
0.12 -6.33269 0.183921 0
0.12 -6.14513 0.191097 0
0.12 -5.9507 0.197661 0
0.12 -5.75002 0.203591 0
0.12 -5.54374 0.208869 0
0.12 -5.33251 0.213479 0
0.12 -5.11701 0.217404 0
0.12 -4.89793 0.220633 0
0.12 -4.67598 0.223155 0
0.12 -4.45186 0.224963 0
0.12 -4.22629 0.226049 0.0000143323
0.12 -4. 0.226412 0.0000129646
0.12 -3.77371 0.226049 -0.0000128741
0.12 -3.54814 0.224963 -0.000103046
0.12 -3.32402 0.223155 -0.000325986
0.12 -3.10207 0.220633 -0.000770354
0.12 -2.88299 0.217404 -0.0015012
0.12 -2.66749 0.213479 -0.00246302
0.12 -2.45626 0.208869 -0.00333377
0.12 -2.24998 0.203591 -0.00337372
0.12 -2.0493 0.197661 -0.00135308
0.12 -1.85487 0.191097 0.00435196
0.12 -1.66731 0.183921 0.0154565
0.12 -1.48722 0.176157 0.0333154
0.12 -1.31518 0.167827 0.0584738
0.12 -1.15175 0.158961 0.0903928
0.12 -0.997433 0.149585 0.127468
0.12 -0.852737 0.139729 0.167332
0.12 -0.718123 0.129427 0.207331
0.12 -0.594022 0.118709 0.245017
0.12 -0.480831 0.107612 0.278511
0.12 -0.378913 0.0961696 0.306685
0.12 -0.288594 0.0844192 0.329168
0.12 -0.210165 0.0723985 0.346204
0.12 -0.143875 0.0601458 0.358458
0.12 -0.0899371 0.0477006 0.366805
0.12 -0.0485242 0.035103 0.372152
0.12 -0.0197681 0.0223945 0.375297
0.12 -0.00375432 0.00963329 0.376841
0.12 0.00375432 0.00963329 0.377531
0.12 0.0197681 0.0223945 0.378941
0.12 0.0485242 0.035103 0.381174
0.12 0.0899371 0.0477006 0.383741
0.12 0.143875 0.0601458 0.38581
0.12 0.210165 0.0723985 0.386014
0.12 0.288594 0.0844192 0.382441
0.12 0.378913 0.0961696 0.372882
0.12 0.480831 0.107612 0.355261
0.12 0.594022 0.118709 0.328142
0.12 0.718123 0.129427 0.291206
0.12 0.852737 0.139729 0.245591
0.12 0.997433 0.149585 0.19398
0.12 1.15175 0.158961 0.140326
0.12 1.31518 0.167827 0.0892107
0.12 1.48722 0.176157 0.0449542
0.12 1.66731 0.183921 0.0107029
0.12 1.85487 0.191097 -0.012197
0.12 2.0493 0.197661 -0.0243319
0.12 2.24998 0.203591 -0.0278215
0.12 2.45626 0.208869 -0.0255642
0.12 2.66749 0.213479 -0.0204238
0.12 2.88299 0.217404 -0.0146328
0.12 3.10207 0.220633 -0.00954867
0.12 3.32402 0.223155 -0.005728
0.12 3.54814 0.224963 -0.00317912
0.12 3.77371 0.226049 -0.00164098
0.12 4. 0.226412 -0.000791445
0.12 4.22629 0.226049 -0.000358311
0.12 4.45186 0.224963 -0.000153
0.12 4.67598 0.223155 -0.0000619313
0.12 4.89793 0.220633 -0.0000238935
0.12 5.11701 0.217404 0
0.12 5.33251 0.213479 0
0.12 5.54374 0.208869 0
0.12 5.75002 0.203591 0
0.12 5.9507 0.197661 0
0.12 6.14513 0.191097 0
0.12 6.33269 0.183921 0
0.12 6.51278 0.176157 0
0.12 6.68482 0.167827 0
0.12 6.84825 0.158961 0
0.12 7.00257 0.149585 0
0.12 7.14726 0.139729 0
0.12 7.28188 0.129427 0
0.12 7.40598 0.118709 0
0.12 7.51917 0.107612 0
0.12 7.62109 0.0961696 0
0.12 7.71141 0.0844192 0
0.12 7.78984 0.0723985 0
0.12 7.85613 0.0601458 0
0.12 7.91006 0.0477006 0
0.12 7.95148 0.035103 0
0.12 7.98023 0.0223945 0
0.12 7.99625 0.00963329 0
0.16 -7.99625 0.00963329 0
0.16 -7.98023 0.0223945 0
0.16 -7.95148 0.035103 0
0.16 -7.91006 0.0477006 0
0.16 -7.85613 0.0601458 0
0.16 -7.78984 0.0723985 0
0.16 -7.71141 0.0844192 0
0.16 -7.62109 0.0961696 0
0.16 -7.51917 0.107612 0
0.16 -7.40598 0.118709 0
0.16 -7.28188 0.129427 0
0.16 -7.14726 0.139729 0
0.16 -7.00257 0.149585 0
0.16 -6.84825 0.158961 0
0.16 -6.68482 0.167827 0
0.16 -6.51278 0.176157 0
0.16 -6.33269 0.183921 0
0.16 -6.14513 0.191097 0
0.16 -5.9507 0.197661 0
0.16 -5.75002 0.203591 0
0.16 -5.54374 0.208869 0
0.16 -5.33251 0.213479 0
0.16 -5.11701 0.217404 0
0.16 -4.89793 0.220633 0
0.16 -4.67598 0.223155 0
0.16 -4.45186 0.224963 0.0000186391
0.16 -4.22629 0.226049 0.0000358268
0.16 -4. 0.226412 0.000061251
0.16 -3.77371 0.226049 0.0000889493
0.16 -3.54814 0.224963 0.0000975753
0.16 -3.32402 0.223155 0.0000416153
0.16 -3.10207 0.220633 -0.00014718
0.16 -2.88299 0.217404 -0.000529961
0.16 -2.66749 0.213479 -0.00108386
0.16 -2.45626 0.208869 -0.00157582
0.16 -2.24998 0.203591 -0.00142068
0.16 -2.0493 0.197661 0.000403675
0.16 -1.85487 0.191097 0.00529833
0.16 -1.66731 0.183921 0.0147967
0.16 -1.48722 0.176157 0.0301691
0.16 -1.31518 0.167827 0.0520066
0.16 -1.15175 0.158961 0.0799477
0.16 -0.997433 0.149585 0.11266
0.16 -0.852737 0.139729 0.148091
0.16 -0.718123 0.129427 0.183883
0.16 -0.594022 0.118709 0.217819
0.16 -0.480831 0.107612 0.248166
0.16 -0.378913 0.0961696 0.273853
0.16 -0.288594 0.0844192 0.294484
0.16 -0.210165 0.0723985 0.310226
0.16 -0.143875 0.0601458 0.321637
0.16 -0.0899371 0.0477006 0.329479
0.16 -0.0485242 0.035103 0.33455
0.16 -0.0197681 0.0223945 0.337562
0.16 -0.00375432 0.00963329 0.339053
0.16 0.00375432 0.00963329 0.339716
0.16 0.0197681 0.0223945 0.341055
0.16 0.0485242 0.035103 0.34313
0.16 0.0899371 0.0477006 0.345398
0.16 0.143875 0.0601458 0.347085
0.16 0.210165 0.0723985 0.347108
0.16 0.288594 0.0844192 0.34398
0.16 0.378913 0.0961696 0.335884
0.16 0.480831 0.107612 0.320954
0.16 0.594022 0.118709 0.297731
0.16 0.718123 0.129427 0.265662
0.16 0.852737 0.139729 0.225487
0.16 0.997433 0.149585 0.17941
0.16 1.15175 0.158961 0.130906
0.16 1.31518 0.167827 0.0841619
0.16 1.48722 0.176157 0.0432462
0.16 1.66731 0.183921 0.0112319
0.16 1.85487 0.191097 -0.0104423
0.16 2.0493 0.197661 -0.0221496
0.16 2.24998 0.203591 -0.0257431
0.16 2.45626 0.208869 -0.0238664
0.16 2.66749 0.213479 -0.0191859
0.16 2.88299 0.217404 -0.0138121
0.16 3.10207 0.220633 -0.00904887
0.16 3.32402 0.223155 -0.00544648
0.16 3.54814 0.224963 -0.00303172
0.16 3.77371 0.226049 -0.00156892
0.16 4. 0.226412 -0.000758423
0.16 4.22629 0.226049 -0.000344064
0.16 4.45186 0.224963 -0.000147186
0.16 4.67598 0.223155 -0.0000596771
0.16 4.89793 0.220633 -0.0000230585
0.16 5.11701 0.217404 0
0.16 5.33251 0.213479 0
0.16 5.54374 0.208869 0
0.16 5.75002 0.203591 0
0.16 5.9507 0.197661 0
0.16 6.14513 0.191097 0
0.16 6.33269 0.183921 0
0.16 6.51278 0.176157 0
0.16 6.68482 0.167827 0
0.16 6.84825 0.158961 0
0.16 7.00257 0.149585 0
0.16 7.14726 0.139729 0
0.16 7.28188 0.129427 0
0.16 7.40598 0.118709 0
0.16 7.51917 0.107612 0
0.16 7.62109 0.0961696 0
0.16 7.71141 0.0844192 0
0.16 7.78984 0.0723985 0
0.16 7.85613 0.0601458 0
0.16 7.91006 0.0477006 0
0.16 7.95148 0.035103 0
0.16 7.98023 0.0223945 0
0.16 7.99625 0.00963329 0
0.2 -7.99625 0.00963329 0
0.2 -7.98023 0.0223945 0
0.2 -7.95148 0.035103 0
0.2 -7.91006 0.0477006 0
0.2 -7.85613 0.0601458 0
0.2 -7.78984 0.0723985 0
0.2 -7.71141 0.0844192 0
0.2 -7.62109 0.0961696 0
0.2 -7.51917 0.107612 0
0.2 -7.40598 0.118709 0
0.2 -7.28188 0.129427 0
0.2 -7.14726 0.139729 0
0.2 -7.00257 0.149585 0
0.2 -6.84825 0.158961 0
0.2 -6.68482 0.167827 0
0.2 -6.51278 0.176157 0
0.2 -6.33269 0.183921 0
0.2 -6.14513 0.191097 0
0.2 -5.9507 0.197661 0
0.2 -5.75002 0.203591 0
0.2 -5.54374 0.208869 0
0.2 -5.33251 0.213479 0
0.2 -5.11701 0.217404 0
0.2 -4.89793 0.220633 0
0.2 -4.67598 0.223155 0.0000123814
0.2 -4.45186 0.224963 0.0000275329
0.2 -4.22629 0.226049 0.0000570227
0.2 -4. 0.226412 0.000108898
0.2 -3.77371 0.226049 0.000189493
0.2 -3.54814 0.224963 0.00029581
0.2 -3.32402 0.223155 0.000405088
0.2 -3.10207 0.220633 0.000469402
0.2 -2.88299 0.217404 0.000431623
0.2 -2.66749 0.213479 0.000282486
0.2 -2.45626 0.208869 0.000167003
0.2 -2.24998 0.203591 0.000517327
0.2 -2.0493 0.197661 0.00214996
0.2 -1.85487 0.191097 0.00624588
0.2 -1.66731 0.183921 0.0141598
0.2 -1.48722 0.176157 0.0270803
0.2 -1.31518 0.167827 0.0456474
0.2 -1.15175 0.158961 0.0696773
0.2 -0.997433 0.149585 0.0981102
0.2 -0.852737 0.139729 0.129202
0.2 -0.718123 0.129427 0.160888
0.2 -0.594022 0.118709 0.191177
0.2 -0.480831 0.107612 0.218478
0.2 -0.378913 0.0961696 0.241771
0.2 -0.288594 0.0844192 0.260632
0.2 -0.210165 0.0723985 0.275153
0.2 -0.143875 0.0601458 0.285783
0.2 -0.0899371 0.0477006 0.293169
0.2 -0.0485242 0.035103 0.298004
0.2 -0.0197681 0.0223945 0.300909
0.2 -0.00375432 0.00963329 0.302362
0.2 0.00375432 0.00963329 0.303009
0.2 0.0197681 0.0223945 0.304314
0.2 0.0485242 0.035103 0.306354
0.2 0.0899371 0.0477006 0.308605
0.2 0.143875 0.0601458 0.310322
0.2 0.210165 0.0723985 0.310532
0.2 0.288594 0.0844192 0.307993
0.2 0.378913 0.0961696 0.301198
0.2 0.480831 0.107612 0.288538
0.2 0.594022 0.118709 0.26865
0.2 0.718123 0.129427 0.240869
0.2 0.852737 0.139729 0.205644
0.2 0.997433 0.149585 0.164754
0.2 1.15175 0.158961 0.121207
0.2 1.31518 0.167827 0.0787728
0.2 1.48722 0.176157 0.0412305
0.2 1.66731 0.183921 0.0115336
0.2 1.85487 0.191097 -0.0088244
0.2 2.0493 0.197661 -0.020028
0.2 2.24998 0.203591 -0.0236741
0.2 2.45626 0.208869 -0.0221511
0.2 2.66749 0.213479 -0.0179218
0.2 2.88299 0.217404 -0.0129672
0.2 3.10207 0.220633 -0.00853076
0.2 3.32402 0.223155 -0.00515297
0.2 3.54814 0.224963 -0.00287728
0.2 3.77371 0.226049 -0.0014931
0.2 4. 0.226412 -0.000723549
0.2 4.22629 0.226049 -0.000328968
0.2 4.45186 0.224963 -0.000141009
0.2 4.67598 0.223155 -0.0000572755
0.2 4.89793 0.220633 -0.0000221667
0.2 5.11701 0.217404 0
0.2 5.33251 0.213479 0
0.2 5.54374 0.208869 0
0.2 5.75002 0.203591 0
0.2 5.9507 0.197661 0
0.2 6.14513 0.191097 0
0.2 6.33269 0.183921 0
0.2 6.51278 0.176157 0
0.2 6.68482 0.167827 0
0.2 6.84825 0.158961 0
0.2 7.00257 0.149585 0
0.2 7.14726 0.139729 0
0.2 7.28188 0.129427 0
0.2 7.40598 0.118709 0
0.2 7.51917 0.107612 0
0.2 7.62109 0.0961696 0
0.2 7.71141 0.0844192 0
0.2 7.78984 0.0723985 0
0.2 7.85613 0.0601458 0
0.2 7.91006 0.0477006 0
0.2 7.95148 0.035103 0
0.2 7.98023 0.0223945 0
0.2 7.99625 0.00963329 0
0.24 -7.99625 0.00963329 0
0.24 -7.98023 0.0223945 0
0.24 -7.95148 0.035103 0
0.24 -7.91006 0.0477006 0
0.24 -7.85613 0.0601458 0
0.24 -7.78984 0.0723985 0
0.24 -7.71141 0.0844192 0
0.24 -7.62109 0.0961696 0
0.24 -7.51917 0.107612 0
0.24 -7.40598 0.118709 0
0.24 -7.28188 0.129427 0
0.24 -7.14726 0.139729 0
0.24 -7.00257 0.149585 0
0.24 -6.84825 0.158961 0
0.24 -6.68482 0.167827 0
0.24 -6.51278 0.176157 0
0.24 -6.33269 0.183921 0
0.24 -6.14513 0.191097 0
0.24 -5.9507 0.197661 0
0.24 -5.75002 0.203591 0
0.24 -5.54374 0.208869 0
0.24 -5.33251 0.213479 0
0.24 -5.11701 0.217404 0
0.24 -4.89793 0.220633 0
0.24 -4.67598 0.223155 0.0000158705
0.24 -4.45186 0.224963 0.0000363099
0.24 -4.22629 0.226049 0.0000779563
0.24 -4. 0.226412 0.000155994
0.24 -3.77371 0.226049 0.000288954
0.24 -3.54814 0.224963 0.000492074
0.24 -3.32402 0.223155 0.000765251
0.24 -3.10207 0.220633 0.00108089
0.24 -2.88299 0.217404 0.00138608
0.24 -2.66749 0.213479 0.00163987
0.24 -2.45626 0.208869 0.00189999
0.24 -2.24998 0.203591 0.00244655
0.24 -2.0493 0.197661 0.00389159
0.24 -1.85487 0.191097 0.00719731
0.24 -1.66731 0.183921 0.0135414
0.24 -1.48722 0.176157 0.0240323
0.24 -1.31518 0.167827 0.0393609
0.24 -1.15175 0.158961 0.0595226
0.24 -0.997433 0.149585 0.0837293
0.24 -0.852737 0.139729 0.110546
0.24 -0.718123 0.129427 0.138192
0.24 -0.594022 0.118709 0.164904
0.24 -0.480831 0.107612 0.189225
0.24 -0.378913 0.0961696 0.210183
0.24 -0.288594 0.0844192 0.22733
0.24 -0.210165 0.0723985 0.240676
0.24 -0.143875 0.0601458 0.250564
0.24 -0.0899371 0.0477006 0.257524
0.24 -0.0485242 0.035103 0.262144
0.24 -0.0197681 0.0223945 0.26496
0.24 -0.00375432 0.00963329 0.266383
0.24 0.00375432 0.00963329 0.267019
0.24 0.0197681 0.0223945 0.268306
0.24 0.0485242 0.035103 0.27035
0.24 0.0899371 0.0477006 0.272674
0.24 0.143875 0.0601458 0.27459
0.24 0.210165 0.0723985 0.275206
0.24 0.288594 0.0844192 0.273426
0.24 0.378913 0.0961696 0.267959
0.24 0.480831 0.107612 0.257418
0.24 0.594022 0.118709 0.240571
0.24 0.718123 0.129427 0.216719
0.24 0.852737 0.139729 0.186095
0.24 0.997433 0.149585 0.150114
0.24 1.15175 0.158961 0.111349
0.24 1.31518 0.167827 0.0731499
0.24 1.48722 0.176157 0.0389835
0.24 1.66731 0.183921 0.011653
0.24 1.85487 0.191097 -0.00732333
0.24 2.0493 0.197661 -0.0179634
0.24 2.24998 0.203591 -0.0216192
0.24 2.45626 0.208869 -0.0204259
0.24 2.66749 0.213479 -0.0166388
0.24 2.88299 0.217404 -0.0121033
0.24 3.10207 0.220633 -0.00799791
0.24 3.32402 0.223155 -0.00484959
0.24 3.54814 0.224963 -0.00271696
0.24 3.77371 0.226049 -0.0014141
0.24 4. 0.226412 -0.000687087
0.24 4.22629 0.226049 -0.000313138
0.24 4.45186 0.224963 -0.000134514
0.24 4.67598 0.223155 -0.0000547443
0.24 4.89793 0.220633 -0.0000212248
0.24 5.11701 0.217404 0
0.24 5.33251 0.213479 0
0.24 5.54374 0.208869 0
0.24 5.75002 0.203591 0
0.24 5.9507 0.197661 0
0.24 6.14513 0.191097 0
0.24 6.33269 0.183921 0
0.24 6.51278 0.176157 0
0.24 6.68482 0.167827 0
0.24 6.84825 0.158961 0
0.24 7.00257 0.149585 0
0.24 7.14726 0.139729 0
0.24 7.28188 0.129427 0
0.24 7.40598 0.118709 0
0.24 7.51917 0.107612 0
0.24 7.62109 0.0961696 0
0.24 7.71141 0.0844192 0
0.24 7.78984 0.0723985 0
0.24 7.85613 0.0601458 0
0.24 7.91006 0.0477006 0
0.24 7.95148 0.035103 0
0.24 7.98023 0.0223945 0
0.24 7.99625 0.00963329 0
0.28 -7.99625 0.00963329 0
0.28 -7.98023 0.0223945 0
0.28 -7.95148 0.035103 0
0.28 -7.91006 0.0477006 0
0.28 -7.85613 0.0601458 0
0.28 -7.78984 0.0723985 0
0.28 -7.71141 0.0844192 0
0.28 -7.62109 0.0961696 0
0.28 -7.51917 0.107612 0
0.28 -7.40598 0.118709 0
0.28 -7.28188 0.129427 0
0.28 -7.14726 0.139729 0
0.28 -7.00257 0.149585 0
0.28 -6.84825 0.158961 0
0.28 -6.68482 0.167827 0
0.28 -6.51278 0.176157 0
0.28 -6.33269 0.183921 0
0.28 -6.14513 0.191097 0
0.28 -5.9507 0.197661 0
0.28 -5.75002 0.203591 0
0.28 -5.54374 0.208869 0
0.28 -5.33251 0.213479 0
0.28 -5.11701 0.217404 0
0.28 -4.89793 0.220633 0
0.28 -4.67598 0.223155 0.0000193129
0.28 -4.45186 0.224963 0.0000449766
0.28 -4.22629 0.226049 0.0000986449
0.28 -4. 0.226412 0.000202581
0.28 -3.77371 0.226049 0.000387434
0.28 -3.54814 0.224963 0.000686592
0.28 -3.32402 0.223155 0.00112257
0.28 -3.10207 0.220633 0.00168817
0.28 -2.88299 0.217404 0.00233494
0.28 -2.66749 0.213479 0.00299075
0.28 -2.45626 0.208869 0.00362664
0.28 -2.24998 0.203591 0.0043713
0.28 -2.0493 0.197661 0.00563288
0.28 -1.85487 0.191097 0.00815521
0.28 -1.66731 0.183921 0.0129394
0.28 -1.48722 0.176157 0.0210152
0.28 -1.31518 0.167827 0.0331254
0.28 -1.15175 0.158961 0.0494464
0.28 -0.997433 0.149585 0.0694625
0.28 -0.852737 0.139729 0.0920451
0.28 -0.718123 0.129427 0.1157
0.28 -0.594022 0.118709 0.138882
0.28 -0.480831 0.107612 0.160269
0.28 -0.378913 0.0961696 0.178935
0.28 -0.288594 0.0844192 0.194404
0.28 -0.210165 0.0723985 0.206607
0.28 -0.143875 0.0601458 0.215778
0.28 -0.0899371 0.0477006 0.222334
0.28 -0.0485242 0.035103 0.226755
0.28 -0.0197681 0.0223945 0.22949
0.28 -0.00375432 0.00963329 0.230889
0.28 0.00375432 0.00963329 0.231518
0.28 0.0197681 0.0223945 0.232797
0.28 0.0485242 0.035103 0.234862
0.28 0.0899371 0.0477006 0.237295
0.28 0.143875 0.0601458 0.239483
0.28 0.210165 0.0723985 0.240617
0.28 0.288594 0.0844192 0.239715
0.28 0.378913 0.0961696 0.235642
0.28 0.480831 0.107612 0.227184
0.28 0.594022 0.118709 0.213233
0.28 0.718123 0.129427 0.19309
0.28 0.852737 0.139729 0.166825
0.28 0.997433 0.149585 0.135542
0.28 1.15175 0.158961 0.101407
0.28 1.31518 0.167827 0.0673664
0.28 1.48722 0.176157 0.0365618
0.28 1.66731 0.183921 0.0116261
0.28 1.85487 0.191097 -0.00592136
0.28 2.0493 0.197661 -0.0159511
0.28 2.24998 0.203591 -0.0195808
0.28 2.45626 0.208869 -0.0186958
0.28 2.66749 0.213479 -0.0153419
0.28 2.88299 0.217404 -0.0112246
0.28 3.10207 0.220633 -0.00745305
0.28 3.32402 0.223155 -0.00453798
0.28 3.54814 0.224963 -0.00255165
0.28 3.77371 0.226049 -0.00133236
0.28 4. 0.226412 -0.000649248
0.28 4.22629 0.226049 -0.000296665
0.28 4.45186 0.224963 -0.000127738
0.28 4.67598 0.223155 -0.0000520983
0.28 4.89793 0.220633 -0.0000202382
0.28 5.11701 0.217404 0
0.28 5.33251 0.213479 0
0.28 5.54374 0.208869 0
0.28 5.75002 0.203591 0
0.28 5.9507 0.197661 0
0.28 6.14513 0.191097 0
0.28 6.33269 0.183921 0
0.28 6.51278 0.176157 0
0.28 6.68482 0.167827 0
0.28 6.84825 0.158961 0
0.28 7.00257 0.149585 0
0.28 7.14726 0.139729 0
0.28 7.28188 0.129427 0
0.28 7.40598 0.118709 0
0.28 7.51917 0.107612 0
0.28 7.62109 0.0961696 0
0.28 7.71141 0.0844192 0
0.28 7.78984 0.0723985 0
0.28 7.85613 0.0601458 0
0.28 7.91006 0.0477006 0
0.28 7.95148 0.035103 0
0.28 7.98023 0.0223945 0
0.28 7.99625 0.00963329 0
0.32 -7.99625 0.00963329 0
0.32 -7.98023 0.0223945 0
0.32 -7.95148 0.035103 0
0.32 -7.91006 0.0477006 0
0.32 -7.85613 0.0601458 0
0.32 -7.78984 0.0723985 0
0.32 -7.71141 0.0844192 0
0.32 -7.62109 0.0961696 0
0.32 -7.51917 0.107612 0
0.32 -7.40598 0.118709 0
0.32 -7.28188 0.129427 0
0.32 -7.14726 0.139729 0
0.32 -7.00257 0.149585 0
0.32 -6.84825 0.158961 0
0.32 -6.68482 0.167827 0
0.32 -6.51278 0.176157 0
0.32 -6.33269 0.183921 0
0.32 -6.14513 0.191097 0
0.32 -5.9507 0.197661 0
0.32 -5.75002 0.203591 0
0.32 -5.54374 0.208869 0
0.32 -5.33251 0.213479 0
0.32 -5.11701 0.217404 0
0.32 -4.89793 0.220633 0
0.32 -4.67598 0.223155 0.0000227091
0.32 -4.45186 0.224963 0.0000535347
0.32 -4.22629 0.226049 0.000119094
0.32 -4. 0.226412 0.000248675
0.32 -3.77371 0.226049 0.000484976
0.32 -3.54814 0.224963 0.000879471
0.32 -3.32402 0.223155 0.00147728
0.32 -3.10207 0.220633 0.00229173
0.32 -2.88299 0.217404 0.00327916
0.32 -2.66749 0.213479 0.00433674
0.32 -2.45626 0.208869 0.00534939
0.32 -2.24998 0.203591 0.00629484
0.32 -2.0493 0.197661 0.00737739
0.32 -1.85487 0.191097 0.00912227
0.32 -1.66731 0.183921 0.0123539
0.32 -1.48722 0.176157 0.0180234
0.32 -1.31518 0.167827 0.026927
0.32 -1.15175 0.158961 0.0394237
0.32 -0.997433 0.149585 0.0552714
0.32 -0.852737 0.139729 0.0736491
0.32 -0.718123 0.129427 0.0933457
0.32 -0.594022 0.118709 0.113032
0.32 -0.480831 0.107612 0.131519
0.32 -0.378913 0.0961696 0.147924
0.32 -0.288594 0.0844192 0.161742
0.32 -0.210165 0.0723985 0.172824
0.32 -0.143875 0.0601458 0.181297
0.32 -0.0899371 0.0477006 0.187462
0.32 -0.0485242 0.035103 0.191695
0.32 -0.0197681 0.0223945 0.194357
0.32 -0.00375432 0.00963329 0.195736
0.32 0.00375432 0.00963329 0.196359
0.32 0.0197681 0.0223945 0.197636
0.32 0.0485242 0.035103 0.199733
0.32 0.0899371 0.0477006 0.202294
0.32 0.143875 0.0601458 0.204786
0.32 0.210165 0.0723985 0.206495
0.32 0.288594 0.0844192 0.206546
0.32 0.378913 0.0961696 0.203927
0.32 0.480831 0.107612 0.19756
0.32 0.594022 0.118709 0.186437
0.32 0.718123 0.129427 0.169871
0.32 0.852737 0.139729 0.1478
0.32 0.997433 0.149585 0.121054
0.32 1.15175 0.158961 0.0914278
0.32 1.31518 0.167827 0.0614725
0.32 1.48722 0.176157 0.0340078
0.32 1.66731 0.183921 0.0114818
0.32 1.85487 0.191097 -0.00460299
0.32 2.0493 0.197661 -0.0139854
0.32 2.24998 0.203591 -0.0175594
0.32 2.45626 0.208869 -0.0169639
0.32 2.66749 0.213479 -0.0140347
0.32 2.88299 0.217404 -0.010334
0.32 3.10207 0.220633 -0.00689826
0.32 3.32402 0.223155 -0.00421943
0.32 3.54814 0.224963 -0.00238206
0.32 3.77371 0.226049 -0.00124825
0.32 4. 0.226412 -0.000610201
0.32 4.22629 0.226049 -0.000279625
0.32 4.45186 0.224963 -0.000120714
0.32 4.67598 0.223155 -0.0000493494
0.32 4.89793 0.220633 -0.0000192114
0.32 5.11701 0.217404 0
0.32 5.33251 0.213479 0
0.32 5.54374 0.208869 0
0.32 5.75002 0.203591 0
0.32 5.9507 0.197661 0
0.32 6.14513 0.191097 0
0.32 6.33269 0.183921 0
0.32 6.51278 0.176157 0
0.32 6.68482 0.167827 0
0.32 6.84825 0.158961 0
0.32 7.00257 0.149585 0
0.32 7.14726 0.139729 0
0.32 7.28188 0.129427 0
0.32 7.40598 0.118709 0
0.32 7.51917 0.107612 0
0.32 7.62109 0.0961696 0
0.32 7.71141 0.0844192 0
0.32 7.78984 0.0723985 0
0.32 7.85613 0.0601458 0
0.32 7.91006 0.0477006 0
0.32 7.95148 0.035103 0
0.32 7.98023 0.0223945 0
0.32 7.99625 0.00963329 0
0.36 -7.99625 0.00963329 0
0.36 -7.98023 0.0223945 0
0.36 -7.95148 0.035103 0
0.36 -7.91006 0.0477006 0
0.36 -7.85613 0.0601458 0
0.36 -7.78984 0.0723985 0
0.36 -7.71141 0.0844192 0
0.36 -7.62109 0.0961696 0
0.36 -7.51917 0.107612 0
0.36 -7.40598 0.118709 0
0.36 -7.28188 0.129427 0
0.36 -7.14726 0.139729 0
0.36 -7.00257 0.149585 0
0.36 -6.84825 0.158961 0
0.36 -6.68482 0.167827 0
0.36 -6.51278 0.176157 0
0.36 -6.33269 0.183921 0
0.36 -6.14513 0.191097 0
0.36 -5.9507 0.197661 0
0.36 -5.75002 0.203591 0
0.36 -5.54374 0.208869 0
0.36 -5.33251 0.213479 0
0.36 -5.11701 0.217404 0
0.36 -4.89793 0.220633 0.0000104091
0.36 -4.67598 0.223155 0.0000260582
0.36 -4.45186 0.224963 0.0000619827
0.36 -4.22629 0.226049 0.000139301
0.36 -4. 0.226412 0.000294275
0.36 -3.77371 0.226049 0.000581586
0.36 -3.54814 0.224963 0.00107074
0.36 -3.32402 0.223155 0.00182949
0.36 -3.10207 0.220633 0.00289185
0.36 -2.88299 0.217404 0.00421932
0.36 -2.66749 0.213479 0.00567892
0.36 -2.45626 0.208869 0.00707008
0.36 -2.24998 0.203591 0.00821981
0.36 -2.0493 0.197661 0.0091283
0.36 -1.85487 0.191097 0.0101014
0.36 -1.66731 0.183921 0.0117859
0.36 -1.48722 0.176157 0.0150539
0.36 -1.31518 0.167827 0.0207561
0.36 -1.15175 0.158961 0.029436
0.36 -0.997433 0.149585 0.0411278
0.36 -0.852737 0.139729 0.0553188
0.36 -0.718123 0.129427 0.07108
0.36 -0.594022 0.118709 0.0872973
0.36 -0.480831 0.107612 0.102909
0.36 -0.378913 0.0961696 0.117075
0.36 -0.288594 0.0844192 0.129263
0.36 -0.210165 0.0723985 0.139241
0.36 -0.143875 0.0601458 0.147029
0.36 -0.0899371 0.0477006 0.152814
0.36 -0.0485242 0.035103 0.156866
0.36 -0.0197681 0.0223945 0.159461
0.36 -0.00375432 0.00963329 0.160823
0.36 0.00375432 0.00963329 0.161442
0.36 0.0197681 0.0223945 0.162721
0.36 0.0485242 0.035103 0.164857
0.36 0.0899371 0.0477006 0.167556
0.36 0.143875 0.0601458 0.17037
0.36 0.210165 0.0723985 0.172686
0.36 0.288594 0.0844192 0.173733
0.36 0.378913 0.0961696 0.172612
0.36 0.480831 0.107612 0.168355
0.36 0.594022 0.118709 0.160036
0.36 0.718123 0.129427 0.14697
0.36 0.852737 0.139729 0.128982
0.36 0.997433 0.149585 0.106655
0.36 1.15175 0.158961 0.0814369
0.36 1.31518 0.167827 0.0555032
0.36 1.48722 0.176157 0.0313533
0.36 1.66731 0.183921 0.0112431
0.36 1.85487 0.191097 -0.00335491
0.36 2.0493 0.197661 -0.0120609
0.36 2.24998 0.203591 -0.0155545
0.36 2.45626 0.208869 -0.0152324
0.36 2.66749 0.213479 -0.0127198
0.36 2.88299 0.217404 -0.00943379
0.36 3.10207 0.220633 -0.00633518
0.36 3.32402 0.223155 -0.00389496
0.36 3.54814 0.224963 -0.00220878
0.36 3.77371 0.226049 -0.00116206
0.36 4. 0.226412 -0.00057009
0.36 4.22629 0.226049 -0.00026208
0.36 4.45186 0.224963 -0.000113467
0.36 4.67598 0.223155 -0.0000465079
0.36 4.89793 0.220633 -0.0000181482
0.36 5.11701 0.217404 0
0.36 5.33251 0.213479 0
0.36 5.54374 0.208869 0
0.36 5.75002 0.203591 0
0.36 5.9507 0.197661 0
0.36 6.14513 0.191097 0
0.36 6.33269 0.183921 0
0.36 6.51278 0.176157 0
0.36 6.68482 0.167827 0
0.36 6.84825 0.158961 0
0.36 7.00257 0.149585 0
0.36 7.14726 0.139729 0
0.36 7.28188 0.129427 0
0.36 7.40598 0.118709 0
0.36 7.51917 0.107612 0
0.36 7.62109 0.0961696 0
0.36 7.71141 0.0844192 0
0.36 7.78984 0.0723985 0
0.36 7.85613 0.0601458 0
0.36 7.91006 0.0477006 0
0.36 7.95148 0.035103 0
0.36 7.98023 0.0223945 0
0.36 7.99625 0.00963329 0
0.4 -7.99625 0.00963329 0
0.4 -7.98023 0.0223945 0
0.4 -7.95148 0.035103 0
0.4 -7.91006 0.0477006 0
0.4 -7.85613 0.0601458 0
0.4 -7.78984 0.0723985 0
0.4 -7.71141 0.0844192 0
0.4 -7.62109 0.0961696 0
0.4 -7.51917 0.107612 0
0.4 -7.40598 0.118709 0
0.4 -7.28188 0.129427 0
0.4 -7.14726 0.139729 0
0.4 -7.00257 0.149585 0
0.4 -6.84825 0.158961 0
0.4 -6.68482 0.167827 0
0.4 -6.51278 0.176157 0
0.4 -6.33269 0.183921 0
0.4 -6.14513 0.191097 0
0.4 -5.9507 0.197661 0
0.4 -5.75002 0.203591 0
0.4 -5.54374 0.208869 0
0.4 -5.33251 0.213479 0
0.4 -5.11701 0.217404 0
0.4 -4.89793 0.220633 0.0000116554
0.4 -4.67598 0.223155 0.0000293585
0.4 -4.45186 0.224963 0.0000703165
0.4 -4.22629 0.226049 0.000159258
0.4 -4. 0.226412 0.000339365
0.4 -3.77371 0.226049 0.000677238
0.4 -3.54814 0.224963 0.00126038
0.4 -3.32402 0.223155 0.00217919
0.4 -3.10207 0.220633 0.00348859
0.4 -2.88299 0.217404 0.00515569
0.4 -2.66749 0.213479 0.00701802
0.4 -2.45626 0.208869 0.0087901
0.4 -2.24998 0.203591 0.0101485
0.4 -2.0493 0.197661 0.0108886
0.4 -1.85487 0.191097 0.0110958
0.4 -1.66731 0.183921 0.0112373
0.4 -1.48722 0.176157 0.0121057
0.4 -1.31518 0.167827 0.0146063
0.4 -1.15175 0.158961 0.0194696
0.4 -0.997433 0.149585 0.0270091
0.4 -0.852737 0.139729 0.0370227
0.4 -0.718123 0.129427 0.0488638
0.4 -0.594022 0.118709 0.0616308
0.4 -0.480831 0.107612 0.0743869
0.4 -0.378913 0.0961696 0.0863336
0.4 -0.288594 0.0844192 0.0969061
0.4 -0.210165 0.0723985 0.105793
0.4 -0.143875 0.0601458 0.112907
0.4 -0.0899371 0.0477006 0.118321
0.4 -0.0485242 0.035103 0.122199
0.4 -0.0197681 0.0223945 0.124729
0.4 -0.00375432 0.00963329 0.126076
0.4 0.00375432 0.00963329 0.126693
0.4 0.0197681 0.0223945 0.127976
0.4 0.0485242 0.035103 0.130156
0.4 0.0899371 0.0477006 0.133001
0.4 0.143875 0.0601458 0.136149
0.4 0.210165 0.0723985 0.139089
0.4 0.288594 0.0844192 0.141159
0.4 0.378913 0.0961696 0.141568
0.4 0.480831 0.107612 0.139442
0.4 0.594022 0.118709 0.133918
0.4 0.718123 0.129427 0.12431
0.4 0.852737 0.139729 0.110331
0.4 0.997433 0.149585 0.0923366
0.4 1.15175 0.158961 0.0714488
0.4 1.31518 0.167827 0.0494824
0.4 1.48722 0.176157 0.0286221
0.4 1.66731 0.183921 0.0109284
0.4 1.85487 0.191097 -0.00216573
0.4 2.0493 0.197661 -0.0101726
0.4 2.24998 0.203591 -0.0135652
0.4 2.45626 0.208869 -0.0135023
0.4 2.66749 0.213479 -0.0113992
0.4 2.88299 0.217404 -0.00852577
0.4 3.10207 0.220633 -0.00576512
0.4 3.32402 0.223155 -0.0035654
0.4 3.54814 0.224963 -0.00203228
0.4 3.77371 0.226049 -0.00107404
0.4 4. 0.226412 -0.000529033
0.4 4.22629 0.226049 -0.000244083
0.4 4.45186 0.224963 -0.000106019
0.4 4.67598 0.223155 -0.0000435827
0.4 4.89793 0.220633 -0.0000170519
0.4 5.11701 0.217404 0
0.4 5.33251 0.213479 0
0.4 5.54374 0.208869 0
0.4 5.75002 0.203591 0
0.4 5.9507 0.197661 0
0.4 6.14513 0.191097 0
0.4 6.33269 0.183921 0
0.4 6.51278 0.176157 0
0.4 6.68482 0.167827 0
0.4 6.84825 0.158961 0
0.4 7.00257 0.149585 0
0.4 7.14726 0.139729 0
0.4 7.28188 0.129427 0
0.4 7.40598 0.118709 0
0.4 7.51917 0.107612 0
0.4 7.62109 0.0961696 0
0.4 7.71141 0.0844192 0
0.4 7.78984 0.0723985 0
0.4 7.85613 0.0601458 0
0.4 7.91006 0.0477006 0
0.4 7.95148 0.035103 0
0.4 7.98023 0.0223945 0
0.4 7.99625 0.00963329 0
0.44 -7.99625 0.00963329 0
0.44 -7.98023 0.0223945 0
0.44 -7.95148 0.035103 0
0.44 -7.91006 0.0477006 0
0.44 -7.85613 0.0601458 0
0.44 -7.78984 0.0723985 0
0.44 -7.71141 0.0844192 0
0.44 -7.62109 0.0961696 0
0.44 -7.51917 0.107612 0
0.44 -7.40598 0.118709 0
0.44 -7.28188 0.129427 0
0.44 -7.14726 0.139729 0
0.44 -7.00257 0.149585 0
0.44 -6.84825 0.158961 0
0.44 -6.68482 0.167827 0
0.44 -6.51278 0.176157 0
0.44 -6.33269 0.183921 0
0.44 -6.14513 0.191097 0
0.44 -5.9507 0.197661 0
0.44 -5.75002 0.203591 0
0.44 -5.54374 0.208869 0
0.44 -5.33251 0.213479 0
0.44 -5.11701 0.217404 0
0.44 -4.89793 0.220633 0.000012881
0.44 -4.67598 0.223155 0.0000326073
0.44 -4.45186 0.224963 0.0000785297
0.44 -4.22629 0.226049 0.000178951
0.44 -4. 0.226412 0.000383916
0.44 -3.77371 0.226049 0.000771881
0.44 -3.54814 0.224963 0.00144829
0.44 -3.32402 0.223155 0.00252628
0.44 -3.10207 0.220633 0.00408189
0.44 -2.88299 0.217404 0.00608836
0.44 -2.66749 0.213479 0.00835446
0.44 -2.45626 0.208869 0.0105105
0.44 -2.24998 0.203591 0.0120828
0.44 -2.0493 0.197661 0.0126615
0.44 -1.85487 0.191097 0.0121091
0.44 -1.66731 0.183921 0.0107116
0.44 -1.48722 0.176157 0.00917971
0.44 -1.31518 0.167827 0.00847379
0.44 -1.15175 0.158961 0.00951379
0.44 -0.997433 0.149585 0.0128964
0.44 -0.852737 0.139729 0.0187339
0.44 -0.718123 0.129427 0.0266633
0.44 -0.594022 0.118709 0.0359937
0.44 -0.480831 0.107612 0.0459103
0.44 -0.378913 0.0961696 0.0556522
0.44 -0.288594 0.0844192 0.0646225
0.44 -0.210165 0.0723985 0.0724297
0.44 -0.143875 0.0601458 0.0788781
0.44 -0.0899371 0.0477006 0.0839269
0.44 -0.0485242 0.035103 0.0876349
0.44 -0.0197681 0.0223945 0.0901052
0.44 -0.00375432 0.00963329 0.0914392
0.44 0.00375432 0.00963329 0.0920545
0.44 0.0197681 0.0223945 0.0933438
0.44 0.0485242 0.035103 0.0955722
0.44 0.0899371 0.0477006 0.0985694
0.44 0.143875 0.0601458 0.102058
0.44 0.210165 0.0723985 0.105633
0.44 0.288594 0.0844192 0.108744
0.44 0.378913 0.0961696 0.110704
0.44 0.480831 0.107612 0.110728
0.44 0.594022 0.118709 0.108002
0.44 0.718123 0.129427 0.101828
0.44 0.852737 0.139729 0.0918115
0.44 0.997433 0.149585 0.0780881
0.44 1.15175 0.158961 0.0614704
0.44 1.31518 0.167827 0.0434258
0.44 1.48722 0.176157 0.025832
0.44 1.66731 0.183921 0.0105524
0.44 1.85487 0.191097 -0.00102579
0.44 2.0493 0.197661 -0.00831543
0.44 2.24998 0.203591 -0.0115901
0.44 2.45626 0.208869 -0.0117743
0.44 2.66749 0.213479 -0.0100741
0.44 2.88299 0.217404 -0.00761127
0.44 3.10207 0.220633 -0.00518911
0.44 3.32402 0.223155 -0.00323144
0.44 3.54814 0.224963 -0.00185295
0.44 3.77371 0.226049 -0.000984402
0.44 4. 0.226412 -0.000487132
0.44 4.22629 0.226049 -0.000225681
0.44 4.45186 0.224963 -0.000098389
0.44 4.67598 0.223155 -0.0000405813
0.44 4.89793 0.220633 -0.0000159254
0.44 5.11701 0.217404 0
0.44 5.33251 0.213479 0
0.44 5.54374 0.208869 0
0.44 5.75002 0.203591 0
0.44 5.9507 0.197661 0
0.44 6.14513 0.191097 0
0.44 6.33269 0.183921 0
0.44 6.51278 0.176157 0
0.44 6.68482 0.167827 0
0.44 6.84825 0.158961 0
0.44 7.00257 0.149585 0
0.44 7.14726 0.139729 0
0.44 7.28188 0.129427 0
0.44 7.40598 0.118709 0
0.44 7.51917 0.107612 0
0.44 7.62109 0.0961696 0
0.44 7.71141 0.0844192 0
0.44 7.78984 0.0723985 0
0.44 7.85613 0.0601458 0
0.44 7.91006 0.0477006 0
0.44 7.95148 0.035103 0
0.44 7.98023 0.0223945 0
0.44 7.99625 0.00963329 0
0.48 -7.99625 0.00963329 0
0.48 -7.98023 0.0223945 0
0.48 -7.95148 0.035103 0
0.48 -7.91006 0.0477006 0
0.48 -7.85613 0.0601458 0
0.48 -7.78984 0.0723985 0
0.48 -7.71141 0.0844192 0
0.48 -7.62109 0.0961696 0
0.48 -7.51917 0.107612 0
0.48 -7.40598 0.118709 0
0.48 -7.28188 0.129427 0
0.48 -7.14726 0.139729 0
0.48 -7.00257 0.149585 0
0.48 -6.84825 0.158961 0
0.48 -6.68482 0.167827 0
0.48 -6.51278 0.176157 0
0.48 -6.33269 0.183921 0
0.48 -6.14513 0.191097 0
0.48 -5.9507 0.197661 0
0.48 -5.75002 0.203591 0
0.48 -5.54374 0.208869 0
0.48 -5.33251 0.213479 0
0.48 -5.11701 0.217404 0
0.48 -4.89793 0.220633 0.0000140844
0.48 -4.67598 0.223155 0.0000358012
0.48 -4.45186 0.224963 0.0000866142
0.48 -4.22629 0.226049 0.000198361
0.48 -4. 0.226412 0.00042789
0.48 -3.77371 0.226049 0.000865441
0.48 -3.54814 0.224963 0.00163436
0.48 -3.32402 0.223155 0.00287057
0.48 -3.10207 0.220633 0.00467153
0.48 -2.88299 0.217404 0.00701718
0.48 -2.66749 0.213479 0.00968841
0.48 -2.45626 0.208869 0.0122322
0.48 -2.24998 0.203591 0.0140247
0.48 -2.0493 0.197661 0.01445
0.48 -1.85487 0.191097 0.0131457
0.48 -1.66731 0.183921 0.010213
0.48 -1.48722 0.176157 0.00627846
0.48 -1.31518 0.167827 0.00235683
0.48 -1.15175 0.158961 -0.000440015
0.48 -0.997433 0.149585 -0.00122718
0.48 -0.852737 0.139729 0.000427006
0.48 -0.718123 0.129427 0.00444595
0.48 -0.594022 0.118709 0.010349
0.48 -0.480831 0.107612 0.0174394
0.48 -0.378913 0.0961696 0.0249896
0.48 -0.288594 0.0844192 0.0323692
0.48 -0.210165 0.0723985 0.0391056
0.48 -0.143875 0.0601458 0.0448961
0.48 -0.0899371 0.0477006 0.0495859
0.48 -0.0485242 0.035103 0.0531288
0.48 -0.0197681 0.0223945 0.0555417
0.48 -0.00375432 0.00963329 0.0568643
0.48 0.00375432 0.00963329 0.0574787
0.48 0.0197681 0.0223945 0.0587763
0.48 0.0485242 0.035103 0.0610564
0.48 0.0899371 0.0477006 0.0642102
0.48 0.143875 0.0601458 0.0680471
0.48 0.210165 0.0723985 0.0722654
0.48 0.288594 0.0844192 0.0764283
0.48 0.378913 0.0961696 0.0799557
0.48 0.480831 0.107612 0.0821441
0.48 0.594022 0.118709 0.0822245
0.48 0.718123 0.129427 0.0794746
0.48 0.852737 0.139729 0.073391
0.48 0.997433 0.149585 0.063896
0.48 1.15175 0.158961 0.0515029
0.48 1.31518 0.167827 0.037344
0.48 1.48722 0.176157 0.0229962
0.48 1.66731 0.183921 0.0101269
0.48 1.85487 0.191097 0.0000731111
0.48 2.0493 0.197661 -0.0064851
0.48 2.24998 0.203591 -0.00962774
0.48 2.45626 0.208869 -0.0100486
0.48 2.66749 0.213479 -0.00874563
0.48 2.88299 0.217404 -0.00669132
0.48 3.10207 0.220633 -0.00460797
0.48 3.32402 0.223155 -0.00289363
0.48 3.54814 0.224963 -0.00167112
0.48 3.77371 0.226049 -0.00089332
0.48 4. 0.226412 -0.000444471
0.48 4.22629 0.226049 -0.000206912
0.48 4.45186 0.224963 -0.0000905943
0.48 4.67598 0.223155 -0.0000375102
0.48 4.89793 0.220633 -0.0000147711
0.48 5.11701 0.217404 0
0.48 5.33251 0.213479 0
0.48 5.54374 0.208869 0
0.48 5.75002 0.203591 0
0.48 5.9507 0.197661 0
0.48 6.14513 0.191097 0
0.48 6.33269 0.183921 0
0.48 6.51278 0.176157 0
0.48 6.68482 0.167827 0
0.48 6.84825 0.158961 0
0.48 7.00257 0.149585 0
0.48 7.14726 0.139729 0
0.48 7.28188 0.129427 0
0.48 7.40598 0.118709 0
0.48 7.51917 0.107612 0
0.48 7.62109 0.0961696 0
0.48 7.71141 0.0844192 0
0.48 7.78984 0.0723985 0
0.48 7.85613 0.0601458 0
0.48 7.91006 0.0477006 0
0.48 7.95148 0.035103 0
0.48 7.98023 0.0223945 0
0.48 7.99625 0.00963329 0
0.52 -7.99625 0.00963329 0
0.52 -7.98023 0.0223945 0
0.52 -7.95148 0.035103 0
0.52 -7.91006 0.0477006 0
0.52 -7.85613 0.0601458 0
0.52 -7.78984 0.0723985 0
0.52 -7.71141 0.0844192 0
0.52 -7.62109 0.0961696 0
0.52 -7.51917 0.107612 0
0.52 -7.40598 0.118709 0
0.52 -7.28188 0.129427 0
0.52 -7.14726 0.139729 0
0.52 -7.00257 0.149585 0
0.52 -6.84825 0.158961 0
0.52 -6.68482 0.167827 0
0.52 -6.51278 0.176157 0
0.52 -6.33269 0.183921 0
0.52 -6.14513 0.191097 0
0.52 -5.9507 0.197661 0
0.52 -5.75002 0.203591 0
0.52 -5.54374 0.208869 0
0.52 -5.33251 0.213479 0
0.52 -5.11701 0.217404 0
0.52 -4.89793 0.220633 0.0000152642
0.52 -4.67598 0.223155 0.0000389361
0.52 -4.45186 0.224963 0.0000945598
0.52 -4.22629 0.226049 0.000217464
0.52 -4. 0.226412 0.000471238
0.52 -3.77371 0.226049 0.000957822
0.52 -3.54814 0.224963 0.00181842
0.52 -3.32402 0.223155 0.00321179
0.52 -3.10207 0.220633 0.00525715
0.52 -2.88299 0.217404 0.00794183
0.52 -2.66749 0.213479 0.0110198
0.52 -2.45626 0.208869 0.0139556
0.52 -2.24998 0.203591 0.015976
0.52 -2.0493 0.197661 0.0162575
0.52 -1.85487 0.191097 0.0142105
0.52 -1.66731 0.183921 0.00974726
0.52 -1.48722 0.176157 0.0034065
0.52 -1.31518 0.167827 -0.00374406
0.52 -1.15175 0.158961 -0.0103984
0.52 -0.997433 0.149585 -0.0153775
0.52 -0.852737 0.139729 -0.0179234
0.52 -0.718123 0.129427 -0.0178212
0.52 -0.594022 0.118709 -0.0153413
0.52 -0.480831 0.107612 -0.0110659
0.52 -0.378913 0.0961696 -0.00569428
0.52 -0.288594 0.0844192 0.000105765
0.52 -0.210165 0.0723985 0.00578035
0.52 -0.143875 0.0601458 0.0109199
0.52 -0.0899371 0.0477006 0.0152562
0.52 -0.0485242 0.035103 0.0186382
0.52 -0.0197681 0.0223945 0.0209966
0.52 -0.00375432 0.00963329 0.0223092
0.52 0.00375432 0.00963329 0.0229237
0.52 0.0197681 0.0223945 0.0242312
0.52 0.0485242 0.035103 0.0265658
0.52 0.0899371 0.0477006 0.0298806
0.52 0.143875 0.0601458 0.0340709
0.52 0.210165 0.0723985 0.0389401
0.52 0.288594 0.0844192 0.0441649
0.52 0.378913 0.0961696 0.0492718
0.52 0.480831 0.107612 0.0536388
0.52 0.594022 0.118709 0.0565343
0.52 0.718123 0.129427 0.0572075
0.52 0.852737 0.139729 0.0550406
0.52 0.997433 0.149585 0.0497456
0.52 1.15175 0.158961 0.0415446
0.52 1.31518 0.167827 0.0312431
0.52 1.48722 0.176157 0.0201242
0.52 1.66731 0.183921 0.00966116
0.52 1.85487 0.191097 0.00113791
0.52 2.0493 0.197661 -0.00467753
0.52 2.24998 0.203591 -0.00767646
0.52 2.45626 0.208869 -0.00832518
0.52 2.66749 0.213479 -0.00741424
0.52 2.88299 0.217404 -0.00576667
0.52 3.10207 0.220633 -0.00402234
0.52 3.32402 0.223155 -0.0025524
0.52 3.54814 0.224963 -0.00148706
0.52 3.77371 0.226049 -0.000800939
0.52 4. 0.226412 -0.000401124
0.52 4.22629 0.226049 -0.000187808
0.52 4.45186 0.224963 -0.0000826487
0.52 4.67598 0.223155 -0.0000343753
0.52 4.89793 0.220633 -0.0000135914
0.52 5.11701 0.217404 0
0.52 5.33251 0.213479 0
0.52 5.54374 0.208869 0
0.52 5.75002 0.203591 0
0.52 5.9507 0.197661 0
0.52 6.14513 0.191097 0
0.52 6.33269 0.183921 0
0.52 6.51278 0.176157 0
0.52 6.68482 0.167827 0
0.52 6.84825 0.158961 0
0.52 7.00257 0.149585 0
0.52 7.14726 0.139729 0
0.52 7.28188 0.129427 0
0.52 7.40598 0.118709 0
0.52 7.51917 0.107612 0
0.52 7.62109 0.0961696 0
0.52 7.71141 0.0844192 0
0.52 7.78984 0.0723985 0
0.52 7.85613 0.0601458 0
0.52 7.91006 0.0477006 0
0.52 7.95148 0.035103 0
0.52 7.98023 0.0223945 0
0.52 7.99625 0.00963329 0
0.56 -7.99625 0.00963329 0
0.56 -7.98023 0.0223945 0
0.56 -7.95148 0.035103 0
0.56 -7.91006 0.0477006 0
0.56 -7.85613 0.0601458 0
0.56 -7.78984 0.0723985 0
0.56 -7.71141 0.0844192 0
0.56 -7.62109 0.0961696 0
0.56 -7.51917 0.107612 0
0.56 -7.40598 0.118709 0
0.56 -7.28188 0.129427 0
0.56 -7.14726 0.139729 0
0.56 -7.00257 0.149585 0
0.56 -6.84825 0.158961 0
0.56 -6.68482 0.167827 0
0.56 -6.51278 0.176157 0
0.56 -6.33269 0.183921 0
0.56 -6.14513 0.191097 0
0.56 -5.9507 0.197661 0
0.56 -5.75002 0.203591 0
0.56 -5.54374 0.208869 0
0.56 -5.33251 0.213479 0
0.56 -5.11701 0.217404 0
0.56 -4.89793 0.220633 0.0000164184
0.56 -4.67598 0.223155 0.0000420071
0.56 -4.45186 0.224963 0.000102354
0.56 -4.22629 0.226049 0.000236234
0.56 -4. 0.226412 0.000513898
0.56 -3.77371 0.226049 0.0010489
0.56 -3.54814 0.224963 0.00200025
0.56 -3.32402 0.223155 0.00354961
0.56 -3.10207 0.220633 0.00583829
0.56 -2.88299 0.217404 0.00886179
0.56 -2.66749 0.213479 0.0123483
0.56 -2.45626 0.208869 0.0156813
0.56 -2.24998 0.203591 0.0179383
0.56 -2.0493 0.197661 0.0180879
0.56 -1.85487 0.191097 0.0153094
0.56 -1.66731 0.183921 0.00932175
0.56 -1.48722 0.176157 0.000570643
0.56 -1.31518 0.167827 -0.00982586
0.56 -1.15175 0.158961 -0.0203658
0.56 -0.997433 0.149585 -0.0295697
0.56 -0.852737 0.139729 -0.0363438
0.56 -0.718123 0.129427 -0.0401745
0.56 -0.594022 0.118709 -0.0411192
0.56 -0.480831 0.107612 -0.0396494
0.56 -0.378913 0.0961696 -0.0364428
0.56 -0.288594 0.0844192 -0.0322097
0.56 -0.210165 0.0723985 -0.0275874
0.56 -0.143875 0.0601458 -0.0230915
0.56 -0.0899371 0.0477006 -0.0191029
0.56 -0.0485242 0.035103 -0.0158776
0.56 -0.0197681 0.0223945 -0.0135709
0.56 -0.00375432 0.00963329 -0.0122665
0.56 0.00375432 0.00963329 -0.0116513
0.56 0.0197681 0.0223945 -0.0103323
0.56 0.0485242 0.035103 -0.00794028
0.56 0.0899371 0.0477006 -0.00446044
0.56 0.143875 0.0601458 0.0000888414
0.56 0.210165 0.0723985 0.00561603
0.56 0.288594 0.0844192 0.0119116
0.56 0.378913 0.0961696 0.0186093
0.56 0.480831 0.107612 0.0251678
0.56 0.594022 0.118709 0.0308895
0.56 0.718123 0.129427 0.0349902
0.56 0.852737 0.139729 0.0367337
0.56 0.997433 0.149585 0.035622
0.56 1.15175 0.158961 0.0315908
0.56 1.31518 0.167827 0.0251262
0.56 1.48722 0.176157 0.017223
0.56 1.66731 0.183921 0.00916256
0.56 1.85487 0.191097 0.00217448
0.56 2.0493 0.197661 -0.00288904
0.56 2.24998 0.203591 -0.00573455
0.56 2.45626 0.208869 -0.00660354
0.56 2.66749 0.213479 -0.00608029
0.56 2.88299 0.217404 -0.00483785
0.56 3.10207 0.220633 -0.00343271
0.56 3.32402 0.223155 -0.00220811
0.56 3.54814 0.224963 -0.00130099
0.56 3.77371 0.226049 -0.000707379
0.56 4. 0.226412 -0.00035715
0.56 4.22629 0.226049 -0.000168398
0.56 4.45186 0.224963 -0.0000745642
0.56 4.67598 0.223155 -0.0000311814
0.56 4.89793 0.220633 -0.0000123879
0.56 5.11701 0.217404 0
0.56 5.33251 0.213479 0
0.56 5.54374 0.208869 0
0.56 5.75002 0.203591 0
0.56 5.9507 0.197661 0
0.56 6.14513 0.191097 0
0.56 6.33269 0.183921 0
0.56 6.51278 0.176157 0
0.56 6.68482 0.167827 0
0.56 6.84825 0.158961 0
0.56 7.00257 0.149585 0
0.56 7.14726 0.139729 0
0.56 7.28188 0.129427 0
0.56 7.40598 0.118709 0
0.56 7.51917 0.107612 0
0.56 7.62109 0.0961696 0
0.56 7.71141 0.0844192 0
0.56 7.78984 0.0723985 0
0.56 7.85613 0.0601458 0
0.56 7.91006 0.0477006 0
0.56 7.95148 0.035103 0
0.56 7.98023 0.0223945 0
0.56 7.99625 0.00963329 0
0.6 -7.99625 0.00963329 0
0.6 -7.98023 0.0223945 0
0.6 -7.95148 0.035103 0
0.6 -7.91006 0.0477006 0
0.6 -7.85613 0.0601458 0
0.6 -7.78984 0.0723985 0
0.6 -7.71141 0.0844192 0
0.6 -7.62109 0.0961696 0
0.6 -7.51917 0.107612 0
0.6 -7.40598 0.118709 0
0.6 -7.28188 0.129427 0
0.6 -7.14726 0.139729 0
0.6 -7.00257 0.149585 0
0.6 -6.84825 0.158961 0
0.6 -6.68482 0.167827 0
0.6 -6.51278 0.176157 0
0.6 -6.33269 0.183921 0
0.6 -6.14513 0.191097 0
0.6 -5.9507 0.197661 0
0.6 -5.75002 0.203591 0
0.6 -5.54374 0.208869 0
0.6 -5.33251 0.213479 0
0.6 -5.11701 0.217404 0
0.6 -4.89793 0.220633 0.0000175448
0.6 -4.67598 0.223155 0.0000450085
0.6 -4.45186 0.224963 0.000109984
0.6 -4.22629 0.226049 0.000254636
0.6 -4. 0.226412 0.0005558
0.6 -3.77371 0.226049 0.00113854
0.6 -3.54814 0.224963 0.00217958
0.6 -3.32402 0.223155 0.00388357
0.6 -3.10207 0.220633 0.0064143
0.6 -2.88299 0.217404 0.00977628
0.6 -2.66749 0.213479 0.0136733
0.6 -2.45626 0.208869 0.0174093
0.6 -2.24998 0.203591 0.0199134
0.6 -2.0493 0.197661 0.019945
0.6 -1.85487 0.191097 0.0164493
0.6 -1.66731 0.183921 0.00894577
0.6 -1.48722 0.176157 -0.00221948
0.6 -1.31518 0.167827 -0.0158824
0.6 -1.15175 0.158961 -0.0303442
0.6 -0.997433 0.149585 -0.0438182
0.6 -0.852737 0.139729 -0.0548634
0.6 -0.718123 0.129427 -0.0626561
0.6 -0.594022 0.118709 -0.0670352
0.6 -0.480831 0.107612 -0.0683639
0.6 -0.378913 0.0961696 -0.0673067
0.6 -0.288594 0.0844192 -0.0646249
0.6 -0.210165 0.0723985 -0.0610428
0.6 -0.143875 0.0601458 -0.057182
0.6 -0.0899371 0.0477006 -0.0535349
0.6 -0.0485242 0.035103 -0.0504615
0.6 -0.0197681 0.0223945 -0.048203
0.6 -0.00375432 0.00963329 -0.0469052
0.6 0.00375432 0.00963329 -0.0462884
0.6 0.0197681 0.0223945 -0.0449562
0.6 0.0485242 0.035103 -0.0425039
0.6 0.0899371 0.0477006 -0.0388546
0.6 0.143875 0.0601458 -0.0339404
0.6 0.210165 0.0723985 -0.0277477
0.6 0.288594 0.0844192 -0.0203721
0.6 0.378913 0.0961696 -0.0120722
0.6 0.480831 0.107612 -0.00330871
0.6 0.594022 0.118709 0.00525241
0.6 0.718123 0.129427 0.0127896
0.6 0.852737 0.139729 0.0184449
0.6 0.997433 0.149585 0.0215093
0.6 1.15175 0.158961 0.021635
0.6 1.31518 0.167827 0.0189937
0.6 1.48722 0.176157 0.0142969
0.6 1.66731 0.183921 0.00863681
0.6 1.85487 0.191097 0.00318782
0.6 2.0493 0.197661 -0.00111621
0.6 2.24998 0.203591 -0.00380021
0.6 2.45626 0.208869 -0.00488312
0.6 2.66749 0.213479 -0.00474385
0.6 2.88299 0.217404 -0.00390518
0.6 3.10207 0.220633 -0.00283941
0.6 3.32402 0.223155 -0.00186103
0.6 3.54814 0.224963 -0.00111308
0.6 3.77371 0.226049 -0.000612736
0.6 4. 0.226412 -0.000312599
0.6 4.22629 0.226049 -0.000148706
0.6 4.45186 0.224963 -0.000066351
0.6 4.67598 0.223155 -0.0000279326
0.6 4.89793 0.220633 -0.0000111623
0.6 5.11701 0.217404 0
0.6 5.33251 0.213479 0
0.6 5.54374 0.208869 0
0.6 5.75002 0.203591 0
0.6 5.9507 0.197661 0
0.6 6.14513 0.191097 0
0.6 6.33269 0.183921 0
0.6 6.51278 0.176157 0
0.6 6.68482 0.167827 0
0.6 6.84825 0.158961 0
0.6 7.00257 0.149585 0
0.6 7.14726 0.139729 0
0.6 7.28188 0.129427 0
0.6 7.40598 0.118709 0
0.6 7.51917 0.107612 0
0.6 7.62109 0.0961696 0
0.6 7.71141 0.0844192 0
0.6 7.78984 0.0723985 0
0.6 7.85613 0.0601458 0
0.6 7.91006 0.0477006 0
0.6 7.95148 0.035103 0
0.6 7.98023 0.0223945 0
0.6 7.99625 0.00963329 0
0.64 -7.99625 0.00963329 0
0.64 -7.98023 0.0223945 0
0.64 -7.95148 0.035103 0
0.64 -7.91006 0.0477006 0
0.64 -7.85613 0.0601458 0
0.64 -7.78984 0.0723985 0
0.64 -7.71141 0.0844192 0
0.64 -7.62109 0.0961696 0
0.64 -7.51917 0.107612 0
0.64 -7.40598 0.118709 0
0.64 -7.28188 0.129427 0
0.64 -7.14726 0.139729 0
0.64 -7.00257 0.149585 0
0.64 -6.84825 0.158961 0
0.64 -6.68482 0.167827 0
0.64 -6.51278 0.176157 0
0.64 -6.33269 0.183921 0
0.64 -6.14513 0.191097 0
0.64 -5.9507 0.197661 0
0.64 -5.75002 0.203591 0
0.64 -5.54374 0.208869 0
0.64 -5.33251 0.213479 0
0.64 -5.11701 0.217404 0
0.64 -4.89793 0.220633 0.0000186411
0.64 -4.67598 0.223155 0.0000479337
0.64 -4.45186 0.224963 0.000117432
0.64 -4.22629 0.226049 0.000272632
0.64 -4. 0.226412 0.000596856
0.64 -3.77371 0.226049 0.00122656
0.64 -3.54814 0.224963 0.00235608
0.64 -3.32402 0.223155 0.00421312
0.64 -3.10207 0.220633 0.00698436
0.64 -2.88299 0.217404 0.0106843
0.64 -2.66749 0.213479 0.014994
0.64 -2.45626 0.208869 0.0191394
0.64 -2.24998 0.203591 0.0219027
0.64 -2.0493 0.197661 0.0218334
0.64 -1.85487 0.191097 0.0176385
0.64 -1.66731 0.183921 0.00863107
0.64 -1.48722 0.176157 -0.00495068
0.64 -1.31518 0.167827 -0.0219033
0.64 -1.15175 0.158961 -0.0403323
0.64 -0.997433 0.149585 -0.0581365
0.64 -0.852737 0.139729 -0.0735145
0.64 -0.718123 0.129427 -0.0853165
0.64 -0.594022 0.118709 -0.0931526
0.64 -0.480831 0.107612 -0.0972772
0.64 -0.378913 0.0961696 -0.098351
0.64 -0.288594 0.0844192 -0.0971988
0.64 -0.210165 0.0723985 -0.0946401
0.64 -0.143875 0.0601458 -0.091403
0.64 -0.0899371 0.0477006 -0.0880893
0.64 -0.0485242 0.035103 -0.085162
0.64 -0.0197681 0.0223945 -0.0829478
0.64 -0.00375432 0.00963329 -0.0816543
0.64 0.00375432 0.00963329 -0.081035
0.64 0.0197681 0.0223945 -0.0796879
0.64 0.0485242 0.035103 -0.0771718
0.64 0.0899371 0.0477006 -0.073348
0.64 0.143875 0.0601458 -0.0680621
0.64 0.210165 0.0723985 -0.0611954
0.64 0.288594 0.0844192 -0.0527289
0.64 0.378913 0.0961696 -0.0428139
0.64 0.480831 0.107612 -0.0318304
0.64 0.594022 0.118709 -0.020414
0.64 0.718123 0.129427 -0.0094265
0.64 0.852737 0.139729 0.000148861
0.64 0.997433 0.149585 0.00739065
0.64 1.15175 0.158961 0.0116686
0.64 1.31518 0.167827 0.0128439
0.64 1.48722 0.176157 0.0113487
0.64 1.66731 0.183921 0.0080883
0.64 1.85487 0.191097 0.00418221
0.64 2.0493 0.197661 0.000644135
0.64 2.24998 0.203591 -0.00187157
0.64 2.45626 0.208869 -0.00316311
0.64 2.66749 0.213479 -0.00340475
0.64 2.88299 0.217404 -0.0029688
0.64 3.10207 0.220633 -0.00224267
0.64 3.32402 0.223155 -0.00151133
0.64 3.54814 0.224963 -0.000923442
0.64 3.77371 0.226049 -0.000517084
0.64 4. 0.226412 -0.000267509
0.64 4.22629 0.226049 -0.000128749
0.64 4.45186 0.224963 -0.0000580173
0.64 4.67598 0.223155 -0.0000246323
0.64 4.89793 0.220633 0
0.64 5.11701 0.217404 0
0.64 5.33251 0.213479 0
0.64 5.54374 0.208869 0
0.64 5.75002 0.203591 0
0.64 5.9507 0.197661 0
0.64 6.14513 0.191097 0
0.64 6.33269 0.183921 0
0.64 6.51278 0.176157 0
0.64 6.68482 0.167827 0
0.64 6.84825 0.158961 0
0.64 7.00257 0.149585 0
0.64 7.14726 0.139729 0
0.64 7.28188 0.129427 0
0.64 7.40598 0.118709 0
0.64 7.51917 0.107612 0
0.64 7.62109 0.0961696 0
0.64 7.71141 0.0844192 0
0.64 7.78984 0.0723985 0
0.64 7.85613 0.0601458 0
0.64 7.91006 0.0477006 0
0.64 7.95148 0.035103 0
0.64 7.98023 0.0223945 0
0.64 7.99625 0.00963329 0
0.68 -7.99625 0.00963329 0
0.68 -7.98023 0.0223945 0
0.68 -7.95148 0.035103 0
0.68 -7.91006 0.0477006 0
0.68 -7.85613 0.0601458 0
0.68 -7.78984 0.0723985 0
0.68 -7.71141 0.0844192 0
0.68 -7.62109 0.0961696 0
0.68 -7.51917 0.107612 0
0.68 -7.40598 0.118709 0
0.68 -7.28188 0.129427 0
0.68 -7.14726 0.139729 0
0.68 -7.00257 0.149585 0
0.68 -6.84825 0.158961 0
0.68 -6.68482 0.167827 0
0.68 -6.51278 0.176157 0
0.68 -6.33269 0.183921 0
0.68 -6.14513 0.191097 0
0.68 -5.9507 0.197661 0
0.68 -5.75002 0.203591 0
0.68 -5.54374 0.208869 0
0.68 -5.33251 0.213479 0
0.68 -5.11701 0.217404 0
0.68 -4.89793 0.220633 0.0000197043
0.68 -4.67598 0.223155 0.0000507752
0.68 -4.45186 0.224963 0.000124679
0.68 -4.22629 0.226049 0.000290177
0.68 -4. 0.226412 0.000636968
0.68 -3.77371 0.226049 0.00131275
0.68 -3.54814 0.224963 0.00252937
0.68 -3.32402 0.223155 0.00453759
0.68 -3.10207 0.220633 0.00754744
0.68 -2.88299 0.217404 0.0115845
0.68 -2.66749 0.213479 0.0163088
0.68 -2.45626 0.208869 0.0208709
0.68 -2.24998 0.203591 0.0239076
0.68 -2.0493 0.197661 0.0237578
0.68 -1.85487 0.191097 0.0188866
0.68 -1.66731 0.183921 0.00839235
0.68 -1.48722 0.176157 -0.00760516
0.68 -1.31518 0.167827 -0.0278725
0.68 -1.15175 0.158961 -0.0503233
0.68 -0.997433 0.149585 -0.0725359
0.68 -0.852737 0.139729 -0.0923328
0.68 -0.718123 0.129427 -0.108218
0.68 -0.594022 0.118709 -0.119554
0.68 -0.480831 0.107612 -0.126481
0.68 -0.378913 0.0961696 -0.129665
0.68 -0.288594 0.0844192 -0.130012
0.68 -0.210165 0.0723985 -0.12845
0.68 -0.143875 0.0601458 -0.125819
0.68 -0.0899371 0.0477006 -0.122827
0.68 -0.0485242 0.035103 -0.120038
0.68 -0.0197681 0.0223945 -0.117863
0.68 -0.00375432 0.00963329 -0.116571
0.68 0.00375432 0.00963329 -0.115948
0.68 0.0197681 0.0223945 -0.114584
0.68 0.0485242 0.035103 -0.112
0.68 0.0899371 0.0477006 -0.107996
0.68 0.143875 0.0601458 -0.10233
0.68 0.210165 0.0723985 -0.0947784
0.68 0.288594 0.0844192 -0.085208
0.68 0.378913 0.0961696 -0.0736621
0.68 0.480831 0.107612 -0.0604405
0.68 0.594022 0.118709 -0.0461491
0.68 0.718123 0.129427 -0.0316923
0.68 0.852737 0.139729 -0.0181815
0.68 0.997433 0.149585 -0.00675297
0.68 1.15175 0.158961 0.00168094
0.68 1.31518 0.167827 0.00667294
0.68 1.48722 0.176157 0.00837923
0.68 1.66731 0.183921 0.00752023
0.68 1.85487 0.191097 0.00516132
0.68 2.0493 0.197661 0.00239505
0.68 2.24998 0.203591 0.0000533949
0.68 2.45626 0.208869 -0.00144242
0.68 2.66749 0.213479 -0.00206256
0.68 2.88299 0.217404 -0.00202865
0.68 3.10207 0.220633 -0.00164255
0.68 3.32402 0.223155 -0.00115912
0.68 3.54814 0.224963 -0.00073217
0.68 3.77371 0.226049 -0.000420474
0.68 4. 0.226412 -0.000221909
0.68 4.22629 0.226049 -0.000108542
0.68 4.45186 0.224963 -0.0000495693
0.68 4.67598 0.223155 -0.0000212832
0.68 4.89793 0.220633 0
0.68 5.11701 0.217404 0
0.68 5.33251 0.213479 0
0.68 5.54374 0.208869 0
0.68 5.75002 0.203591 0
0.68 5.9507 0.197661 0
0.68 6.14513 0.191097 0
0.68 6.33269 0.183921 0
0.68 6.51278 0.176157 0
0.68 6.68482 0.167827 0
0.68 6.84825 0.158961 0
0.68 7.00257 0.149585 0
0.68 7.14726 0.139729 0
0.68 7.28188 0.129427 0
0.68 7.40598 0.118709 0
0.68 7.51917 0.107612 0
0.68 7.62109 0.0961696 0
0.68 7.71141 0.0844192 0
0.68 7.78984 0.0723985 0
0.68 7.85613 0.0601458 0
0.68 7.91006 0.0477006 0
0.68 7.95148 0.035103 0
0.68 7.98023 0.0223945 0
0.68 7.99625 0.00963329 0
0.72 -7.99625 0.00963329 0
0.72 -7.98023 0.0223945 0
0.72 -7.95148 0.035103 0
0.72 -7.91006 0.0477006 0
0.72 -7.85613 0.0601458 0
0.72 -7.78984 0.0723985 0
0.72 -7.71141 0.0844192 0
0.72 -7.62109 0.0961696 0
0.72 -7.51917 0.107612 0
0.72 -7.40598 0.118709 0
0.72 -7.28188 0.129427 0
0.72 -7.14726 0.139729 0
0.72 -7.00257 0.149585 0
0.72 -6.84825 0.158961 0
0.72 -6.68482 0.167827 0
0.72 -6.51278 0.176157 0
0.72 -6.33269 0.183921 0
0.72 -6.14513 0.191097 0
0.72 -5.9507 0.197661 0
0.72 -5.75002 0.203591 0
0.72 -5.54374 0.208869 0
0.72 -5.33251 0.213479 0
0.72 -5.11701 0.217404 0
0.72 -4.89793 0.220633 0.000020731
0.72 -4.67598 0.223155 0.0000535241
0.72 -4.45186 0.224963 0.000131704
0.72 -4.22629 0.226049 0.000307218
0.72 -4. 0.226412 0.000676014
0.72 -3.77371 0.226049 0.00139686
0.72 -3.54814 0.224963 0.00269895
0.72 -3.32402 0.223155 0.00485615
0.72 -3.10207 0.220633 0.00810223
0.72 -2.88299 0.217404 0.0124751
0.72 -2.66749 0.213479 0.0176161
0.72 -2.45626 0.208869 0.0226028
0.72 -2.24998 0.203591 0.0259291
0.72 -2.0493 0.197661 0.0257235
0.72 -1.85487 0.191097 0.0202049
0.72 -1.66731 0.183921 0.00824805
0.72 -1.48722 0.176157 -0.0101591
0.72 -1.31518 0.167827 -0.0337664
0.72 -1.15175 0.158961 -0.0603027
0.72 -0.997433 0.149585 -0.0870231
0.72 -0.852737 0.139729 -0.111357
0.72 -0.718123 0.129427 -0.131436
0.72 -0.594022 0.118709 -0.14635
0.72 -0.480831 0.107612 -0.156106
0.72 -0.378913 0.0961696 -0.16138
0.72 -0.288594 0.0844192 -0.163181
0.72 -0.210165 0.0723985 -0.162571
0.72 -0.143875 0.0601458 -0.160516
0.72 -0.0899371 0.0477006 -0.157829
0.72 -0.0485242 0.035103 -0.155167
0.72 -0.0197681 0.0223945 -0.153024
0.72 -0.00375432 0.00963329 -0.15173
0.72 0.00375432 0.00963329 -0.151101
0.72 0.0197681 0.0223945 -0.149717
0.72 0.0485242 0.035103 -0.14706
0.72 0.0899371 0.0477006 -0.142867
0.72 0.143875 0.0601458 -0.136811
0.72 0.210165 0.0723985 -0.128561
0.72 0.288594 0.0844192 -0.11787
0.72 0.378913 0.0961696 -0.104673
0.72 0.480831 0.107612 -0.0891904
0.72 0.594022 0.118709 -0.0719987
0.72 0.718123 0.129427 -0.0540468
0.72 0.852737 0.139729 -0.0365775
0.72 0.997433 0.149585 -0.020944
0.72 1.15175 0.158961 -0.00834186
0.72 1.31518 0.167827 0.000474526
0.72 1.48722 0.176157 0.00538742
0.72 1.66731 0.183921 0.0069347
0.72 1.85487 0.191097 0.00612838
0.72 2.0493 0.197661 0.00413956
0.72 2.24998 0.203591 0.00197694
0.72 2.45626 0.208869 0.000280337
0.72 2.66749 0.213479 -0.000716578
0.72 2.88299 0.217404 -0.00108443
0.72 3.10207 0.220633 -0.00103898
0.72 3.32402 0.223155 -0.000804402
0.72 3.54814 0.224963 -0.000539291
0.72 3.77371 0.226049 -0.000322931
0.72 4. 0.226412 -0.000175814
0.72 4.22629 0.226049 -0.0000880923
0.72 4.45186 0.224963 -0.0000410111
0.72 4.67598 0.223155 -0.000017887
0.72 4.89793 0.220633 0
0.72 5.11701 0.217404 0
0.72 5.33251 0.213479 0
0.72 5.54374 0.208869 0
0.72 5.75002 0.203591 0
0.72 5.9507 0.197661 0
0.72 6.14513 0.191097 0
0.72 6.33269 0.183921 0
0.72 6.51278 0.176157 0
0.72 6.68482 0.167827 0
0.72 6.84825 0.158961 0
0.72 7.00257 0.149585 0
0.72 7.14726 0.139729 0
0.72 7.28188 0.129427 0
0.72 7.40598 0.118709 0
0.72 7.51917 0.107612 0
0.72 7.62109 0.0961696 0
0.72 7.71141 0.0844192 0
0.72 7.78984 0.0723985 0
0.72 7.85613 0.0601458 0
0.72 7.91006 0.0477006 0
0.72 7.95148 0.035103 0
0.72 7.98023 0.0223945 0
0.72 7.99625 0.00963329 0
0.76 -7.99625 0.00963329 0
0.76 -7.98023 0.0223945 0
0.76 -7.95148 0.035103 0
0.76 -7.91006 0.0477006 0
0.76 -7.85613 0.0601458 0
0.76 -7.78984 0.0723985 0
0.76 -7.71141 0.0844192 0
0.76 -7.62109 0.0961696 0
0.76 -7.51917 0.107612 0
0.76 -7.40598 0.118709 0
0.76 -7.28188 0.129427 0
0.76 -7.14726 0.139729 0
0.76 -7.00257 0.149585 0
0.76 -6.84825 0.158961 0
0.76 -6.68482 0.167827 0
0.76 -6.51278 0.176157 0
0.76 -6.33269 0.183921 0
0.76 -6.14513 0.191097 0
0.76 -5.9507 0.197661 0
0.76 -5.75002 0.203591 0
0.76 -5.54374 0.208869 0
0.76 -5.33251 0.213479 0
0.76 -5.11701 0.217404 0
0.76 -4.89793 0.220633 0.0000217176
0.76 -4.67598 0.223155 0.0000561702
0.76 -4.45186 0.224963 0.000138479
0.76 -4.22629 0.226049 0.00032369
0.76 -4. 0.226412 0.000713853
0.76 -3.77371 0.226049 0.0014786
0.76 -3.54814 0.224963 0.00286426
0.76 -3.32402 0.223155 0.00516775
0.76 -3.10207 0.220633 0.00864709
0.76 -2.88299 0.217404 0.0133538
0.76 -2.66749 0.213479 0.018913
0.76 -2.45626 0.208869 0.0243329
0.76 -2.24998 0.203591 0.0279675
0.76 -2.0493 0.197661 0.0277359
0.76 -1.85487 0.191097 0.0216069
0.76 -1.66731 0.183921 0.0082212
0.76 -1.48722 0.176157 -0.0125808
0.76 -1.31518 0.167827 -0.03955
0.76 -1.15175 0.158961 -0.070244
0.76 -0.997433 0.149585 -0.101596
0.76 -0.852737 0.139729 -0.130627
0.76 -0.718123 0.129427 -0.155066
0.76 -0.594022 0.118709 -0.173688
0.76 -0.480831 0.107612 -0.18634
0.76 -0.378913 0.0961696 -0.193698
0.76 -0.288594 0.0844192 -0.196892
0.76 -0.210165 0.0723985 -0.19716
0.76 -0.143875 0.0601458 -0.195624
0.76 -0.0899371 0.0477006 -0.193208
0.76 -0.0485242 0.035103 -0.190655
0.76 -0.0197681 0.0223945 -0.188534
0.76 -0.00375432 0.00963329 -0.187231
0.76 0.00375432 0.00963329 -0.186595
0.76 0.0197681 0.0223945 -0.185187
0.76 0.0485242 0.035103 -0.18245
0.76 0.0899371 0.0477006 -0.178058
0.76 0.143875 0.0601458 -0.171597
0.76 0.210165 0.0723985 -0.16263
0.76 0.288594 0.0844192 -0.150796
0.76 0.378913 0.0961696 -0.135921
0.76 0.480831 0.107612 -0.118146
0.76 0.594022 0.118709 -0.0980206
0.76 0.718123 0.129427 -0.0765389
0.76 0.852737 0.139729 -0.055078
0.76 0.997433 0.149585 -0.0352109
0.76 1.15175 0.158961 -0.018418
0.76 1.31518 0.167827 -0.00576088
0.76 1.48722 0.176157 0.00237035
0.76 1.66731 0.183921 0.00633279
0.76 1.85487 0.191097 0.00708628
0.76 2.0493 0.197661 0.00588085
0.76 2.24998 0.203591 0.00390169
0.76 2.45626 0.208869 0.00200698
0.76 2.66749 0.213479 0.000634298
0.76 2.88299 0.217404 -0.000135565
0.76 3.10207 0.220633 -0.000431708
0.76 3.32402 0.223155 -0.000447087
0.76 3.54814 0.224963 -0.000344773
0.76 3.77371 0.226049 -0.000224452
0.76 4. 0.226412 -0.000129228
0.76 4.22629 0.226049 -0.0000674037
0.76 4.45186 0.224963 -0.0000323444
0.76 4.67598 0.223155 -0.0000144446
0.76 4.89793 0.220633 0
0.76 5.11701 0.217404 0
0.76 5.33251 0.213479 0
0.76 5.54374 0.208869 0
0.76 5.75002 0.203591 0
0.76 5.9507 0.197661 0
0.76 6.14513 0.191097 0
0.76 6.33269 0.183921 0
0.76 6.51278 0.176157 0
0.76 6.68482 0.167827 0
0.76 6.84825 0.158961 0
0.76 7.00257 0.149585 0
0.76 7.14726 0.139729 0
0.76 7.28188 0.129427 0
0.76 7.40598 0.118709 0
0.76 7.51917 0.107612 0
0.76 7.62109 0.0961696 0
0.76 7.71141 0.0844192 0
0.76 7.78984 0.0723985 0
0.76 7.85613 0.0601458 0
0.76 7.91006 0.0477006 0
0.76 7.95148 0.035103 0
0.76 7.98023 0.0223945 0
0.76 7.99625 0.00963329 0
0.8 -7.99625 0.00963329 0
0.8 -7.98023 0.0223945 0
0.8 -7.95148 0.035103 0
0.8 -7.91006 0.0477006 0
0.8 -7.85613 0.0601458 0
0.8 -7.78984 0.0723985 0
0.8 -7.71141 0.0844192 0
0.8 -7.62109 0.0961696 0
0.8 -7.51917 0.107612 0
0.8 -7.40598 0.118709 0
0.8 -7.28188 0.129427 0
0.8 -7.14726 0.139729 0
0.8 -7.00257 0.149585 0
0.8 -6.84825 0.158961 0
0.8 -6.68482 0.167827 0
0.8 -6.51278 0.176157 0
0.8 -6.33269 0.183921 0
0.8 -6.14513 0.191097 0
0.8 -5.9507 0.197661 0
0.8 -5.75002 0.203591 0
0.8 -5.54374 0.208869 0
0.8 -5.33251 0.213479 0
0.8 -5.11701 0.217404 0
0.8 -4.89793 0.220633 0.0000226595
0.8 -4.67598 0.223155 0.0000587013
0.8 -4.45186 0.224963 0.000144974
0.8 -4.22629 0.226049 0.00033952
0.8 -4. 0.226412 0.000750315
0.8 -3.77371 0.226049 0.00155761
0.8 -3.54814 0.224963 0.00302458
0.8 -3.32402 0.223155 0.00547113
0.8 -3.10207 0.220633 0.00917994
0.8 -2.88299 0.217404 0.0142177
0.8 -2.66749 0.213479 0.020196
0.8 -2.45626 0.208869 0.026058
0.8 -2.24998 0.203591 0.0300223
0.8 -2.0493 0.197661 0.0298004
0.8 -1.85487 0.191097 0.023108
0.8 -1.66731 0.183921 0.0083406
0.8 -1.48722 0.176157 -0.0148278
0.8 -1.31518 0.167827 -0.0451729
0.8 -1.15175 0.158961 -0.0801019
0.8 -0.997433 0.149585 -0.116235
0.8 -0.852737 0.139729 -0.150177
0.8 -0.718123 0.129427 -0.179216
0.8 -0.594022 0.118709 -0.201767
0.8 -0.480831 0.107612 -0.21746
0.8 -0.378913 0.0961696 -0.226937
0.8 -0.288594 0.0844192 -0.231459
0.8 -0.210165 0.0723985 -0.232486
0.8 -0.143875 0.0601458 -0.231355
0.8 -0.0899371 0.0477006 -0.229139
0.8 -0.0485242 0.035103 -0.22666
0.8 -0.0197681 0.0223945 -0.224541
0.8 -0.00375432 0.00963329 -0.223221
0.8 0.00375432 0.00963329 -0.222574
0.8 0.0197681 0.0223945 -0.221136
0.8 0.0485242 0.035103 -0.218309
0.8 0.0899371 0.0477006 -0.213703
0.8 0.143875 0.0601458 -0.206816
0.8 0.210165 0.0723985 -0.197107
0.8 0.288594 0.0844192 -0.184098
0.8 0.378913 0.0961696 -0.167509
0.8 0.480831 0.107612 -0.1474
0.8 0.594022 0.118709 -0.124294
0.8 0.718123 0.129427 -0.0992345
0.8 0.852737 0.139729 -0.0737349
0.8 0.997433 0.149585 -0.0495918
0.8 1.15175 0.158961 -0.0285727
0.8 1.31518 0.167827 -0.0120474
0.8 1.48722 0.176157 -0.00067767
0.8 1.66731 0.183921 0.00571431
0.8 1.85487 0.191097 0.00803771
0.8 2.0493 0.197661 0.00762248
0.8 2.24998 0.203591 0.00583091
0.8 2.45626 0.208869 0.00373997
0.8 2.66749 0.213479 0.00199169
0.8 2.88299 0.217404 0.00081889
0.8 3.10207 0.220633 0.000179781
0.8 3.32402 0.223155 -0.0000869234
0.8 3.54814 0.224963 -0.000148509
0.8 3.77371 0.226049 -0.000124991
0.8 4. 0.226412 -0.0000821323
0.8 4.22629 0.226049 -0.0000464701
0.8 4.45186 0.224963 -0.0000235674
0.8 4.67598 0.223155 -0.0000109555
0.8 4.89793 0.220633 0
0.8 5.11701 0.217404 0
0.8 5.33251 0.213479 0
0.8 5.54374 0.208869 0
0.8 5.75002 0.203591 0
0.8 5.9507 0.197661 0
0.8 6.14513 0.191097 0
0.8 6.33269 0.183921 0
0.8 6.51278 0.176157 0
0.8 6.68482 0.167827 0
0.8 6.84825 0.158961 0
0.8 7.00257 0.149585 0
0.8 7.14726 0.139729 0
0.8 7.28188 0.129427 0
0.8 7.40598 0.118709 0
0.8 7.51917 0.107612 0
0.8 7.62109 0.0961696 0
0.8 7.71141 0.0844192 0
0.8 7.78984 0.0723985 0
0.8 7.85613 0.0601458 0
0.8 7.91006 0.0477006 0
0.8 7.95148 0.035103 0
0.8 7.98023 0.0223945 0
0.8 7.99625 0.00963329 0
0.84 -7.99625 0.00963329 0
0.84 -7.98023 0.0223945 0
0.84 -7.95148 0.035103 0
0.84 -7.91006 0.0477006 0
0.84 -7.85613 0.0601458 0
0.84 -7.78984 0.0723985 0
0.84 -7.71141 0.0844192 0
0.84 -7.62109 0.0961696 0
0.84 -7.51917 0.107612 0
0.84 -7.40598 0.118709 0
0.84 -7.28188 0.129427 0
0.84 -7.14726 0.139729 0
0.84 -7.00257 0.149585 0
0.84 -6.84825 0.158961 0
0.84 -6.68482 0.167827 0
0.84 -6.51278 0.176157 0
0.84 -6.33269 0.183921 0
0.84 -6.14513 0.191097 0
0.84 -5.9507 0.197661 0
0.84 -5.75002 0.203591 0
0.84 -5.54374 0.208869 0
0.84 -5.33251 0.213479 0
0.84 -5.11701 0.217404 0
0.84 -4.89793 0.220633 0.0000235512
0.84 -4.67598 0.223155 0.0000611029
0.84 -4.45186 0.224963 0.000151152
0.84 -4.22629 0.226049 0.000354616
0.84 -4. 0.226412 0.000785189
0.84 -3.77371 0.226049 0.00163342
0.84 -3.54814 0.224963 0.00317902
0.84 -3.32402 0.223155 0.00576464
0.84 -3.10207 0.220633 0.00969805
0.84 -2.88299 0.217404 0.0150627
0.84 -2.66749 0.213479 0.0214601
0.84 -2.45626 0.208869 0.0277734
0.84 -2.24998 0.203591 0.0320914
0.84 -2.0493 0.197661 0.0319221
0.84 -1.85487 0.191097 0.0247259
0.84 -1.66731 0.183921 0.00864226
0.84 -1.48722 0.176157 -0.0168436
0.84 -1.31518 0.167827 -0.050562
0.84 -1.15175 0.158961 -0.0898017
0.84 -0.997433 0.149585 -0.130892
0.84 -0.852737 0.139729 -0.170019
0.84 -0.718123 0.129427 -0.204008
0.84 -0.594022 0.118709 -0.230848
0.84 -0.480831 0.107612 -0.249875
0.84 -0.378913 0.0961696 -0.261622
0.84 -0.288594 0.0844192 -0.267446
0.84 -0.210165 0.0723985 -0.269062
0.84 -0.143875 0.0601458 -0.268118
0.84 -0.0899371 0.0477006 -0.265931
0.84 -0.0485242 0.035103 -0.263436
0.84 -0.0197681 0.0223945 -0.261282
0.84 -0.00375432 0.00963329 -0.259928
0.84 0.00375432 0.00963329 -0.259265
0.84 0.0197681 0.0223945 -0.257789
0.84 0.0485242 0.035103 -0.254856
0.84 0.0899371 0.0477006 -0.250012
0.84 0.143875 0.0601458 -0.24267
0.84 0.210165 0.0723985 -0.23218
0.84 0.288594 0.0844192 -0.21795
0.84 0.378913 0.0961696 -0.199592
0.84 0.480831 0.107612 -0.177088
0.84 0.594022 0.118709 -0.150936
0.84 0.718123 0.129427 -0.12223
0.84 0.852737 0.139729 -0.0926236
0.84 0.997433 0.149585 -0.064142
0.84 1.15175 0.158961 -0.0388431
0.84 1.31518 0.167827 -0.0184067
0.84 1.48722 0.176157 -0.00376641
0.84 1.66731 0.183921 0.00507744
0.84 1.85487 0.191097 0.00898526
0.84 2.0493 0.197661 0.00936876
0.84 2.24998 0.203591 0.00776892
0.84 2.45626 0.208869 0.00548279
0.84 2.66749 0.213479 0.00335803
0.84 2.88299 0.217404 0.00178047
0.84 3.10207 0.220633 0.000796363
0.84 3.32402 0.223155 0.000276549
0.84 3.54814 0.224963 0.0000497256
0.84 3.77371 0.226049 -0.0000244472
0.84 4. 0.226412 -0.0000344849
0.84 4.22629 0.226049 -0.0000252742
0.84 4.45186 0.224963 -0.0000146736
0.84 4.67598 0.223155 0
0.84 4.89793 0.220633 0
0.84 5.11701 0.217404 0
0.84 5.33251 0.213479 0
0.84 5.54374 0.208869 0
0.84 5.75002 0.203591 0
0.84 5.9507 0.197661 0
0.84 6.14513 0.191097 0
0.84 6.33269 0.183921 0
0.84 6.51278 0.176157 0
0.84 6.68482 0.167827 0
0.84 6.84825 0.158961 0
0.84 7.00257 0.149585 0
0.84 7.14726 0.139729 0
0.84 7.28188 0.129427 0
0.84 7.40598 0.118709 0
0.84 7.51917 0.107612 0
0.84 7.62109 0.0961696 0
0.84 7.71141 0.0844192 0
0.84 7.78984 0.0723985 0
0.84 7.85613 0.0601458 0
0.84 7.91006 0.0477006 0
0.84 7.95148 0.035103 0
0.84 7.98023 0.0223945 0
0.84 7.99625 0.00963329 0
0.88 -7.99625 0.00963329 0
0.88 -7.98023 0.0223945 0
0.88 -7.95148 0.035103 0
0.88 -7.91006 0.0477006 0
0.88 -7.85613 0.0601458 0
0.88 -7.78984 0.0723985 0
0.88 -7.71141 0.0844192 0
0.88 -7.62109 0.0961696 0
0.88 -7.51917 0.107612 0
0.88 -7.40598 0.118709 0
0.88 -7.28188 0.129427 0
0.88 -7.14726 0.139729 0
0.88 -7.00257 0.149585 0
0.88 -6.84825 0.158961 0
0.88 -6.68482 0.167827 0
0.88 -6.51278 0.176157 0
0.88 -6.33269 0.183921 0
0.88 -6.14513 0.191097 0
0.88 -5.9507 0.197661 0
0.88 -5.75002 0.203591 0
0.88 -5.54374 0.208869 0
0.88 -5.33251 0.213479 0
0.88 -5.11701 0.217404 0
0.88 -4.89793 0.220633 0.0000243863
0.88 -4.67598 0.223155 0.0000633571
0.88 -4.45186 0.224963 0.000156965
0.88 -4.22629 0.226049 0.000368864
0.88 -4. 0.226412 0.000818212
0.88 -3.77371 0.226049 0.00170548
0.88 -3.54814 0.224963 0.00332642
0.88 -3.32402 0.223155 0.00604617
0.88 -3.10207 0.220633 0.0101978
0.88 -2.88299 0.217404 0.0158833
0.88 -2.66749 0.213479 0.022698
0.88 -2.45626 0.208869 0.0294712
0.88 -2.24998 0.203591 0.0341697
0.88 -2.0493 0.197661 0.0341043
0.88 -1.85487 0.191097 0.0264806
0.88 -1.66731 0.183921 0.00917121
0.88 -1.48722 0.176157 -0.0185516
0.88 -1.31518 0.167827 -0.0556108
0.88 -1.15175 0.158961 -0.0992211
0.88 -0.997433 0.149585 -0.145462
0.88 -0.852737 0.139729 -0.190123
0.88 -0.718123 0.129427 -0.229552
0.88 -0.594022 0.118709 -0.261259
0.88 -0.480831 0.107612 -0.284183
0.88 -0.378913 0.0961696 -0.298621
0.88 -0.288594 0.0844192 -0.305907
0.88 -0.210165 0.0723985 -0.307968
0.88 -0.143875 0.0601458 -0.306843
0.88 -0.0899371 0.0477006 -0.304275
0.88 -0.0485242 0.035103 -0.301479
0.88 -0.0197681 0.0223945 -0.299168
0.88 -0.00375432 0.00963329 -0.297743
0.88 0.00375432 0.00963329 -0.297053
0.88 0.0197681 0.0223945 -0.295524
0.88 0.0485242 0.035103 -0.292457
0.88 0.0899371 0.0477006 -0.287339
0.88 0.143875 0.0601458 -0.279491
0.88 0.210165 0.0723985 -0.268158
0.88 0.288594 0.0844192 -0.252634
0.88 0.378913 0.0961696 -0.232424
0.88 0.480831 0.107612 -0.207432
0.88 0.594022 0.118709 -0.178134
0.88 0.718123 0.129427 -0.145678
0.88 0.852737 0.139729 -0.111864
0.88 0.997433 0.149585 -0.0789493
0.88 1.15175 0.158961 -0.0492882
0.88 1.31518 0.167827 -0.0248738
0.88 1.48722 0.176157 -0.00691278
0.88 1.66731 0.183921 0.0044177
0.88 1.85487 0.191097 0.00993163
0.88 2.0493 0.197661 0.0111255
0.88 2.24998 0.203591 0.00972196
0.88 2.45626 0.208869 0.00724074
0.88 2.66749 0.213479 0.00473719
0.88 2.88299 0.217404 0.00275171
0.88 3.10207 0.220633 0.00141954
0.88 3.32402 0.223155 0.00064415
0.88 3.54814 0.224963 0.000250347
0.88 3.77371 0.226049 0.0000773761
0.88 4. 0.226412 0.0000138015
0.88 4.22629 0.226049 0
0.88 4.45186 0.224963 0
0.88 4.67598 0.223155 0
0.88 4.89793 0.220633 0
0.88 5.11701 0.217404 0
0.88 5.33251 0.213479 0
0.88 5.54374 0.208869 0
0.88 5.75002 0.203591 0
0.88 5.9507 0.197661 0
0.88 6.14513 0.191097 0
0.88 6.33269 0.183921 0
0.88 6.51278 0.176157 0
0.88 6.68482 0.167827 0
0.88 6.84825 0.158961 0
0.88 7.00257 0.149585 0
0.88 7.14726 0.139729 0
0.88 7.28188 0.129427 0
0.88 7.40598 0.118709 0
0.88 7.51917 0.107612 0
0.88 7.62109 0.0961696 0
0.88 7.71141 0.0844192 0
0.88 7.78984 0.0723985 0
0.88 7.85613 0.0601458 0
0.88 7.91006 0.0477006 0
0.88 7.95148 0.035103 0
0.88 7.98023 0.0223945 0
0.88 7.99625 0.00963329 0
0.92 -7.99625 0.00963329 0
0.92 -7.98023 0.0223945 0
0.92 -7.95148 0.035103 0
0.92 -7.91006 0.0477006 0
0.92 -7.85613 0.0601458 0
0.92 -7.78984 0.0723985 0
0.92 -7.71141 0.0844192 0
0.92 -7.62109 0.0961696 0
0.92 -7.51917 0.107612 0
0.92 -7.40598 0.118709 0
0.92 -7.28188 0.129427 0
0.92 -7.14726 0.139729 0
0.92 -7.00257 0.149585 0
0.92 -6.84825 0.158961 0
0.92 -6.68482 0.167827 0
0.92 -6.51278 0.176157 0
0.92 -6.33269 0.183921 0
0.92 -6.14513 0.191097 0
0.92 -5.9507 0.197661 0
0.92 -5.75002 0.203591 0
0.92 -5.54374 0.208869 0
0.92 -5.33251 0.213479 0
0.92 -5.11701 0.217404 0
0.92 -4.89793 0.220633 0.0000251561
0.92 -4.67598 0.223155 0.0000654406
0.92 -4.45186 0.224963 0.000162354
0.92 -4.22629 0.226049 0.000382114
0.92 -4. 0.226412 0.000849036
0.92 -3.77371 0.226049 0.00177303
0.92 -3.54814 0.224963 0.00346527
0.92 -3.32402 0.223155 0.00631281
0.92 -3.10207 0.220633 0.0106743
0.92 -2.88299 0.217404 0.0166719
0.92 -2.66749 0.213479 0.0238991
0.92 -2.45626 0.208869 0.0311393
0.92 -2.24998 0.203591 0.0362476
0.92 -2.0493 0.197661 0.0363472
0.92 -1.85487 0.191097 0.0283933
0.92 -1.66731 0.183921 0.00998384
0.92 -1.48722 0.176157 -0.0198474
0.92 -1.31518 0.167827 -0.0601615
0.92 -1.15175 0.158961 -0.10816
0.92 -0.997433 0.149585 -0.159739
0.92 -0.852737 0.139729 -0.210349
0.92 -0.718123 0.129427 -0.255886
0.92 -0.594022 0.118709 -0.293358
0.92 -0.480831 0.107612 -0.321219
0.92 -0.378913 0.0961696 -0.33936
0.92 -0.288594 0.0844192 -0.348864
0.92 -0.210165 0.0723985 -0.351637
0.92 -0.143875 0.0601458 -0.34999
0.92 -0.0899371 0.0477006 -0.34622
0.92 -0.0485242 0.035103 -0.342208
0.92 -0.0197681 0.0223945 -0.339132
0.92 -0.00375432 0.00963329 -0.337428
0.92 0.00375432 0.00963329 -0.336682
0.92 0.0197681 0.0223945 -0.335071
0.92 0.0485242 0.035103 -0.331821
0.92 0.0899371 0.0477006 -0.326356
0.92 0.143875 0.0601458 -0.317911
0.92 0.210165 0.0723985 -0.305626
0.92 0.288594 0.0844192 -0.288681
0.92 0.378913 0.0961696 -0.266476
0.92 0.480831 0.107612 -0.238841
0.92 0.594022 0.118709 -0.206231
0.92 0.718123 0.129427 -0.169857
0.92 0.852737 0.139729 -0.131671
0.92 0.997433 0.149585 -0.0941704
0.92 1.15175 0.158961 -0.0600136
0.92 1.31518 0.167827 -0.0315124
0.92 1.48722 0.176157 -0.0101484
0.92 1.66731 0.183921 0.00372521
0.92 1.85487 0.191097 0.0108798
0.92 2.0493 0.197661 0.0129017
0.92 2.24998 0.203591 0.0117002
0.92 2.45626 0.208869 0.00902271
0.92 2.66749 0.213479 0.00613584
0.92 2.88299 0.217404 0.00373705
0.92 3.10207 0.220633 0.00205201
0.92 3.32402 0.223155 0.00101739
0.92 3.54814 0.224963 0.000454138
0.92 3.77371 0.226049 0.000180857
0.92 4. 0.226412 0.0000628976
0.92 4.22629 0.226049 0.000018086
0.92 4.45186 0.224963 0
0.92 4.67598 0.223155 0
0.92 4.89793 0.220633 0
0.92 5.11701 0.217404 0
0.92 5.33251 0.213479 0
0.92 5.54374 0.208869 0
0.92 5.75002 0.203591 0
0.92 5.9507 0.197661 0
0.92 6.14513 0.191097 0
0.92 6.33269 0.183921 0
0.92 6.51278 0.176157 0
0.92 6.68482 0.167827 0
0.92 6.84825 0.158961 0
0.92 7.00257 0.149585 0
0.92 7.14726 0.139729 0
0.92 7.28188 0.129427 0
0.92 7.40598 0.118709 0
0.92 7.51917 0.107612 0
0.92 7.62109 0.0961696 0
0.92 7.71141 0.0844192 0
0.92 7.78984 0.0723985 0
0.92 7.85613 0.0601458 0
0.92 7.91006 0.0477006 0
0.92 7.95148 0.035103 0
0.92 7.98023 0.0223945 0
0.92 7.99625 0.00963329 0
0.96 -7.99625 0.00963329 0
0.96 -7.98023 0.0223945 0
0.96 -7.95148 0.035103 0
0.96 -7.91006 0.0477006 0
0.96 -7.85613 0.0601458 0
0.96 -7.78984 0.0723985 0
0.96 -7.71141 0.0844192 0
0.96 -7.62109 0.0961696 0
0.96 -7.51917 0.107612 0
0.96 -7.40598 0.118709 0
0.96 -7.28188 0.129427 0
0.96 -7.14726 0.139729 0
0.96 -7.00257 0.149585 0
0.96 -6.84825 0.158961 0
0.96 -6.68482 0.167827 0
0.96 -6.51278 0.176157 0
0.96 -6.33269 0.183921 0
0.96 -6.14513 0.191097 0
0.96 -5.9507 0.197661 0
0.96 -5.75002 0.203591 0
0.96 -5.54374 0.208869 0
0.96 -5.33251 0.213479 0
0.96 -5.11701 0.217404 0
0.96 -4.89793 0.220633 0.0000258488
0.96 -4.67598 0.223155 0.0000673208
0.96 -4.45186 0.224963 0.000167233
0.96 -4.22629 0.226049 0.000394157
0.96 -4. 0.226412 0.000877171
0.96 -3.77371 0.226049 0.00183498
0.96 -3.54814 0.224963 0.00359332
0.96 -3.32402 0.223155 0.00656036
0.96 -3.10207 0.220633 0.0111202
0.96 -2.88299 0.217404 0.0174166
0.96 -2.66749 0.213479 0.0250466
0.96 -2.45626 0.208869 0.0327572
0.96 -2.24998 0.203591 0.0383053
0.96 -2.0493 0.197661 0.0386424
0.96 -1.85487 0.191097 0.0304838
0.96 -1.66731 0.183921 0.0111509
0.96 -1.48722 0.176157 -0.0205846
0.96 -1.31518 0.167827 -0.0639723
0.96 -1.15175 0.158961 -0.11628
0.96 -0.997433 0.149585 -0.17332
0.96 -0.852737 0.139729 -0.230314
0.96 -0.718123 0.129427 -0.282811
0.96 -0.594022 0.118709 -0.327387
0.96 -0.480831 0.107612 -0.362014
0.96 -0.378913 0.0961696 -0.386084
0.96 -0.288594 0.0844192 -0.400186
0.96 -0.210165 0.0723985 -0.405772
0.96 -0.143875 0.0601458 -0.404837
0.96 -0.0899371 0.0477006 -0.399656
0.96 -0.0485242 0.035103 -0.392587
0.96 -0.0197681 0.0223945 -0.385886
0.96 -0.00375432 0.00963329 -0.381449
0.96 0.00375432 0.00963329 -0.379941
0.96 0.0197681 0.0223945 -0.378181
0.96 0.0485242 0.035103 -0.374629
0.96 0.0899371 0.0477006 -0.368653
0.96 0.143875 0.0601458 -0.359409
0.96 0.210165 0.0723985 -0.345935
0.96 0.288594 0.0844192 -0.327304
0.96 0.378913 0.0961696 -0.302814
0.96 0.480831 0.107612 -0.272227
0.96 0.594022 0.118709 -0.235989
0.96 0.718123 0.129427 -0.195378
0.96 0.852737 0.139729 -0.152513
0.96 0.997433 0.149585 -0.110146
0.96 1.15175 0.158961 -0.0712487
0.96 1.31518 0.167827 -0.0384613
0.96 1.48722 0.176157 -0.0135441
0.96 1.66731 0.183921 0.00297568
0.96 1.85487 0.191097 0.0118332
0.96 2.0493 0.197661 0.0147137
0.96 2.24998 0.203591 0.0137235
0.96 2.45626 0.208869 0.0108465
0.96 2.66749 0.213479 0.00756754
0.96 2.88299 0.217404 0.00474569
0.96 3.10207 0.220633 0.00269944
0.96 3.32402 0.223155 0.00139947
0.96 3.54814 0.224963 0.000662773
0.96 3.77371 0.226049 0.000286811
0.96 4. 0.226412 0.000113176
0.96 4.22629 0.226049 0.0000404831
0.96 4.45186 0.224963 0.0000129478
0.96 4.67598 0.223155 0
0.96 4.89793 0.220633 0
0.96 5.11701 0.217404 0
0.96 5.33251 0.213479 0
0.96 5.54374 0.208869 0
0.96 5.75002 0.203591 0
0.96 5.9507 0.197661 0
0.96 6.14513 0.191097 0
0.96 6.33269 0.183921 0
0.96 6.51278 0.176157 0
0.96 6.68482 0.167827 0
0.96 6.84825 0.158961 0
0.96 7.00257 0.149585 0
0.96 7.14726 0.139729 0
0.96 7.28188 0.129427 0
0.96 7.40598 0.118709 0
0.96 7.51917 0.107612 0
0.96 7.62109 0.0961696 0
0.96 7.71141 0.0844192 0
0.96 7.78984 0.0723985 0
0.96 7.85613 0.0601458 0
0.96 7.91006 0.0477006 0
0.96 7.95148 0.035103 0
0.96 7.98023 0.0223945 0
0.96 7.99625 0.00963329 0
