#x points: 24 #c points: 70
xloc: cloc: weight: f
values below 10e-5 have been chopped
0.04 -7.99083 0.0235337 0
0.04 -7.95174 0.0546033 0
0.04 -7.88175 0.0852919 0
0.04 -7.78138 0.115317 0
0.04 -7.65142 0.14444 0
0.04 -7.49288 0.172434 0
0.04 -7.307 0.199077 0
0.04 -7.09524 0.224163 0
0.04 -6.85926 0.247495 0
0.04 -6.6009 0.268889 0
0.04 -6.32218 0.288179 0
0.04 -6.02529 0.305214 0
0.04 -5.71255 0.31986 0
0.04 -5.38641 0.332002 0
0.04 -5.04941 0.341547 0
0.04 -4.7042 0.348418 0
0.04 -4.35349 0.352562 -0.0000155124
0.04 -4. 0.353947 -0.00008641
0.04 -3.64651 0.352562 -0.000361486
0.04 -3.2958 0.348418 -0.00117916
0.04 -2.95059 0.341547 -0.00299778
0.04 -2.61359 0.332002 -0.0057557
0.04 -2.28745 0.31986 -0.00745384
0.04 -1.97471 0.305214 -0.00283763
0.04 -1.67782 0.288179 0.0158529
0.04 -1.3991 0.268889 0.0550918
0.04 -1.14074 0.247495 0.115403
0.04 -0.904759 0.224163 0.189718
0.04 -0.693 0.199077 0.266335
0.04 -0.507123 0.172434 0.334128
0.04 -0.348583 0.14444 0.386442
0.04 -0.218619 0.115317 0.421965
0.04 -0.11825 0.0852919 0.443234
0.04 -0.0482569 0.0546033 0.45436
0.04 -0.00917372 0.0235337 0.459148
0.04 0.00917372 0.0235337 0.462796
0.04 0.0482569 0.0546033 0.472227
0.04 0.11825 0.0852919 0.48214
0.04 0.218619 0.115317 0.483405
0.04 0.348583 0.14444 0.466737
0.04 0.507123 0.172434 0.424785
0.04 0.693 0.199077 0.354997
0.04 0.904759 0.224163 0.262663
0.04 1.14074 0.247495 0.161764
0.04 1.3991 0.268889 0.0712013
0.04 1.67782 0.288179 0.00694283
0.04 1.97471 0.305214 -0.0253583
0.04 2.28745 0.31986 -0.0317487
0.04 2.61359 0.332002 -0.0244404
0.04 2.95059 0.341547 -0.0142612
0.04 3.2958 0.348418 -0.0066937
0.04 3.64651 0.352562 -0.00259854
0.04 4. 0.353947 -0.000850405
0.04 4.35349 0.352562 -0.000238716
0.04 4.7042 0.348418 -0.0000585393
0.04 5.04941 0.341547 -0.0000127991
0.04 5.38641 0.332002 0
0.04 5.71255 0.31986 0
0.04 6.02529 0.305214 0
0.04 6.32218 0.288179 0
0.04 6.6009 0.268889 0
0.04 6.85926 0.247495 0
0.04 7.09524 0.224163 0
0.04 7.307 0.199077 0
0.04 7.49288 0.172434 0
0.04 7.65142 0.14444 0
0.04 7.78138 0.115317 0
0.04 7.88175 0.0852919 0
0.04 7.95174 0.0546033 0
0.04 7.99083 0.0235337 0
0.08 -7.99083 0.0235337 0
0.08 -7.95174 0.0546033 0
0.08 -7.88175 0.0852919 0
0.08 -7.78138 0.115317 0
0.08 -7.65142 0.14444 0
0.08 -7.49288 0.172434 0
0.08 -7.307 0.199077 0
0.08 -7.09524 0.224163 0
0.08 -6.85926 0.247495 0
0.08 -6.6009 0.268889 0
0.08 -6.32218 0.288179 0
0.08 -6.02529 0.305214 0
0.08 -5.71255 0.31986 0
0.08 -5.38641 0.332002 0
0.08 -5.04941 0.341547 0
0.08 -4.7042 0.348418 0
0.08 -4.35349 0.352562 0
0.08 -4. 0.353947 -0.0000361315
0.08 -3.64651 0.352562 -0.000204944
0.08 -3.2958 0.348418 -0.0007689
0.08 -2.95059 0.341547 -0.00211037
0.08 -2.61359 0.332002 -0.00421663
0.08 -2.28745 0.31986 -0.00544334
0.08 -1.97471 0.305214 -0.00126322
0.08 -1.67782 0.288179 0.0152256
0.08 -1.3991 0.268889 0.0500031
0.08 -1.14074 0.247495 0.10385
0.08 -0.904759 0.224163 0.170658
0.08 -0.693 0.199077 0.239943
0.08 -0.507123 0.172434 0.301556
0.08 -0.348583 0.14444 0.349298
0.08 -0.218619 0.115317 0.381823
0.08 -0.11825 0.0852919 0.401337
0.08 -0.0482569 0.0546033 0.411549
0.08 -0.00917372 0.0235337 0.415938
0.08 0.00917372 0.0235337 0.417784
0.08 0.0482569 0.0546033 0.421876
0.08 0.11825 0.0852919 0.427676
0.08 0.218619 0.115317 0.429492
0.08 0.348583 0.14444 0.418365
0.08 0.507123 0.172434 0.385566
0.08 0.693 0.199077 0.326678
0.08 0.904759 0.224163 0.245132
0.08 1.14074 0.247495 0.153301
0.08 1.3991 0.268889 0.069062
0.08 1.67782 0.288179 0.00818677
0.08 1.97471 0.305214 -0.0230741
0.08 2.28745 0.31986 -0.0297627
0.08 2.61359 0.332002 -0.0231775
0.08 2.95059 0.341547 -0.0136208
0.08 3.2958 0.348418 -0.00642594
0.08 3.64651 0.352562 -0.00250453
0.08 4. 0.353947 -0.00082227
0.08 4.35349 0.352562 -0.00023143
0.08 4.7042 0.348418 -0.0000568783
0.08 5.04941 0.341547 -0.0000124593
0.08 5.38641 0.332002 0
0.08 5.71255 0.31986 0
0.08 6.02529 0.305214 0
0.08 6.32218 0.288179 0
0.08 6.6009 0.268889 0
0.08 6.85926 0.247495 0
0.08 7.09524 0.224163 0
0.08 7.307 0.199077 0
0.08 7.49288 0.172434 0
0.08 7.65142 0.14444 0
0.08 7.78138 0.115317 0
0.08 7.88175 0.0852919 0
0.08 7.95174 0.0546033 0
0.08 7.99083 0.0235337 0
0.12 -7.99083 0.0235337 0
0.12 -7.95174 0.0546033 0
0.12 -7.88175 0.0852919 0
0.12 -7.78138 0.115317 0
0.12 -7.65142 0.14444 0
0.12 -7.49288 0.172434 0
0.12 -7.307 0.199077 0
0.12 -7.09524 0.224163 0
0.12 -6.85926 0.247495 0
0.12 -6.6009 0.268889 0
0.12 -6.32218 0.288179 0
0.12 -6.02529 0.305214 0
0.12 -5.71255 0.31986 0
0.12 -5.38641 0.332002 0
0.12 -5.04941 0.341547 0
0.12 -4.7042 0.348418 0
0.12 -4.35349 0.352562 0.0000118328
0.12 -4. 0.353947 0.0000129646
0.12 -3.64651 0.352562 -0.0000520455
0.12 -3.2958 0.348418 -0.000368127
0.12 -2.95059 0.341547 -0.00124345
0.12 -2.61359 0.332002 -0.00271306
0.12 -2.28745 0.31986 -0.00347803
0.12 -1.97471 0.305214 0.000283916
0.12 -1.67782 0.288179 0.0146508
0.12 -1.3991 0.268889 0.0451443
0.12 -1.14074 0.247495 0.0928221
0.12 -0.904759 0.224163 0.152527
0.12 -0.693 0.199077 0.214956
0.12 -0.507123 0.172434 0.270886
0.12 -0.348583 0.14444 0.314537
0.12 -0.218619 0.115317 0.344493
0.12 -0.11825 0.0852919 0.362613
0.12 -0.0482569 0.0546033 0.372183
0.12 -0.00917372 0.0235337 0.376335
0.12 0.00917372 0.0235337 0.378023
0.12 0.0482569 0.0546033 0.381155
0.12 0.11825 0.0852919 0.385021
0.12 0.218619 0.115317 0.385834
0.12 0.348583 0.14444 0.376745
0.12 0.507123 0.172434 0.349621
0.12 0.693 0.199077 0.299174
0.12 0.904759 0.224163 0.227136
0.12 1.14074 0.247495 0.144019
0.12 1.3991 0.268889 0.0662651
0.12 1.67782 0.288179 0.00908741
0.12 1.97471 0.305214 -0.0208834
0.12 2.28745 0.31986 -0.0277483
0.12 2.61359 0.332002 -0.0218602
0.12 2.95059 0.341547 -0.0129405
0.12 3.2958 0.348418 -0.00613779
0.12 3.64651 0.352562 -0.00240234
0.12 4. 0.353947 -0.000791445
0.12 4.35349 0.352562 -0.000223395
0.12 4.7042 0.348418 -0.0000550372
0.12 5.04941 0.341547 -0.0000120809
0.12 5.38641 0.332002 0
0.12 5.71255 0.31986 0
0.12 6.02529 0.305214 0
0.12 6.32218 0.288179 0
0.12 6.6009 0.268889 0
0.12 6.85926 0.247495 0
0.12 7.09524 0.224163 0
0.12 7.307 0.199077 0
0.12 7.49288 0.172434 0
0.12 7.65142 0.14444 0
0.12 7.78138 0.115317 0
0.12 7.88175 0.0852919 0
0.12 7.95174 0.0546033 0
0.12 7.99083 0.0235337 0
0.16 -7.99083 0.0235337 0
0.16 -7.95174 0.0546033 0
0.16 -7.88175 0.0852919 0
0.16 -7.78138 0.115317 0
0.16 -7.65142 0.14444 0
0.16 -7.49288 0.172434 0
0.16 -7.307 0.199077 0
0.16 -7.09524 0.224163 0
0.16 -6.85926 0.247495 0
0.16 -6.6009 0.268889 0
0.16 -6.32218 0.288179 0
0.16 -6.02529 0.305214 0
0.16 -5.71255 0.31986 0
0.16 -5.38641 0.332002 0
0.16 -5.04941 0.341547 0
0.16 -4.7042 0.348418 0
0.16 -4.35349 0.352562 0.0000251073
0.16 -4. 0.353947 0.000061251
0.16 -3.64651 0.352562 0.000098445
0.16 -3.2958 0.348418 0.000026611
0.16 -2.95059 0.341547 -0.000389042
0.16 -2.61359 0.332002 -0.00123027
0.16 -2.28745 0.31986 -0.0015381
0.16 -1.97471 0.305214 0.00181668
0.16 -1.67782 0.288179 0.0141062
0.16 -1.3991 0.268889 0.040413
0.16 -1.14074 0.247495 0.0820832
0.16 -0.904759 0.224163 0.134904
0.16 -0.693 0.199077 0.190732
0.16 -0.507123 0.172434 0.241241
0.16 -0.348583 0.14444 0.281042
0.16 -0.218619 0.115317 0.308639
0.16 -0.11825 0.0852919 0.325532
0.16 -0.0482569 0.0546033 0.33458
0.16 -0.00917372 0.0235337 0.338564
0.16 0.00917372 0.0235337 0.340184
0.16 0.0482569 0.0546033 0.343113
0.16 0.11825 0.0852919 0.346464
0.16 0.218619 0.115317 0.346939
0.16 0.348583 0.14444 0.339147
0.16 0.507123 0.172434 0.316149
0.16 0.693 0.199077 0.272618
0.16 0.904759 0.224163 0.209081
0.16 1.14074 0.247495 0.134264
0.16 1.3991 0.268889 0.0630037
0.16 1.67782 0.288179 0.00971195
0.16 1.97471 0.305214 -0.0187861
0.16 2.28745 0.31986 -0.0257258
0.16 2.61359 0.332002 -0.0205064
0.16 2.95059 0.341547 -0.0122307
0.16 3.2958 0.348418 -0.0058338
0.16 3.64651 0.352562 -0.00229362
0.16 4. 0.353947 -0.000758423
0.16 4.35349 0.352562 -0.00021474
0.16 4.7042 0.348418 -0.0000530445
0.16 5.04941 0.341547 -0.0000116699
0.16 5.38641 0.332002 0
0.16 5.71255 0.31986 0
0.16 6.02529 0.305214 0
0.16 6.32218 0.288179 0
0.16 6.6009 0.268889 0
0.16 6.85926 0.247495 0
0.16 7.09524 0.224163 0
0.16 7.307 0.199077 0
0.16 7.49288 0.172434 0
0.16 7.65142 0.14444 0
0.16 7.78138 0.115317 0
0.16 7.88175 0.0852919 0
0.16 7.95174 0.0546033 0
0.16 7.99083 0.0235337 0
0.2 -7.99083 0.0235337 0
0.2 -7.95174 0.0546033 0
0.2 -7.88175 0.0852919 0
0.2 -7.78138 0.115317 0
0.2 -7.65142 0.14444 0
0.2 -7.49288 0.172434 0
0.2 -7.307 0.199077 0
0.2 -7.09524 0.224163 0
0.2 -6.85926 0.247495 0
0.2 -6.6009 0.268889 0
0.2 -6.32218 0.288179 0
0.2 -6.02529 0.305214 0
0.2 -5.71255 0.31986 0
0.2 -5.38641 0.332002 0
0.2 -5.04941 0.341547 0
0.2 -4.7042 0.348418 0.0000111387
0.2 -4.35349 0.352562 0.0000381926
0.2 -4. 0.353947 0.000108898
0.2 -3.64651 0.352562 0.000247101
0.2 -3.2958 0.348418 0.000416948
0.2 -2.95059 0.341547 0.000456706
0.2 -2.61359 0.332002 0.000238973
0.2 -2.28745 0.31986 0.000386499
0.2 -1.97471 0.305214 0.00334241
0.2 -1.67782 0.288179 0.0135829
0.2 -1.3991 0.268889 0.0357628
0.2 -1.14074 0.247495 0.0715244
0.2 -0.904759 0.224163 0.117597
0.2 -0.693 0.199077 0.166981
0.2 -0.507123 0.172434 0.212229
0.2 -0.348583 0.14444 0.248325
0.2 -0.218619 0.115317 0.273683
0.2 -0.11825 0.0852919 0.289441
0.2 -0.0482569 0.0546033 0.298032
0.2 -0.00917372 0.0235337 0.301884
0.2 0.00917372 0.0235337 0.303464
0.2 0.0482569 0.0546033 0.306337
0.2 0.11825 0.0852919 0.309678
0.2 0.218619 0.115317 0.310405
0.2 0.348583 0.14444 0.303947
0.2 0.507123 0.172434 0.284441
0.2 0.693 0.199077 0.246923
0.2 0.904759 0.224163 0.191141
0.2 1.14074 0.247495 0.124237
0.2 1.3991 0.268889 0.0594093
0.2 1.67782 0.288179 0.0101144
0.2 1.97471 0.305214 -0.0167756
0.2 2.28745 0.31986 -0.023706
0.2 2.61359 0.332002 -0.0191273
0.2 2.95059 0.341547 -0.0114982
0.2 3.2958 0.348418 -0.00551707
0.2 3.64651 0.352562 -0.00217949
0.2 4. 0.353947 -0.000723549
0.2 4.35349 0.352562 -0.000205553
0.2 4.7042 0.348418 -0.0000509207
0.2 5.04941 0.341547 -0.0000112302
0.2 5.38641 0.332002 0
0.2 5.71255 0.31986 0
0.2 6.02529 0.305214 0
0.2 6.32218 0.288179 0
0.2 6.6009 0.268889 0
0.2 6.85926 0.247495 0
0.2 7.09524 0.224163 0
0.2 7.307 0.199077 0
0.2 7.49288 0.172434 0
0.2 7.65142 0.14444 0
0.2 7.78138 0.115317 0
0.2 7.88175 0.0852919 0
0.2 7.95174 0.0546033 0
0.2 7.99083 0.0235337 0
0.24 -7.99083 0.0235337 0
0.24 -7.95174 0.0546033 0
0.24 -7.88175 0.0852919 0
0.24 -7.78138 0.115317 0
0.24 -7.65142 0.14444 0
0.24 -7.49288 0.172434 0
0.24 -7.307 0.199077 0
0.24 -7.09524 0.224163 0
0.24 -6.85926 0.247495 0
0.24 -6.6009 0.268889 0
0.24 -6.32218 0.288179 0
0.24 -6.02529 0.305214 0
0.24 -5.71255 0.31986 0
0.24 -5.38641 0.332002 0
0.24 -5.04941 0.341547 0
0.24 -4.7042 0.348418 0.0000142324
0.24 -4.35349 0.352562 0.0000511102
0.24 -4. 0.353947 0.000155994
0.24 -3.64651 0.352562 0.000394225
0.24 -3.2958 0.348418 0.000803774
0.24 -2.95059 0.341547 0.00129596
0.24 -2.61359 0.332002 0.00169892
0.24 -2.28745 0.31986 0.00230193
0.24 -1.97471 0.305214 0.00486612
0.24 -1.67782 0.288179 0.0130769
0.24 -1.3991 0.268889 0.0311682
0.24 -1.14074 0.247495 0.0610846
0.24 -0.904759 0.224163 0.100498
0.24 -0.693 0.199077 0.143544
0.24 -0.507123 0.172434 0.183636
0.24 -0.348583 0.14444 0.216121
0.24 -0.218619 0.115317 0.239318
0.24 -0.11825 0.0852919 0.253999
0.24 -0.0482569 0.0546033 0.262172
0.24 -0.00917372 0.0235337 0.265913
0.24 0.00917372 0.0235337 0.267466
0.24 0.0482569 0.0546033 0.270333
0.24 0.11825 0.0852919 0.273838
0.24 0.218619 0.115317 0.275146
0.24 0.348583 0.14444 0.270204
0.24 0.507123 0.172434 0.253969
0.24 0.693 0.199077 0.221942
0.24 0.904759 0.224163 0.173383
0.24 1.14074 0.247495 0.11406
0.24 1.3991 0.268889 0.0555745
0.24 1.67782 0.288179 0.0103381
0.24 1.97471 0.305214 -0.0148434
0.24 2.28745 0.31986 -0.0216948
0.24 2.61359 0.332002 -0.0177305
0.24 2.95059 0.341547 -0.0107478
0.24 3.2958 0.348418 -0.0051899
0.24 3.64651 0.352562 -0.0020608
0.24 4. 0.353947 -0.000687087
0.24 4.35349 0.352562 -0.000195905
0.24 4.7042 0.348418 -0.0000486818
0.24 5.04941 0.341547 -0.0000107652
0.24 5.38641 0.332002 0
0.24 5.71255 0.31986 0
0.24 6.02529 0.305214 0
0.24 6.32218 0.288179 0
0.24 6.6009 0.268889 0
0.24 6.85926 0.247495 0
0.24 7.09524 0.224163 0
0.24 7.307 0.199077 0
0.24 7.49288 0.172434 0
0.24 7.65142 0.14444 0
0.24 7.78138 0.115317 0
0.24 7.88175 0.0852919 0
0.24 7.95174 0.0546033 0
0.24 7.99083 0.0235337 0
0.28 -7.99083 0.0235337 0
0.28 -7.95174 0.0546033 0
0.28 -7.88175 0.0852919 0
0.28 -7.78138 0.115317 0
0.28 -7.65142 0.14444 0
0.28 -7.49288 0.172434 0
0.28 -7.307 0.199077 0
0.28 -7.09524 0.224163 0
0.28 -6.85926 0.247495 0
0.28 -6.6009 0.268889 0
0.28 -6.32218 0.288179 0
0.28 -6.02529 0.305214 0
0.28 -5.71255 0.31986 0
0.28 -5.38641 0.332002 0
0.28 -5.04941 0.341547 0
0.28 -4.7042 0.348418 0.0000172843
0.28 -4.35349 0.352562 0.0000638704
0.28 -4. 0.353947 0.000202581
0.28 -3.64651 0.352562 0.000539978
0.28 -3.2958 0.348418 0.00118759
0.28 -2.95059 0.341547 0.00213003
0.28 -2.61359 0.332002 0.00315226
0.28 -2.28745 0.31986 0.00421239
0.28 -1.97471 0.305214 0.00639174
0.28 -1.67782 0.288179 0.0125869
0.28 -1.3991 0.268889 0.0266139
0.28 -1.14074 0.247495 0.0507256
0.28 -0.904759 0.224163 0.0835388
0.28 -0.693 0.199077 0.120319
0.28 -0.507123 0.172434 0.15533
0.28 -0.348583 0.14444 0.18427
0.28 -0.218619 0.115317 0.205357
0.28 -0.11825 0.0852919 0.219001
0.28 -0.0482569 0.0546033 0.226782
0.28 -0.00917372 0.0235337 0.230426
0.28 0.00917372 0.0235337 0.231961
0.28 0.0482569 0.0546033 0.234844
0.28 0.11825 0.0852919 0.238584
0.28 0.218619 0.115317 0.240637
0.28 0.348583 0.14444 0.237372
0.28 0.507123 0.172434 0.224357
0.28 0.693 0.199077 0.197529
0.28 0.904759 0.224163 0.15582
0.28 1.14074 0.247495 0.103809
0.28 1.3991 0.268889 0.0515653
0.28 1.67782 0.288179 0.010418
0.28 1.97471 0.305214 -0.0129802
0.28 2.28745 0.31986 -0.0196949
0.28 2.61359 0.332002 -0.0163211
0.28 2.95059 0.341547 -0.00998325
0.28 3.2958 0.348418 -0.00485403
0.28 3.64651 0.352562 -0.00193824
0.28 4. 0.353947 -0.000649248
0.28 4.35349 0.352562 -0.000185852
0.28 4.7042 0.348418 -0.0000463407
0.28 5.04941 0.341547 -0.0000102776
0.28 5.38641 0.332002 0
0.28 5.71255 0.31986 0
0.28 6.02529 0.305214 0
0.28 6.32218 0.288179 0
0.28 6.6009 0.268889 0
0.28 6.85926 0.247495 0
0.28 7.09524 0.224163 0
0.28 7.307 0.199077 0
0.28 7.49288 0.172434 0
0.28 7.65142 0.14444 0
0.28 7.78138 0.115317 0
0.28 7.88175 0.0852919 0
0.28 7.95174 0.0546033 0
0.28 7.99083 0.0235337 0
0.32 -7.99083 0.0235337 0
0.32 -7.95174 0.0546033 0
0.32 -7.88175 0.0852919 0
0.32 -7.78138 0.115317 0
0.32 -7.65142 0.14444 0
0.32 -7.49288 0.172434 0
0.32 -7.307 0.199077 0
0.32 -7.09524 0.224163 0
0.32 -6.85926 0.247495 0
0.32 -6.6009 0.268889 0
0.32 -6.32218 0.288179 0
0.32 -6.02529 0.305214 0
0.32 -5.71255 0.31986 0
0.32 -5.38641 0.332002 0
0.32 -5.04941 0.341547 0
0.32 -4.7042 0.348418 0.0000202949
0.32 -4.35349 0.352562 0.0000764759
0.32 -4. 0.353947 0.000248675
0.32 -3.64651 0.352562 0.000684432
0.32 -3.2958 0.348418 0.00156867
0.32 -2.95059 0.341547 0.0029597
0.32 -2.61359 0.332002 0.00460083
0.32 -2.28745 0.31986 0.00612102
0.32 -1.97471 0.305214 0.00792267
0.32 -1.67782 0.288179 0.0121128
0.32 -1.3991 0.268889 0.0220903
0.32 -1.14074 0.247495 0.0404213
0.32 -0.904759 0.224163 0.0666732
0.32 -0.693 0.199077 0.0972391
0.32 -0.507123 0.172434 0.127221
0.32 -0.348583 0.14444 0.152664
0.32 -0.218619 0.115317 0.17168
0.32 -0.11825 0.0852919 0.184314
0.32 -0.0482569 0.0546033 0.19172
0.32 -0.00917372 0.0235337 0.195278
0.32 0.00917372 0.0235337 0.1968
0.32 0.0482569 0.0546033 0.199715
0.32 0.11825 0.0852919 0.203723
0.32 0.218619 0.115317 0.206604
0.32 0.348583 0.14444 0.205126
0.32 0.507123 0.172434 0.195345
0.32 0.693 0.199077 0.173555
0.32 0.904759 0.224163 0.138441
0.32 1.14074 0.247495 0.0935257
0.32 1.3991 0.268889 0.0474293
0.32 1.67782 0.288179 0.010382
0.32 1.97471 0.305214 -0.0111773
0.32 2.28745 0.31986 -0.0177077
0.32 2.61359 0.332002 -0.0149028
0.32 2.95059 0.341547 -0.00920718
0.32 3.2958 0.348418 -0.00451083
0.32 3.64651 0.352562 -0.00181233
0.32 4. 0.353947 -0.000610201
0.32 4.35349 0.352562 -0.000175438
0.32 4.7042 0.348418 -0.000043908
0.32 5.04941 0.341547 0
0.32 5.38641 0.332002 0
0.32 5.71255 0.31986 0
0.32 6.02529 0.305214 0
0.32 6.32218 0.288179 0
0.32 6.6009 0.268889 0
0.32 6.85926 0.247495 0
0.32 7.09524 0.224163 0
0.32 7.307 0.199077 0
0.32 7.49288 0.172434 0
0.32 7.65142 0.14444 0
0.32 7.78138 0.115317 0
0.32 7.88175 0.0852919 0
0.32 7.95174 0.0546033 0
0.32 7.99083 0.0235337 0
0.36 -7.99083 0.0235337 0
0.36 -7.95174 0.0546033 0
0.36 -7.88175 0.0852919 0
0.36 -7.78138 0.115317 0
0.36 -7.65142 0.14444 0
0.36 -7.49288 0.172434 0
0.36 -7.307 0.199077 0
0.36 -7.09524 0.224163 0
0.36 -6.85926 0.247495 0
0.36 -6.6009 0.268889 0
0.36 -6.32218 0.288179 0
0.36 -6.02529 0.305214 0
0.36 -5.71255 0.31986 0
0.36 -5.38641 0.332002 0
0.36 -5.04941 0.341547 0
0.36 -4.7042 0.348418 0.0000232635
0.36 -4.35349 0.352562 0.0000889249
0.36 -4. 0.353947 0.000294275
0.36 -3.64651 0.352562 0.000827604
0.36 -3.2958 0.348418 0.00194712
0.36 -2.95059 0.341547 0.00378542
0.36 -2.61359 0.332002 0.00604588
0.36 -2.28745 0.31986 0.00803031
0.36 -1.97471 0.305214 0.00946212
0.36 -1.67782 0.288179 0.0116558
0.36 -1.3991 0.268889 0.0175915
0.36 -1.14074 0.247495 0.0301527
0.36 -0.904759 0.224163 0.0498658
0.36 -0.693 0.199077 0.0742526
0.36 -0.507123 0.172434 0.099247
0.36 -0.348583 0.14444 0.121228
0.36 -0.218619 0.115317 0.138201
0.36 -0.11825 0.0852919 0.149845
0.36 -0.0482569 0.0546033 0.156891
0.36 -0.00917372 0.0235337 0.160369
0.36 0.00917372 0.0235337 0.161882
0.36 0.0482569 0.0546033 0.164838
0.36 0.11825 0.0852919 0.169134
0.36 0.218619 0.115317 0.172888
0.36 0.348583 0.14444 0.173268
0.36 0.507123 0.172434 0.166752
0.36 0.693 0.199077 0.149918
0.36 0.904759 0.224163 0.121224
0.36 1.14074 0.247495 0.0832372
0.36 1.3991 0.268889 0.043201
0.36 1.67782 0.288179 0.0102527
0.36 1.97471 0.305214 -0.00942653
0.36 2.28745 0.31986 -0.0157334
0.36 2.61359 0.332002 -0.0134782
0.36 2.95059 0.341547 -0.00842169
0.36 3.2958 0.348418 -0.00416141
0.36 3.64651 0.352562 -0.00168351
0.36 4. 0.353947 -0.00057009
0.36 4.35349 0.352562 -0.000164704
0.36 4.7042 0.348418 -0.0000413928
0.36 5.04941 0.341547 0
0.36 5.38641 0.332002 0
0.36 5.71255 0.31986 0
0.36 6.02529 0.305214 0
0.36 6.32218 0.288179 0
0.36 6.6009 0.268889 0
0.36 6.85926 0.247495 0
0.36 7.09524 0.224163 0
0.36 7.307 0.199077 0
0.36 7.49288 0.172434 0
0.36 7.65142 0.14444 0
0.36 7.78138 0.115317 0
0.36 7.88175 0.0852919 0
0.36 7.95174 0.0546033 0
0.36 7.99083 0.0235337 0
0.4 -7.99083 0.0235337 0
0.4 -7.95174 0.0546033 0
0.4 -7.88175 0.0852919 0
0.4 -7.78138 0.115317 0
0.4 -7.65142 0.14444 0
0.4 -7.49288 0.172434 0
0.4 -7.307 0.199077 0
0.4 -7.09524 0.224163 0
0.4 -6.85926 0.247495 0
0.4 -6.6009 0.268889 0
0.4 -6.32218 0.288179 0
0.4 -6.02529 0.305214 0
0.4 -5.71255 0.31986 0
0.4 -5.38641 0.332002 0
0.4 -5.04941 0.341547 0
0.4 -4.7042 0.348418 0.0000261884
0.4 -4.35349 0.352562 0.000101211
0.4 -4. 0.353947 0.000339365
0.4 -3.64651 0.352562 0.000969464
0.4 -3.2958 0.348418 0.00232294
0.4 -2.95059 0.341547 0.00460741
0.4 -2.61359 0.332002 0.00748827
0.4 -2.28745 0.31986 0.00994233
0.4 -1.97471 0.305214 0.0110133
0.4 -1.67782 0.288179 0.0112182
0.4 -1.3991 0.268889 0.0131141
0.4 -1.14074 0.247495 0.0199056
0.4 -0.904759 0.224163 0.0330887
0.4 -0.693 0.199077 0.0513192
0.4 -0.507123 0.172434 0.0713563
0.4 -0.348583 0.14444 0.089904
0.4 -0.218619 0.115317 0.104856
0.4 -0.11825 0.0852919 0.115527
0.4 -0.0482569 0.0546033 0.122223
0.4 -0.00917372 0.0235337 0.125626
0.4 0.00917372 0.0235337 0.127133
0.4 0.0482569 0.0546033 0.130137
0.4 0.11825 0.0852919 0.134735
0.4 0.218619 0.115317 0.139386
0.4 0.348583 0.14444 0.14167
0.4 0.507123 0.172434 0.138451
0.4 0.693 0.199077 0.126532
0.4 0.904759 0.224163 0.104143
0.4 1.14074 0.247495 0.0729565
0.4 1.3991 0.268889 0.038905
0.4 1.67782 0.288179 0.0100479
0.4 1.97471 0.305214 -0.00772058
0.4 2.28745 0.31986 -0.0137715
0.4 2.61359 0.332002 -0.012049
0.4 2.95059 0.341547 -0.00762843
0.4 3.2958 0.348418 -0.00380665
0.4 3.64651 0.352562 -0.00155214
0.4 4. 0.353947 -0.000529033
0.4 4.35349 0.352562 -0.000153681
0.4 4.7042 0.348418 -0.0000388029
0.4 5.04941 0.341547 0
0.4 5.38641 0.332002 0
0.4 5.71255 0.31986 0
0.4 6.02529 0.305214 0
0.4 6.32218 0.288179 0
0.4 6.6009 0.268889 0
0.4 6.85926 0.247495 0
0.4 7.09524 0.224163 0
0.4 7.307 0.199077 0
0.4 7.49288 0.172434 0
0.4 7.65142 0.14444 0
0.4 7.78138 0.115317 0
0.4 7.88175 0.0852919 0
0.4 7.95174 0.0546033 0
0.4 7.99083 0.0235337 0
0.44 -7.99083 0.0235337 0
0.44 -7.95174 0.0546033 0
0.44 -7.88175 0.0852919 0
0.44 -7.78138 0.115317 0
0.44 -7.65142 0.14444 0
0.44 -7.49288 0.172434 0
0.44 -7.307 0.199077 0
0.44 -7.09524 0.224163 0
0.44 -6.85926 0.247495 0
0.44 -6.6009 0.268889 0
0.44 -6.32218 0.288179 0
0.44 -6.02529 0.305214 0
0.44 -5.71255 0.31986 0
0.44 -5.38641 0.332002 0
0.44 -5.04941 0.341547 0
0.44 -4.7042 0.348418 0.0000290672
0.44 -4.35349 0.352562 0.000113327
0.44 -4. 0.353947 0.000383916
0.44 -3.64651 0.352562 0.00110995
0.44 -3.2958 0.348418 0.00269604
0.44 -2.95059 0.341547 0.00542567
0.44 -2.61359 0.332002 0.00892857
0.44 -2.28745 0.31986 0.0118589
0.44 -1.97471 0.305214 0.0125796
0.44 -1.67782 0.288179 0.0108033
0.44 -1.3991 0.268889 0.00865681
0.44 -1.14074 0.247495 0.00966865
0.44 -0.904759 0.224163 0.0163175
0.44 -0.693 0.199077 0.0284037
0.44 -0.507123 0.172434 0.0435069
0.44 -0.348583 0.14444 0.0586446
0.44 -0.218619 0.115317 0.071594
0.44 -0.11825 0.0852919 0.0813039
0.44 -0.0482569 0.0546033 0.0876583
0.44 -0.00917372 0.0235337 0.0909912
0.44 0.00917372 0.0235337 0.0924945
0.44 0.0482569 0.0546033 0.095552
0.44 0.11825 0.0852919 0.100462
0.44 0.218619 0.115317 0.106028
0.44 0.348583 0.14444 0.110246
0.44 0.507123 0.172434 0.110351
0.44 0.693 0.199077 0.103332
0.44 0.904759 0.224163 0.0871718
0.44 1.14074 0.247495 0.0626891
0.44 1.3991 0.268889 0.034559
0.44 1.67782 0.288179 0.00978232
0.44 1.97471 0.305214 -0.0060529
0.44 2.28745 0.31986 -0.0118213
0.44 2.61359 0.332002 -0.0106166
0.44 2.95059 0.341547 -0.00682866
0.44 3.2958 0.348418 -0.00344727
0.44 3.64651 0.352562 -0.00141853
0.44 4. 0.353947 -0.000487132
0.44 4.35349 0.352562 -0.000142398
0.44 4.7042 0.348418 -0.000036145
0.44 5.04941 0.341547 0
0.44 5.38641 0.332002 0
0.44 5.71255 0.31986 0
0.44 6.02529 0.305214 0
0.44 6.32218 0.288179 0
0.44 6.6009 0.268889 0
0.44 6.85926 0.247495 0
0.44 7.09524 0.224163 0
0.44 7.307 0.199077 0
0.44 7.49288 0.172434 0
0.44 7.65142 0.14444 0
0.44 7.78138 0.115317 0
0.44 7.88175 0.0852919 0
0.44 7.95174 0.0546033 0
0.44 7.99083 0.0235337 0
0.48 -7.99083 0.0235337 0
0.48 -7.95174 0.0546033 0
0.48 -7.88175 0.0852919 0
0.48 -7.78138 0.115317 0
0.48 -7.65142 0.14444 0
0.48 -7.49288 0.172434 0
0.48 -7.307 0.199077 0
0.48 -7.09524 0.224163 0
0.48 -6.85926 0.247495 0
0.48 -6.6009 0.268889 0
0.48 -6.32218 0.288179 0
0.48 -6.02529 0.305214 0
0.48 -5.71255 0.31986 0
0.48 -5.38641 0.332002 0
0.48 -5.04941 0.341547 0
0.48 -4.7042 0.348418 0.000031897
0.48 -4.35349 0.352562 0.000125259
0.48 -4. 0.353947 0.00042789
0.48 -3.64651 0.352562 0.00124895
0.48 -3.2958 0.348418 0.00306621
0.48 -2.95059 0.341547 0.00624002
0.48 -2.61359 0.332002 0.0103671
0.48 -2.28745 0.31986 0.0137818
0.48 -1.97471 0.305214 0.0141646
0.48 -1.67782 0.288179 0.0104155
0.48 -1.3991 0.268889 0.00422039
0.48 -1.14074 0.247495 -0.000567311
0.48 -0.904759 0.224163 -0.000470117
0.48 -0.693 0.199077 0.00547275
0.48 -0.507123 0.172434 0.0156598
0.48 -0.348583 0.14444 0.027408
0.48 -0.218619 0.115317 0.0383705
0.48 -0.11825 0.0852919 0.0471312
0.48 -0.0482569 0.0546033 0.0531514
0.48 -0.00917372 0.0235337 0.0564185
0.48 0.00917372 0.0235337 0.0579199
0.48 0.0482569 0.0546033 0.0610355
0.48 0.11825 0.0852919 0.0662656
0.48 0.218619 0.115317 0.0727594
0.48 0.348583 0.14444 0.0789314
0.48 0.507123 0.172434 0.0823856
0.48 0.693 0.199077 0.080264
0.48 0.904759 0.224163 0.0702851
0.48 1.14074 0.247495 0.0524357
0.48 1.3991 0.268889 0.0301754
0.48 1.67782 0.288179 0.00946739
0.48 1.97471 0.305214 -0.0044177
0.48 2.28745 0.31986 -0.0098815
0.48 2.61359 0.332002 -0.0091818
0.48 2.95059 0.341547 -0.00602336
0.48 3.2958 0.348418 -0.00308386
0.48 3.64651 0.352562 -0.00128293
0.48 4. 0.353947 -0.000444471
0.48 4.35349 0.352562 -0.000130879
0.48 4.7042 0.348418 -0.000033425
0.48 5.04941 0.341547 0
0.48 5.38641 0.332002 0
0.48 5.71255 0.31986 0
0.48 6.02529 0.305214 0
0.48 6.32218 0.288179 0
0.48 6.6009 0.268889 0
0.48 6.85926 0.247495 0
0.48 7.09524 0.224163 0
0.48 7.307 0.199077 0
0.48 7.49288 0.172434 0
0.48 7.65142 0.14444 0
0.48 7.78138 0.115317 0
0.48 7.88175 0.0852919 0
0.48 7.95174 0.0546033 0
0.48 7.99083 0.0235337 0
0.52 -7.99083 0.0235337 0
0.52 -7.95174 0.0546033 0
0.52 -7.88175 0.0852919 0
0.52 -7.78138 0.115317 0
0.52 -7.65142 0.14444 0
0.52 -7.49288 0.172434 0
0.52 -7.307 0.199077 0
0.52 -7.09524 0.224163 0
0.52 -6.85926 0.247495 0
0.52 -6.6009 0.268889 0
0.52 -6.32218 0.288179 0
0.52 -6.02529 0.305214 0
0.52 -5.71255 0.31986 0
0.52 -5.38641 0.332002 0
0.52 -5.04941 0.341547 0
0.52 -4.7042 0.348418 0.0000346741
0.52 -4.35349 0.352562 0.000136993
0.52 -4. 0.353947 0.000471238
0.52 -3.64651 0.352562 0.00138633
0.52 -3.2958 0.348418 0.00343319
0.52 -2.95059 0.341547 0.00705011
0.52 -2.61359 0.332002 0.0118038
0.52 -2.28745 0.31986 0.0157124
0.52 -1.97471 0.305214 0.0157725
0.52 -1.67782 0.288179 0.0100605
0.52 -1.3991 0.268889 -0.000192279
0.52 -1.14074 0.247495 -0.0108094
0.52 -0.904759 0.224163 -0.0172961
0.52 -0.693 0.199077 -0.0175079
0.52 -0.507123 0.172434 -0.0122247
0.52 -0.348583 0.14444 -0.00384615
0.52 -0.218619 0.115317 0.00514491
0.52 -0.11825 0.0852919 0.012967
0.52 -0.0482569 0.0546033 0.0186601
0.52 -0.00917372 0.0235337 0.0218652
0.52 0.00917372 0.0235337 0.0233666
0.52 0.0482569 0.0546033 0.0265442
0.52 0.11825 0.0852919 0.0321014
0.52 0.218619 0.115317 0.0395338
0.52 0.348583 0.14444 0.0476773
0.52 0.507123 0.172434 0.0545012
0.52 0.693 0.199077 0.0572833
0.52 0.904759 0.224163 0.0534591
0.52 1.14074 0.247495 0.0421936
0.52 1.3991 0.268889 0.0257627
0.52 1.67782 0.288179 0.00911235
0.52 1.97471 0.305214 -0.00280984
0.52 2.28745 0.31986 -0.0079509
0.52 2.61359 0.332002 -0.00774505
0.52 2.95059 0.341547 -0.00521327
0.52 3.2958 0.348418 -0.00271689
0.52 3.64651 0.352562 -0.00114555
0.52 4. 0.353947 -0.000401124
0.52 4.35349 0.352562 -0.000119144
0.52 4.7042 0.348418 -0.000030648
0.52 5.04941 0.341547 0
0.52 5.38641 0.332002 0
0.52 5.71255 0.31986 0
0.52 6.02529 0.305214 0
0.52 6.32218 0.288179 0
0.52 6.6009 0.268889 0
0.52 6.85926 0.247495 0
0.52 7.09524 0.224163 0
0.52 7.307 0.199077 0
0.52 7.49288 0.172434 0
0.52 7.65142 0.14444 0
0.52 7.78138 0.115317 0
0.52 7.88175 0.0852919 0
0.52 7.95174 0.0546033 0
0.52 7.99083 0.0235337 0
0.56 -7.99083 0.0235337 0
0.56 -7.95174 0.0546033 0
0.56 -7.88175 0.0852919 0
0.56 -7.78138 0.115317 0
0.56 -7.65142 0.14444 0
0.56 -7.49288 0.172434 0
0.56 -7.307 0.199077 0
0.56 -7.09524 0.224163 0
0.56 -6.85926 0.247495 0
0.56 -6.6009 0.268889 0
0.56 -6.32218 0.288179 0
0.56 -6.02529 0.305214 0
0.56 -5.71255 0.31986 0
0.56 -5.38641 0.332002 0
0.56 -5.04941 0.341547 0
0.56 -4.7042 0.348418 0.0000373941
0.56 -4.35349 0.352562 0.000148512
0.56 -4. 0.353947 0.000513898
0.56 -3.64651 0.352562 0.00152193
0.56 -3.2958 0.348418 0.0037966
0.56 -2.95059 0.341547 0.00785541
0.56 -2.61359 0.332002 0.0132386
0.56 -2.28745 0.31986 0.0176522
0.56 -1.97471 0.305214 0.0174077
0.56 -1.67782 0.288179 0.00974552
0.56 -1.3991 0.268889 -0.00457583
0.56 -1.14074 0.247495 -0.0210627
0.56 -0.904759 0.224163 -0.0341828
0.56 -0.693 0.199077 -0.0405762
0.56 -0.507123 0.172434 -0.0401903
0.56 -0.348583 0.14444 -0.0351605
0.56 -0.218619 0.115317 -0.0281241
0.56 -0.11825 0.0852919 -0.0212297
0.56 -0.0482569 0.0546033 -0.0158564
0.56 -0.00917372 0.0235337 -0.0127094
0.56 0.00917372 0.0235337 -0.0112061
0.56 0.0482569 0.0546033 -0.00796264
0.56 0.11825 0.0852919 -0.00207131
0.56 0.218619 0.115317 0.00631032
0.56 0.348583 0.14444 0.0164407
0.56 0.507123 0.172434 0.026654
0.56 0.693 0.199077 0.0343523
0.56 0.904759 0.224163 0.0366715
0.56 1.14074 0.247495 0.0319577
0.56 1.3991 0.268889 0.0213263
0.56 1.67782 0.288179 0.00872451
0.56 1.97471 0.305214 -0.00122479
0.56 2.28745 0.31986 -0.00602806
0.56 2.61359 0.332002 -0.00630655
0.56 2.95059 0.341547 -0.00439892
0.56 3.2958 0.348418 -0.00234671
0.56 3.64651 0.352562 -0.00100655
0.56 4. 0.353947 -0.00035715
0.56 4.35349 0.352562 -0.000107212
0.56 4.7042 0.348418 -0.0000278182
0.56 5.04941 0.341547 0
0.56 5.38641 0.332002 0
0.56 5.71255 0.31986 0
0.56 6.02529 0.305214 0
0.56 6.32218 0.288179 0
0.56 6.6009 0.268889 0
0.56 6.85926 0.247495 0
0.56 7.09524 0.224163 0
0.56 7.307 0.199077 0
0.56 7.49288 0.172434 0
0.56 7.65142 0.14444 0
0.56 7.78138 0.115317 0
0.56 7.88175 0.0852919 0
0.56 7.95174 0.0546033 0
0.56 7.99083 0.0235337 0
0.6 -7.99083 0.0235337 0
0.6 -7.95174 0.0546033 0
0.6 -7.88175 0.0852919 0
0.6 -7.78138 0.115317 0
0.6 -7.65142 0.14444 0
0.6 -7.49288 0.172434 0
0.6 -7.307 0.199077 0
0.6 -7.09524 0.224163 0
0.6 -6.85926 0.247495 0
0.6 -6.6009 0.268889 0
0.6 -6.32218 0.288179 0
0.6 -6.02529 0.305214 0
0.6 -5.71255 0.31986 0
0.6 -5.38641 0.332002 0
0.6 -5.04941 0.341547 0
0.6 -4.7042 0.348418 0.0000400519
0.6 -4.35349 0.352562 0.000159796
0.6 -4. 0.353947 0.0005558
0.6 -3.64651 0.352562 0.00165554
0.6 -3.2958 0.348418 0.00415597
0.6 -2.95059 0.341547 0.00865518
0.6 -2.61359 0.332002 0.014671
0.6 -2.28745 0.31986 0.0196024
0.6 -1.97471 0.305214 0.0190754
0.6 -1.67782 0.288179 0.00947991
0.6 -1.3991 0.268889 -0.00892182
0.6 -1.14074 0.247495 -0.0313301
0.6 -0.904759 0.224163 -0.051154
0.6 -0.693 0.199077 -0.0637763
0.6 -0.507123 0.172434 -0.0682898
0.6 -0.348583 0.14444 -0.0665849
0.6 -0.218619 0.115317 -0.0614821
0.6 -0.11825 0.0852919 -0.0555025
0.6 -0.0482569 0.0546033 -0.0504409
0.6 -0.00917372 0.0235337 -0.0473475
0.6 0.00917372 0.0235337 -0.0458404
0.6 0.0482569 0.0546033 -0.042527
0.6 0.11825 0.0852919 -0.036294
0.6 0.218619 0.115317 -0.0269519
0.6 0.348583 0.14444 -0.0148188
0.6 0.507123 0.172434 -0.00119536
0.6 0.693 0.199077 0.0114368
0.6 0.904759 0.224163 0.0199003
0.6 1.14074 0.247495 0.0217207
0.6 1.3991 0.268889 0.016869
0.6 1.67782 0.288179 0.0083096
0.6 1.97471 0.305214 0.000341505
0.6 2.28745 0.31986 -0.00411146
0.6 2.61359 0.332002 -0.00486626
0.6 2.95059 0.341547 -0.00358067
0.6 3.2958 0.348418 -0.00197362
0.6 3.64651 0.352562 -0.000866064
0.6 4. 0.353947 -0.000312599
0.6 4.35349 0.352562 -0.0000950967
0.6 4.7042 0.348418 -0.0000249393
0.6 5.04941 0.341547 0
0.6 5.38641 0.332002 0
0.6 5.71255 0.31986 0
0.6 6.02529 0.305214 0
0.6 6.32218 0.288179 0
0.6 6.6009 0.268889 0
0.6 6.85926 0.247495 0
0.6 7.09524 0.224163 0
0.6 7.307 0.199077 0
0.6 7.49288 0.172434 0
0.6 7.65142 0.14444 0
0.6 7.78138 0.115317 0
0.6 7.88175 0.0852919 0
0.6 7.95174 0.0546033 0
0.6 7.99083 0.0235337 0
0.64 -7.99083 0.0235337 0
0.64 -7.95174 0.0546033 0
0.64 -7.88175 0.0852919 0
0.64 -7.78138 0.115317 0
0.64 -7.65142 0.14444 0
0.64 -7.49288 0.172434 0
0.64 -7.307 0.199077 0
0.64 -7.09524 0.224163 0
0.64 -6.85926 0.247495 0
0.64 -6.6009 0.268889 0
0.64 -6.32218 0.288179 0
0.64 -6.02529 0.305214 0
0.64 -5.71255 0.31986 0
0.64 -5.38641 0.332002 0
0.64 -5.04941 0.341547 0
0.64 -4.7042 0.348418 0.0000426418
0.64 -4.35349 0.352562 0.000170818
0.64 -4. 0.353947 0.000596856
0.64 -3.64651 0.352562 0.00178691
0.64 -3.2958 0.348418 0.00451073
0.64 -2.95059 0.341547 0.00944844
0.64 -2.61359 0.332002 0.0161002
0.64 -2.28745 0.31986 0.0215643
0.64 -1.97471 0.305214 0.0207813
0.64 -1.67782 0.288179 0.00927519
0.64 -1.3991 0.268889 -0.0132178
0.64 -1.14074 0.247495 -0.0416109
0.64 -0.904759 0.224163 -0.0682348
0.64 -0.693 0.199077 -0.0871617
0.64 -0.507123 0.172434 -0.0965906
0.64 -0.348583 0.14444 -0.0981826
0.64 -0.218619 0.115317 -0.0949835
0.64 -0.11825 0.0852919 -0.0899018
0.64 -0.0482569 0.0546033 -0.0851421
0.64 -0.00917372 0.0235337 -0.0820968
0.64 0.00917372 0.0235337 -0.0805836
0.64 0.0482569 0.0546033 -0.0771958
0.64 0.11825 0.0852919 -0.0706125
0.64 0.218619 0.115317 -0.0602969
0.64 0.348583 0.14444 -0.0461428
0.64 0.507123 0.172434 -0.0290861
0.64 0.693 0.199077 -0.0114966
0.64 0.904759 0.224163 0.00312318
0.64 1.14074 0.247495 0.0114736
0.64 1.3991 0.268889 0.0123916
0.64 1.67782 0.288179 0.00787204
0.64 1.97471 0.305214 0.00189269
0.64 2.28745 0.31986 -0.00219944
0.64 2.61359 0.332002 -0.00342386
0.64 2.95059 0.341547 -0.00275868
0.64 3.2958 0.348418 -0.0015978
0.64 3.64651 0.352562 -0.000724204
0.64 4. 0.353947 -0.000267509
0.64 4.35349 0.352562 -0.00008281
0.64 4.7042 0.348418 -0.0000220144
0.64 5.04941 0.341547 0
0.64 5.38641 0.332002 0
0.64 5.71255 0.31986 0
0.64 6.02529 0.305214 0
0.64 6.32218 0.288179 0
0.64 6.6009 0.268889 0
0.64 6.85926 0.247495 0
0.64 7.09524 0.224163 0
0.64 7.307 0.199077 0
0.64 7.49288 0.172434 0
0.64 7.65142 0.14444 0
0.64 7.78138 0.115317 0
0.64 7.88175 0.0852919 0
0.64 7.95174 0.0546033 0
0.64 7.99083 0.0235337 0
0.68 -7.99083 0.0235337 0
0.68 -7.95174 0.0546033 0
0.68 -7.88175 0.0852919 0
0.68 -7.78138 0.115317 0
0.68 -7.65142 0.14444 0
0.68 -7.49288 0.172434 0
0.68 -7.307 0.199077 0
0.68 -7.09524 0.224163 0
0.68 -6.85926 0.247495 0
0.68 -6.6009 0.268889 0
0.68 -6.32218 0.288179 0
0.68 -6.02529 0.305214 0
0.68 -5.71255 0.31986 0
0.68 -5.38641 0.332002 0
0.68 -5.04941 0.341547 0.0000100014
0.68 -4.7042 0.348418 0.000045157
0.68 -4.35349 0.352562 0.000181553
0.68 -4. 0.353947 0.000636968
0.68 -3.64651 0.352562 0.00191573
0.68 -3.2958 0.348418 0.00486016
0.68 -2.95059 0.341547 0.0102339
0.68 -2.61359 0.332002 0.0175248
0.68 -2.28745 0.31986 0.0235386
0.68 -1.97471 0.305214 0.0225321
0.68 -1.67782 0.288179 0.00914582
0.68 -1.3991 0.268889 -0.0174462
0.68 -1.14074 0.247495 -0.0518994
0.68 -0.904759 0.224163 -0.0854517
0.68 -0.693 0.199077 -0.110799
0.68 -0.507123 0.172434 -0.125184
0.68 -0.348583 0.14444 -0.130041
0.68 -0.218619 0.115317 -0.1287
0.68 -0.11825 0.0852919 -0.12449
0.68 -0.0482569 0.0546033 -0.120019
0.68 -0.00917372 0.0235337 -0.117015
0.68 0.00917372 0.0235337 -0.115493
0.68 0.0482569 0.0546033 -0.112025
0.68 0.11825 0.0852919 -0.105081
0.68 0.218619 0.115317 -0.0937758
0.68 0.348583 0.14444 -0.0775788
0.68 0.507123 0.172434 -0.0570605
0.68 0.693 0.199077 -0.0344831
0.68 0.904759 0.224163 -0.0136841
0.68 1.14074 0.247495 0.00120506
0.68 1.3991 0.268889 0.00789281
0.68 1.67782 0.288179 0.00741508
0.68 1.97471 0.305214 0.00343214
0.68 2.28745 0.31986 -0.000290155
0.68 2.61359 0.332002 -0.00197881
0.68 2.95059 0.341547 -0.00193295
0.68 3.2958 0.348418 -0.00121934
0.68 3.64651 0.352562 -0.000581032
0.68 4. 0.353947 -0.000221909
0.68 4.35349 0.352562 -0.0000703611
0.68 4.7042 0.348418 -0.0000190459
0.68 5.04941 0.341547 0
0.68 5.38641 0.332002 0
0.68 5.71255 0.31986 0
0.68 6.02529 0.305214 0
0.68 6.32218 0.288179 0
0.68 6.6009 0.268889 0
0.68 6.85926 0.247495 0
0.68 7.09524 0.224163 0
0.68 7.307 0.199077 0
0.68 7.49288 0.172434 0
0.68 7.65142 0.14444 0
0.68 7.78138 0.115317 0
0.68 7.88175 0.0852919 0
0.68 7.95174 0.0546033 0
0.68 7.99083 0.0235337 0
0.72 -7.99083 0.0235337 0
0.72 -7.95174 0.0546033 0
0.72 -7.88175 0.0852919 0
0.72 -7.78138 0.115317 0
0.72 -7.65142 0.14444 0
0.72 -7.49288 0.172434 0
0.72 -7.307 0.199077 0
0.72 -7.09524 0.224163 0
0.72 -6.85926 0.247495 0
0.72 -6.6009 0.268889 0
0.72 -6.32218 0.288179 0
0.72 -6.02529 0.305214 0
0.72 -5.71255 0.31986 0
0.72 -5.38641 0.332002 0
0.72 -5.04941 0.341547 0.0000105096
0.72 -4.7042 0.348418 0.0000475897
0.72 -4.35349 0.352562 0.000191966
0.72 -4. 0.353947 0.000676014
0.72 -3.64651 0.352562 0.00204164
0.72 -3.2958 0.348418 0.00520335
0.72 -2.95059 0.341547 0.01101
0.72 -2.61359 0.332002 0.0189431
0.72 -2.28745 0.31986 0.0255258
0.72 -1.97471 0.305214 0.024335
0.72 -1.67782 0.288179 0.00910984
0.72 -1.3991 0.268889 -0.0215821
0.72 -1.14074 0.247495 -0.0621822
0.72 -0.904759 0.224163 -0.10283
0.72 -0.693 0.199077 -0.134773
0.72 -0.507123 0.172434 -0.154196
0.72 -0.348583 0.14444 -0.162286
0.72 -0.218619 0.115317 -0.162733
0.72 -0.11825 0.0852919 -0.159351
0.72 -0.0482569 0.0546033 -0.155149
0.72 -0.00917372 0.0235337 -0.152176
0.72 0.00917372 0.0235337 -0.150641
0.72 0.0482569 0.0546033 -0.147086
0.72 0.11825 0.0852919 -0.139768
0.72 0.218619 0.115317 -0.127453
0.72 0.348583 0.14444 -0.109185
0.72 0.507123 0.172434 -0.0851687
0.72 0.693 0.199077 -0.0575634
0.72 0.904759 0.224163 -0.0305497
0.72 1.14074 0.247495 -0.00909926
0.72 1.3991 0.268889 0.00336926
0.72 1.67782 0.288179 0.00694098
0.72 1.97471 0.305214 0.00496308
0.72 2.28745 0.31986 0.00161847
0.72 2.61359 0.332002 -0.000530245
0.72 2.95059 0.341547 -0.00110328
0.72 3.2958 0.348418 -0.000838266
0.72 3.64651 0.352562 -0.000436578
0.72 4. 0.353947 -0.000175814
0.72 4.35349 0.352562 -0.0000577555
0.72 4.7042 0.348418 -0.0000160353
0.72 5.04941 0.341547 0
0.72 5.38641 0.332002 0
0.72 5.71255 0.31986 0
0.72 6.02529 0.305214 0
0.72 6.32218 0.288179 0
0.72 6.6009 0.268889 0
0.72 6.85926 0.247495 0
0.72 7.09524 0.224163 0
0.72 7.307 0.199077 0
0.72 7.49288 0.172434 0
0.72 7.65142 0.14444 0
0.72 7.78138 0.115317 0
0.72 7.88175 0.0852919 0
0.72 7.95174 0.0546033 0
0.72 7.99083 0.0235337 0
0.76 -7.99083 0.0235337 0
0.76 -7.95174 0.0546033 0
0.76 -7.88175 0.0852919 0
0.76 -7.78138 0.115317 0
0.76 -7.65142 0.14444 0
0.76 -7.49288 0.172434 0
0.76 -7.307 0.199077 0
0.76 -7.09524 0.224163 0
0.76 -6.85926 0.247495 0
0.76 -6.6009 0.268889 0
0.76 -6.32218 0.288179 0
0.76 -6.02529 0.305214 0
0.76 -5.71255 0.31986 0
0.76 -5.38641 0.332002 0
0.76 -5.04941 0.341547 0.0000109972
0.76 -4.7042 0.348418 0.0000499309
0.76 -4.35349 0.352562 0.00020202
0.76 -4. 0.353947 0.000713853
0.76 -3.64651 0.352562 0.0021642
0.76 -3.2958 0.348418 0.00553923
0.76 -2.95059 0.341547 0.0117746
0.76 -2.61359 0.332002 0.0203525
0.76 -2.28745 0.31986 0.0275256
0.76 -1.97471 0.305214 0.0261982
0.76 -1.67782 0.288179 0.00918972
0.76 -1.3991 0.268889 -0.0255913
0.76 -1.14074 0.247495 -0.0724339
0.76 -0.904759 0.224163 -0.120394
0.76 -0.693 0.199077 -0.159186
0.76 -0.507123 0.172434 -0.183808
0.76 -0.348583 0.14444 -0.195119
0.76 -0.218619 0.115317 -0.197241
0.76 -0.11825 0.0852919 -0.194605
0.76 -0.0482569 0.0546033 -0.190637
0.76 -0.00917372 0.0235337 -0.187681
0.76 0.00917372 0.0235337 -0.186128
0.76 0.0482569 0.0546033 -0.182476
0.76 0.11825 0.0852919 -0.174766
0.76 0.218619 0.115317 -0.161413
0.76 0.348583 0.14444 -0.141036
0.76 0.507123 0.172434 -0.113475
0.76 0.693 0.199077 -0.080788
0.76 0.904759 0.224163 -0.0475086
0.76 1.14074 0.247495 -0.0194583
0.76 1.3991 0.268889 -0.00118504
0.76 1.67782 0.288179 0.00645093
0.76 1.97471 0.305214 0.00648869
0.76 2.28745 0.31986 0.00352894
0.76 2.61359 0.332002 0.000923099
0.76 2.95059 0.341547 -0.000269215
0.76 3.2958 0.348418 -0.00045445
0.76 3.64651 0.352562 -0.000290826
0.76 4. 0.353947 -0.000129228
0.76 4.35349 0.352562 -0.0000449954
0.76 4.7042 0.348418 -0.0000129833
0.76 5.04941 0.341547 0
0.76 5.38641 0.332002 0
0.76 5.71255 0.31986 0
0.76 6.02529 0.305214 0
0.76 6.32218 0.288179 0
0.76 6.6009 0.268889 0
0.76 6.85926 0.247495 0
0.76 7.09524 0.224163 0
0.76 7.307 0.199077 0
0.76 7.49288 0.172434 0
0.76 7.65142 0.14444 0
0.76 7.78138 0.115317 0
0.76 7.88175 0.0852919 0
0.76 7.95174 0.0546033 0
0.76 7.99083 0.0235337 0
0.8 -7.99083 0.0235337 0
0.8 -7.95174 0.0546033 0
0.8 -7.88175 0.0852919 0
0.8 -7.78138 0.115317 0
0.8 -7.65142 0.14444 0
0.8 -7.49288 0.172434 0
0.8 -7.307 0.199077 0
0.8 -7.09524 0.224163 0
0.8 -6.85926 0.247495 0
0.8 -6.6009 0.268889 0
0.8 -6.32218 0.288179 0
0.8 -6.02529 0.305214 0
0.8 -5.71255 0.31986 0
0.8 -5.38641 0.332002 0
0.8 -5.04941 0.341547 0.0000114622
0.8 -4.7042 0.348418 0.0000521697
0.8 -4.35349 0.352562 0.000211668
0.8 -4. 0.353947 0.000750315
0.8 -3.64651 0.352562 0.00228289
0.8 -3.2958 0.348418 0.0058664
0.8 -2.95059 0.341547 0.0125249
0.8 -2.61359 0.332002 0.0217493
0.8 -2.28745 0.31986 0.0295369
0.8 -1.97471 0.305214 0.0281305
0.8 -1.67782 0.288179 0.00941345
0.8 -1.3991 0.268889 -0.0294261
0.8 -1.14074 0.247495 -0.0826103
0.8 -0.904759 0.224163 -0.138152
0.8 -0.693 0.199077 -0.184167
0.8 -0.507123 0.172434 -0.21428
0.8 -0.348583 0.14444 -0.228862
0.8 -0.218619 0.115317 -0.232501
0.8 -0.11825 0.0852919 -0.230445
0.8 -0.0482569 0.0546033 -0.226642
0.8 -0.00917372 0.0235337 -0.223679
0.8 0.00917372 0.0235337 -0.222099
0.8 0.0482569 0.0546033 -0.218337
0.8 0.11825 0.0852919 -0.210209
0.8 0.218619 0.115317 -0.195779
0.8 0.348583 0.14444 -0.17324
0.8 0.507123 0.172434 -0.142068
0.8 0.693 0.199077 -0.104225
0.8 0.904759 0.224163 -0.0646076
0.8 1.14074 0.247495 -0.0298981
0.8 1.3991 0.268889 -0.00577966
0.8 1.67782 0.288179 0.00594499
0.8 1.97471 0.305214 0.0080124
0.8 2.28745 0.31986 0.00544437
0.8 2.61359 0.332002 0.00238304
0.8 2.95059 0.341547 0.00057004
0.8 3.2958 0.348418 -0.0000676243
0.8 3.64651 0.352562 -0.000143702
0.8 4. 0.353947 -0.0000821323
0.8 4.35349 0.352562 -0.0000320778
0.8 4.7042 0.348418 0
0.8 5.04941 0.341547 0
0.8 5.38641 0.332002 0
0.8 5.71255 0.31986 0
0.8 6.02529 0.305214 0
0.8 6.32218 0.288179 0
0.8 6.6009 0.268889 0
0.8 6.85926 0.247495 0
0.8 7.09524 0.224163 0
0.8 7.307 0.199077 0
0.8 7.49288 0.172434 0
0.8 7.65142 0.14444 0
0.8 7.78138 0.115317 0
0.8 7.88175 0.0852919 0
0.8 7.95174 0.0546033 0
0.8 7.99083 0.0235337 0
0.84 -7.99083 0.0235337 0
0.84 -7.95174 0.0546033 0
0.84 -7.88175 0.0852919 0
0.84 -7.78138 0.115317 0
0.84 -7.65142 0.14444 0
0.84 -7.49288 0.172434 0
0.84 -7.307 0.199077 0
0.84 -7.09524 0.224163 0
0.84 -6.85926 0.247495 0
0.84 -6.6009 0.268889 0
0.84 -6.32218 0.288179 0
0.84 -6.02529 0.305214 0
0.84 -5.71255 0.31986 0
0.84 -5.38641 0.332002 0
0.84 -5.04941 0.341547 0.0000119018
0.84 -4.7042 0.348418 0.0000542935
0.84 -4.35349 0.352562 0.000220854
0.84 -4. 0.353947 0.000785189
0.84 -3.64651 0.352562 0.00239702
0.84 -3.2958 0.348418 0.00618312
0.84 -2.95059 0.341547 0.0132574
0.84 -2.61359 0.332002 0.0231284
0.84 -2.28745 0.31986 0.0315567
0.84 -1.97471 0.305214 0.0301409
0.84 -1.67782 0.288179 0.0098159
0.84 -1.3991 0.268889 -0.0330205
0.84 -1.14074 0.247495 -0.0926372
0.84 -0.904759 0.224163 -0.156092
0.84 -0.693 0.199077 -0.209862
0.84 -0.507123 0.172434 -0.245988
0.84 -0.348583 0.14444 -0.264062
0.84 -0.218619 0.115317 -0.269035
0.84 -0.11825 0.0852919 -0.267232
0.84 -0.0482569 0.0546033 -0.263417
0.84 -0.00917372 0.0235337 -0.260399
0.84 0.00917372 0.0235337 -0.258779
0.84 0.0482569 0.0546033 -0.254884
0.84 0.11825 0.0852919 -0.246299
0.84 0.218619 0.115317 -0.230735
0.84 0.348583 0.14444 -0.205957
0.84 0.507123 0.172434 -0.17108
0.84 0.693 0.199077 -0.127976
0.84 0.904759 0.224163 -0.0819147
0.84 1.14074 0.247495 -0.0404569
0.84 1.3991 0.268889 -0.0104299
0.84 1.67782 0.288179 0.00542169
0.84 1.97471 0.305214 0.00953813
0.84 2.28745 0.31986 0.00736897
0.84 2.61359 0.332002 0.00385229
0.84 2.95059 0.341547 0.00141579
0.84 3.2958 0.348418 0.000322713
0.84 3.64651 0.352562 0
0.84 4. 0.353947 -0.0000344849
0.84 4.35349 0.352562 -0.0000189925
0.84 4.7042 0.348418 0
0.84 5.04941 0.341547 0
0.84 5.38641 0.332002 0
0.84 5.71255 0.31986 0
0.84 6.02529 0.305214 0
0.84 6.32218 0.288179 0
0.84 6.6009 0.268889 0
0.84 6.85926 0.247495 0
0.84 7.09524 0.224163 0
0.84 7.307 0.199077 0
0.84 7.49288 0.172434 0
0.84 7.65142 0.14444 0
0.84 7.78138 0.115317 0
0.84 7.88175 0.0852919 0
0.84 7.95174 0.0546033 0
0.84 7.99083 0.0235337 0
0.88 -7.99083 0.0235337 0
0.88 -7.95174 0.0546033 0
0.88 -7.88175 0.0852919 0
0.88 -7.78138 0.115317 0
0.88 -7.65142 0.14444 0
0.88 -7.49288 0.172434 0
0.88 -7.307 0.199077 0
0.88 -7.09524 0.224163 0
0.88 -6.85926 0.247495 0
0.88 -6.6009 0.268889 0
0.88 -6.32218 0.288179 0
0.88 -6.02529 0.305214 0
0.88 -5.71255 0.31986 0
0.88 -5.38641 0.332002 0
0.88 -5.04941 0.341547 0.0000123129
0.88 -4.7042 0.348418 0.0000562862
0.88 -4.35349 0.352562 0.00022951
0.88 -4. 0.353947 0.000818212
0.88 -3.64651 0.352562 0.00250574
0.88 -3.2958 0.348418 0.00648712
0.88 -2.95059 0.341547 0.0139672
0.88 -2.61359 0.332002 0.0244822
0.88 -2.28745 0.31986 0.0335791
0.88 -1.97471 0.305214 0.0322382
0.88 -1.67782 0.288179 0.0104404
0.88 -1.3991 0.268889 -0.0362819
0.88 -1.14074 0.247495 -0.102393
0.88 -0.904759 0.224163 -0.174147
0.88 -0.693 0.199077 -0.236418
0.88 -0.507123 0.172434 -0.27946
0.88 -0.348583 0.14444 -0.301659
0.88 -0.218619 0.115317 -0.30793
0.88 -0.11825 0.0852919 -0.305789
0.88 -0.0482569 0.0546033 -0.301459
0.88 -0.00917372 0.0235337 -0.298237
0.88 0.00917372 0.0235337 -0.29655
0.88 0.0482569 0.0546033 -0.292488
0.88 0.11825 0.0852919 -0.283381
0.88 0.218619 0.115317 -0.266589
0.88 0.348583 0.14444 -0.239451
0.88 0.507123 0.172434 -0.200725
0.88 0.693 0.199077 -0.1522
0.88 0.904759 0.224163 -0.0995376
0.88 1.14074 0.247495 -0.0511957
0.88 1.3991 0.268889 -0.0151612
0.88 1.67782 0.288179 0.00487708
0.88 1.97471 0.305214 0.0110709
0.88 2.28745 0.31986 0.00930889
0.88 2.61359 0.332002 0.00533507
0.88 2.95059 0.341547 0.00227019
0.88 3.2958 0.348418 0.000717451
0.88 3.64651 0.352562 0.000155445
0.88 4. 0.353947 0.0000138015
0.88 4.35349 0.352562 0
0.88 4.7042 0.348418 0
0.88 5.04941 0.341547 0
0.88 5.38641 0.332002 0
0.88 5.71255 0.31986 0
0.88 6.02529 0.305214 0
0.88 6.32218 0.288179 0
0.88 6.6009 0.268889 0
0.88 6.85926 0.247495 0
0.88 7.09524 0.224163 0
0.88 7.307 0.199077 0
0.88 7.49288 0.172434 0
0.88 7.65142 0.14444 0
0.88 7.78138 0.115317 0
0.88 7.88175 0.0852919 0
0.88 7.95174 0.0546033 0
0.88 7.99083 0.0235337 0
0.92 -7.99083 0.0235337 0
0.92 -7.95174 0.0546033 0
0.92 -7.88175 0.0852919 0
0.92 -7.78138 0.115317 0
0.92 -7.65142 0.14444 0
0.92 -7.49288 0.172434 0
0.92 -7.307 0.199077 0
0.92 -7.09524 0.224163 0
0.92 -6.85926 0.247495 0
0.92 -6.6009 0.268889 0
0.92 -6.32218 0.288179 0
0.92 -6.02529 0.305214 0
0.92 -5.71255 0.31986 0
0.92 -5.38641 0.332002 0
0.92 -5.04941 0.341547 0.0000126912
0.92 -4.7042 0.348418 0.0000581274
0.92 -4.35349 0.352562 0.000237545
0.92 -4. 0.353947 0.000849036
0.92 -3.64651 0.352562 0.00260793
0.92 -3.2958 0.348418 0.00677527
0.92 -2.95059 0.341547 0.0146475
0.92 -2.61359 0.332002 0.0257996
0.92 -2.28745 0.31986 0.0355936
0.92 -1.97471 0.305214 0.0344289
0.92 -1.67782 0.288179 0.0113411
0.92 -1.3991 0.268889 -0.0390789
0.92 -1.14074 0.247495 -0.111674
0.92 -0.904759 0.224163 -0.192143
0.92 -0.693 0.199077 -0.263922
0.92 -0.507123 0.172434 -0.315405
0.92 -0.348583 0.14444 -0.34328
0.92 -0.218619 0.115317 -0.351587
0.92 -0.11825 0.0852919 -0.348443
0.92 -0.0482569 0.0546033 -0.34218
0.92 -0.00917372 0.0235337 -0.337999
0.92 0.00917372 0.0235337 -0.336153
0.92 0.0482569 0.0546033 -0.331854
0.92 0.11825 0.0852919 -0.322105
0.92 0.218619 0.115317 -0.303919
0.92 0.348583 0.14444 -0.274213
0.92 0.507123 0.172434 -0.231395
0.92 0.693 0.199077 -0.177187
0.92 0.904759 0.224163 -0.117669
0.92 1.14074 0.247495 -0.0622234
0.92 1.3991 0.268889 -0.02002
0.92 1.67782 0.288179 0.00430224
0.92 1.97471 0.305214 0.012618
0.92 2.28745 0.31986 0.0112742
0.92 2.61359 0.332002 0.00683864
0.92 2.95059 0.341547 0.00313711
0.92 3.2958 0.348418 0.00111822
0.92 3.64651 0.352562 0.000308344
0.92 4. 0.353947 0.0000628976
0.92 4.35349 0.352562 0
0.92 4.7042 0.348418 0
0.92 5.04941 0.341547 0
0.92 5.38641 0.332002 0
0.92 5.71255 0.31986 0
0.92 6.02529 0.305214 0
0.92 6.32218 0.288179 0
0.92 6.6009 0.268889 0
0.92 6.85926 0.247495 0
0.92 7.09524 0.224163 0
0.92 7.307 0.199077 0
0.92 7.49288 0.172434 0
0.92 7.65142 0.14444 0
0.92 7.78138 0.115317 0
0.92 7.88175 0.0852919 0
0.92 7.95174 0.0546033 0
0.92 7.99083 0.0235337 0
0.96 -7.99083 0.0235337 0
0.96 -7.95174 0.0546033 0
0.96 -7.88175 0.0852919 0
0.96 -7.78138 0.115317 0
0.96 -7.65142 0.14444 0
0.96 -7.49288 0.172434 0
0.96 -7.307 0.199077 0
0.96 -7.09524 0.224163 0
0.96 -6.85926 0.247495 0
0.96 -6.6009 0.268889 0
0.96 -6.32218 0.288179 0
0.96 -6.02529 0.305214 0
0.96 -5.71255 0.31986 0
0.96 -5.38641 0.332002 0
0.96 -5.04941 0.341547 0.000013031
0.96 -4.7042 0.348418 0.0000597883
0.96 -4.35349 0.352562 0.000244831
0.96 -4. 0.353947 0.000877171
0.96 -3.64651 0.352562 0.00270194
0.96 -3.2958 0.348418 0.00704302
0.96 -2.95059 0.341547 0.015288
0.96 -2.61359 0.332002 0.0270624
0.96 -2.28745 0.31986 0.0375796
0.96 -1.97471 0.305214 0.0367132
0.96 -1.67782 0.288179 0.012585
0.96 -1.3991 0.268889 -0.0412182
0.96 -1.14074 0.247495 -0.120137
0.96 -0.904759 0.224163 -0.209674
0.96 -0.693 0.199077 -0.292241
0.96 -0.507123 0.172434 -0.354624
0.96 -0.348583 0.14444 -0.391652
0.96 -0.218619 0.115317 -0.405501
0.96 -0.11825 0.0852919 -0.402908
0.96 -0.0482569 0.0546033 -0.392532
0.96 -0.00917372 0.0235337 -0.38301
0.96 0.00917372 0.0235337 -0.379363
0.96 0.0482569 0.0546033 -0.374665
0.96 0.11825 0.0852919 -0.364002
0.96 0.218619 0.115317 -0.34406
0.96 0.348583 0.14444 -0.311356
0.96 0.507123 0.172434 -0.263967
0.96 0.693 0.199077 -0.203579
0.96 0.904759 0.224163 -0.136729
0.96 1.14074 0.247495 -0.0737762
0.96 1.3991 0.268889 -0.0251087
0.96 1.67782 0.288179 0.00367493
0.96 1.97471 0.305214 0.0141924
0.96 2.28745 0.31986 0.0132847
0.96 2.61359 0.332002 0.00837772
0.96 2.95059 0.341547 0.00402453
0.96 3.2958 0.348418 0.00152849
0.96 3.64651 0.352562 0.000464885
0.96 4. 0.353947 0.000113176
0.96 4.35349 0.352562 0.0000216272
0.96 4.7042 0.348418 0
0.96 5.04941 0.341547 0
0.96 5.38641 0.332002 0
0.96 5.71255 0.31986 0
0.96 6.02529 0.305214 0
0.96 6.32218 0.288179 0
0.96 6.6009 0.268889 0
0.96 6.85926 0.247495 0
0.96 7.09524 0.224163 0
0.96 7.307 0.199077 0
0.96 7.49288 0.172434 0
0.96 7.65142 0.14444 0
0.96 7.78138 0.115317 0
0.96 7.88175 0.0852919 0
0.96 7.95174 0.0546033 0
0.96 7.99083 0.0235337 0
