#x points: 24 #c points: 140
xloc: cloc: weight: f
values below 10e-5 have been chopped
0.04 -7.99767 0.00597089 0
0.04 -7.98775 0.0138876 0
0.04 -7.9699 0.0217884 0
0.04 -7.94418 0.0296471 0
0.04 -7.91063 0.0374471 0
0.04 -7.86931 0.0451727 0
0.04 -7.82031 0.0528088 0
0.04 -7.76373 0.06034 0
0.04 -7.69967 0.0677513 0
0.04 -7.62827 0.0750282 0
0.04 -7.54967 0.0821562 0
0.04 -7.46401 0.089121 0
0.04 -7.37148 0.0959088 0
0.04 -7.27226 0.102506 0
0.04 -7.16654 0.1089 0
0.04 -7.05453 0.115078 0
0.04 -6.93646 0.121027 0
0.04 -6.81256 0.126736 0
0.04 -6.68307 0.132193 0
0.04 -6.54826 0.137388 0
0.04 -6.40839 0.14231 0
0.04 -6.26373 0.14695 0
0.04 -6.11458 0.151298 0
0.04 -5.96124 0.155345 0
0.04 -5.804 0.159084 0
0.04 -5.64317 0.162507 0
0.04 -5.47909 0.165608 0
0.04 -5.31207 0.16838 0
0.04 -5.14244 0.170817 0
0.04 -4.97055 0.172915 0.0000193051
0.04 -4.79672 0.17467 0.000041737
0.04 -4.62132 0.176078 0.0000878245
0.04 -4.44468 0.177137 0.000179393
0.04 -4.26716 0.177844 0.000354834
0.04 -4.08911 0.178198 0.000678087
0.04 -3.91089 0.178198 0.00124934
0.04 -3.73284 0.177844 0.00221505
0.04 -3.55532 0.177137 0.00377245
0.04 -3.37868 0.176078 0.00616155
0.04 -3.20328 0.17467 0.00963619
0.04 -3.02945 0.172915 0.0144078
0.04 -2.85756 0.170817 0.0205618
0.04 -2.68793 0.16838 0.0279566
0.04 -2.52091 0.165608 0.0361291
0.04 -2.35683 0.162507 0.0442373
0.04 -2.196 0.159084 0.0510738
0.04 -2.03876 0.155345 0.0551705
0.04 -1.88542 0.151298 0.0549914
0.04 -1.73627 0.14695 0.0491842
0.04 -1.59161 0.14231 0.0368377
0.04 -1.45174 0.137388 0.0176844
0.04 -1.31693 0.132193 -0.00779961
0.04 -1.18744 0.126736 -0.038422
0.04 -1.06354 0.121027 -0.0724184
0.04 -0.945468 0.115078 -0.107676
0.04 -0.83346 0.1089 -0.141988
0.04 -0.72774 0.102506 -0.173273
0.04 -0.628516 0.0959088 -0.199744
0.04 -0.535985 0.089121 -0.219969
0.04 -0.450333 0.0821562 -0.232852
0.04 -0.371728 0.0750282 -0.237514
0.04 -0.300326 0.0677513 -0.233104
0.04 -0.23627 0.06034 -0.218546
0.04 -0.179686 0.0528088 -0.192273
0.04 -0.130687 0.0451727 -0.15212
0.04 -0.0893704 0.0374471 -0.0960583
0.04 -0.0558178 0.0296471 -0.0259724
0.04 -0.0300958 0.0217884 0.0419839
0.04 -0.012255 0.0138876 0.0779329
0.04 -0.00232686 0.00597089 0.0903549
0.04 0.00232686 0.00597089 0.224124
0.04 0.012255 0.0138876 0.361277
0.04 0.0300958 0.0217884 0.406732
0.04 0.0558178 0.0296471 0.423758
0.04 0.0893704 0.0374471 0.430287
0.04 0.130687 0.0451727 0.431197
0.04 0.179686 0.0528088 0.42775
0.04 0.23627 0.06034 0.419992
0.04 0.300326 0.0677513 0.407516
0.04 0.371728 0.0750282 0.389799
0.04 0.450333 0.0821562 0.366403
0.04 0.535985 0.089121 0.337135
0.04 0.628516 0.0959088 0.302182
0.04 0.72774 0.102506 0.262209
0.04 0.83346 0.1089 0.218404
0.04 0.945468 0.115078 0.172454
0.04 1.06354 0.121027 0.126432
0.04 1.18744 0.126736 0.0825995
0.04 1.31693 0.132193 0.0431476
0.04 1.45174 0.137388 0.00991496
0.04 1.59161 0.14231 -0.0158597
0.04 1.73627 0.14695 -0.033697
0.04 1.88542 0.151298 -0.04391
0.04 2.03876 0.155345 -0.0475014
0.04 2.196 0.159084 -0.04595
0.04 2.35683 0.162507 -0.0409385
0.04 2.52091 0.165608 -0.0340861
0.04 2.68793 0.16838 -0.0267414
0.04 2.85756 0.170817 -0.0198688
0.04 3.02945 0.172915 -0.0140296
0.04 3.20328 0.17467 -0.00943896
0.04 3.37868 0.176078 -0.00606352
0.04 3.55532 0.177137 -0.00372614
0.04 3.73284 0.177844 -0.00219435
0.04 3.91089 0.178198 -0.00124064
0.04 4.08911 0.178198 -0.000674684
0.04 4.26716 0.177844 -0.000353623
0.04 4.44468 0.177137 -0.00017902
0.04 4.62132 0.176078 -0.0000877393
0.04 4.79672 0.17467 -0.0000417352
0.04 4.97055 0.172915 -0.0000193193
0.04 5.14244 0.170817 0
0.04 5.31207 0.16838 0
0.04 5.47909 0.165608 0
0.04 5.64317 0.162507 0
0.04 5.804 0.159084 0
0.04 5.96124 0.155345 0
0.04 6.11458 0.151298 0
0.04 6.26373 0.14695 0
0.04 6.40839 0.14231 0
0.04 6.54826 0.137388 0
0.04 6.68307 0.132193 0
0.04 6.81256 0.126736 0
0.04 6.93646 0.121027 0
0.04 7.05453 0.115078 0
0.04 7.16654 0.1089 0
0.04 7.27226 0.102506 0
0.04 7.37148 0.0959088 0
0.04 7.46401 0.089121 0
0.04 7.54967 0.0821562 0
0.04 7.62827 0.0750282 0
0.04 7.69967 0.0677513 0
0.04 7.76373 0.06034 0
0.04 7.82031 0.0528088 0
0.04 7.86931 0.0451727 0
0.04 7.91063 0.0374471 0
0.04 7.94418 0.0296471 0
0.04 7.9699 0.0217884 0
0.04 7.98775 0.0138876 0
0.04 7.99767 0.00597089 0
0.08 -7.99767 0.00597089 0
0.08 -7.98775 0.0138876 0
0.08 -7.9699 0.0217884 0
0.08 -7.94418 0.0296471 0
0.08 -7.91063 0.0374471 0
0.08 -7.86931 0.0451727 0
0.08 -7.82031 0.0528088 0
0.08 -7.76373 0.06034 0
0.08 -7.69967 0.0677513 0
0.08 -7.62827 0.0750282 0
0.08 -7.54967 0.0821562 0
0.08 -7.46401 0.089121 0
0.08 -7.37148 0.0959088 0
0.08 -7.27226 0.102506 0
0.08 -7.16654 0.1089 0
0.08 -7.05453 0.115078 0
0.08 -6.93646 0.121027 0
0.08 -6.81256 0.126736 0
0.08 -6.68307 0.132193 0
0.08 -6.54826 0.137388 0
0.08 -6.40839 0.14231 0
0.08 -6.26373 0.14695 0
0.08 -6.11458 0.151298 0
0.08 -5.96124 0.155345 0
0.08 -5.804 0.159084 0
0.08 -5.64317 0.162507 0
0.08 -5.47909 0.165608 0
0.08 -5.31207 0.16838 0
0.08 -5.14244 0.170817 0
0.08 -4.97055 0.172915 0.0000193218
0.08 -4.79672 0.17467 0.0000417745
0.08 -4.62132 0.176078 0.0000879063
0.08 -4.44468 0.177137 0.000179567
0.08 -4.26716 0.177844 0.00035519
0.08 -4.08911 0.178198 0.000678797
0.08 -3.91089 0.178198 0.00125071
0.08 -3.73284 0.177844 0.00221758
0.08 -3.55532 0.177137 0.00377696
0.08 -3.37868 0.176078 0.00616927
0.08 -3.20328 0.17467 0.00964888
0.08 -3.02945 0.172915 0.0144278
0.08 -2.85756 0.170817 0.0205918
0.08 -2.68793 0.16838 0.0279996
0.08 -2.52091 0.165608 0.0361877
0.08 -2.35683 0.162507 0.0443129
0.08 -2.196 0.159084 0.0511655
0.08 -2.03876 0.155345 0.0552739
0.08 -1.88542 0.151298 0.0550971
0.08 -1.73627 0.14695 0.049277
0.08 -1.59161 0.14231 0.0368958
0.08 -1.45174 0.137388 0.0176791
0.08 -1.31693 0.132193 -0.00790362
0.08 -1.18744 0.126736 -0.0386658
0.08 -1.06354 0.121027 -0.0728481
0.08 -0.945468 0.115078 -0.108343
0.08 -0.83346 0.1089 -0.142945
0.08 -0.72774 0.102506 -0.174581
0.08 -0.628516 0.0959088 -0.201467
0.08 -0.535985 0.089121 -0.222183
0.08 -0.450333 0.0821562 -0.235642
0.08 -0.371728 0.0750282 -0.240984
0.08 -0.300326 0.0677513 -0.237379
0.08 -0.23627 0.06034 -0.223769
0.08 -0.179686 0.0528088 -0.198589
0.08 -0.130687 0.0451727 -0.159604
0.08 -0.0893704 0.0374471 -0.104519
0.08 -0.0558178 0.0296471 -0.0345174
0.08 -0.0300958 0.0217884 0.03515
0.08 -0.012255 0.0138876 0.0728699
0.08 -0.00232686 0.00597089 0.0850327
0.08 0.00232686 0.00597089 0.138027
0.08 0.012255 0.0138876 0.294012
0.08 0.0300958 0.0217884 0.369325
0.08 0.0558178 0.0296471 0.401288
0.08 0.0893704 0.0374471 0.415599
0.08 0.130687 0.0451727 0.420971
0.08 0.179686 0.0528088 0.420307
0.08 0.23627 0.06034 0.414408
0.08 0.300326 0.0677513 0.403246
0.08 0.371728 0.0750282 0.3865
0.08 0.450333 0.0821562 0.363849
0.08 0.535985 0.089121 0.335171
0.08 0.628516 0.0959088 0.300694
0.08 0.72774 0.102506 0.261108
0.08 0.83346 0.1089 0.217619
0.08 0.945468 0.115078 0.171925
0.08 1.06354 0.121027 0.126106
0.08 1.18744 0.126736 0.0824299
0.08 1.31693 0.132193 0.0430929
0.08 1.45174 0.137388 0.00993917
0.08 1.59161 0.14231 -0.0157868
0.08 1.73627 0.14695 -0.0335996
0.08 1.88542 0.151298 -0.0438061
0.08 2.03876 0.155345 -0.0474033
0.08 2.196 0.159084 -0.0458648
0.08 2.35683 0.162507 -0.0408693
0.08 2.52091 0.165608 -0.034033
0.08 2.68793 0.16838 -0.0267028
0.08 2.85756 0.170817 -0.0198421
0.08 3.02945 0.172915 -0.0140119
0.08 3.20328 0.17467 -0.00942776
0.08 3.37868 0.176078 -0.00605673
0.08 3.55532 0.177137 -0.00372219
0.08 3.73284 0.177844 -0.00219213
0.08 3.91089 0.178198 -0.00123945
0.08 4.08911 0.178198 -0.000674066
0.08 4.26716 0.177844 -0.000353313
0.08 4.44468 0.177137 -0.00017887
0.08 4.62132 0.176078 -0.0000876685
0.08 4.79672 0.17467 -0.0000417028
0.08 4.97055 0.172915 -0.0000193048
0.08 5.14244 0.170817 0
0.08 5.31207 0.16838 0
0.08 5.47909 0.165608 0
0.08 5.64317 0.162507 0
0.08 5.804 0.159084 0
0.08 5.96124 0.155345 0
0.08 6.11458 0.151298 0
0.08 6.26373 0.14695 0
0.08 6.40839 0.14231 0
0.08 6.54826 0.137388 0
0.08 6.68307 0.132193 0
0.08 6.81256 0.126736 0
0.08 6.93646 0.121027 0
0.08 7.05453 0.115078 0
0.08 7.16654 0.1089 0
0.08 7.27226 0.102506 0
0.08 7.37148 0.0959088 0
0.08 7.46401 0.089121 0
0.08 7.54967 0.0821562 0
0.08 7.62827 0.0750282 0
0.08 7.69967 0.0677513 0
0.08 7.76373 0.06034 0
0.08 7.82031 0.0528088 0
0.08 7.86931 0.0451727 0
0.08 7.91063 0.0374471 0
0.08 7.94418 0.0296471 0
0.08 7.9699 0.0217884 0
0.08 7.98775 0.0138876 0
0.08 7.99767 0.00597089 0
0.12 -7.99767 0.00597089 0
0.12 -7.98775 0.0138876 0
0.12 -7.9699 0.0217884 0
0.12 -7.94418 0.0296471 0
0.12 -7.91063 0.0374471 0
0.12 -7.86931 0.0451727 0
0.12 -7.82031 0.0528088 0
0.12 -7.76373 0.06034 0
0.12 -7.69967 0.0677513 0
0.12 -7.62827 0.0750282 0
0.12 -7.54967 0.0821562 0
0.12 -7.46401 0.089121 0
0.12 -7.37148 0.0959088 0
0.12 -7.27226 0.102506 0
0.12 -7.16654 0.1089 0
0.12 -7.05453 0.115078 0
0.12 -6.93646 0.121027 0
0.12 -6.81256 0.126736 0
0.12 -6.68307 0.132193 0
0.12 -6.54826 0.137388 0
0.12 -6.40839 0.14231 0
0.12 -6.26373 0.14695 0
0.12 -6.11458 0.151298 0
0.12 -5.96124 0.155345 0
0.12 -5.804 0.159084 0
0.12 -5.64317 0.162507 0
0.12 -5.47909 0.165608 0
0.12 -5.31207 0.16838 0
0.12 -5.14244 0.170817 0
0.12 -4.97055 0.172915 0.0000193384
0.12 -4.79672 0.17467 0.0000418116
0.12 -4.62132 0.176078 0.0000879874
0.12 -4.44468 0.177137 0.000179739
0.12 -4.26716 0.177844 0.000355544
0.12 -4.08911 0.178198 0.000679502
0.12 -3.91089 0.178198 0.00125206
0.12 -3.73284 0.177844 0.00222009
0.12 -3.55532 0.177137 0.00378144
0.12 -3.37868 0.176078 0.00617695
0.12 -3.20328 0.17467 0.00966148
0.12 -3.02945 0.172915 0.0144476
0.12 -2.85756 0.170817 0.0206216
0.12 -2.68793 0.16838 0.0280423
0.12 -2.52091 0.165608 0.036246
0.12 -2.35683 0.162507 0.0443881
0.12 -2.196 0.159084 0.0512569
0.12 -2.03876 0.155345 0.0553769
0.12 -1.88542 0.151298 0.0552026
0.12 -1.73627 0.14695 0.04937
0.12 -1.59161 0.14231 0.0369546
0.12 -1.45174 0.137388 0.0176752
0.12 -1.31693 0.132193 -0.00800498
0.12 -1.18744 0.126736 -0.0389055
0.12 -1.06354 0.121027 -0.073272
0.12 -0.945468 0.115078 -0.109001
0.12 -0.83346 0.1089 -0.143892
0.12 -0.72774 0.102506 -0.175877
0.12 -0.628516 0.0959088 -0.203177
0.12 -0.535985 0.089121 -0.224381
0.12 -0.450333 0.0821562 -0.238416
0.12 -0.371728 0.0750282 -0.24444
0.12 -0.300326 0.0677513 -0.241643
0.12 -0.23627 0.06034 -0.228992
0.12 -0.179686 0.0528088 -0.204926
0.12 -0.130687 0.0451727 -0.167151
0.12 -0.0893704 0.0374471 -0.113113
0.12 -0.0558178 0.0296471 -0.0432812
0.12 -0.0300958 0.0217884 0.0281391
0.12 -0.012255 0.0138876 0.0679513
0.12 -0.00232686 0.00597089 0.0800266
0.12 0.00232686 0.00597089 0.103126
0.12 0.012255 0.0138876 0.242041
0.12 0.0300958 0.0217884 0.335707
0.12 0.0558178 0.0296471 0.37998
0.12 0.0893704 0.0374471 0.401323
0.12 0.130687 0.0451727 0.410899
0.12 0.179686 0.0528088 0.412918
0.12 0.23627 0.06034 0.408836
0.12 0.300326 0.0677513 0.398969
0.12 0.371728 0.0750282 0.383187
0.12 0.450333 0.0821562 0.361281
0.12 0.535985 0.089121 0.333192
0.12 0.628516 0.0959088 0.299192
0.12 0.72774 0.102506 0.259995
0.12 0.83346 0.1089 0.216825
0.12 0.945468 0.115078 0.171389
0.12 1.06354 0.121027 0.125775
0.12 1.18744 0.126736 0.0822565
0.12 1.31693 0.132193 0.0430357
0.12 1.45174 0.137388 0.00996185
0.12 1.59161 0.14231 -0.0157147
0.12 1.73627 0.14695 -0.0335025
0.12 1.88542 0.151298 -0.0437022
0.12 2.03876 0.155345 -0.0473049
0.12 2.196 0.159084 -0.0457793
0.12 2.35683 0.162507 -0.0407998
0.12 2.52091 0.165608 -0.0339797
0.12 2.68793 0.16838 -0.026664
0.12 2.85756 0.170817 -0.0198151
0.12 3.02945 0.172915 -0.0139941
0.12 3.20328 0.17467 -0.00941648
0.12 3.37868 0.176078 -0.00604989
0.12 3.55532 0.177137 -0.00371821
0.12 3.73284 0.177844 -0.00218991
0.12 3.91089 0.178198 -0.00123825
0.12 4.08911 0.178198 -0.000673444
0.12 4.26716 0.177844 -0.000353001
0.12 4.44468 0.177137 -0.000178718
0.12 4.62132 0.176078 -0.0000875972
0.12 4.79672 0.17467 -0.0000416702
0.12 4.97055 0.172915 -0.0000192903
0.12 5.14244 0.170817 0
0.12 5.31207 0.16838 0
0.12 5.47909 0.165608 0
0.12 5.64317 0.162507 0
0.12 5.804 0.159084 0
0.12 5.96124 0.155345 0
0.12 6.11458 0.151298 0
0.12 6.26373 0.14695 0
0.12 6.40839 0.14231 0
0.12 6.54826 0.137388 0
0.12 6.68307 0.132193 0
0.12 6.81256 0.126736 0
0.12 6.93646 0.121027 0
0.12 7.05453 0.115078 0
0.12 7.16654 0.1089 0
0.12 7.27226 0.102506 0
0.12 7.37148 0.0959088 0
0.12 7.46401 0.089121 0
0.12 7.54967 0.0821562 0
0.12 7.62827 0.0750282 0
0.12 7.69967 0.0677513 0
0.12 7.76373 0.06034 0
0.12 7.82031 0.0528088 0
0.12 7.86931 0.0451727 0
0.12 7.91063 0.0374471 0
0.12 7.94418 0.0296471 0
0.12 7.9699 0.0217884 0
0.12 7.98775 0.0138876 0
0.12 7.99767 0.00597089 0
0.16 -7.99767 0.00597089 0
0.16 -7.98775 0.0138876 0
0.16 -7.9699 0.0217884 0
0.16 -7.94418 0.0296471 0
0.16 -7.91063 0.0374471 0
0.16 -7.86931 0.0451727 0
0.16 -7.82031 0.0528088 0
0.16 -7.76373 0.06034 0
0.16 -7.69967 0.0677513 0
0.16 -7.62827 0.0750282 0
0.16 -7.54967 0.0821562 0
0.16 -7.46401 0.089121 0
0.16 -7.37148 0.0959088 0
0.16 -7.27226 0.102506 0
0.16 -7.16654 0.1089 0
0.16 -7.05453 0.115078 0
0.16 -6.93646 0.121027 0
0.16 -6.81256 0.126736 0
0.16 -6.68307 0.132193 0
0.16 -6.54826 0.137388 0
0.16 -6.40839 0.14231 0
0.16 -6.26373 0.14695 0
0.16 -6.11458 0.151298 0
0.16 -5.96124 0.155345 0
0.16 -5.804 0.159084 0
0.16 -5.64317 0.162507 0
0.16 -5.47909 0.165608 0
0.16 -5.31207 0.16838 0
0.16 -5.14244 0.170817 0
0.16 -4.97055 0.172915 0.0000193549
0.16 -4.79672 0.17467 0.0000418486
0.16 -4.62132 0.176078 0.000088068
0.16 -4.44468 0.177137 0.00017991
0.16 -4.26716 0.177844 0.000355896
0.16 -4.08911 0.178198 0.000680202
0.16 -3.91089 0.178198 0.00125341
0.16 -3.73284 0.177844 0.00222259
0.16 -3.55532 0.177137 0.00378589
0.16 -3.37868 0.176078 0.00618457
0.16 -3.20328 0.17467 0.00967401
0.16 -3.02945 0.172915 0.0144673
0.16 -2.85756 0.170817 0.0206512
0.16 -2.68793 0.16838 0.0280849
0.16 -2.52091 0.165608 0.036304
0.16 -2.35683 0.162507 0.044463
0.16 -2.196 0.159084 0.0513479
0.16 -2.03876 0.155345 0.0554796
0.16 -1.88542 0.151298 0.055308
0.16 -1.73627 0.14695 0.0494632
0.16 -1.59161 0.14231 0.0370141
0.16 -1.45174 0.137388 0.0176729
0.16 -1.31693 0.132193 -0.00810388
0.16 -1.18744 0.126736 -0.0391415
0.16 -1.06354 0.121027 -0.0736907
0.16 -0.945468 0.115078 -0.109652
0.16 -0.83346 0.1089 -0.144831
0.16 -0.72774 0.102506 -0.177162
0.16 -0.628516 0.0959088 -0.204874
0.16 -0.535985 0.089121 -0.226565
0.16 -0.450333 0.0821562 -0.241177
0.16 -0.371728 0.0750282 -0.247883
0.16 -0.300326 0.0677513 -0.245901
0.16 -0.23627 0.06034 -0.234221
0.16 -0.179686 0.0528088 -0.211293
0.16 -0.130687 0.0451727 -0.174774
0.16 -0.0893704 0.0374471 -0.121864
0.16 -0.0558178 0.0296471 -0.052307
0.16 -0.0300958 0.0217884 0.0208762
0.16 -0.012255 0.0138876 0.0630979
0.16 -0.00232686 0.00597089 0.075215
0.16 0.00232686 0.00597089 0.0871993
0.16 0.012255 0.0138876 0.201655
0.16 0.0300958 0.0217884 0.305459
0.16 0.0558178 0.0296471 0.35977
0.16 0.0893704 0.0374471 0.38745
0.16 0.130687 0.0451727 0.400983
0.16 0.179686 0.0528088 0.405586
0.16 0.23627 0.06034 0.403279
0.16 0.300326 0.0677513 0.394688
0.16 0.371728 0.0750282 0.379864
0.16 0.450333 0.0821562 0.358698
0.16 0.535985 0.089121 0.3312
0.16 0.628516 0.0959088 0.297677
0.16 0.72774 0.102506 0.258872
0.16 0.83346 0.1089 0.216022
0.16 0.945468 0.115078 0.170845
0.16 1.06354 0.121027 0.125438
0.16 1.18744 0.126736 0.0820793
0.16 1.31693 0.132193 0.042976
0.16 1.45174 0.137388 0.00998308
0.16 1.59161 0.14231 -0.0156433
0.16 1.73627 0.14695 -0.0334056
0.16 1.88542 0.151298 -0.0435981
0.16 2.03876 0.155345 -0.0472062
0.16 2.196 0.159084 -0.0456934
0.16 2.35683 0.162507 -0.04073
0.16 2.52091 0.165608 -0.0339261
0.16 2.68793 0.16838 -0.026625
0.16 2.85756 0.170817 -0.0197881
0.16 3.02945 0.172915 -0.0139761
0.16 3.20328 0.17467 -0.00940513
0.16 3.37868 0.176078 -0.006043
0.16 3.55532 0.177137 -0.0037142
0.16 3.73284 0.177844 -0.00218766
0.16 3.91089 0.178198 -0.00123704
0.16 4.08911 0.178198 -0.000672816
0.16 4.26716 0.177844 -0.000352686
0.16 4.44468 0.177137 -0.000178566
0.16 4.62132 0.176078 -0.0000875253
0.16 4.79672 0.17467 -0.0000416372
0.16 4.97055 0.172915 -0.0000192756
0.16 5.14244 0.170817 0
0.16 5.31207 0.16838 0
0.16 5.47909 0.165608 0
0.16 5.64317 0.162507 0
0.16 5.804 0.159084 0
0.16 5.96124 0.155345 0
0.16 6.11458 0.151298 0
0.16 6.26373 0.14695 0
0.16 6.40839 0.14231 0
0.16 6.54826 0.137388 0
0.16 6.68307 0.132193 0
0.16 6.81256 0.126736 0
0.16 6.93646 0.121027 0
0.16 7.05453 0.115078 0
0.16 7.16654 0.1089 0
0.16 7.27226 0.102506 0
0.16 7.37148 0.0959088 0
0.16 7.46401 0.089121 0
0.16 7.54967 0.0821562 0
0.16 7.62827 0.0750282 0
0.16 7.69967 0.0677513 0
0.16 7.76373 0.06034 0
0.16 7.82031 0.0528088 0
0.16 7.86931 0.0451727 0
0.16 7.91063 0.0374471 0
0.16 7.94418 0.0296471 0
0.16 7.9699 0.0217884 0
0.16 7.98775 0.0138876 0
0.16 7.99767 0.00597089 0
0.2 -7.99767 0.00597089 0
0.2 -7.98775 0.0138876 0
0.2 -7.9699 0.0217884 0
0.2 -7.94418 0.0296471 0
0.2 -7.91063 0.0374471 0
0.2 -7.86931 0.0451727 0
0.2 -7.82031 0.0528088 0
0.2 -7.76373 0.06034 0
0.2 -7.69967 0.0677513 0
0.2 -7.62827 0.0750282 0
0.2 -7.54967 0.0821562 0
0.2 -7.46401 0.089121 0
0.2 -7.37148 0.0959088 0
0.2 -7.27226 0.102506 0
0.2 -7.16654 0.1089 0
0.2 -7.05453 0.115078 0
0.2 -6.93646 0.121027 0
0.2 -6.81256 0.126736 0
0.2 -6.68307 0.132193 0
0.2 -6.54826 0.137388 0
0.2 -6.40839 0.14231 0
0.2 -6.26373 0.14695 0
0.2 -6.11458 0.151298 0
0.2 -5.96124 0.155345 0
0.2 -5.804 0.159084 0
0.2 -5.64317 0.162507 0
0.2 -5.47909 0.165608 0
0.2 -5.31207 0.16838 0
0.2 -5.14244 0.170817 0
0.2 -4.97055 0.172915 0.0000193713
0.2 -4.79672 0.17467 0.0000418852
0.2 -4.62132 0.176078 0.000088148
0.2 -4.44468 0.177137 0.000180079
0.2 -4.26716 0.177844 0.000356245
0.2 -4.08911 0.178198 0.000680898
0.2 -3.91089 0.178198 0.00125475
0.2 -3.73284 0.177844 0.00222507
0.2 -3.55532 0.177137 0.00379031
0.2 -3.37868 0.176078 0.00619215
0.2 -3.20328 0.17467 0.00968647
0.2 -3.02945 0.172915 0.0144869
0.2 -2.85756 0.170817 0.0206807
0.2 -2.68793 0.16838 0.0281272
0.2 -2.52091 0.165608 0.0363617
0.2 -2.35683 0.162507 0.0445376
0.2 -2.196 0.159084 0.0514385
0.2 -2.03876 0.155345 0.0555821
0.2 -1.88542 0.151298 0.0554134
0.2 -1.73627 0.14695 0.0495566
0.2 -1.59161 0.14231 0.0370743
0.2 -1.45174 0.137388 0.0176719
0.2 -1.31693 0.132193 -0.00820045
0.2 -1.18744 0.126736 -0.039374
0.2 -1.06354 0.121027 -0.0741045
0.2 -0.945468 0.115078 -0.110297
0.2 -0.83346 0.1089 -0.145761
0.2 -0.72774 0.102506 -0.178437
0.2 -0.628516 0.0959088 -0.20656
0.2 -0.535985 0.089121 -0.228738
0.2 -0.450333 0.0821562 -0.243925
0.2 -0.371728 0.0750282 -0.251317
0.2 -0.300326 0.0677513 -0.250155
0.2 -0.23627 0.06034 -0.239459
0.2 -0.179686 0.0528088 -0.217696
0.2 -0.130687 0.0451727 -0.182483
0.2 -0.0893704 0.0374471 -0.130789
0.2 -0.0558178 0.0296471 -0.0616303
0.2 -0.0300958 0.0217884 0.0132974
0.2 -0.012255 0.0138876 0.0582562
0.2 -0.00232686 0.00597089 0.0705375
0.2 0.00232686 0.00597089 0.0783482
0.2 0.012255 0.0138876 0.170042
0.2 0.0300958 0.0217884 0.278205
0.2 0.0558178 0.0296471 0.340596
0.2 0.0893704 0.0374471 0.37397
0.2 0.130687 0.0451727 0.391223
0.2 0.179686 0.0528088 0.398314
0.2 0.23627 0.06034 0.397739
0.2 0.300326 0.0677513 0.390406
0.2 0.371728 0.0750282 0.37653
0.2 0.450333 0.0821562 0.356104
0.2 0.535985 0.089121 0.329195
0.2 0.628516 0.0959088 0.296151
0.2 0.72774 0.102506 0.257738
0.2 0.83346 0.1089 0.21521
0.2 0.945468 0.115078 0.170295
0.2 1.06354 0.121027 0.125096
0.2 1.18744 0.126736 0.0818985
0.2 1.31693 0.132193 0.042914
0.2 1.45174 0.137388 0.0100029
0.2 1.59161 0.14231 -0.0155727
0.2 1.73627 0.14695 -0.0333088
0.2 1.88542 0.151298 -0.043494
0.2 2.03876 0.155345 -0.0471073
0.2 2.196 0.159084 -0.0456073
0.2 2.35683 0.162507 -0.0406598
0.2 2.52091 0.165608 -0.0338722
0.2 2.68793 0.16838 -0.0265857
0.2 2.85756 0.170817 -0.0197608
0.2 3.02945 0.172915 -0.0139581
0.2 3.20328 0.17467 -0.00939371
0.2 3.37868 0.176078 -0.00603607
0.2 3.55532 0.177137 -0.00371016
0.2 3.73284 0.177844 -0.0021854
0.2 3.91089 0.178198 -0.00123583
0.2 4.08911 0.178198 -0.000672185
0.2 4.26716 0.177844 -0.00035237
0.2 4.44468 0.177137 -0.000178412
0.2 4.62132 0.176078 -0.0000874529
0.2 4.79672 0.17467 -0.0000416041
0.2 4.97055 0.172915 -0.0000192608
0.2 5.14244 0.170817 0
0.2 5.31207 0.16838 0
0.2 5.47909 0.165608 0
0.2 5.64317 0.162507 0
0.2 5.804 0.159084 0
0.2 5.96124 0.155345 0
0.2 6.11458 0.151298 0
0.2 6.26373 0.14695 0
0.2 6.40839 0.14231 0
0.2 6.54826 0.137388 0
0.2 6.68307 0.132193 0
0.2 6.81256 0.126736 0
0.2 6.93646 0.121027 0
0.2 7.05453 0.115078 0
0.2 7.16654 0.1089 0
0.2 7.27226 0.102506 0
0.2 7.37148 0.0959088 0
0.2 7.46401 0.089121 0
0.2 7.54967 0.0821562 0
0.2 7.62827 0.0750282 0
0.2 7.69967 0.0677513 0
0.2 7.76373 0.06034 0
0.2 7.82031 0.0528088 0
0.2 7.86931 0.0451727 0
0.2 7.91063 0.0374471 0
0.2 7.94418 0.0296471 0
0.2 7.9699 0.0217884 0
0.2 7.98775 0.0138876 0
0.2 7.99767 0.00597089 0
0.24 -7.99767 0.00597089 0
0.24 -7.98775 0.0138876 0
0.24 -7.9699 0.0217884 0
0.24 -7.94418 0.0296471 0
0.24 -7.91063 0.0374471 0
0.24 -7.86931 0.0451727 0
0.24 -7.82031 0.0528088 0
0.24 -7.76373 0.06034 0
0.24 -7.69967 0.0677513 0
0.24 -7.62827 0.0750282 0
0.24 -7.54967 0.0821562 0
0.24 -7.46401 0.089121 0
0.24 -7.37148 0.0959088 0
0.24 -7.27226 0.102506 0
0.24 -7.16654 0.1089 0
0.24 -7.05453 0.115078 0
0.24 -6.93646 0.121027 0
0.24 -6.81256 0.126736 0
0.24 -6.68307 0.132193 0
0.24 -6.54826 0.137388 0
0.24 -6.40839 0.14231 0
0.24 -6.26373 0.14695 0
0.24 -6.11458 0.151298 0
0.24 -5.96124 0.155345 0
0.24 -5.804 0.159084 0
0.24 -5.64317 0.162507 0
0.24 -5.47909 0.165608 0
0.24 -5.31207 0.16838 0
0.24 -5.14244 0.170817 0
0.24 -4.97055 0.172915 0.0000193876
0.24 -4.79672 0.17467 0.0000419217
0.24 -4.62132 0.176078 0.0000882275
0.24 -4.44468 0.177137 0.000180248
0.24 -4.26716 0.177844 0.000356592
0.24 -4.08911 0.178198 0.000681589
0.24 -3.91089 0.178198 0.00125608
0.24 -3.73284 0.177844 0.00222753
0.24 -3.55532 0.177137 0.00379471
0.24 -3.37868 0.176078 0.00619969
0.24 -3.20328 0.17467 0.00969886
0.24 -3.02945 0.172915 0.0145064
0.24 -2.85756 0.170817 0.02071
0.24 -2.68793 0.16838 0.0281693
0.24 -2.52091 0.165608 0.0364192
0.24 -2.35683 0.162507 0.0446119
0.24 -2.196 0.159084 0.0515289
0.24 -2.03876 0.155345 0.0556844
0.24 -1.88542 0.151298 0.0555186
0.24 -1.73627 0.14695 0.0496502
0.24 -1.59161 0.14231 0.0371351
0.24 -1.45174 0.137388 0.0176723
0.24 -1.31693 0.132193 -0.00829476
0.24 -1.18744 0.126736 -0.039603
0.24 -1.06354 0.121027 -0.0745135
0.24 -0.945468 0.115078 -0.110936
0.24 -0.83346 0.1089 -0.146684
0.24 -0.72774 0.102506 -0.179703
0.24 -0.628516 0.0959088 -0.208235
0.24 -0.535985 0.089121 -0.230898
0.24 -0.450333 0.0821562 -0.246662
0.24 -0.371728 0.0750282 -0.254742
0.24 -0.300326 0.0677513 -0.254407
0.24 -0.23627 0.06034 -0.244709
0.24 -0.179686 0.0528088 -0.224139
0.24 -0.130687 0.0451727 -0.190286
0.24 -0.0893704 0.0374471 -0.139904
0.24 -0.0558178 0.0296471 -0.0712831
0.24 -0.0300958 0.0217884 0.00534016
0.24 -0.012255 0.0138876 0.0533794
0.24 -0.00232686 0.00597089 0.0659589
0.24 0.00232686 0.00597089 0.0721706
0.24 0.012255 0.0138876 0.145072
0.24 0.0300958 0.0217884 0.253607
0.24 0.0558178 0.0296471 0.322396
0.24 0.0893704 0.0374471 0.360871
0.24 0.130687 0.0451727 0.381618
0.24 0.179686 0.0528088 0.391101
0.24 0.23627 0.06034 0.392217
0.24 0.300326 0.0677513 0.386125
0.24 0.371728 0.0750282 0.373189
0.24 0.450333 0.0821562 0.353497
0.24 0.535985 0.089121 0.327177
0.24 0.628516 0.0959088 0.294613
0.24 0.72774 0.102506 0.256595
0.24 0.83346 0.1089 0.21439
0.24 0.945468 0.115078 0.169739
0.24 1.06354 0.121027 0.12475
0.24 1.18744 0.126736 0.0817143
0.24 1.31693 0.132193 0.0428496
0.24 1.45174 0.137388 0.0100214
0.24 1.59161 0.14231 -0.0155026
0.24 1.73627 0.14695 -0.0332123
0.24 1.88542 0.151298 -0.0433897
0.24 2.03876 0.155345 -0.0470082
0.24 2.196 0.159084 -0.0455208
0.24 2.35683 0.162507 -0.0405894
0.24 2.52091 0.165608 -0.0338181
0.24 2.68793 0.16838 -0.0265463
0.24 2.85756 0.170817 -0.0197335
0.24 3.02945 0.172915 -0.01394
0.24 3.20328 0.17467 -0.00938222
0.24 3.37868 0.176078 -0.00602909
0.24 3.55532 0.177137 -0.0037061
0.24 3.73284 0.177844 -0.00218313
0.24 3.91089 0.178198 -0.0012346
0.24 4.08911 0.178198 -0.000671549
0.24 4.26716 0.177844 -0.000352051
0.24 4.44468 0.177137 -0.000178257
0.24 4.62132 0.176078 -0.00008738
0.24 4.79672 0.17467 -0.0000415707
0.24 4.97055 0.172915 -0.0000192459
0.24 5.14244 0.170817 0
0.24 5.31207 0.16838 0
0.24 5.47909 0.165608 0
0.24 5.64317 0.162507 0
0.24 5.804 0.159084 0
0.24 5.96124 0.155345 0
0.24 6.11458 0.151298 0
0.24 6.26373 0.14695 0
0.24 6.40839 0.14231 0
0.24 6.54826 0.137388 0
0.24 6.68307 0.132193 0
0.24 6.81256 0.126736 0
0.24 6.93646 0.121027 0
0.24 7.05453 0.115078 0
0.24 7.16654 0.1089 0
0.24 7.27226 0.102506 0
0.24 7.37148 0.0959088 0
0.24 7.46401 0.089121 0
0.24 7.54967 0.0821562 0
0.24 7.62827 0.0750282 0
0.24 7.69967 0.0677513 0
0.24 7.76373 0.06034 0
0.24 7.82031 0.0528088 0
0.24 7.86931 0.0451727 0
0.24 7.91063 0.0374471 0
0.24 7.94418 0.0296471 0
0.24 7.9699 0.0217884 0
0.24 7.98775 0.0138876 0
0.24 7.99767 0.00597089 0
0.28 -7.99767 0.00597089 0
0.28 -7.98775 0.0138876 0
0.28 -7.9699 0.0217884 0
0.28 -7.94418 0.0296471 0
0.28 -7.91063 0.0374471 0
0.28 -7.86931 0.0451727 0
0.28 -7.82031 0.0528088 0
0.28 -7.76373 0.06034 0
0.28 -7.69967 0.0677513 0
0.28 -7.62827 0.0750282 0
0.28 -7.54967 0.0821562 0
0.28 -7.46401 0.089121 0
0.28 -7.37148 0.0959088 0
0.28 -7.27226 0.102506 0
0.28 -7.16654 0.1089 0
0.28 -7.05453 0.115078 0
0.28 -6.93646 0.121027 0
0.28 -6.81256 0.126736 0
0.28 -6.68307 0.132193 0
0.28 -6.54826 0.137388 0
0.28 -6.40839 0.14231 0
0.28 -6.26373 0.14695 0
0.28 -6.11458 0.151298 0
0.28 -5.96124 0.155345 0
0.28 -5.804 0.159084 0
0.28 -5.64317 0.162507 0
0.28 -5.47909 0.165608 0
0.28 -5.31207 0.16838 0
0.28 -5.14244 0.170817 0
0.28 -4.97055 0.172915 0.0000194038
0.28 -4.79672 0.17467 0.0000419579
0.28 -4.62132 0.176078 0.0000883066
0.28 -4.44468 0.177137 0.000180416
0.28 -4.26716 0.177844 0.000356938
0.28 -4.08911 0.178198 0.000682276
0.28 -3.91089 0.178198 0.0012574
0.28 -3.73284 0.177844 0.00222998
0.28 -3.55532 0.177137 0.00379908
0.28 -3.37868 0.176078 0.00620718
0.28 -3.20328 0.17467 0.00971118
0.28 -3.02945 0.172915 0.0145258
0.28 -2.85756 0.170817 0.0207392
0.28 -2.68793 0.16838 0.0282112
0.28 -2.52091 0.165608 0.0364764
0.28 -2.35683 0.162507 0.0446859
0.28 -2.196 0.159084 0.0516189
0.28 -2.03876 0.155345 0.0557864
0.28 -1.88542 0.151298 0.0556237
0.28 -1.73627 0.14695 0.049744
0.28 -1.59161 0.14231 0.0371967
0.28 -1.45174 0.137388 0.017674
0.28 -1.31693 0.132193 -0.00838687
0.28 -1.18744 0.126736 -0.0398288
0.28 -1.06354 0.121027 -0.0749179
0.28 -0.945468 0.115078 -0.111569
0.28 -0.83346 0.1089 -0.147599
0.28 -0.72774 0.102506 -0.180959
0.28 -0.628516 0.0959088 -0.2099
0.28 -0.535985 0.089121 -0.233048
0.28 -0.450333 0.0821562 -0.249389
0.28 -0.371728 0.0750282 -0.25816
0.28 -0.300326 0.0677513 -0.258659
0.28 -0.23627 0.06034 -0.249973
0.28 -0.179686 0.0528088 -0.230626
0.28 -0.130687 0.0451727 -0.198187
0.28 -0.0893704 0.0374471 -0.14922
0.28 -0.0558178 0.0296471 -0.0812974
0.28 -0.0300958 0.0217884 -0.00306075
0.28 -0.012255 0.0138876 0.0484195
0.28 -0.00232686 0.00597089 0.0614555
0.28 0.00232686 0.00597089 0.0670304
0.28 0.012255 0.0138876 0.125129
0.28 0.0300958 0.0217884 0.231362
0.28 0.0558178 0.0296471 0.30511
0.28 0.0893704 0.0374471 0.34814
0.28 0.130687 0.0451727 0.372165
0.28 0.179686 0.0528088 0.38395
0.28 0.23627 0.06034 0.386716
0.28 0.300326 0.0677513 0.381844
0.28 0.371728 0.0750282 0.36984
0.28 0.450333 0.0821562 0.35088
0.28 0.535985 0.089121 0.325149
0.28 0.628516 0.0959088 0.293065
0.28 0.72774 0.102506 0.255442
0.28 0.83346 0.1089 0.213562
0.28 0.945468 0.115078 0.169176
0.28 1.06354 0.121027 0.124398
0.28 1.18744 0.126736 0.0815268
0.28 1.31693 0.132193 0.042783
0.28 1.45174 0.137388 0.0100385
0.28 1.59161 0.14231 -0.0154333
0.28 1.73627 0.14695 -0.033116
0.28 1.88542 0.151298 -0.0432854
0.28 2.03876 0.155345 -0.0469088
0.28 2.196 0.159084 -0.045434
0.28 2.35683 0.162507 -0.0405186
0.28 2.52091 0.165608 -0.0337637
0.28 2.68793 0.16838 -0.0265066
0.28 2.85756 0.170817 -0.0197059
0.28 3.02945 0.172915 -0.0139217
0.28 3.20328 0.17467 -0.00937066
0.28 3.37868 0.176078 -0.00602208
0.28 3.55532 0.177137 -0.00370201
0.28 3.73284 0.177844 -0.00218084
0.28 3.91089 0.178198 -0.00123337
0.28 4.08911 0.178198 -0.000670909
0.28 4.26716 0.177844 -0.00035173
0.28 4.44468 0.177137 -0.000178101
0.28 4.62132 0.176078 -0.0000873066
0.28 4.79672 0.17467 -0.0000415371
0.28 4.97055 0.172915 -0.0000192309
0.28 5.14244 0.170817 0
0.28 5.31207 0.16838 0
0.28 5.47909 0.165608 0
0.28 5.64317 0.162507 0
0.28 5.804 0.159084 0
0.28 5.96124 0.155345 0
0.28 6.11458 0.151298 0
0.28 6.26373 0.14695 0
0.28 6.40839 0.14231 0
0.28 6.54826 0.137388 0
0.28 6.68307 0.132193 0
0.28 6.81256 0.126736 0
0.28 6.93646 0.121027 0
0.28 7.05453 0.115078 0
0.28 7.16654 0.1089 0
0.28 7.27226 0.102506 0
0.28 7.37148 0.0959088 0
0.28 7.46401 0.089121 0
0.28 7.54967 0.0821562 0
0.28 7.62827 0.0750282 0
0.28 7.69967 0.0677513 0
0.28 7.76373 0.06034 0
0.28 7.82031 0.0528088 0
0.28 7.86931 0.0451727 0
0.28 7.91063 0.0374471 0
0.28 7.94418 0.0296471 0
0.28 7.9699 0.0217884 0
0.28 7.98775 0.0138876 0
0.28 7.99767 0.00597089 0
0.32 -7.99767 0.00597089 0
0.32 -7.98775 0.0138876 0
0.32 -7.9699 0.0217884 0
0.32 -7.94418 0.0296471 0
0.32 -7.91063 0.0374471 0
0.32 -7.86931 0.0451727 0
0.32 -7.82031 0.0528088 0
0.32 -7.76373 0.06034 0
0.32 -7.69967 0.0677513 0
0.32 -7.62827 0.0750282 0
0.32 -7.54967 0.0821562 0
0.32 -7.46401 0.089121 0
0.32 -7.37148 0.0959088 0
0.32 -7.27226 0.102506 0
0.32 -7.16654 0.1089 0
0.32 -7.05453 0.115078 0
0.32 -6.93646 0.121027 0
0.32 -6.81256 0.126736 0
0.32 -6.68307 0.132193 0
0.32 -6.54826 0.137388 0
0.32 -6.40839 0.14231 0
0.32 -6.26373 0.14695 0
0.32 -6.11458 0.151298 0
0.32 -5.96124 0.155345 0
0.32 -5.804 0.159084 0
0.32 -5.64317 0.162507 0
0.32 -5.47909 0.165608 0
0.32 -5.31207 0.16838 0
0.32 -5.14244 0.170817 0
0.32 -4.97055 0.172915 0.0000194198
0.32 -4.79672 0.17467 0.0000419939
0.32 -4.62132 0.176078 0.0000883851
0.32 -4.44468 0.177137 0.000180583
0.32 -4.26716 0.177844 0.000357281
0.32 -4.08911 0.178198 0.00068296
0.32 -3.91089 0.178198 0.00125872
0.32 -3.73284 0.177844 0.00223242
0.32 -3.55532 0.177137 0.00380343
0.32 -3.37868 0.176078 0.00621464
0.32 -3.20328 0.17467 0.00972344
0.32 -3.02945 0.172915 0.0145451
0.32 -2.85756 0.170817 0.0207683
0.32 -2.68793 0.16838 0.0282529
0.32 -2.52091 0.165608 0.0365333
0.32 -2.35683 0.162507 0.0447596
0.32 -2.196 0.159084 0.0517087
0.32 -2.03876 0.155345 0.0558881
0.32 -1.88542 0.151298 0.0557288
0.32 -1.73627 0.14695 0.049838
0.32 -1.59161 0.14231 0.0372589
0.32 -1.45174 0.137388 0.017677
0.32 -1.31693 0.132193 -0.00847681
0.32 -1.18744 0.126736 -0.0400513
0.32 -1.06354 0.121027 -0.0753178
0.32 -0.945468 0.115078 -0.112195
0.32 -0.83346 0.1089 -0.148506
0.32 -0.72774 0.102506 -0.182207
0.32 -0.628516 0.0959088 -0.211555
0.32 -0.535985 0.089121 -0.235188
0.32 -0.450333 0.0821562 -0.252106
0.32 -0.371728 0.0750282 -0.261571
0.32 -0.300326 0.0677513 -0.262911
0.32 -0.23627 0.06034 -0.255254
0.32 -0.179686 0.0528088 -0.237158
0.32 -0.130687 0.0451727 -0.206194
0.32 -0.0893704 0.0374471 -0.158753
0.32 -0.0558178 0.0296471 -0.091705
0.32 -0.0300958 0.0217884 -0.0119757
0.32 -0.012255 0.0138876 0.0433213
0.32 -0.00232686 0.00597089 0.0570096
0.32 0.00232686 0.00597089 0.0623133
0.32 0.012255 0.0138876 0.108994
0.32 0.0300958 0.0217884 0.211203
0.32 0.0558178 0.0296471 0.288682
0.32 0.0893704 0.0374471 0.335764
0.32 0.130687 0.0451727 0.362862
0.32 0.179686 0.0528088 0.37686
0.32 0.23627 0.06034 0.381235
0.32 0.300326 0.0677513 0.377565
0.32 0.371728 0.0750282 0.366484
0.32 0.450333 0.0821562 0.348253
0.32 0.535985 0.089121 0.323109
0.32 0.628516 0.0959088 0.291506
0.32 0.72774 0.102506 0.25428
0.32 0.83346 0.1089 0.212727
0.32 0.945468 0.115078 0.168607
0.32 1.06354 0.121027 0.124043
0.32 1.18744 0.126736 0.0813359
0.32 1.31693 0.132193 0.0427142
0.32 1.45174 0.137388 0.0100542
0.32 1.59161 0.14231 -0.0153646
0.32 1.73627 0.14695 -0.0330199
0.32 1.88542 0.151298 -0.043181
0.32 2.03876 0.155345 -0.0468092
0.32 2.196 0.159084 -0.045347
0.32 2.35683 0.162507 -0.0404476
0.32 2.52091 0.165608 -0.0337091
0.32 2.68793 0.16838 -0.0264668
0.32 2.85756 0.170817 -0.0196783
0.32 3.02945 0.172915 -0.0139034
0.32 3.20328 0.17467 -0.00935904
0.32 3.37868 0.176078 -0.00601502
0.32 3.55532 0.177137 -0.0036979
0.32 3.73284 0.177844 -0.00217854
0.32 3.91089 0.178198 -0.00123213
0.32 4.08911 0.178198 -0.000670266
0.32 4.26716 0.177844 -0.000351407
0.32 4.44468 0.177137 -0.000177944
0.32 4.62132 0.176078 -0.0000872327
0.32 4.79672 0.17467 -0.0000415033
0.32 4.97055 0.172915 -0.0000192158
0.32 5.14244 0.170817 0
0.32 5.31207 0.16838 0
0.32 5.47909 0.165608 0
0.32 5.64317 0.162507 0
0.32 5.804 0.159084 0
0.32 5.96124 0.155345 0
0.32 6.11458 0.151298 0
0.32 6.26373 0.14695 0
0.32 6.40839 0.14231 0
0.32 6.54826 0.137388 0
0.32 6.68307 0.132193 0
0.32 6.81256 0.126736 0
0.32 6.93646 0.121027 0
0.32 7.05453 0.115078 0
0.32 7.16654 0.1089 0
0.32 7.27226 0.102506 0
0.32 7.37148 0.0959088 0
0.32 7.46401 0.089121 0
0.32 7.54967 0.0821562 0
0.32 7.62827 0.0750282 0
0.32 7.69967 0.0677513 0
0.32 7.76373 0.06034 0
0.32 7.82031 0.0528088 0
0.32 7.86931 0.0451727 0
0.32 7.91063 0.0374471 0
0.32 7.94418 0.0296471 0
0.32 7.9699 0.0217884 0
0.32 7.98775 0.0138876 0
0.32 7.99767 0.00597089 0
0.36 -7.99767 0.00597089 0
0.36 -7.98775 0.0138876 0
0.36 -7.9699 0.0217884 0
0.36 -7.94418 0.0296471 0
0.36 -7.91063 0.0374471 0
0.36 -7.86931 0.0451727 0
0.36 -7.82031 0.0528088 0
0.36 -7.76373 0.06034 0
0.36 -7.69967 0.0677513 0
0.36 -7.62827 0.0750282 0
0.36 -7.54967 0.0821562 0
0.36 -7.46401 0.089121 0
0.36 -7.37148 0.0959088 0
0.36 -7.27226 0.102506 0
0.36 -7.16654 0.1089 0
0.36 -7.05453 0.115078 0
0.36 -6.93646 0.121027 0
0.36 -6.81256 0.126736 0
0.36 -6.68307 0.132193 0
0.36 -6.54826 0.137388 0
0.36 -6.40839 0.14231 0
0.36 -6.26373 0.14695 0
0.36 -6.11458 0.151298 0
0.36 -5.96124 0.155345 0
0.36 -5.804 0.159084 0
0.36 -5.64317 0.162507 0
0.36 -5.47909 0.165608 0
0.36 -5.31207 0.16838 0
0.36 -5.14244 0.170817 0
0.36 -4.97055 0.172915 0.0000194358
0.36 -4.79672 0.17467 0.0000420297
0.36 -4.62132 0.176078 0.0000884632
0.36 -4.44468 0.177137 0.000180748
0.36 -4.26716 0.177844 0.000357622
0.36 -4.08911 0.178198 0.000683639
0.36 -3.91089 0.178198 0.00126002
0.36 -3.73284 0.177844 0.00223484
0.36 -3.55532 0.177137 0.00380776
0.36 -3.37868 0.176078 0.00622205
0.36 -3.20328 0.17467 0.00973563
0.36 -3.02945 0.172915 0.0145643
0.36 -2.85756 0.170817 0.0207972
0.36 -2.68793 0.16838 0.0282944
0.36 -2.52091 0.165608 0.0365901
0.36 -2.35683 0.162507 0.0448331
0.36 -2.196 0.159084 0.0517982
0.36 -2.03876 0.155345 0.0559897
0.36 -1.88542 0.151298 0.0558338
0.36 -1.73627 0.14695 0.0499322
0.36 -1.59161 0.14231 0.0373217
0.36 -1.45174 0.137388 0.0176813
0.36 -1.31693 0.132193 -0.00856462
0.36 -1.18744 0.126736 -0.0402707
0.36 -1.06354 0.121027 -0.0757132
0.36 -0.945468 0.115078 -0.112816
0.36 -0.83346 0.1089 -0.149407
0.36 -0.72774 0.102506 -0.183446
0.36 -0.628516 0.0959088 -0.2132
0.36 -0.535985 0.089121 -0.237317
0.36 -0.450333 0.0821562 -0.254814
0.36 -0.371728 0.0750282 -0.264976
0.36 -0.300326 0.0677513 -0.267165
0.36 -0.23627 0.06034 -0.260551
0.36 -0.179686 0.0528088 -0.243739
0.36 -0.130687 0.0451727 -0.214311
0.36 -0.0893704 0.0374471 -0.168512
0.36 -0.0558178 0.0296471 -0.102539
0.36 -0.0300958 0.0217884 -0.0214817
0.36 -0.012255 0.0138876 0.0380181
0.36 -0.00232686 0.00597089 0.0526065
0.36 0.00232686 0.00597089 0.0577836
0.36 0.012255 0.0138876 0.0957421
0.36 0.0300958 0.0217884 0.192891
0.36 0.0558178 0.0296471 0.273058
0.36 0.0893704 0.0374471 0.32373
0.36 0.130687 0.0451727 0.353705
0.36 0.179686 0.0528088 0.36983
0.36 0.23627 0.06034 0.375775
0.36 0.300326 0.0677513 0.373288
0.36 0.371728 0.0750282 0.363122
0.36 0.450333 0.0821562 0.345617
0.36 0.535985 0.089121 0.321059
0.36 0.628516 0.0959088 0.289938
0.36 0.72774 0.102506 0.253109
0.36 0.83346 0.1089 0.211884
0.36 0.945468 0.115078 0.168032
0.36 1.06354 0.121027 0.123682
0.36 1.18744 0.126736 0.0811418
0.36 1.31693 0.132193 0.0426433
0.36 1.45174 0.137388 0.0100687
0.36 1.59161 0.14231 -0.0152966
0.36 1.73627 0.14695 -0.032924
0.36 1.88542 0.151298 -0.0430765
0.36 2.03876 0.155345 -0.0467094
0.36 2.196 0.159084 -0.0452596
0.36 2.35683 0.162507 -0.0403763
0.36 2.52091 0.165608 -0.0336543
0.36 2.68793 0.16838 -0.0264268
0.36 2.85756 0.170817 -0.0196505
0.36 3.02945 0.172915 -0.013885
0.36 3.20328 0.17467 -0.00934735
0.36 3.37868 0.176078 -0.00600792
0.36 3.55532 0.177137 -0.00369377
0.36 3.73284 0.177844 -0.00217623
0.36 3.91089 0.178198 -0.00123088
0.36 4.08911 0.178198 -0.000669618
0.36 4.26716 0.177844 -0.000351082
0.36 4.44468 0.177137 -0.000177787
0.36 4.62132 0.176078 -0.0000871584
0.36 4.79672 0.17467 -0.0000414692
0.36 4.97055 0.172915 -0.0000192006
0.36 5.14244 0.170817 0
0.36 5.31207 0.16838 0
0.36 5.47909 0.165608 0
0.36 5.64317 0.162507 0
0.36 5.804 0.159084 0
0.36 5.96124 0.155345 0
0.36 6.11458 0.151298 0
0.36 6.26373 0.14695 0
0.36 6.40839 0.14231 0
0.36 6.54826 0.137388 0
0.36 6.68307 0.132193 0
0.36 6.81256 0.126736 0
0.36 6.93646 0.121027 0
0.36 7.05453 0.115078 0
0.36 7.16654 0.1089 0
0.36 7.27226 0.102506 0
0.36 7.37148 0.0959088 0
0.36 7.46401 0.089121 0
0.36 7.54967 0.0821562 0
0.36 7.62827 0.0750282 0
0.36 7.69967 0.0677513 0
0.36 7.76373 0.06034 0
0.36 7.82031 0.0528088 0
0.36 7.86931 0.0451727 0
0.36 7.91063 0.0374471 0
0.36 7.94418 0.0296471 0
0.36 7.9699 0.0217884 0
0.36 7.98775 0.0138876 0
0.36 7.99767 0.00597089 0
0.4 -7.99767 0.00597089 0
0.4 -7.98775 0.0138876 0
0.4 -7.9699 0.0217884 0
0.4 -7.94418 0.0296471 0
0.4 -7.91063 0.0374471 0
0.4 -7.86931 0.0451727 0
0.4 -7.82031 0.0528088 0
0.4 -7.76373 0.06034 0
0.4 -7.69967 0.0677513 0
0.4 -7.62827 0.0750282 0
0.4 -7.54967 0.0821562 0
0.4 -7.46401 0.089121 0
0.4 -7.37148 0.0959088 0
0.4 -7.27226 0.102506 0
0.4 -7.16654 0.1089 0
0.4 -7.05453 0.115078 0
0.4 -6.93646 0.121027 0
0.4 -6.81256 0.126736 0
0.4 -6.68307 0.132193 0
0.4 -6.54826 0.137388 0
0.4 -6.40839 0.14231 0
0.4 -6.26373 0.14695 0
0.4 -6.11458 0.151298 0
0.4 -5.96124 0.155345 0
0.4 -5.804 0.159084 0
0.4 -5.64317 0.162507 0
0.4 -5.47909 0.165608 0
0.4 -5.31207 0.16838 0
0.4 -5.14244 0.170817 0
0.4 -4.97055 0.172915 0.0000194517
0.4 -4.79672 0.17467 0.0000420652
0.4 -4.62132 0.176078 0.0000885408
0.4 -4.44468 0.177137 0.000180913
0.4 -4.26716 0.177844 0.000357961
0.4 -4.08911 0.178198 0.000684314
0.4 -3.91089 0.178198 0.00126132
0.4 -3.73284 0.177844 0.00223725
0.4 -3.55532 0.177137 0.00381206
0.4 -3.37868 0.176078 0.00622942
0.4 -3.20328 0.17467 0.00974775
0.4 -3.02945 0.172915 0.0145834
0.4 -2.85756 0.170817 0.020826
0.4 -2.68793 0.16838 0.0283357
0.4 -2.52091 0.165608 0.0366466
0.4 -2.35683 0.162507 0.0449062
0.4 -2.196 0.159084 0.0518875
0.4 -2.03876 0.155345 0.056091
0.4 -1.88542 0.151298 0.0559388
0.4 -1.73627 0.14695 0.0500266
0.4 -1.59161 0.14231 0.0373852
0.4 -1.45174 0.137388 0.0176869
0.4 -1.31693 0.132193 -0.00865031
0.4 -1.18744 0.126736 -0.0404868
0.4 -1.06354 0.121027 -0.0761043
0.4 -0.945468 0.115078 -0.113431
0.4 -0.83346 0.1089 -0.1503
0.4 -0.72774 0.102506 -0.184677
0.4 -0.628516 0.0959088 -0.214836
0.4 -0.535985 0.089121 -0.239436
0.4 -0.450333 0.0821562 -0.257513
0.4 -0.371728 0.0750282 -0.268375
0.4 -0.300326 0.0677513 -0.271421
0.4 -0.23627 0.06034 -0.265867
0.4 -0.179686 0.0528088 -0.250371
0.4 -0.130687 0.0451727 -0.222543
0.4 -0.0893704 0.0374471 -0.178513
0.4 -0.0558178 0.0296471 -0.113833
0.4 -0.0300958 0.0217884 -0.0316641
0.4 -0.012255 0.0138876 0.0324267
0.4 -0.00232686 0.00597089 0.0482339
0.4 0.00232686 0.00597089 0.0533461
0.4 0.012255 0.0138876 0.0846723
0.4 0.0300958 0.0217884 0.176213
0.4 0.0558178 0.0296471 0.258186
0.4 0.0893704 0.0374471 0.312025
0.4 0.130687 0.0451727 0.344693
0.4 0.179686 0.0528088 0.362861
0.4 0.23627 0.06034 0.370337
0.4 0.300326 0.0677513 0.369014
0.4 0.371728 0.0750282 0.359755
0.4 0.450333 0.0821562 0.342971
0.4 0.535985 0.089121 0.318999
0.4 0.628516 0.0959088 0.288359
0.4 0.72774 0.102506 0.251929
0.4 0.83346 0.1089 0.211034
0.4 0.945468 0.115078 0.167451
0.4 1.06354 0.121027 0.123317
0.4 1.18744 0.126736 0.0809444
0.4 1.31693 0.132193 0.0425702
0.4 1.45174 0.137388 0.0100819
0.4 1.59161 0.14231 -0.0152293
0.4 1.73627 0.14695 -0.0328284
0.4 1.88542 0.151298 -0.042972
0.4 2.03876 0.155345 -0.0466093
0.4 2.196 0.159084 -0.045172
0.4 2.35683 0.162507 -0.0403048
0.4 2.52091 0.165608 -0.0335992
0.4 2.68793 0.16838 -0.0263866
0.4 2.85756 0.170817 -0.0196225
0.4 3.02945 0.172915 -0.0138664
0.4 3.20328 0.17467 -0.0093356
0.4 3.37868 0.176078 -0.00600079
0.4 3.55532 0.177137 -0.00368961
0.4 3.73284 0.177844 -0.0021739
0.4 3.91089 0.178198 -0.00122963
0.4 4.08911 0.178198 -0.000668966
0.4 4.26716 0.177844 -0.000350755
0.4 4.44468 0.177137 -0.000177628
0.4 4.62132 0.176078 -0.0000870836
0.4 4.79672 0.17467 -0.000041435
0.4 4.97055 0.172915 -0.0000191853
0.4 5.14244 0.170817 0
0.4 5.31207 0.16838 0
0.4 5.47909 0.165608 0
0.4 5.64317 0.162507 0
0.4 5.804 0.159084 0
0.4 5.96124 0.155345 0
0.4 6.11458 0.151298 0
0.4 6.26373 0.14695 0
0.4 6.40839 0.14231 0
0.4 6.54826 0.137388 0
0.4 6.68307 0.132193 0
0.4 6.81256 0.126736 0
0.4 6.93646 0.121027 0
0.4 7.05453 0.115078 0
0.4 7.16654 0.1089 0
0.4 7.27226 0.102506 0
0.4 7.37148 0.0959088 0
0.4 7.46401 0.089121 0
0.4 7.54967 0.0821562 0
0.4 7.62827 0.0750282 0
0.4 7.69967 0.0677513 0
0.4 7.76373 0.06034 0
0.4 7.82031 0.0528088 0
0.4 7.86931 0.0451727 0
0.4 7.91063 0.0374471 0
0.4 7.94418 0.0296471 0
0.4 7.9699 0.0217884 0
0.4 7.98775 0.0138876 0
0.4 7.99767 0.00597089 0
0.44 -7.99767 0.00597089 0
0.44 -7.98775 0.0138876 0
0.44 -7.9699 0.0217884 0
0.44 -7.94418 0.0296471 0
0.44 -7.91063 0.0374471 0
0.44 -7.86931 0.0451727 0
0.44 -7.82031 0.0528088 0
0.44 -7.76373 0.06034 0
0.44 -7.69967 0.0677513 0
0.44 -7.62827 0.0750282 0
0.44 -7.54967 0.0821562 0
0.44 -7.46401 0.089121 0
0.44 -7.37148 0.0959088 0
0.44 -7.27226 0.102506 0
0.44 -7.16654 0.1089 0
0.44 -7.05453 0.115078 0
0.44 -6.93646 0.121027 0
0.44 -6.81256 0.126736 0
0.44 -6.68307 0.132193 0
0.44 -6.54826 0.137388 0
0.44 -6.40839 0.14231 0
0.44 -6.26373 0.14695 0
0.44 -6.11458 0.151298 0
0.44 -5.96124 0.155345 0
0.44 -5.804 0.159084 0
0.44 -5.64317 0.162507 0
0.44 -5.47909 0.165608 0
0.44 -5.31207 0.16838 0
0.44 -5.14244 0.170817 0
0.44 -4.97055 0.172915 0.0000194675
0.44 -4.79672 0.17467 0.0000421006
0.44 -4.62132 0.176078 0.0000886179
0.44 -4.44468 0.177137 0.000181077
0.44 -4.26716 0.177844 0.000358298
0.44 -4.08911 0.178198 0.000684985
0.44 -3.91089 0.178198 0.00126261
0.44 -3.73284 0.177844 0.00223965
0.44 -3.55532 0.177137 0.00381633
0.44 -3.37868 0.176078 0.00623676
0.44 -3.20328 0.17467 0.00975982
0.44 -3.02945 0.172915 0.0146024
0.44 -2.85756 0.170817 0.0208546
0.44 -2.68793 0.16838 0.0283769
0.44 -2.52091 0.165608 0.0367028
0.44 -2.35683 0.162507 0.0449791
0.44 -2.196 0.159084 0.0519764
0.44 -2.03876 0.155345 0.0561921
0.44 -1.88542 0.151298 0.0560436
0.44 -1.73627 0.14695 0.0501213
0.44 -1.59161 0.14231 0.0374494
0.44 -1.45174 0.137388 0.0176938
0.44 -1.31693 0.132193 -0.0087339
0.44 -1.18744 0.126736 -0.0406998
0.44 -1.06354 0.121027 -0.076491
0.44 -0.945468 0.115078 -0.114041
0.44 -0.83346 0.1089 -0.151185
0.44 -0.72774 0.102506 -0.185899
0.44 -0.628516 0.0959088 -0.216462
0.44 -0.535985 0.089121 -0.241546
0.44 -0.450333 0.0821562 -0.260203
0.44 -0.371728 0.0750282 -0.271769
0.44 -0.300326 0.0677513 -0.275679
0.44 -0.23627 0.06034 -0.271201
0.44 -0.179686 0.0528088 -0.257055
0.44 -0.130687 0.0451727 -0.230894
0.44 -0.0893704 0.0374471 -0.188766
0.44 -0.0558178 0.0296471 -0.125623
0.44 -0.0300958 0.0217884 -0.0426176
0.44 -0.012255 0.0138876 0.0264411
0.44 -0.00232686 0.00597089 0.0438805
0.44 0.00232686 0.00597089 0.0489586
0.44 0.012255 0.0138876 0.0752542
0.44 0.0300958 0.0217884 0.160981
0.44 0.0558178 0.0296471 0.244018
0.44 0.0893704 0.0374471 0.300636
0.44 0.130687 0.0451727 0.33582
0.44 0.179686 0.0528088 0.35595
0.44 0.23627 0.06034 0.36492
0.44 0.300326 0.0677513 0.364743
0.44 0.371728 0.0750282 0.356382
0.44 0.450333 0.0821562 0.340316
0.44 0.535985 0.089121 0.316928
0.44 0.628516 0.0959088 0.286771
0.44 0.72774 0.102506 0.250741
0.44 0.83346 0.1089 0.210177
0.44 0.945468 0.115078 0.166865
0.44 1.06354 0.121027 0.122948
0.44 1.18744 0.126736 0.0807439
0.44 1.31693 0.132193 0.042495
0.44 1.45174 0.137388 0.0100938
0.44 1.59161 0.14231 -0.0151626
0.44 1.73627 0.14695 -0.0327329
0.44 1.88542 0.151298 -0.0428674
0.44 2.03876 0.155345 -0.0465091
0.44 2.196 0.159084 -0.0450842
0.44 2.35683 0.162507 -0.040233
0.44 2.52091 0.165608 -0.0335438
0.44 2.68793 0.16838 -0.0263461
0.44 2.85756 0.170817 -0.0195944
0.44 3.02945 0.172915 -0.0138478
0.44 3.20328 0.17467 -0.00932379
0.44 3.37868 0.176078 -0.00599361
0.44 3.55532 0.177137 -0.00368542
0.44 3.73284 0.177844 -0.00217156
0.44 3.91089 0.178198 -0.00122837
0.44 4.08911 0.178198 -0.00066831
0.44 4.26716 0.177844 -0.000350426
0.44 4.44468 0.177137 -0.000177468
0.44 4.62132 0.176078 -0.0000870083
0.44 4.79672 0.17467 -0.0000414005
0.44 4.97055 0.172915 -0.0000191699
0.44 5.14244 0.170817 0
0.44 5.31207 0.16838 0
0.44 5.47909 0.165608 0
0.44 5.64317 0.162507 0
0.44 5.804 0.159084 0
0.44 5.96124 0.155345 0
0.44 6.11458 0.151298 0
0.44 6.26373 0.14695 0
0.44 6.40839 0.14231 0
0.44 6.54826 0.137388 0
0.44 6.68307 0.132193 0
0.44 6.81256 0.126736 0
0.44 6.93646 0.121027 0
0.44 7.05453 0.115078 0
0.44 7.16654 0.1089 0
0.44 7.27226 0.102506 0
0.44 7.37148 0.0959088 0
0.44 7.46401 0.089121 0
0.44 7.54967 0.0821562 0
0.44 7.62827 0.0750282 0
0.44 7.69967 0.0677513 0
0.44 7.76373 0.06034 0
0.44 7.82031 0.0528088 0
0.44 7.86931 0.0451727 0
0.44 7.91063 0.0374471 0
0.44 7.94418 0.0296471 0
0.44 7.9699 0.0217884 0
0.44 7.98775 0.0138876 0
0.44 7.99767 0.00597089 0
0.48 -7.99767 0.00597089 0
0.48 -7.98775 0.0138876 0
0.48 -7.9699 0.0217884 0
0.48 -7.94418 0.0296471 0
0.48 -7.91063 0.0374471 0
0.48 -7.86931 0.0451727 0
0.48 -7.82031 0.0528088 0
0.48 -7.76373 0.06034 0
0.48 -7.69967 0.0677513 0
0.48 -7.62827 0.0750282 0
0.48 -7.54967 0.0821562 0
0.48 -7.46401 0.089121 0
0.48 -7.37148 0.0959088 0
0.48 -7.27226 0.102506 0
0.48 -7.16654 0.1089 0
0.48 -7.05453 0.115078 0
0.48 -6.93646 0.121027 0
0.48 -6.81256 0.126736 0
0.48 -6.68307 0.132193 0
0.48 -6.54826 0.137388 0
0.48 -6.40839 0.14231 0
0.48 -6.26373 0.14695 0
0.48 -6.11458 0.151298 0
0.48 -5.96124 0.155345 0
0.48 -5.804 0.159084 0
0.48 -5.64317 0.162507 0
0.48 -5.47909 0.165608 0
0.48 -5.31207 0.16838 0
0.48 -5.14244 0.170817 0
0.48 -4.97055 0.172915 0.0000194832
0.48 -4.79672 0.17467 0.0000421357
0.48 -4.62132 0.176078 0.0000886946
0.48 -4.44468 0.177137 0.000181239
0.48 -4.26716 0.177844 0.000358633
0.48 -4.08911 0.178198 0.000685653
0.48 -3.91089 0.178198 0.0012639
0.48 -3.73284 0.177844 0.00224203
0.48 -3.55532 0.177137 0.00382058
0.48 -3.37868 0.176078 0.00624405
0.48 -3.20328 0.17467 0.00977182
0.48 -3.02945 0.172915 0.0146213
0.48 -2.85756 0.170817 0.0208831
0.48 -2.68793 0.16838 0.0284178
0.48 -2.52091 0.165608 0.0367589
0.48 -2.35683 0.162507 0.0450518
0.48 -2.196 0.159084 0.0520651
0.48 -2.03876 0.155345 0.056293
0.48 -1.88542 0.151298 0.0561484
0.48 -1.73627 0.14695 0.0502161
0.48 -1.59161 0.14231 0.0375141
0.48 -1.45174 0.137388 0.0177019
0.48 -1.31693 0.132193 -0.0088154
0.48 -1.18744 0.126736 -0.0409097
0.48 -1.06354 0.121027 -0.0768733
0.48 -0.945468 0.115078 -0.114644
0.48 -0.83346 0.1089 -0.152064
0.48 -0.72774 0.102506 -0.187112
0.48 -0.628516 0.0959088 -0.218078
0.48 -0.535985 0.089121 -0.243645
0.48 -0.450333 0.0821562 -0.262884
0.48 -0.371728 0.0750282 -0.275158
0.48 -0.300326 0.0677513 -0.279941
0.48 -0.23627 0.06034 -0.276556
0.48 -0.179686 0.0528088 -0.263793
0.48 -0.130687 0.0451727 -0.23937
0.48 -0.0893704 0.0374471 -0.199284
0.48 -0.0558178 0.0296471 -0.137947
0.48 -0.0300958 0.0217884 -0.054448
0.48 -0.012255 0.0138876 0.0199241
0.48 -0.00232686 0.00597089 0.0395359
0.48 0.00232686 0.00597089 0.0445989
0.48 0.012255 0.0138876 0.0670849
0.48 0.0300958 0.0217884 0.147026
0.48 0.0558178 0.0296471 0.230508
0.48 0.0893704 0.0374471 0.28955
0.48 0.130687 0.0451727 0.327084
0.48 0.179686 0.0528088 0.349099
0.48 0.23627 0.06034 0.359524
0.48 0.300326 0.0677513 0.360475
0.48 0.371728 0.0750282 0.353003
0.48 0.450333 0.0821562 0.337652
0.48 0.535985 0.089121 0.314848
0.48 0.628516 0.0959088 0.285173
0.48 0.72774 0.102506 0.249544
0.48 0.83346 0.1089 0.209312
0.48 0.945468 0.115078 0.166273
0.48 1.06354 0.121027 0.122575
0.48 1.18744 0.126736 0.0805403
0.48 1.31693 0.132193 0.0424177
0.48 1.45174 0.137388 0.0101045
0.48 1.59161 0.14231 -0.0150965
0.48 1.73627 0.14695 -0.0326377
0.48 1.88542 0.151298 -0.0427627
0.48 2.03876 0.155345 -0.0464086
0.48 2.196 0.159084 -0.044996
0.48 2.35683 0.162507 -0.0401609
0.48 2.52091 0.165608 -0.0334883
0.48 2.68793 0.16838 -0.0263056
0.48 2.85756 0.170817 -0.0195662
0.48 3.02945 0.172915 -0.0138291
0.48 3.20328 0.17467 -0.00931191
0.48 3.37868 0.176078 -0.00598639
0.48 3.55532 0.177137 -0.00368122
0.48 3.73284 0.177844 -0.0021692
0.48 3.91089 0.178198 -0.0012271
0.48 4.08911 0.178198 -0.00066765
0.48 4.26716 0.177844 -0.000350095
0.48 4.44468 0.177137 -0.000177307
0.48 4.62132 0.176078 -0.0000869325
0.48 4.79672 0.17467 -0.0000413658
0.48 4.97055 0.172915 -0.0000191544
0.48 5.14244 0.170817 0
0.48 5.31207 0.16838 0
0.48 5.47909 0.165608 0
0.48 5.64317 0.162507 0
0.48 5.804 0.159084 0
0.48 5.96124 0.155345 0
0.48 6.11458 0.151298 0
0.48 6.26373 0.14695 0
0.48 6.40839 0.14231 0
0.48 6.54826 0.137388 0
0.48 6.68307 0.132193 0
0.48 6.81256 0.126736 0
0.48 6.93646 0.121027 0
0.48 7.05453 0.115078 0
0.48 7.16654 0.1089 0
0.48 7.27226 0.102506 0
0.48 7.37148 0.0959088 0
0.48 7.46401 0.089121 0
0.48 7.54967 0.0821562 0
0.48 7.62827 0.0750282 0
0.48 7.69967 0.0677513 0
0.48 7.76373 0.06034 0
0.48 7.82031 0.0528088 0
0.48 7.86931 0.0451727 0
0.48 7.91063 0.0374471 0
0.48 7.94418 0.0296471 0
0.48 7.9699 0.0217884 0
0.48 7.98775 0.0138876 0
0.48 7.99767 0.00597089 0
0.52 -7.99767 0.00597089 0
0.52 -7.98775 0.0138876 0
0.52 -7.9699 0.0217884 0
0.52 -7.94418 0.0296471 0
0.52 -7.91063 0.0374471 0
0.52 -7.86931 0.0451727 0
0.52 -7.82031 0.0528088 0
0.52 -7.76373 0.06034 0
0.52 -7.69967 0.0677513 0
0.52 -7.62827 0.0750282 0
0.52 -7.54967 0.0821562 0
0.52 -7.46401 0.089121 0
0.52 -7.37148 0.0959088 0
0.52 -7.27226 0.102506 0
0.52 -7.16654 0.1089 0
0.52 -7.05453 0.115078 0
0.52 -6.93646 0.121027 0
0.52 -6.81256 0.126736 0
0.52 -6.68307 0.132193 0
0.52 -6.54826 0.137388 0
0.52 -6.40839 0.14231 0
0.52 -6.26373 0.14695 0
0.52 -6.11458 0.151298 0
0.52 -5.96124 0.155345 0
0.52 -5.804 0.159084 0
0.52 -5.64317 0.162507 0
0.52 -5.47909 0.165608 0
0.52 -5.31207 0.16838 0
0.52 -5.14244 0.170817 0
0.52 -4.97055 0.172915 0.0000194988
0.52 -4.79672 0.17467 0.0000421706
0.52 -4.62132 0.176078 0.0000887708
0.52 -4.44468 0.177137 0.000181401
0.52 -4.26716 0.177844 0.000358966
0.52 -4.08911 0.178198 0.000686316
0.52 -3.91089 0.178198 0.00126517
0.52 -3.73284 0.177844 0.0022444
0.52 -3.55532 0.177137 0.00382481
0.52 -3.37868 0.176078 0.00625131
0.52 -3.20328 0.17467 0.00978376
0.52 -3.02945 0.172915 0.0146401
0.52 -2.85756 0.170817 0.0209114
0.52 -2.68793 0.16838 0.0284586
0.52 -2.52091 0.165608 0.0368146
0.52 -2.35683 0.162507 0.0451241
0.52 -2.196 0.159084 0.0521535
0.52 -2.03876 0.155345 0.0563937
0.52 -1.88542 0.151298 0.0562532
0.52 -1.73627 0.14695 0.0503111
0.52 -1.59161 0.14231 0.0375795
0.52 -1.45174 0.137388 0.0177113
0.52 -1.31693 0.132193 -0.0088948
0.52 -1.18744 0.126736 -0.0411165
0.52 -1.06354 0.121027 -0.0772513
0.52 -0.945468 0.115078 -0.115242
0.52 -0.83346 0.1089 -0.152936
0.52 -0.72774 0.102506 -0.188318
0.52 -0.628516 0.0959088 -0.219685
0.52 -0.535985 0.089121 -0.245735
0.52 -0.450333 0.0821562 -0.265557
0.52 -0.371728 0.0750282 -0.278541
0.52 -0.300326 0.0677513 -0.284205
0.52 -0.23627 0.06034 -0.281931
0.52 -0.179686 0.0528088 -0.270588
0.52 -0.130687 0.0451727 -0.247974
0.52 -0.0893704 0.0374471 -0.210079
0.52 -0.0558178 0.0296471 -0.150843
0.52 -0.0300958 0.0217884 -0.067274
0.52 -0.012255 0.0138876 0.0126976
0.52 -0.00232686 0.00597089 0.0351895
0.52 0.00232686 0.00597089 0.0402524
0.52 0.012255 0.0138876 0.0598584
0.52 0.0300958 0.0217884 0.1342
0.52 0.0558178 0.0296471 0.217611
0.52 0.0893704 0.0374471 0.278754
0.52 0.130687 0.0451727 0.31848
0.52 0.179686 0.0528088 0.342304
0.52 0.23627 0.06034 0.354148
0.52 0.300326 0.0677513 0.356211
0.52 0.371728 0.0750282 0.34962
0.52 0.450333 0.0821562 0.334979
0.52 0.535985 0.089121 0.312758
0.52 0.628516 0.0959088 0.283566
0.52 0.72774 0.102506 0.248339
0.52 0.83346 0.1089 0.208441
0.52 0.945468 0.115078 0.165675
0.52 1.06354 0.121027 0.122197
0.52 1.18744 0.126736 0.0803335
0.52 1.31693 0.132193 0.0423383
0.52 1.45174 0.137388 0.0101139
0.52 1.59161 0.14231 -0.0150311
0.52 1.73627 0.14695 -0.0325426
0.52 1.88542 0.151298 -0.042658
0.52 2.03876 0.155345 -0.0463079
0.52 2.196 0.159084 -0.0449076
0.52 2.35683 0.162507 -0.0400885
0.52 2.52091 0.165608 -0.0334325
0.52 2.68793 0.16838 -0.0262648
0.52 2.85756 0.170817 -0.0195379
0.52 3.02945 0.172915 -0.0138103
0.52 3.20328 0.17467 -0.00929998
0.52 3.37868 0.176078 -0.00597914
0.52 3.55532 0.177137 -0.00367699
0.52 3.73284 0.177844 -0.00216683
0.52 3.91089 0.178198 -0.00122582
0.52 4.08911 0.178198 -0.000666987
0.52 4.26716 0.177844 -0.000349761
0.52 4.44468 0.177137 -0.000177145
0.52 4.62132 0.176078 -0.0000868563
0.52 4.79672 0.17467 -0.0000413309
0.52 4.97055 0.172915 -0.0000191388
0.52 5.14244 0.170817 0
0.52 5.31207 0.16838 0
0.52 5.47909 0.165608 0
0.52 5.64317 0.162507 0
0.52 5.804 0.159084 0
0.52 5.96124 0.155345 0
0.52 6.11458 0.151298 0
0.52 6.26373 0.14695 0
0.52 6.40839 0.14231 0
0.52 6.54826 0.137388 0
0.52 6.68307 0.132193 0
0.52 6.81256 0.126736 0
0.52 6.93646 0.121027 0
0.52 7.05453 0.115078 0
0.52 7.16654 0.1089 0
0.52 7.27226 0.102506 0
0.52 7.37148 0.0959088 0
0.52 7.46401 0.089121 0
0.52 7.54967 0.0821562 0
0.52 7.62827 0.0750282 0
0.52 7.69967 0.0677513 0
0.52 7.76373 0.06034 0
0.52 7.82031 0.0528088 0
0.52 7.86931 0.0451727 0
0.52 7.91063 0.0374471 0
0.52 7.94418 0.0296471 0
0.52 7.9699 0.0217884 0
0.52 7.98775 0.0138876 0
0.52 7.99767 0.00597089 0
0.56 -7.99767 0.00597089 0
0.56 -7.98775 0.0138876 0
0.56 -7.9699 0.0217884 0
0.56 -7.94418 0.0296471 0
0.56 -7.91063 0.0374471 0
0.56 -7.86931 0.0451727 0
0.56 -7.82031 0.0528088 0
0.56 -7.76373 0.06034 0
0.56 -7.69967 0.0677513 0
0.56 -7.62827 0.0750282 0
0.56 -7.54967 0.0821562 0
0.56 -7.46401 0.089121 0
0.56 -7.37148 0.0959088 0
0.56 -7.27226 0.102506 0
0.56 -7.16654 0.1089 0
0.56 -7.05453 0.115078 0
0.56 -6.93646 0.121027 0
0.56 -6.81256 0.126736 0
0.56 -6.68307 0.132193 0
0.56 -6.54826 0.137388 0
0.56 -6.40839 0.14231 0
0.56 -6.26373 0.14695 0
0.56 -6.11458 0.151298 0
0.56 -5.96124 0.155345 0
0.56 -5.804 0.159084 0
0.56 -5.64317 0.162507 0
0.56 -5.47909 0.165608 0
0.56 -5.31207 0.16838 0
0.56 -5.14244 0.170817 0
0.56 -4.97055 0.172915 0.0000195143
0.56 -4.79672 0.17467 0.0000422053
0.56 -4.62132 0.176078 0.0000888466
0.56 -4.44468 0.177137 0.000181562
0.56 -4.26716 0.177844 0.000359297
0.56 -4.08911 0.178198 0.000686976
0.56 -3.91089 0.178198 0.00126644
0.56 -3.73284 0.177844 0.00224675
0.56 -3.55532 0.177137 0.00382902
0.56 -3.37868 0.176078 0.00625852
0.56 -3.20328 0.17467 0.00979563
0.56 -3.02945 0.172915 0.0146589
0.56 -2.85756 0.170817 0.0209397
0.56 -2.68793 0.16838 0.0284992
0.56 -2.52091 0.165608 0.0368702
0.56 -2.35683 0.162507 0.0451962
0.56 -2.196 0.159084 0.0522417
0.56 -2.03876 0.155345 0.0564942
0.56 -1.88542 0.151298 0.0563578
0.56 -1.73627 0.14695 0.0504064
0.56 -1.59161 0.14231 0.0376456
0.56 -1.45174 0.137388 0.0177219
0.56 -1.31693 0.132193 -0.00897211
0.56 -1.18744 0.126736 -0.0413201
0.56 -1.06354 0.121027 -0.0776249
0.56 -0.945468 0.115078 -0.115834
0.56 -0.83346 0.1089 -0.1538
0.56 -0.72774 0.102506 -0.189515
0.56 -0.628516 0.0959088 -0.221283
0.56 -0.535985 0.089121 -0.247815
0.56 -0.450333 0.0821562 -0.268221
0.56 -0.371728 0.0750282 -0.28192
0.56 -0.300326 0.0677513 -0.288473
0.56 -0.23627 0.06034 -0.287327
0.56 -0.179686 0.0528088 -0.27744
0.56 -0.130687 0.0451727 -0.25671
0.56 -0.0893704 0.0374471 -0.221165
0.56 -0.0558178 0.0296471 -0.164354
0.56 -0.0300958 0.0217884 -0.0812284
0.56 -0.012255 0.0138876 0.00452832
0.56 -0.00232686 0.00597089 0.0308297
0.56 0.00232686 0.00597089 0.0359078
0.56 0.012255 0.0138876 0.0533414
0.56 0.0300958 0.0217884 0.12237
0.56 0.0558178 0.0296471 0.205288
0.56 0.0893704 0.0374471 0.268236
0.56 0.130687 0.0451727 0.310004
0.56 0.179686 0.0528088 0.335566
0.56 0.23627 0.06034 0.348794
0.56 0.300326 0.0677513 0.35195
0.56 0.371728 0.0750282 0.346231
0.56 0.450333 0.0821562 0.332298
0.56 0.535985 0.089121 0.310658
0.56 0.628516 0.0959088 0.281949
0.56 0.72774 0.102506 0.247125
0.56 0.83346 0.1089 0.207562
0.56 0.945468 0.115078 0.165071
0.56 1.06354 0.121027 0.121814
0.56 1.18744 0.126736 0.0801236
0.56 1.31693 0.132193 0.0422568
0.56 1.45174 0.137388 0.010122
0.56 1.59161 0.14231 -0.0149663
0.56 1.73627 0.14695 -0.0324478
0.56 1.88542 0.151298 -0.0425532
0.56 2.03876 0.155345 -0.046207
0.56 2.196 0.159084 -0.0448189
0.56 2.35683 0.162507 -0.0400159
0.56 2.52091 0.165608 -0.0333765
0.56 2.68793 0.16838 -0.0262238
0.56 2.85756 0.170817 -0.0195094
0.56 3.02945 0.172915 -0.0137914
0.56 3.20328 0.17467 -0.00928797
0.56 3.37868 0.176078 -0.00597185
0.56 3.55532 0.177137 -0.00367274
0.56 3.73284 0.177844 -0.00216445
0.56 3.91089 0.178198 -0.00122454
0.56 4.08911 0.178198 -0.000666319
0.56 4.26716 0.177844 -0.000349426
0.56 4.44468 0.177137 -0.000176983
0.56 4.62132 0.176078 -0.0000867797
0.56 4.79672 0.17467 -0.0000412958
0.56 4.97055 0.172915 -0.0000191231
0.56 5.14244 0.170817 0
0.56 5.31207 0.16838 0
0.56 5.47909 0.165608 0
0.56 5.64317 0.162507 0
0.56 5.804 0.159084 0
0.56 5.96124 0.155345 0
0.56 6.11458 0.151298 0
0.56 6.26373 0.14695 0
0.56 6.40839 0.14231 0
0.56 6.54826 0.137388 0
0.56 6.68307 0.132193 0
0.56 6.81256 0.126736 0
0.56 6.93646 0.121027 0
0.56 7.05453 0.115078 0
0.56 7.16654 0.1089 0
0.56 7.27226 0.102506 0
0.56 7.37148 0.0959088 0
0.56 7.46401 0.089121 0
0.56 7.54967 0.0821562 0
0.56 7.62827 0.0750282 0
0.56 7.69967 0.0677513 0
0.56 7.76373 0.06034 0
0.56 7.82031 0.0528088 0
0.56 7.86931 0.0451727 0
0.56 7.91063 0.0374471 0
0.56 7.94418 0.0296471 0
0.56 7.9699 0.0217884 0
0.56 7.98775 0.0138876 0
0.56 7.99767 0.00597089 0
0.6 -7.99767 0.00597089 0
0.6 -7.98775 0.0138876 0
0.6 -7.9699 0.0217884 0
0.6 -7.94418 0.0296471 0
0.6 -7.91063 0.0374471 0
0.6 -7.86931 0.0451727 0
0.6 -7.82031 0.0528088 0
0.6 -7.76373 0.06034 0
0.6 -7.69967 0.0677513 0
0.6 -7.62827 0.0750282 0
0.6 -7.54967 0.0821562 0
0.6 -7.46401 0.089121 0
0.6 -7.37148 0.0959088 0
0.6 -7.27226 0.102506 0
0.6 -7.16654 0.1089 0
0.6 -7.05453 0.115078 0
0.6 -6.93646 0.121027 0
0.6 -6.81256 0.126736 0
0.6 -6.68307 0.132193 0
0.6 -6.54826 0.137388 0
0.6 -6.40839 0.14231 0
0.6 -6.26373 0.14695 0
0.6 -6.11458 0.151298 0
0.6 -5.96124 0.155345 0
0.6 -5.804 0.159084 0
0.6 -5.64317 0.162507 0
0.6 -5.47909 0.165608 0
0.6 -5.31207 0.16838 0
0.6 -5.14244 0.170817 0
0.6 -4.97055 0.172915 0.0000195297
0.6 -4.79672 0.17467 0.0000422398
0.6 -4.62132 0.176078 0.0000889219
0.6 -4.44468 0.177137 0.000181722
0.6 -4.26716 0.177844 0.000359626
0.6 -4.08911 0.178198 0.000687632
0.6 -3.91089 0.178198 0.00126771
0.6 -3.73284 0.177844 0.0022491
0.6 -3.55532 0.177137 0.0038332
0.6 -3.37868 0.176078 0.0062657
0.6 -3.20328 0.17467 0.00980745
0.6 -3.02945 0.172915 0.0146775
0.6 -2.85756 0.170817 0.0209677
0.6 -2.68793 0.16838 0.0285396
0.6 -2.52091 0.165608 0.0369255
0.6 -2.35683 0.162507 0.045268
0.6 -2.196 0.159084 0.0523295
0.6 -2.03876 0.155345 0.0565945
0.6 -1.88542 0.151298 0.0564624
0.6 -1.73627 0.14695 0.0505019
0.6 -1.59161 0.14231 0.0377123
0.6 -1.45174 0.137388 0.0177338
0.6 -1.31693 0.132193 -0.00904731
0.6 -1.18744 0.126736 -0.0415206
0.6 -1.06354 0.121027 -0.0779942
0.6 -0.945468 0.115078 -0.116421
0.6 -0.83346 0.1089 -0.154658
0.6 -0.72774 0.102506 -0.190703
0.6 -0.628516 0.0959088 -0.222871
0.6 -0.535985 0.089121 -0.249886
0.6 -0.450333 0.0821562 -0.270876
0.6 -0.371728 0.0750282 -0.285293
0.6 -0.300326 0.0677513 -0.292744
0.6 -0.23627 0.06034 -0.292745
0.6 -0.179686 0.0528088 -0.28435
0.6 -0.130687 0.0451727 -0.265583
0.6 -0.0893704 0.0374471 -0.232554
0.6 -0.0558178 0.0296471 -0.178522
0.6 -0.0300958 0.0217884 -0.0964606
0.6 -0.012255 0.0138876 -0.00488981
0.6 -0.00232686 0.00597089 0.0264422
0.6 0.00232686 0.00597089 0.0315545
0.6 0.012255 0.0138876 0.0473558
0.6 0.0300958 0.0217884 0.111416
0.6 0.0558178 0.0296471 0.193497
0.6 0.0893704 0.0374471 0.257983
0.6 0.130687 0.0451727 0.301653
0.6 0.179686 0.0528088 0.328881
0.6 0.23627 0.06034 0.343459
0.6 0.300326 0.0677513 0.347691
0.6 0.371728 0.0750282 0.342837
0.6 0.450333 0.0821562 0.329608
0.6 0.535985 0.089121 0.308549
0.6 0.628516 0.0959088 0.280323
0.6 0.72774 0.102506 0.245903
0.6 0.83346 0.1089 0.206676
0.6 0.945468 0.115078 0.164462
0.6 1.06354 0.121027 0.121428
0.6 1.18744 0.126736 0.0799106
0.6 1.31693 0.132193 0.0421732
0.6 1.45174 0.137388 0.0101288
0.6 1.59161 0.14231 -0.0149022
0.6 1.73627 0.14695 -0.0323532
0.6 1.88542 0.151298 -0.0424483
0.6 2.03876 0.155345 -0.0461059
0.6 2.196 0.159084 -0.04473
0.6 2.35683 0.162507 -0.039943
0.6 2.52091 0.165608 -0.0333202
0.6 2.68793 0.16838 -0.0261827
0.6 2.85756 0.170817 -0.0194807
0.6 3.02945 0.172915 -0.0137724
0.6 3.20328 0.17467 -0.00927591
0.6 3.37868 0.176078 -0.00596451
0.6 3.55532 0.177137 -0.00366846
0.6 3.73284 0.177844 -0.00216206
0.6 3.91089 0.178198 -0.00122324
0.6 4.08911 0.178198 -0.000665648
0.6 4.26716 0.177844 -0.000349089
0.6 4.44468 0.177137 -0.000176819
0.6 4.62132 0.176078 -0.0000867025
0.6 4.79672 0.17467 -0.0000412604
0.6 4.97055 0.172915 -0.0000191073
0.6 5.14244 0.170817 0
0.6 5.31207 0.16838 0
0.6 5.47909 0.165608 0
0.6 5.64317 0.162507 0
0.6 5.804 0.159084 0
0.6 5.96124 0.155345 0
0.6 6.11458 0.151298 0
0.6 6.26373 0.14695 0
0.6 6.40839 0.14231 0
0.6 6.54826 0.137388 0
0.6 6.68307 0.132193 0
0.6 6.81256 0.126736 0
0.6 6.93646 0.121027 0
0.6 7.05453 0.115078 0
0.6 7.16654 0.1089 0
0.6 7.27226 0.102506 0
0.6 7.37148 0.0959088 0
0.6 7.46401 0.089121 0
0.6 7.54967 0.0821562 0
0.6 7.62827 0.0750282 0
0.6 7.69967 0.0677513 0
0.6 7.76373 0.06034 0
0.6 7.82031 0.0528088 0
0.6 7.86931 0.0451727 0
0.6 7.91063 0.0374471 0
0.6 7.94418 0.0296471 0
0.6 7.9699 0.0217884 0
0.6 7.98775 0.0138876 0
0.6 7.99767 0.00597089 0
0.64 -7.99767 0.00597089 0
0.64 -7.98775 0.0138876 0
0.64 -7.9699 0.0217884 0
0.64 -7.94418 0.0296471 0
0.64 -7.91063 0.0374471 0
0.64 -7.86931 0.0451727 0
0.64 -7.82031 0.0528088 0
0.64 -7.76373 0.06034 0
0.64 -7.69967 0.0677513 0
0.64 -7.62827 0.0750282 0
0.64 -7.54967 0.0821562 0
0.64 -7.46401 0.089121 0
0.64 -7.37148 0.0959088 0
0.64 -7.27226 0.102506 0
0.64 -7.16654 0.1089 0
0.64 -7.05453 0.115078 0
0.64 -6.93646 0.121027 0
0.64 -6.81256 0.126736 0
0.64 -6.68307 0.132193 0
0.64 -6.54826 0.137388 0
0.64 -6.40839 0.14231 0
0.64 -6.26373 0.14695 0
0.64 -6.11458 0.151298 0
0.64 -5.96124 0.155345 0
0.64 -5.804 0.159084 0
0.64 -5.64317 0.162507 0
0.64 -5.47909 0.165608 0
0.64 -5.31207 0.16838 0
0.64 -5.14244 0.170817 0
0.64 -4.97055 0.172915 0.000019545
0.64 -4.79672 0.17467 0.0000422741
0.64 -4.62132 0.176078 0.0000889967
0.64 -4.44468 0.177137 0.000181881
0.64 -4.26716 0.177844 0.000359953
0.64 -4.08911 0.178198 0.000688284
0.64 -3.91089 0.178198 0.00126896
0.64 -3.73284 0.177844 0.00225143
0.64 -3.55532 0.177137 0.00383736
0.64 -3.37868 0.176078 0.00627284
0.64 -3.20328 0.17467 0.0098192
0.64 -3.02945 0.172915 0.014696
0.64 -2.85756 0.170817 0.0209957
0.64 -2.68793 0.16838 0.0285798
0.64 -2.52091 0.165608 0.0369806
0.64 -2.35683 0.162507 0.0453396
0.64 -2.196 0.159084 0.0524171
0.64 -2.03876 0.155345 0.0566945
0.64 -1.88542 0.151298 0.056567
0.64 -1.73627 0.14695 0.0505975
0.64 -1.59161 0.14231 0.0377797
0.64 -1.45174 0.137388 0.017747
0.64 -1.31693 0.132193 -0.0091204
0.64 -1.18744 0.126736 -0.041718
0.64 -1.06354 0.121027 -0.078359
0.64 -0.945468 0.115078 -0.117002
0.64 -0.83346 0.1089 -0.155508
0.64 -0.72774 0.102506 -0.191883
0.64 -0.628516 0.0959088 -0.22445
0.64 -0.535985 0.089121 -0.251946
0.64 -0.450333 0.0821562 -0.273522
0.64 -0.371728 0.0750282 -0.28866
0.64 -0.300326 0.0677513 -0.297018
0.64 -0.23627 0.06034 -0.298183
0.64 -0.179686 0.0528088 -0.291319
0.64 -0.130687 0.0451727 -0.274595
0.64 -0.0893704 0.0374471 -0.244259
0.64 -0.0558178 0.0296471 -0.193394
0.64 -0.0300958 0.0217884 -0.113138
0.64 -0.012255 0.0138876 -0.0159596
0.64 -0.00232686 0.00597089 0.0220047
0.64 0.00232686 0.00597089 0.0271819
0.64 0.012255 0.0138876 0.0417644
0.64 0.0300958 0.0217884 0.101234
0.64 0.0558178 0.0296471 0.182203
0.64 0.0893704 0.0374471 0.247983
0.64 0.130687 0.0451727 0.293421
0.64 0.179686 0.0528088 0.32225
0.64 0.23627 0.06034 0.338143
0.64 0.300326 0.0677513 0.343435
0.64 0.371728 0.0750282 0.339438
0.64 0.450333 0.0821562 0.326909
0.64 0.535985 0.089121 0.30643
0.64 0.628516 0.0959088 0.278688
0.64 0.72774 0.102506 0.244672
0.64 0.83346 0.1089 0.205783
0.64 0.945468 0.115078 0.163847
0.64 1.06354 0.121027 0.121037
0.64 1.18744 0.126736 0.0796945
0.64 1.31693 0.132193 0.0420875
0.64 1.45174 0.137388 0.0101344
0.64 1.59161 0.14231 -0.0148387
0.64 1.73627 0.14695 -0.0322587
0.64 1.88542 0.151298 -0.0423434
0.64 2.03876 0.155345 -0.0460045
0.64 2.196 0.159084 -0.0446407
0.64 2.35683 0.162507 -0.0398698
0.64 2.52091 0.165608 -0.0332637
0.64 2.68793 0.16838 -0.0261413
0.64 2.85756 0.170817 -0.019452
0.64 3.02945 0.172915 -0.0137533
0.64 3.20328 0.17467 -0.00926378
0.64 3.37868 0.176078 -0.00595714
0.64 3.55532 0.177137 -0.00366416
0.64 3.73284 0.177844 -0.00215965
0.64 3.91089 0.178198 -0.00122194
0.64 4.08911 0.178198 -0.000664973
0.64 4.26716 0.177844 -0.00034875
0.64 4.44468 0.177137 -0.000176654
0.64 4.62132 0.176078 -0.0000866249
0.64 4.79672 0.17467 -0.0000412249
0.64 4.97055 0.172915 -0.0000190914
0.64 5.14244 0.170817 0
0.64 5.31207 0.16838 0
0.64 5.47909 0.165608 0
0.64 5.64317 0.162507 0
0.64 5.804 0.159084 0
0.64 5.96124 0.155345 0
0.64 6.11458 0.151298 0
0.64 6.26373 0.14695 0
0.64 6.40839 0.14231 0
0.64 6.54826 0.137388 0
0.64 6.68307 0.132193 0
0.64 6.81256 0.126736 0
0.64 6.93646 0.121027 0
0.64 7.05453 0.115078 0
0.64 7.16654 0.1089 0
0.64 7.27226 0.102506 0
0.64 7.37148 0.0959088 0
0.64 7.46401 0.089121 0
0.64 7.54967 0.0821562 0
0.64 7.62827 0.0750282 0
0.64 7.69967 0.0677513 0
0.64 7.76373 0.06034 0
0.64 7.82031 0.0528088 0
0.64 7.86931 0.0451727 0
0.64 7.91063 0.0374471 0
0.64 7.94418 0.0296471 0
0.64 7.9699 0.0217884 0
0.64 7.98775 0.0138876 0
0.64 7.99767 0.00597089 0
0.68 -7.99767 0.00597089 0
0.68 -7.98775 0.0138876 0
0.68 -7.9699 0.0217884 0
0.68 -7.94418 0.0296471 0
0.68 -7.91063 0.0374471 0
0.68 -7.86931 0.0451727 0
0.68 -7.82031 0.0528088 0
0.68 -7.76373 0.06034 0
0.68 -7.69967 0.0677513 0
0.68 -7.62827 0.0750282 0
0.68 -7.54967 0.0821562 0
0.68 -7.46401 0.089121 0
0.68 -7.37148 0.0959088 0
0.68 -7.27226 0.102506 0
0.68 -7.16654 0.1089 0
0.68 -7.05453 0.115078 0
0.68 -6.93646 0.121027 0
0.68 -6.81256 0.126736 0
0.68 -6.68307 0.132193 0
0.68 -6.54826 0.137388 0
0.68 -6.40839 0.14231 0
0.68 -6.26373 0.14695 0
0.68 -6.11458 0.151298 0
0.68 -5.96124 0.155345 0
0.68 -5.804 0.159084 0
0.68 -5.64317 0.162507 0
0.68 -5.47909 0.165608 0
0.68 -5.31207 0.16838 0
0.68 -5.14244 0.170817 0
0.68 -4.97055 0.172915 0.0000195602
0.68 -4.79672 0.17467 0.0000423081
0.68 -4.62132 0.176078 0.000089071
0.68 -4.44468 0.177137 0.000182038
0.68 -4.26716 0.177844 0.000360278
0.68 -4.08911 0.178198 0.000688932
0.68 -3.91089 0.178198 0.00127021
0.68 -3.73284 0.177844 0.00225374
0.68 -3.55532 0.177137 0.0038415
0.68 -3.37868 0.176078 0.00627993
0.68 -3.20328 0.17467 0.00983088
0.68 -3.02945 0.172915 0.0147145
0.68 -2.85756 0.170817 0.0210235
0.68 -2.68793 0.16838 0.0286199
0.68 -2.52091 0.165608 0.0370355
0.68 -2.35683 0.162507 0.0454109
0.68 -2.196 0.159084 0.0525045
0.68 -2.03876 0.155345 0.0567944
0.68 -1.88542 0.151298 0.0566714
0.68 -1.73627 0.14695 0.0506934
0.68 -1.59161 0.14231 0.0378477
0.68 -1.45174 0.137388 0.0177615
0.68 -1.31693 0.132193 -0.00919135
0.68 -1.18744 0.126736 -0.0419121
0.68 -1.06354 0.121027 -0.0787194
0.68 -0.945468 0.115078 -0.117576
0.68 -0.83346 0.1089 -0.156351
0.68 -0.72774 0.102506 -0.193054
0.68 -0.628516 0.0959088 -0.226019
0.68 -0.535985 0.089121 -0.253996
0.68 -0.450333 0.0821562 -0.276159
0.68 -0.371728 0.0750282 -0.292022
0.68 -0.300326 0.0677513 -0.301294
0.68 -0.23627 0.06034 -0.303643
0.68 -0.179686 0.0528088 -0.298349
0.68 -0.130687 0.0451727 -0.283752
0.68 -0.0893704 0.0374471 -0.256293
0.68 -0.0558178 0.0296471 -0.209018
0.68 -0.0300958 0.0217884 -0.131451
0.68 -0.012255 0.0138876 -0.0292118
0.68 -0.00232686 0.00597089 0.017475
0.68 0.00232686 0.00597089 0.0227788
0.68 0.012255 0.0138876 0.0364612
0.68 0.0300958 0.0217884 0.0917281
0.68 0.0558178 0.0296471 0.171369
0.68 0.0893704 0.0374471 0.238223
0.68 0.130687 0.0451727 0.285304
0.68 0.179686 0.0528088 0.315669
0.68 0.23627 0.06034 0.332846
0.68 0.300326 0.0677513 0.339181
0.68 0.371728 0.0750282 0.336033
0.68 0.450333 0.0821562 0.324201
0.68 0.535985 0.089121 0.3043
0.68 0.628516 0.0959088 0.277043
0.68 0.72774 0.102506 0.243433
0.68 0.83346 0.1089 0.204883
0.68 0.945468 0.115078 0.163226
0.68 1.06354 0.121027 0.120641
0.68 1.18744 0.126736 0.0794751
0.68 1.31693 0.132193 0.0419997
0.68 1.45174 0.137388 0.0101387
0.68 1.59161 0.14231 -0.0147758
0.68 1.73627 0.14695 -0.0321645
0.68 1.88542 0.151298 -0.0422384
0.68 2.03876 0.155345 -0.045903
0.68 2.196 0.159084 -0.0445512
0.68 2.35683 0.162507 -0.0397964
0.68 2.52091 0.165608 -0.033207
0.68 2.68793 0.16838 -0.0260998
0.68 2.85756 0.170817 -0.0194231
0.68 3.02945 0.172915 -0.0137341
0.68 3.20328 0.17467 -0.00925159
0.68 3.37868 0.176078 -0.00594973
0.68 3.55532 0.177137 -0.00365984
0.68 3.73284 0.177844 -0.00215722
0.68 3.91089 0.178198 -0.00122064
0.68 4.08911 0.178198 -0.000664294
0.68 4.26716 0.177844 -0.000348409
0.68 4.44468 0.177137 -0.000176489
0.68 4.62132 0.176078 -0.0000865468
0.68 4.79672 0.17467 -0.0000411891
0.68 4.97055 0.172915 -0.0000190755
0.68 5.14244 0.170817 0
0.68 5.31207 0.16838 0
0.68 5.47909 0.165608 0
0.68 5.64317 0.162507 0
0.68 5.804 0.159084 0
0.68 5.96124 0.155345 0
0.68 6.11458 0.151298 0
0.68 6.26373 0.14695 0
0.68 6.40839 0.14231 0
0.68 6.54826 0.137388 0
0.68 6.68307 0.132193 0
0.68 6.81256 0.126736 0
0.68 6.93646 0.121027 0
0.68 7.05453 0.115078 0
0.68 7.16654 0.1089 0
0.68 7.27226 0.102506 0
0.68 7.37148 0.0959088 0
0.68 7.46401 0.089121 0
0.68 7.54967 0.0821562 0
0.68 7.62827 0.0750282 0
0.68 7.69967 0.0677513 0
0.68 7.76373 0.06034 0
0.68 7.82031 0.0528088 0
0.68 7.86931 0.0451727 0
0.68 7.91063 0.0374471 0
0.68 7.94418 0.0296471 0
0.68 7.9699 0.0217884 0
0.68 7.98775 0.0138876 0
0.68 7.99767 0.00597089 0
0.72 -7.99767 0.00597089 0
0.72 -7.98775 0.0138876 0
0.72 -7.9699 0.0217884 0
0.72 -7.94418 0.0296471 0
0.72 -7.91063 0.0374471 0
0.72 -7.86931 0.0451727 0
0.72 -7.82031 0.0528088 0
0.72 -7.76373 0.06034 0
0.72 -7.69967 0.0677513 0
0.72 -7.62827 0.0750282 0
0.72 -7.54967 0.0821562 0
0.72 -7.46401 0.089121 0
0.72 -7.37148 0.0959088 0
0.72 -7.27226 0.102506 0
0.72 -7.16654 0.1089 0
0.72 -7.05453 0.115078 0
0.72 -6.93646 0.121027 0
0.72 -6.81256 0.126736 0
0.72 -6.68307 0.132193 0
0.72 -6.54826 0.137388 0
0.72 -6.40839 0.14231 0
0.72 -6.26373 0.14695 0
0.72 -6.11458 0.151298 0
0.72 -5.96124 0.155345 0
0.72 -5.804 0.159084 0
0.72 -5.64317 0.162507 0
0.72 -5.47909 0.165608 0
0.72 -5.31207 0.16838 0
0.72 -5.14244 0.170817 0
0.72 -4.97055 0.172915 0.0000195753
0.72 -4.79672 0.17467 0.0000423419
0.72 -4.62132 0.176078 0.0000891449
0.72 -4.44468 0.177137 0.000182195
0.72 -4.26716 0.177844 0.000360601
0.72 -4.08911 0.178198 0.000689575
0.72 -3.91089 0.178198 0.00127145
0.72 -3.73284 0.177844 0.00225604
0.72 -3.55532 0.177137 0.00384561
0.72 -3.37868 0.176078 0.00628699
0.72 -3.20328 0.17467 0.00984251
0.72 -3.02945 0.172915 0.0147328
0.72 -2.85756 0.170817 0.0210512
0.72 -2.68793 0.16838 0.0286597
0.72 -2.52091 0.165608 0.0370901
0.72 -2.35683 0.162507 0.0454819
0.72 -2.196 0.159084 0.0525915
0.72 -2.03876 0.155345 0.056894
0.72 -1.88542 0.151298 0.0567758
0.72 -1.73627 0.14695 0.0507895
0.72 -1.59161 0.14231 0.0379164
0.72 -1.45174 0.137388 0.0177773
0.72 -1.31693 0.132193 -0.00926013
0.72 -1.18744 0.126736 -0.042103
0.72 -1.06354 0.121027 -0.0790752
0.72 -0.945468 0.115078 -0.118145
0.72 -0.83346 0.1089 -0.157186
0.72 -0.72774 0.102506 -0.194216
0.72 -0.628516 0.0959088 -0.227577
0.72 -0.535985 0.089121 -0.256036
0.72 -0.450333 0.0821562 -0.278786
0.72 -0.371728 0.0750282 -0.295378
0.72 -0.300326 0.0677513 -0.305574
0.72 -0.23627 0.06034 -0.309124
0.72 -0.179686 0.0528088 -0.305439
0.72 -0.130687 0.0451727 -0.293055
0.72 -0.0893704 0.0374471 -0.268669
0.72 -0.0558178 0.0296471 -0.225446
0.72 -0.0300958 0.0217884 -0.15161
0.72 -0.012255 0.0138876 -0.0453468
0.72 -0.00232686 0.00597089 0.0127579
0.72 0.00232686 0.00597089 0.0183328
0.72 0.012255 0.0138876 0.031363
0.72 0.0300958 0.0217884 0.0828131
0.72 0.0558178 0.0296471 0.160962
0.72 0.0893704 0.0374471 0.228691
0.72 0.130687 0.0451727 0.277297
0.72 0.179686 0.0528088 0.309136
0.72 0.23627 0.06034 0.327566
0.72 0.300326 0.0677513 0.334929
0.72 0.371728 0.0750282 0.332622
0.72 0.450333 0.0821562 0.321484
0.72 0.535985 0.089121 0.302161
0.72 0.628516 0.0959088 0.275388
0.72 0.72774 0.102506 0.242186
0.72 0.83346 0.1089 0.203975
0.72 0.945468 0.115078 0.162599
0.72 1.06354 0.121027 0.120241
0.72 1.18744 0.126736 0.0792526
0.72 1.31693 0.132193 0.0419098
0.72 1.45174 0.137388 0.0101417
0.72 1.59161 0.14231 -0.0147136
0.72 1.73627 0.14695 -0.0320705
0.72 1.88542 0.151298 -0.0421333
0.72 2.03876 0.155345 -0.0458012
0.72 2.196 0.159084 -0.0444614
0.72 2.35683 0.162507 -0.0397226
0.72 2.52091 0.165608 -0.03315
0.72 2.68793 0.16838 -0.0260581
0.72 2.85756 0.170817 -0.019394
0.72 3.02945 0.172915 -0.0137148
0.72 3.20328 0.17467 -0.00923934
0.72 3.37868 0.176078 -0.00594227
0.72 3.55532 0.177137 -0.00365549
0.72 3.73284 0.177844 -0.00215479
0.72 3.91089 0.178198 -0.00121932
0.72 4.08911 0.178198 -0.00066361
0.72 4.26716 0.177844 -0.000348066
0.72 4.44468 0.177137 -0.000176322
0.72 4.62132 0.176078 -0.0000864683
0.72 4.79672 0.17467 -0.0000411531
0.72 4.97055 0.172915 -0.0000190594
0.72 5.14244 0.170817 0
0.72 5.31207 0.16838 0
0.72 5.47909 0.165608 0
0.72 5.64317 0.162507 0
0.72 5.804 0.159084 0
0.72 5.96124 0.155345 0
0.72 6.11458 0.151298 0
0.72 6.26373 0.14695 0
0.72 6.40839 0.14231 0
0.72 6.54826 0.137388 0
0.72 6.68307 0.132193 0
0.72 6.81256 0.126736 0
0.72 6.93646 0.121027 0
0.72 7.05453 0.115078 0
0.72 7.16654 0.1089 0
0.72 7.27226 0.102506 0
0.72 7.37148 0.0959088 0
0.72 7.46401 0.089121 0
0.72 7.54967 0.0821562 0
0.72 7.62827 0.0750282 0
0.72 7.69967 0.0677513 0
0.72 7.76373 0.06034 0
0.72 7.82031 0.0528088 0
0.72 7.86931 0.0451727 0
0.72 7.91063 0.0374471 0
0.72 7.94418 0.0296471 0
0.72 7.9699 0.0217884 0
0.72 7.98775 0.0138876 0
0.72 7.99767 0.00597089 0
0.76 -7.99767 0.00597089 0
0.76 -7.98775 0.0138876 0
0.76 -7.9699 0.0217884 0
0.76 -7.94418 0.0296471 0
0.76 -7.91063 0.0374471 0
0.76 -7.86931 0.0451727 0
0.76 -7.82031 0.0528088 0
0.76 -7.76373 0.06034 0
0.76 -7.69967 0.0677513 0
0.76 -7.62827 0.0750282 0
0.76 -7.54967 0.0821562 0
0.76 -7.46401 0.089121 0
0.76 -7.37148 0.0959088 0
0.76 -7.27226 0.102506 0
0.76 -7.16654 0.1089 0
0.76 -7.05453 0.115078 0
0.76 -6.93646 0.121027 0
0.76 -6.81256 0.126736 0
0.76 -6.68307 0.132193 0
0.76 -6.54826 0.137388 0
0.76 -6.40839 0.14231 0
0.76 -6.26373 0.14695 0
0.76 -6.11458 0.151298 0
0.76 -5.96124 0.155345 0
0.76 -5.804 0.159084 0
0.76 -5.64317 0.162507 0
0.76 -5.47909 0.165608 0
0.76 -5.31207 0.16838 0
0.76 -5.14244 0.170817 0
0.76 -4.97055 0.172915 0.0000195903
0.76 -4.79672 0.17467 0.0000423755
0.76 -4.62132 0.176078 0.0000892183
0.76 -4.44468 0.177137 0.000182351
0.76 -4.26716 0.177844 0.000360922
0.76 -4.08911 0.178198 0.000690215
0.76 -3.91089 0.178198 0.00127268
0.76 -3.73284 0.177844 0.00225833
0.76 -3.55532 0.177137 0.00384969
0.76 -3.37868 0.176078 0.00629401
0.76 -3.20328 0.17467 0.00985406
0.76 -3.02945 0.172915 0.014751
0.76 -2.85756 0.170817 0.0210787
0.76 -2.68793 0.16838 0.0286993
0.76 -2.52091 0.165608 0.0371445
0.76 -2.35683 0.162507 0.0455526
0.76 -2.196 0.159084 0.0526783
0.76 -2.03876 0.155345 0.0569934
0.76 -1.88542 0.151298 0.0568801
0.76 -1.73627 0.14695 0.0508858
0.76 -1.59161 0.14231 0.0379857
0.76 -1.45174 0.137388 0.0177944
0.76 -1.31693 0.132193 -0.00932671
0.76 -1.18744 0.126736 -0.0422905
0.76 -1.06354 0.121027 -0.0794265
0.76 -0.945468 0.115078 -0.118708
0.76 -0.83346 0.1089 -0.158014
0.76 -0.72774 0.102506 -0.195368
0.76 -0.628516 0.0959088 -0.229126
0.76 -0.535985 0.089121 -0.258064
0.76 -0.450333 0.0821562 -0.281403
0.76 -0.371728 0.0750282 -0.298727
0.76 -0.300326 0.0677513 -0.309854
0.76 -0.23627 0.06034 -0.314625
0.76 -0.179686 0.0528088 -0.312591
0.76 -0.130687 0.0451727 -0.302508
0.76 -0.0893704 0.0374471 -0.2814
0.76 -0.0558178 0.0296471 -0.242732
0.76 -0.0300958 0.0217884 -0.173854
0.76 -0.012255 0.0138876 -0.0652891
0.76 -0.00232686 0.00597089 0.00761771
0.76 0.00232686 0.00597089 0.0138295
0.76 0.012255 0.0138876 0.0264031
0.76 0.0300958 0.0217884 0.0744122
0.76 0.0558178 0.0296471 0.150947
0.76 0.0893704 0.0374471 0.219374
0.76 0.130687 0.0451727 0.269396
0.76 0.179686 0.0528088 0.30265
0.76 0.23627 0.06034 0.322301
0.76 0.300326 0.0677513 0.330677
0.76 0.371728 0.0750282 0.329204
0.76 0.450333 0.0821562 0.318757
0.76 0.535985 0.089121 0.300011
0.76 0.628516 0.0959088 0.273723
0.76 0.72774 0.102506 0.240929
0.76 0.83346 0.1089 0.20306
0.76 0.945468 0.115078 0.161967
0.76 1.06354 0.121027 0.119837
0.76 1.18744 0.126736 0.0790268
0.76 1.31693 0.132193 0.0418177
0.76 1.45174 0.137388 0.0101434
0.76 1.59161 0.14231 -0.0146521
0.76 1.73627 0.14695 -0.0319767
0.76 1.88542 0.151298 -0.0420282
0.76 2.03876 0.155345 -0.0456992
0.76 2.196 0.159084 -0.0443714
0.76 2.35683 0.162507 -0.0396486
0.76 2.52091 0.165608 -0.0330928
0.76 2.68793 0.16838 -0.0260162
0.76 2.85756 0.170817 -0.0193648
0.76 3.02945 0.172915 -0.0136954
0.76 3.20328 0.17467 -0.00922702
0.76 3.37868 0.176078 -0.00593478
0.76 3.55532 0.177137 -0.00365112
0.76 3.73284 0.177844 -0.00215234
0.76 3.91089 0.178198 -0.001218
0.76 4.08911 0.178198 -0.000662923
0.76 4.26716 0.177844 -0.000347721
0.76 4.44468 0.177137 -0.000176154
0.76 4.62132 0.176078 -0.0000863892
0.76 4.79672 0.17467 -0.0000411169
0.76 4.97055 0.172915 -0.0000190432
0.76 5.14244 0.170817 0
0.76 5.31207 0.16838 0
0.76 5.47909 0.165608 0
0.76 5.64317 0.162507 0
0.76 5.804 0.159084 0
0.76 5.96124 0.155345 0
0.76 6.11458 0.151298 0
0.76 6.26373 0.14695 0
0.76 6.40839 0.14231 0
0.76 6.54826 0.137388 0
0.76 6.68307 0.132193 0
0.76 6.81256 0.126736 0
0.76 6.93646 0.121027 0
0.76 7.05453 0.115078 0
0.76 7.16654 0.1089 0
0.76 7.27226 0.102506 0
0.76 7.37148 0.0959088 0
0.76 7.46401 0.089121 0
0.76 7.54967 0.0821562 0
0.76 7.62827 0.0750282 0
0.76 7.69967 0.0677513 0
0.76 7.76373 0.06034 0
0.76 7.82031 0.0528088 0
0.76 7.86931 0.0451727 0
0.76 7.91063 0.0374471 0
0.76 7.94418 0.0296471 0
0.76 7.9699 0.0217884 0
0.76 7.98775 0.0138876 0
0.76 7.99767 0.00597089 0
0.8 -7.99767 0.00597089 0
0.8 -7.98775 0.0138876 0
0.8 -7.9699 0.0217884 0
0.8 -7.94418 0.0296471 0
0.8 -7.91063 0.0374471 0
0.8 -7.86931 0.0451727 0
0.8 -7.82031 0.0528088 0
0.8 -7.76373 0.06034 0
0.8 -7.69967 0.0677513 0
0.8 -7.62827 0.0750282 0
0.8 -7.54967 0.0821562 0
0.8 -7.46401 0.089121 0
0.8 -7.37148 0.0959088 0
0.8 -7.27226 0.102506 0
0.8 -7.16654 0.1089 0
0.8 -7.05453 0.115078 0
0.8 -6.93646 0.121027 0
0.8 -6.81256 0.126736 0
0.8 -6.68307 0.132193 0
0.8 -6.54826 0.137388 0
0.8 -6.40839 0.14231 0
0.8 -6.26373 0.14695 0
0.8 -6.11458 0.151298 0
0.8 -5.96124 0.155345 0
0.8 -5.804 0.159084 0
0.8 -5.64317 0.162507 0
0.8 -5.47909 0.165608 0
0.8 -5.31207 0.16838 0
0.8 -5.14244 0.170817 0
0.8 -4.97055 0.172915 0.0000196052
0.8 -4.79672 0.17467 0.0000424089
0.8 -4.62132 0.176078 0.0000892912
0.8 -4.44468 0.177137 0.000182506
0.8 -4.26716 0.177844 0.000361241
0.8 -4.08911 0.178198 0.000690851
0.8 -3.91089 0.178198 0.0012739
0.8 -3.73284 0.177844 0.0022606
0.8 -3.55532 0.177137 0.00385375
0.8 -3.37868 0.176078 0.00630098
0.8 -3.20328 0.17467 0.00986555
0.8 -3.02945 0.172915 0.0147692
0.8 -2.85756 0.170817 0.0211061
0.8 -2.68793 0.16838 0.0287388
0.8 -2.52091 0.165608 0.0371986
0.8 -2.35683 0.162507 0.0456231
0.8 -2.196 0.159084 0.0527647
0.8 -2.03876 0.155345 0.0570925
0.8 -1.88542 0.151298 0.0569844
0.8 -1.73627 0.14695 0.0509823
0.8 -1.59161 0.14231 0.0380557
0.8 -1.45174 0.137388 0.0178128
0.8 -1.31693 0.132193 -0.00939106
0.8 -1.18744 0.126736 -0.0424747
0.8 -1.06354 0.121027 -0.079773
0.8 -0.945468 0.115078 -0.119265
0.8 -0.83346 0.1089 -0.158833
0.8 -0.72774 0.102506 -0.196512
0.8 -0.628516 0.0959088 -0.230663
0.8 -0.535985 0.089121 -0.260082
0.8 -0.450333 0.0821562 -0.284009
0.8 -0.371728 0.0750282 -0.302068
0.8 -0.300326 0.0677513 -0.314136
0.8 -0.23627 0.06034 -0.320146
0.8 -0.179686 0.0528088 -0.319803
0.8 -0.130687 0.0451727 -0.312113
0.8 -0.0893704 0.0374471 -0.2945
0.8 -0.0558178 0.0296471 -0.260932
0.8 -0.0300958 0.0217884 -0.198453
0.8 -0.012255 0.0138876 -0.0902599
0.8 -0.00232686 0.00597089 0.00144012
0.8 0.00232686 0.00597089 0.00925088
0.8 0.012255 0.0138876 0.0215263
0.8 0.0300958 0.0217884 0.066455
0.8 0.0558178 0.0296471 0.141295
0.8 0.0893704 0.0374471 0.21026
0.8 0.130687 0.0451727 0.261593
0.8 0.179686 0.0528088 0.296207
0.8 0.23627 0.06034 0.317051
0.8 0.300326 0.0677513 0.326425
0.8 0.371728 0.0750282 0.325779
0.8 0.450333 0.0821562 0.316019
0.8 0.535985 0.089121 0.29785
0.8 0.628516 0.0959088 0.272048
0.8 0.72774 0.102506 0.239663
0.8 0.83346 0.1089 0.202138
0.8 0.945468 0.115078 0.161328
0.8 1.06354 0.121027 0.119428
0.8 1.18744 0.126736 0.0787978
0.8 1.31693 0.132193 0.0417234
0.8 1.45174 0.137388 0.0101438
0.8 1.59161 0.14231 -0.0145912
0.8 1.73627 0.14695 -0.0318831
0.8 1.88542 0.151298 -0.0419229
0.8 2.03876 0.155345 -0.045597
0.8 2.196 0.159084 -0.044281
0.8 2.35683 0.162507 -0.0395744
0.8 2.52091 0.165608 -0.0330353
0.8 2.68793 0.16838 -0.0259741
0.8 2.85756 0.170817 -0.0193355
0.8 3.02945 0.172915 -0.0136759
0.8 3.20328 0.17467 -0.00921463
0.8 3.37868 0.176078 -0.00592724
0.8 3.55532 0.177137 -0.00364672
0.8 3.73284 0.177844 -0.00214987
0.8 3.91089 0.178198 -0.00121667
0.8 4.08911 0.178198 -0.000662232
0.8 4.26716 0.177844 -0.000347374
0.8 4.44468 0.177137 -0.000175985
0.8 4.62132 0.176078 -0.0000863097
0.8 4.79672 0.17467 -0.0000410804
0.8 4.97055 0.172915 -0.0000190269
0.8 5.14244 0.170817 0
0.8 5.31207 0.16838 0
0.8 5.47909 0.165608 0
0.8 5.64317 0.162507 0
0.8 5.804 0.159084 0
0.8 5.96124 0.155345 0
0.8 6.11458 0.151298 0
0.8 6.26373 0.14695 0
0.8 6.40839 0.14231 0
0.8 6.54826 0.137388 0
0.8 6.68307 0.132193 0
0.8 6.81256 0.126736 0
0.8 6.93646 0.121027 0
0.8 7.05453 0.115078 0
0.8 7.16654 0.1089 0
0.8 7.27226 0.102506 0
0.8 7.37148 0.0959088 0
0.8 7.46401 0.089121 0
0.8 7.54967 0.0821562 0
0.8 7.62827 0.0750282 0
0.8 7.69967 0.0677513 0
0.8 7.76373 0.06034 0
0.8 7.82031 0.0528088 0
0.8 7.86931 0.0451727 0
0.8 7.91063 0.0374471 0
0.8 7.94418 0.0296471 0
0.8 7.9699 0.0217884 0
0.8 7.98775 0.0138876 0
0.8 7.99767 0.00597089 0
0.84 -7.99767 0.00597089 0
0.84 -7.98775 0.0138876 0
0.84 -7.9699 0.0217884 0
0.84 -7.94418 0.0296471 0
0.84 -7.91063 0.0374471 0
0.84 -7.86931 0.0451727 0
0.84 -7.82031 0.0528088 0
0.84 -7.76373 0.06034 0
0.84 -7.69967 0.0677513 0
0.84 -7.62827 0.0750282 0
0.84 -7.54967 0.0821562 0
0.84 -7.46401 0.089121 0
0.84 -7.37148 0.0959088 0
0.84 -7.27226 0.102506 0
0.84 -7.16654 0.1089 0
0.84 -7.05453 0.115078 0
0.84 -6.93646 0.121027 0
0.84 -6.81256 0.126736 0
0.84 -6.68307 0.132193 0
0.84 -6.54826 0.137388 0
0.84 -6.40839 0.14231 0
0.84 -6.26373 0.14695 0
0.84 -6.11458 0.151298 0
0.84 -5.96124 0.155345 0
0.84 -5.804 0.159084 0
0.84 -5.64317 0.162507 0
0.84 -5.47909 0.165608 0
0.84 -5.31207 0.16838 0
0.84 -5.14244 0.170817 0
0.84 -4.97055 0.172915 0.00001962
0.84 -4.79672 0.17467 0.0000424421
0.84 -4.62132 0.176078 0.0000893636
0.84 -4.44468 0.177137 0.00018266
0.84 -4.26716 0.177844 0.000361557
0.84 -4.08911 0.178198 0.000691483
0.84 -3.91089 0.178198 0.00127512
0.84 -3.73284 0.177844 0.00226286
0.84 -3.55532 0.177137 0.00385779
0.84 -3.37868 0.176078 0.00630791
0.84 -3.20328 0.17467 0.00987697
0.84 -3.02945 0.172915 0.0147872
0.84 -2.85756 0.170817 0.0211333
0.84 -2.68793 0.16838 0.028778
0.84 -2.52091 0.165608 0.0372525
0.84 -2.35683 0.162507 0.0456932
0.84 -2.196 0.159084 0.0528509
0.84 -2.03876 0.155345 0.0571914
0.84 -1.88542 0.151298 0.0570885
0.84 -1.73627 0.14695 0.051079
0.84 -1.59161 0.14231 0.0381264
0.84 -1.45174 0.137388 0.0178327
0.84 -1.31693 0.132193 -0.00945311
0.84 -1.18744 0.126736 -0.0426555
0.84 -1.06354 0.121027 -0.0801147
0.84 -0.945468 0.115078 -0.119815
0.84 -0.83346 0.1089 -0.159645
0.84 -0.72774 0.102506 -0.197646
0.84 -0.628516 0.0959088 -0.23219
0.84 -0.535985 0.089121 -0.262087
0.84 -0.450333 0.0821562 -0.286604
0.84 -0.371728 0.0750282 -0.305402
0.84 -0.300326 0.0677513 -0.318418
0.84 -0.23627 0.06034 -0.325686
0.84 -0.179686 0.0528088 -0.327075
0.84 -0.130687 0.0451727 -0.321873
0.84 -0.0893704 0.0374471 -0.30798
0.84 -0.0558178 0.0296471 -0.280106
0.84 -0.0300958 0.0217884 -0.225707
0.84 -0.012255 0.0138876 -0.121873
0.84 -0.00232686 0.00597089 -0.00741101
0.84 0.00232686 0.00597089 0.00457337
0.84 0.012255 0.0138876 0.0166846
0.84 0.0300958 0.0217884 0.0588762
0.84 0.0558178 0.0296471 0.131971
0.84 0.0893704 0.0374471 0.201334
0.84 0.130687 0.0451727 0.253884
0.84 0.179686 0.0528088 0.289804
0.84 0.23627 0.06034 0.311813
0.84 0.300326 0.0677513 0.322171
0.84 0.371728 0.0750282 0.322345
0.84 0.450333 0.0821562 0.313271
0.84 0.535985 0.089121 0.295678
0.84 0.628516 0.0959088 0.270362
0.84 0.72774 0.102506 0.238388
0.84 0.83346 0.1089 0.201207
0.84 0.945468 0.115078 0.160683
0.84 1.06354 0.121027 0.119014
0.84 1.18744 0.126736 0.0785653
0.84 1.31693 0.132193 0.0416268
0.84 1.45174 0.137388 0.0101428
0.84 1.59161 0.14231 -0.014531
0.84 1.73627 0.14695 -0.0317897
0.84 1.88542 0.151298 -0.0418176
0.84 2.03876 0.155345 -0.0454945
0.84 2.196 0.159084 -0.0441904
0.84 2.35683 0.162507 -0.0394998
0.84 2.52091 0.165608 -0.0329776
0.84 2.68793 0.16838 -0.0259318
0.84 2.85756 0.170817 -0.019306
0.84 3.02945 0.172915 -0.0136563
0.84 3.20328 0.17467 -0.00920217
0.84 3.37868 0.176078 -0.00591966
0.84 3.55532 0.177137 -0.00364229
0.84 3.73284 0.177844 -0.00214739
0.84 3.91089 0.178198 -0.00121533
0.84 4.08911 0.178198 -0.000661536
0.84 4.26716 0.177844 -0.000347025
0.84 4.44468 0.177137 -0.000175816
0.84 4.62132 0.176078 -0.0000862297
0.84 4.79672 0.17467 -0.0000410437
0.84 4.97055 0.172915 -0.0000190105
0.84 5.14244 0.170817 0
0.84 5.31207 0.16838 0
0.84 5.47909 0.165608 0
0.84 5.64317 0.162507 0
0.84 5.804 0.159084 0
0.84 5.96124 0.155345 0
0.84 6.11458 0.151298 0
0.84 6.26373 0.14695 0
0.84 6.40839 0.14231 0
0.84 6.54826 0.137388 0
0.84 6.68307 0.132193 0
0.84 6.81256 0.126736 0
0.84 6.93646 0.121027 0
0.84 7.05453 0.115078 0
0.84 7.16654 0.1089 0
0.84 7.27226 0.102506 0
0.84 7.37148 0.0959088 0
0.84 7.46401 0.089121 0
0.84 7.54967 0.0821562 0
0.84 7.62827 0.0750282 0
0.84 7.69967 0.0677513 0
0.84 7.76373 0.06034 0
0.84 7.82031 0.0528088 0
0.84 7.86931 0.0451727 0
0.84 7.91063 0.0374471 0
0.84 7.94418 0.0296471 0
0.84 7.9699 0.0217884 0
0.84 7.98775 0.0138876 0
0.84 7.99767 0.00597089 0
0.88 -7.99767 0.00597089 0
0.88 -7.98775 0.0138876 0
0.88 -7.9699 0.0217884 0
0.88 -7.94418 0.0296471 0
0.88 -7.91063 0.0374471 0
0.88 -7.86931 0.0451727 0
0.88 -7.82031 0.0528088 0
0.88 -7.76373 0.06034 0
0.88 -7.69967 0.0677513 0
0.88 -7.62827 0.0750282 0
0.88 -7.54967 0.0821562 0
0.88 -7.46401 0.089121 0
0.88 -7.37148 0.0959088 0
0.88 -7.27226 0.102506 0
0.88 -7.16654 0.1089 0
0.88 -7.05453 0.115078 0
0.88 -6.93646 0.121027 0
0.88 -6.81256 0.126736 0
0.88 -6.68307 0.132193 0
0.88 -6.54826 0.137388 0
0.88 -6.40839 0.14231 0
0.88 -6.26373 0.14695 0
0.88 -6.11458 0.151298 0
0.88 -5.96124 0.155345 0
0.88 -5.804 0.159084 0
0.88 -5.64317 0.162507 0
0.88 -5.47909 0.165608 0
0.88 -5.31207 0.16838 0
0.88 -5.14244 0.170817 0
0.88 -4.97055 0.172915 0.0000196346
0.88 -4.79672 0.17467 0.000042475
0.88 -4.62132 0.176078 0.0000894355
0.88 -4.44468 0.177137 0.000182812
0.88 -4.26716 0.177844 0.000361872
0.88 -4.08911 0.178198 0.00069211
0.88 -3.91089 0.178198 0.00127633
0.88 -3.73284 0.177844 0.0022651
0.88 -3.55532 0.177137 0.0038618
0.88 -3.37868 0.176078 0.0063148
0.88 -3.20328 0.17467 0.00988833
0.88 -3.02945 0.172915 0.0148051
0.88 -2.85756 0.170817 0.0211604
0.88 -2.68793 0.16838 0.0288171
0.88 -2.52091 0.165608 0.0373061
0.88 -2.35683 0.162507 0.0457631
0.88 -2.196 0.159084 0.0529368
0.88 -2.03876 0.155345 0.0572901
0.88 -1.88542 0.151298 0.0571926
0.88 -1.73627 0.14695 0.051176
0.88 -1.59161 0.14231 0.0381978
0.88 -1.45174 0.137388 0.0178539
0.88 -1.31693 0.132193 -0.0095128
0.88 -1.18744 0.126736 -0.0428327
0.88 -1.06354 0.121027 -0.0804513
0.88 -0.945468 0.115078 -0.120358
0.88 -0.83346 0.1089 -0.160448
0.88 -0.72774 0.102506 -0.198769
0.88 -0.628516 0.0959088 -0.233704
0.88 -0.535985 0.089121 -0.26408
0.88 -0.450333 0.0821562 -0.289186
0.88 -0.371728 0.0750282 -0.308725
0.88 -0.300326 0.0677513 -0.322698
0.88 -0.23627 0.06034 -0.331244
0.88 -0.179686 0.0528088 -0.334407
0.88 -0.130687 0.0451727 -0.331789
0.88 -0.0893704 0.0374471 -0.321852
0.88 -0.0558178 0.0296471 -0.300315
0.88 -0.0300958 0.0217884 -0.255955
0.88 -0.012255 0.0138876 -0.162258
0.88 -0.00232686 0.00597089 -0.0233379
0.88 0.00232686 0.00597089 -0.000238217
0.88 0.012255 0.0138876 0.0118312
0.88 0.0300958 0.0217884 0.0516133
0.88 0.0558178 0.0296471 0.122945
0.88 0.0893704 0.0374471 0.192583
0.88 0.130687 0.0451727 0.246261
0.88 0.179686 0.0528088 0.283437
0.88 0.23627 0.06034 0.306584
0.88 0.300326 0.0677513 0.317913
0.88 0.371728 0.0750282 0.318902
0.88 0.450333 0.0821562 0.310511
0.88 0.535985 0.089121 0.293494
0.88 0.628516 0.0959088 0.268665
0.88 0.72774 0.102506 0.237103
0.88 0.83346 0.1089 0.200269
0.88 0.945468 0.115078 0.160032
0.88 1.06354 0.121027 0.118595
0.88 1.18744 0.126736 0.0783293
0.88 1.31693 0.132193 0.0415279
0.88 1.45174 0.137388 0.0101405
0.88 1.59161 0.14231 -0.0144715
0.88 1.73627 0.14695 -0.0316965
0.88 1.88542 0.151298 -0.0417122
0.88 2.03876 0.155345 -0.0453917
0.88 2.196 0.159084 -0.0440994
0.88 2.35683 0.162507 -0.0394249
0.88 2.52091 0.165608 -0.0329196
0.88 2.68793 0.16838 -0.0258893
0.88 2.85756 0.170817 -0.0192764
0.88 3.02945 0.172915 -0.0136365
0.88 3.20328 0.17467 -0.00918964
0.88 3.37868 0.176078 -0.00591203
0.88 3.55532 0.177137 -0.00363784
0.88 3.73284 0.177844 -0.00214489
0.88 3.91089 0.178198 -0.00121399
0.88 4.08911 0.178198 -0.000660836
0.88 4.26716 0.177844 -0.000346673
0.88 4.44468 0.177137 -0.000175645
0.88 4.62132 0.176078 -0.0000861491
0.88 4.79672 0.17467 -0.0000410068
0.88 4.97055 0.172915 -0.000018994
0.88 5.14244 0.170817 0
0.88 5.31207 0.16838 0
0.88 5.47909 0.165608 0
0.88 5.64317 0.162507 0
0.88 5.804 0.159084 0
0.88 5.96124 0.155345 0
0.88 6.11458 0.151298 0
0.88 6.26373 0.14695 0
0.88 6.40839 0.14231 0
0.88 6.54826 0.137388 0
0.88 6.68307 0.132193 0
0.88 6.81256 0.126736 0
0.88 6.93646 0.121027 0
0.88 7.05453 0.115078 0
0.88 7.16654 0.1089 0
0.88 7.27226 0.102506 0
0.88 7.37148 0.0959088 0
0.88 7.46401 0.089121 0
0.88 7.54967 0.0821562 0
0.88 7.62827 0.0750282 0
0.88 7.69967 0.0677513 0
0.88 7.76373 0.06034 0
0.88 7.82031 0.0528088 0
0.88 7.86931 0.0451727 0
0.88 7.91063 0.0374471 0
0.88 7.94418 0.0296471 0
0.88 7.9699 0.0217884 0
0.88 7.98775 0.0138876 0
0.88 7.99767 0.00597089 0
0.92 -7.99767 0.00597089 0
0.92 -7.98775 0.0138876 0
0.92 -7.9699 0.0217884 0
0.92 -7.94418 0.0296471 0
0.92 -7.91063 0.0374471 0
0.92 -7.86931 0.0451727 0
0.92 -7.82031 0.0528088 0
0.92 -7.76373 0.06034 0
0.92 -7.69967 0.0677513 0
0.92 -7.62827 0.0750282 0
0.92 -7.54967 0.0821562 0
0.92 -7.46401 0.089121 0
0.92 -7.37148 0.0959088 0
0.92 -7.27226 0.102506 0
0.92 -7.16654 0.1089 0
0.92 -7.05453 0.115078 0
0.92 -6.93646 0.121027 0
0.92 -6.81256 0.126736 0
0.92 -6.68307 0.132193 0
0.92 -6.54826 0.137388 0
0.92 -6.40839 0.14231 0
0.92 -6.26373 0.14695 0
0.92 -6.11458 0.151298 0
0.92 -5.96124 0.155345 0
0.92 -5.804 0.159084 0
0.92 -5.64317 0.162507 0
0.92 -5.47909 0.165608 0
0.92 -5.31207 0.16838 0
0.92 -5.14244 0.170817 0
0.92 -4.97055 0.172915 0.0000196492
0.92 -4.79672 0.17467 0.0000425076
0.92 -4.62132 0.176078 0.0000895068
0.92 -4.44468 0.177137 0.000182964
0.92 -4.26716 0.177844 0.000362184
0.92 -4.08911 0.178198 0.000692732
0.92 -3.91089 0.178198 0.00127753
0.92 -3.73284 0.177844 0.00226733
0.92 -3.55532 0.177137 0.00386578
0.92 -3.37868 0.176078 0.00632164
0.92 -3.20328 0.17467 0.0098996
0.92 -3.02945 0.172915 0.0148229
0.92 -2.85756 0.170817 0.0211873
0.92 -2.68793 0.16838 0.0288559
0.92 -2.52091 0.165608 0.0373594
0.92 -2.35683 0.162507 0.0458326
0.92 -2.196 0.159084 0.0530223
0.92 -2.03876 0.155345 0.0573884
0.92 -1.88542 0.151298 0.0572966
0.92 -1.73627 0.14695 0.0512731
0.92 -1.59161 0.14231 0.0382699
0.92 -1.45174 0.137388 0.0178766
0.92 -1.31693 0.132193 -0.00957004
0.92 -1.18744 0.126736 -0.0430061
0.92 -1.06354 0.121027 -0.0807827
0.92 -0.945468 0.115078 -0.120894
0.92 -0.83346 0.1089 -0.161243
0.92 -0.72774 0.102506 -0.199882
0.92 -0.628516 0.0959088 -0.235206
0.92 -0.535985 0.089121 -0.266059
0.92 -0.450333 0.0821562 -0.291755
0.92 -0.371728 0.0750282 -0.312038
0.92 -0.300326 0.0677513 -0.326976
0.92 -0.23627 0.06034 -0.336816
0.92 -0.179686 0.0528088 -0.341797
0.92 -0.130687 0.0451727 -0.341861
0.92 -0.0893704 0.0374471 -0.336129
0.92 -0.0558178 0.0296471 -0.321624
0.92 -0.0300958 0.0217884 -0.289573
0.92 -0.012255 0.0138876 -0.21423
0.92 -0.00232686 0.00597089 -0.0582387
0.92 0.00232686 0.00597089 -0.00524437
0.92 0.012255 0.0138876 0.00691257
0.92 0.0300958 0.0217884 0.0446023
0.92 0.0558178 0.0296471 0.114182
0.92 0.0893704 0.0374471 0.183989
0.92 0.130687 0.0451727 0.238714
0.92 0.179686 0.0528088 0.2771
0.92 0.23627 0.06034 0.301362
0.92 0.300326 0.0677513 0.313649
0.92 0.371728 0.0750282 0.315446
0.92 0.450333 0.0821562 0.307737
0.92 0.535985 0.089121 0.291295
0.92 0.628516 0.0959088 0.266955
0.92 0.72774 0.102506 0.235807
0.92 0.83346 0.1089 0.199321
0.92 0.945468 0.115078 0.159373
0.92 1.06354 0.121027 0.118171
0.92 1.18744 0.126736 0.0780896
0.92 1.31693 0.132193 0.0414265
0.92 1.45174 0.137388 0.0101367
0.92 1.59161 0.14231 -0.0144127
0.92 1.73627 0.14695 -0.0316035
0.92 1.88542 0.151298 -0.0416067
0.92 2.03876 0.155345 -0.0452887
0.92 2.196 0.159084 -0.044008
0.92 2.35683 0.162507 -0.0393496
0.92 2.52091 0.165608 -0.0328613
0.92 2.68793 0.16838 -0.0258465
0.92 2.85756 0.170817 -0.0192465
0.92 3.02945 0.172915 -0.0136167
0.92 3.20328 0.17467 -0.00917704
0.92 3.37868 0.176078 -0.00590436
0.92 3.55532 0.177137 -0.00363336
0.92 3.73284 0.177844 -0.00214238
0.92 3.91089 0.178198 -0.00121263
0.92 4.08911 0.178198 -0.000660131
0.92 4.26716 0.177844 -0.000346319
0.92 4.44468 0.177137 -0.000175473
0.92 4.62132 0.176078 -0.000086068
0.92 4.79672 0.17467 -0.0000409696
0.92 4.97055 0.172915 -0.0000189774
0.92 5.14244 0.170817 0
0.92 5.31207 0.16838 0
0.92 5.47909 0.165608 0
0.92 5.64317 0.162507 0
0.92 5.804 0.159084 0
0.92 5.96124 0.155345 0
0.92 6.11458 0.151298 0
0.92 6.26373 0.14695 0
0.92 6.40839 0.14231 0
0.92 6.54826 0.137388 0
0.92 6.68307 0.132193 0
0.92 6.81256 0.126736 0
0.92 6.93646 0.121027 0
0.92 7.05453 0.115078 0
0.92 7.16654 0.1089 0
0.92 7.27226 0.102506 0
0.92 7.37148 0.0959088 0
0.92 7.46401 0.089121 0
0.92 7.54967 0.0821562 0
0.92 7.62827 0.0750282 0
0.92 7.69967 0.0677513 0
0.92 7.76373 0.06034 0
0.92 7.82031 0.0528088 0
0.92 7.86931 0.0451727 0
0.92 7.91063 0.0374471 0
0.92 7.94418 0.0296471 0
0.92 7.9699 0.0217884 0
0.92 7.98775 0.0138876 0
0.92 7.99767 0.00597089 0
0.96 -7.99767 0.00597089 0
0.96 -7.98775 0.0138876 0
0.96 -7.9699 0.0217884 0
0.96 -7.94418 0.0296471 0
0.96 -7.91063 0.0374471 0
0.96 -7.86931 0.0451727 0
0.96 -7.82031 0.0528088 0
0.96 -7.76373 0.06034 0
0.96 -7.69967 0.0677513 0
0.96 -7.62827 0.0750282 0
0.96 -7.54967 0.0821562 0
0.96 -7.46401 0.089121 0
0.96 -7.37148 0.0959088 0
0.96 -7.27226 0.102506 0
0.96 -7.16654 0.1089 0
0.96 -7.05453 0.115078 0
0.96 -6.93646 0.121027 0
0.96 -6.81256 0.126736 0
0.96 -6.68307 0.132193 0
0.96 -6.54826 0.137388 0
0.96 -6.40839 0.14231 0
0.96 -6.26373 0.14695 0
0.96 -6.11458 0.151298 0
0.96 -5.96124 0.155345 0
0.96 -5.804 0.159084 0
0.96 -5.64317 0.162507 0
0.96 -5.47909 0.165608 0
0.96 -5.31207 0.16838 0
0.96 -5.14244 0.170817 0
0.96 -4.97055 0.172915 0.0000196637
0.96 -4.79672 0.17467 0.00004254
0.96 -4.62132 0.176078 0.0000895776
0.96 -4.44468 0.177137 0.000183114
0.96 -4.26716 0.177844 0.000362494
0.96 -4.08911 0.178198 0.00069335
0.96 -3.91089 0.178198 0.00127872
0.96 -3.73284 0.177844 0.00226954
0.96 -3.55532 0.177137 0.00386974
0.96 -3.37868 0.176078 0.00632843
0.96 -3.20328 0.17467 0.00991081
0.96 -3.02945 0.172915 0.0148406
0.96 -2.85756 0.170817 0.021214
0.96 -2.68793 0.16838 0.0288945
0.96 -2.52091 0.165608 0.0374124
0.96 -2.35683 0.162507 0.0459017
0.96 -2.196 0.159084 0.0531075
0.96 -2.03876 0.155345 0.0574865
0.96 -1.88542 0.151298 0.0574004
0.96 -1.73627 0.14695 0.0513705
0.96 -1.59161 0.14231 0.0383427
0.96 -1.45174 0.137388 0.0179008
0.96 -1.31693 0.132193 -0.0096247
0.96 -1.18744 0.126736 -0.0431757
0.96 -1.06354 0.121027 -0.0811086
0.96 -0.945468 0.115078 -0.121423
0.96 -0.83346 0.1089 -0.162028
0.96 -0.72774 0.102506 -0.200983
0.96 -0.628516 0.0959088 -0.236695
0.96 -0.535985 0.089121 -0.268022
0.96 -0.450333 0.0821562 -0.294308
0.96 -0.371728 0.0750282 -0.315337
0.96 -0.300326 0.0677513 -0.331246
0.96 -0.23627 0.06034 -0.3424
0.96 -0.179686 0.0528088 -0.349239
0.96 -0.130687 0.0451727 -0.352087
0.96 -0.0893704 0.0374471 -0.350817
0.96 -0.0558178 0.0296471 -0.344093
0.96 -0.0300958 0.0217884 -0.32698
0.96 -0.012255 0.0138876 -0.281494
0.96 -0.00232686 0.00597089 -0.144335
0.96 0.00232686 0.00597089 -0.0105665
0.96 0.012255 0.0138876 0.00184955
0.96 0.0300958 0.0217884 0.0377684
0.96 0.0558178 0.0296471 0.105637
0.96 0.0893704 0.0374471 0.175529
0.96 0.130687 0.0451727 0.23123
0.96 0.179686 0.0528088 0.270784
0.96 0.23627 0.06034 0.296138
0.96 0.300326 0.0677513 0.309374
0.96 0.371728 0.0750282 0.311976
0.96 0.450333 0.0821562 0.304946
0.96 0.535985 0.089121 0.289082
0.96 0.628516 0.0959088 0.265232
0.96 0.72774 0.102506 0.234499
0.96 0.83346 0.1089 0.198364
0.96 0.945468 0.115078 0.158707
0.96 1.06354 0.121027 0.117742
0.96 1.18744 0.126736 0.0778458
0.96 1.31693 0.132193 0.0413225
0.96 1.45174 0.137388 0.0101313
0.96 1.59161 0.14231 -0.0143547
0.96 1.73627 0.14695 -0.0315108
0.96 1.88542 0.151298 -0.041501
0.96 2.03876 0.155345 -0.0451854
0.96 2.196 0.159084 -0.0439163
0.96 2.35683 0.162507 -0.0392741
0.96 2.52091 0.165608 -0.0328027
0.96 2.68793 0.16838 -0.0258036
0.96 2.85756 0.170817 -0.0192166
0.96 3.02945 0.172915 -0.0135968
0.96 3.20328 0.17467 -0.00916435
0.96 3.37868 0.176078 -0.00589664
0.96 3.55532 0.177137 -0.00362885
0.96 3.73284 0.177844 -0.00213985
0.96 3.91089 0.178198 -0.00121127
0.96 4.08911 0.178198 -0.000659421
0.96 4.26716 0.177844 -0.000345962
0.96 4.44468 0.177137 -0.000175299
0.96 4.62132 0.176078 -0.0000859862
0.96 4.79672 0.17467 -0.0000409322
0.96 4.97055 0.172915 -0.0000189607
0.96 5.14244 0.170817 0
0.96 5.31207 0.16838 0
0.96 5.47909 0.165608 0
0.96 5.64317 0.162507 0
0.96 5.804 0.159084 0
0.96 5.96124 0.155345 0
0.96 6.11458 0.151298 0
0.96 6.26373 0.14695 0
0.96 6.40839 0.14231 0
0.96 6.54826 0.137388 0
0.96 6.68307 0.132193 0
0.96 6.81256 0.126736 0
0.96 6.93646 0.121027 0
0.96 7.05453 0.115078 0
0.96 7.16654 0.1089 0
0.96 7.27226 0.102506 0
0.96 7.37148 0.0959088 0
0.96 7.46401 0.089121 0
0.96 7.54967 0.0821562 0
0.96 7.62827 0.0750282 0
0.96 7.69967 0.0677513 0
0.96 7.76373 0.06034 0
0.96 7.82031 0.0528088 0
0.96 7.86931 0.0451727 0
0.96 7.91063 0.0374471 0
0.96 7.94418 0.0296471 0
0.96 7.9699 0.0217884 0
0.96 7.98775 0.0138876 0
0.96 7.99767 0.00597089 0
