#x y at the midpoint of each cell all the solution components
-0.500000 0.726747 -0.000000 -0.513888 -0.178016 -0.000000 
-0.468750 0.681326 -0.000000 -0.481770 -0.178016 -0.000000 
-0.468750 0.681326 -0.000000 -0.481770 -0.178016 -0.000000 
-0.437500 0.635904 -0.000000 -0.449652 -0.178016 -0.000000 
-0.437500 0.635904 -0.000000 -0.449652 -0.178016 -0.000000 
-0.406250 0.590482 -0.000000 -0.417534 -0.178016 -0.000000 
-0.406250 0.590482 -0.000000 -0.417534 -0.178016 -0.000000 
-0.375000 0.545060 -0.000000 -0.385416 -0.178016 -0.000000 
-0.375000 0.545060 -0.000000 -0.385416 -0.178016 -0.000000 
-0.343750 0.499639 0.000000 -0.353298 -0.178016 0.000000 
-0.343750 0.499639 0.000000 -0.353298 -0.178016 0.000000 
-0.312500 0.454217 -0.000000 -0.321180 -0.178016 0.000000 
-0.312500 0.454217 -0.000000 -0.321180 -0.178016 0.000000 
-0.281250 0.408795 0.000000 -0.289062 -0.178016 -0.000000 
-0.281250 0.408795 0.000000 -0.289062 -0.178016 -0.000000 
-0.250000 0.363374 -0.000000 -0.256944 -0.178016 0.000000 
-0.250000 0.363374 -0.000000 -0.256944 -0.178016 0.000000 
-0.218750 0.317952 -0.000000 -0.224826 -0.178016 -0.000000 
-0.218750 0.317952 -0.000000 -0.224826 -0.178016 -0.000000 
-0.187500 0.272530 -0.000000 -0.192708 -0.178016 -0.000000 
-0.187500 0.272530 -0.000000 -0.192708 -0.178016 -0.000000 
-0.156250 0.227109 -0.000000 -0.160590 -0.178016 -0.000000 
-0.156250 0.227109 -0.000000 -0.160590 -0.178016 -0.000000 
-0.125000 0.181687 -0.000000 -0.128472 -0.178016 0.000000 
-0.125000 0.181687 -0.000000 -0.128472 -0.178016 0.000000 
-0.093750 0.136265 -0.000000 -0.096354 -0.178016 0.000000 
-0.093750 0.136265 -0.000000 -0.096354 -0.178016 0.000000 
-0.062500 0.090843 -0.000000 -0.064236 -0.178016 -0.000000 
-0.062500 0.090843 -0.000000 -0.064236 -0.178016 -0.000000 
-0.031250 0.045422 -0.000000 -0.032118 -0.178016 0.000000 
-0.031250 0.045422 -0.000000 -0.032118 -0.178016 0.000000 
0.000000 0.000000 -0.000000 -0.000000 -0.178016 0.000000 
0.000000 0.000000 -0.000000 -0.000000 -0.178016 0.000000 
0.031250 -0.045422 -0.000000 0.032118 -0.178016 -0.000000 
0.031250 -0.045422 -0.000000 0.032118 -0.178016 -0.000000 
0.062500 -0.090843 -0.000000 0.064236 -0.178016 -0.000000 
0.062500 -0.090843 -0.000000 0.064236 -0.178016 -0.000000 
0.093750 -0.136265 -0.000000 0.096354 -0.178016 0.000000 
0.093750 -0.136265 -0.000000 0.096354 -0.178016 0.000000 
0.125000 -0.181687 -0.000000 0.128472 -0.178016 -0.000000 
0.125000 -0.181687 -0.000000 0.128472 -0.178016 -0.000000 
0.156250 -0.227109 -0.000000 0.160590 -0.178016 0.000000 
0.156250 -0.227109 -0.000000 0.160590 -0.178016 0.000000 
0.187500 -0.272530 -0.000000 0.192708 -0.178016 -0.000000 
0.187500 -0.272530 -0.000000 0.192708 -0.178016 -0.000000 
0.218750 -0.317952 -0.000000 0.224826 -0.178016 -0.000000 
0.218750 -0.317952 -0.000000 0.224826 -0.178016 -0.000000 
0.250000 -0.363374 -0.000000 0.256944 -0.178016 0.000000 
0.250000 -0.363374 -0.000000 0.256944 -0.178016 0.000000 
0.281250 -0.408795 -0.000000 0.289062 -0.178016 -0.000000 
0.281250 -0.408795 -0.000000 0.289062 -0.178016 -0.000000 
0.312500 -0.454217 -0.000000 0.321180 -0.178016 -0.000000 
0.312500 -0.454217 -0.000000 0.321180 -0.178016 -0.000000 
0.343750 -0.499639 -0.000000 0.353298 -0.178016 0.000000 
0.343750 -0.499639 -0.000000 0.353298 -0.178016 0.000000 
0.375000 -0.545060 -0.000000 0.385416 -0.178016 -0.000000 
0.375000 -0.545060 -0.000000 0.385416 -0.178016 -0.000000 
0.406250 -0.590482 -0.000000 0.417534 -0.178016 -0.000000 
0.406250 -0.590482 -0.000000 0.417534 -0.178016 -0.000000 
0.437500 -0.635904 -0.000000 0.449652 -0.178016 -0.000000 
0.437500 -0.635904 -0.000000 0.449652 -0.178016 -0.000000 
0.468750 -0.681326 0.000000 0.481770 -0.178016 -0.000000 
0.468750 -0.681326 0.000000 0.481770 -0.178016 -0.000000 
0.500000 -0.726747 0.000000 0.513888 -0.178016 -0.000000 
