#x y at the midpoint of each cell all the solution components
-0.500000 0.726747 -0.000000 -0.513888 -0.178016 -0.000000 
-0.375000 0.545060 0.000000 -0.385416 -0.178016 0.000000 
-0.375000 0.545060 0.000000 -0.385416 -0.178016 0.000000 
-0.250000 0.363374 -0.000000 -0.256944 -0.178016 0.000000 
-0.250000 0.363374 -0.000000 -0.256944 -0.178016 0.000000 
-0.125000 0.181687 -0.000000 -0.128472 -0.178016 0.000000 
-0.125000 0.181687 -0.000000 -0.128472 -0.178016 0.000000 
0.000000 0.000000 -0.000000 0.000000 -0.178016 -0.000000 
0.000000 0.000000 -0.000000 0.000000 -0.178016 -0.000000 
0.125000 -0.181687 -0.000000 0.128472 -0.178016 0.000000 
0.125000 -0.181687 -0.000000 0.128472 -0.178016 0.000000 
0.250000 -0.363374 -0.000000 0.256944 -0.178016 0.000000 
0.250000 -0.363374 -0.000000 0.256944 -0.178016 0.000000 
0.375000 -0.545060 0.000000 0.385416 -0.178016 -0.000000 
0.375000 -0.545060 0.000000 0.385416 -0.178016 -0.000000 
0.500000 -0.726747 -0.000000 0.513888 -0.178016 0.000000 
