#cell coordinates and the corresponding deviation from the equilibrium 
-0.499512 0.035037 
-0.498535 0.034927 
-0.497559 0.034820 
-0.496582 0.034716 
-0.495605 0.034613 
-0.494629 0.034513 
-0.493652 0.034415 
-0.492676 0.034320 
-0.491699 0.034226 
-0.490723 0.034134 
-0.489746 0.034045 
-0.488770 0.033957 
-0.487793 0.033871 
-0.486816 0.033788 
-0.485840 0.033706 
-0.484863 0.033625 
-0.483887 0.033547 
-0.482910 0.033470 
-0.481934 0.033395 
-0.480957 0.033321 
-0.479980 0.033249 
-0.479004 0.033179 
-0.478027 0.033110 
-0.477051 0.033043 
-0.476074 0.032977 
-0.475098 0.032912 
-0.474121 0.032849 
-0.473145 0.032787 
-0.472168 0.032727 
-0.471191 0.032668 
-0.470215 0.032610 
-0.469238 0.032553 
-0.468262 0.032497 
-0.467285 0.032443 
-0.466309 0.032390 
-0.465332 0.032338 
-0.464355 0.032287 
-0.463379 0.032237 
-0.462402 0.032188 
-0.461426 0.032140 
-0.460449 0.032094 
-0.459473 0.032048 
-0.458496 0.032003 
-0.457520 0.031959 
-0.456543 0.031916 
-0.455566 0.031874 
-0.454590 0.031832 
-0.453613 0.031792 
-0.452637 0.031752 
-0.451660 0.031714 
-0.450684 0.031676 
-0.449707 0.031638 
-0.448730 0.031602 
-0.447754 0.031566 
-0.446777 0.031531 
-0.445801 0.031497 
-0.444824 0.031463 
-0.443848 0.031430 
-0.442871 0.031398 
-0.441895 0.031366 
-0.440918 0.031336 
-0.439941 0.031305 
-0.438965 0.031275 
-0.437988 0.031246 
-0.437012 0.031218 
-0.436035 0.031190 
-0.435059 0.031162 
-0.434082 0.031135 
-0.433105 0.031109 
-0.432129 0.031083 
-0.431152 0.031058 
-0.430176 0.031033 
-0.429199 0.031009 
-0.428223 0.030985 
-0.427246 0.030961 
-0.426270 0.030938 
-0.425293 0.030916 
-0.424316 0.030894 
-0.423340 0.030872 
-0.422363 0.030851 
-0.421387 0.030830 
-0.420410 0.030809 
-0.419434 0.030789 
-0.418457 0.030769 
-0.417480 0.030750 
-0.416504 0.030731 
-0.415527 0.030713 
-0.414551 0.030694 
-0.413574 0.030676 
-0.412598 0.030659 
-0.411621 0.030641 
-0.410645 0.030625 
-0.409668 0.030608 
-0.408691 0.030592 
-0.407715 0.030576 
-0.406738 0.030560 
-0.405762 0.030544 
-0.404785 0.030529 
-0.403809 0.030514 
-0.402832 0.030500 
-0.401855 0.030485 
-0.400879 0.030471 
-0.399902 0.030448 
-0.398926 0.030435 
-0.397949 0.030422 
-0.396973 0.030409 
-0.395996 0.030396 
-0.395020 0.030384 
-0.394043 0.030372 
-0.393066 0.030359 
-0.392090 0.030348 
-0.391113 0.030336 
-0.390137 0.030324 
-0.389160 0.030313 
-0.388184 0.030302 
-0.387207 0.030291 
-0.386230 0.030280 
-0.385254 0.030269 
-0.384277 0.030259 
-0.383301 0.030249 
-0.382324 0.030239 
-0.381348 0.030229 
-0.380371 0.030219 
-0.379395 0.030209 
-0.378418 0.030200 
-0.377441 0.030190 
-0.376465 0.030181 
-0.375488 0.030172 
-0.374512 0.030163 
-0.373535 0.030154 
-0.372559 0.030145 
-0.371582 0.030137 
-0.370605 0.030128 
-0.369629 0.030120 
-0.368652 0.030112 
-0.367676 0.030104 
-0.366699 0.030096 
-0.365723 0.030088 
-0.364746 0.030080 
-0.363770 0.030073 
-0.362793 0.030065 
-0.361816 0.030058 
-0.360840 0.030051 
-0.359863 0.030044 
-0.358887 0.030037 
-0.357910 0.030030 
-0.356934 0.030023 
-0.355957 0.030016 
-0.354980 0.030009 
-0.354004 0.030003 
-0.353027 0.029996 
-0.352051 0.029990 
-0.351074 0.029984 
-0.350098 0.029978 
-0.349121 0.029972 
-0.348145 0.029966 
-0.347168 0.029960 
-0.346191 0.029954 
-0.345215 0.029948 
-0.344238 0.029942 
-0.343262 0.029937 
-0.342285 0.029931 
-0.341309 0.029926 
-0.340332 0.029920 
-0.339355 0.029915 
-0.338379 0.029910 
-0.337402 0.029905 
-0.336426 0.029900 
-0.335449 0.029895 
-0.334473 0.029890 
-0.333496 0.029885 
-0.332520 0.029880 
-0.331543 0.029875 
-0.330566 0.029870 
-0.329590 0.029866 
-0.328613 0.029861 
-0.327637 0.029857 
-0.326660 0.029852 
-0.325684 0.029848 
-0.324707 0.029844 
-0.323730 0.029839 
-0.322754 0.029835 
-0.321777 0.029831 
-0.320801 0.029827 
-0.319824 0.029823 
-0.318848 0.029819 
-0.317871 0.029815 
-0.316895 0.029811 
-0.315918 0.029807 
-0.314941 0.029803 
-0.313965 0.029799 
-0.312988 0.029796 
-0.312012 0.029792 
-0.311035 0.029788 
-0.310059 0.029785 
-0.309082 0.029781 
-0.308105 0.029778 
-0.307129 0.029774 
-0.306152 0.029771 
-0.305176 0.029767 
-0.304199 0.029764 
-0.303223 0.029761 
-0.302246 0.029758 
-0.301270 0.029754 
-0.300293 0.029751 
-0.299316 0.029748 
-0.298340 0.029745 
-0.297363 0.029742 
-0.296387 0.029739 
-0.295410 0.029736 
-0.294434 0.029733 
-0.293457 0.029730 
-0.292480 0.029727 
-0.291504 0.029724 
-0.290527 0.029721 
-0.289551 0.029719 
-0.288574 0.029716 
-0.287598 0.029713 
-0.286621 0.029710 
-0.285645 0.029708 
-0.284668 0.029705 
-0.283691 0.029703 
-0.282715 0.029700 
-0.281738 0.029697 
-0.280762 0.029695 
-0.279785 0.029692 
-0.278809 0.029690 
-0.277832 0.029687 
-0.276855 0.029685 
-0.275879 0.029683 
-0.274902 0.029680 
-0.273926 0.029678 
-0.272949 0.029676 
-0.271973 0.029673 
-0.270996 0.029671 
-0.270020 0.029669 
-0.269043 0.029667 
-0.268066 0.029665 
-0.267090 0.029662 
-0.266113 0.029660 
-0.265137 0.029658 
-0.264160 0.029656 
-0.263184 0.029654 
-0.262207 0.029652 
-0.261230 0.029650 
-0.260254 0.029648 
-0.259277 0.029646 
-0.258301 0.029644 
-0.257324 0.029642 
-0.256348 0.029640 
-0.255371 0.029638 
-0.254395 0.029636 
-0.253418 0.029634 
-0.252441 0.029633 
-0.251465 0.029631 
-0.250488 0.029629 
-0.249512 0.029627 
-0.248535 0.029625 
-0.247559 0.029624 
-0.246582 0.029622 
-0.245605 0.029620 
-0.244629 0.029618 
-0.243652 0.029617 
-0.242676 0.029615 
-0.241699 0.029613 
-0.240723 0.029612 
-0.239746 0.029610 
-0.238770 0.029609 
-0.237793 0.029607 
-0.236816 0.029605 
-0.235840 0.029604 
-0.234863 0.029602 
-0.233887 0.029601 
-0.232910 0.029599 
-0.231934 0.029598 
-0.230957 0.029596 
-0.229980 0.029595 
-0.229004 0.029593 
-0.228027 0.029592 
-0.227051 0.029590 
-0.226074 0.029589 
-0.225098 0.029588 
-0.224121 0.029586 
-0.223145 0.029585 
-0.222168 0.029584 
-0.221191 0.029582 
-0.220215 0.029581 
-0.219238 0.029580 
-0.218262 0.029578 
-0.217285 0.029577 
-0.216309 0.029576 
-0.215332 0.029574 
-0.214355 0.029573 
-0.213379 0.029572 
-0.212402 0.029571 
-0.211426 0.029569 
-0.210449 0.029568 
-0.209473 0.029567 
-0.208496 0.029566 
-0.207520 0.029565 
-0.206543 0.029563 
-0.205566 0.029562 
-0.204590 0.029561 
-0.203613 0.029560 
-0.202637 0.029559 
-0.201660 0.029558 
-0.200684 0.029557 
-0.199707 0.029556 
-0.198730 0.029554 
-0.197754 0.029553 
-0.196777 0.029552 
-0.195801 0.029551 
-0.194824 0.029550 
-0.193848 0.029549 
-0.192871 0.029548 
-0.191895 0.029547 
-0.190918 0.029546 
-0.189941 0.029545 
-0.188965 0.029544 
-0.187988 0.029543 
-0.187012 0.029542 
-0.186035 0.029541 
-0.185059 0.029540 
-0.184082 0.029539 
-0.183105 0.029538 
-0.182129 0.029538 
-0.181152 0.029537 
-0.180176 0.029536 
-0.179199 0.029535 
-0.178223 0.029534 
-0.177246 0.029533 
-0.176270 0.029532 
-0.175293 0.029531 
-0.174316 0.029530 
-0.173340 0.029530 
-0.172363 0.029529 
-0.171387 0.029528 
-0.170410 0.029527 
-0.169434 0.029526 
-0.168457 0.029525 
-0.167480 0.029525 
-0.166504 0.029524 
-0.165527 0.029523 
-0.164551 0.029522 
-0.163574 0.029521 
-0.162598 0.029521 
-0.161621 0.029520 
-0.160645 0.029519 
-0.159668 0.029518 
-0.158691 0.029518 
-0.157715 0.029517 
-0.156738 0.029516 
-0.155762 0.029516 
-0.154785 0.029515 
-0.153809 0.029514 
-0.152832 0.029513 
-0.151855 0.029513 
-0.150879 0.029512 
-0.149902 0.029511 
-0.148926 0.029511 
-0.147949 0.029510 
-0.146973 0.029509 
-0.145996 0.029509 
-0.145020 0.029508 
-0.144043 0.029507 
-0.143066 0.029507 
-0.142090 0.029506 
-0.141113 0.029505 
-0.140137 0.029505 
-0.139160 0.029504 
-0.138184 0.029504 
-0.137207 0.029503 
-0.136230 0.029502 
-0.135254 0.029502 
-0.134277 0.029501 
-0.133301 0.029501 
-0.132324 0.029500 
-0.131348 0.029500 
-0.130371 0.029499 
-0.129395 0.029498 
-0.128418 0.029498 
-0.127441 0.029497 
-0.126465 0.029497 
-0.125488 0.029496 
-0.124512 0.029496 
-0.123535 0.029495 
-0.122559 0.029495 
-0.121582 0.029494 
-0.120605 0.029494 
-0.119629 0.029493 
-0.118652 0.029493 
-0.117676 0.029492 
-0.116699 0.029492 
-0.115723 0.029491 
-0.114746 0.029491 
-0.113770 0.029490 
-0.112793 0.029490 
-0.111816 0.029489 
-0.110840 0.029489 
-0.109863 0.029489 
-0.108887 0.029488 
-0.107910 0.029488 
-0.106934 0.029487 
-0.105957 0.029487 
-0.104980 0.029486 
-0.104004 0.029486 
-0.103027 0.029486 
-0.102051 0.029485 
-0.101074 0.029485 
-0.100098 0.029484 
-0.099121 0.029484 
-0.098145 0.029484 
-0.097168 0.029483 
-0.096191 0.029483 
-0.095215 0.029482 
-0.094238 0.029482 
-0.093262 0.029482 
-0.092285 0.029481 
-0.091309 0.029481 
-0.090332 0.029481 
-0.089355 0.029480 
-0.088379 0.029480 
-0.087402 0.029480 
-0.086426 0.029479 
-0.085449 0.029479 
-0.084473 0.029479 
-0.083496 0.029478 
-0.082520 0.029478 
-0.081543 0.029478 
-0.080566 0.029477 
-0.079590 0.029477 
-0.078613 0.029477 
-0.077637 0.029476 
-0.076660 0.029476 
-0.075684 0.029476 
-0.074707 0.029475 
-0.073730 0.029475 
-0.072754 0.029475 
-0.071777 0.029475 
-0.070801 0.029474 
-0.069824 0.029474 
-0.068848 0.029474 
-0.067871 0.029474 
-0.066895 0.029473 
-0.065918 0.029473 
-0.064941 0.029473 
-0.063965 0.029473 
-0.062988 0.029472 
-0.062012 0.029472 
-0.061035 0.029472 
-0.060059 0.029472 
-0.059082 0.029471 
-0.058105 0.029471 
-0.057129 0.029471 
-0.056152 0.029471 
-0.055176 0.029471 
-0.054199 0.029470 
-0.053223 0.029470 
-0.052246 0.029470 
-0.051270 0.029470 
-0.050293 0.029470 
-0.049316 0.029469 
-0.048340 0.029469 
-0.047363 0.029469 
-0.046387 0.029469 
-0.045410 0.029469 
-0.044434 0.029469 
-0.043457 0.029468 
-0.042480 0.029468 
-0.041504 0.029468 
-0.040527 0.029468 
-0.039551 0.029468 
-0.038574 0.029468 
-0.037598 0.029467 
-0.036621 0.029467 
-0.035645 0.029467 
-0.034668 0.029467 
-0.033691 0.029467 
-0.032715 0.029467 
-0.031738 0.029467 
-0.030762 0.029467 
-0.029785 0.029467 
-0.028809 0.029466 
-0.027832 0.029466 
-0.026855 0.029466 
-0.025879 0.029466 
-0.024902 0.029466 
-0.023926 0.029466 
-0.022949 0.029466 
-0.021973 0.029466 
-0.020996 0.029466 
-0.020020 0.029466 
-0.019043 0.029466 
-0.018066 0.029465 
-0.017090 0.029465 
-0.016113 0.029465 
-0.015137 0.029465 
-0.014160 0.029465 
-0.013184 0.029465 
-0.012207 0.029465 
-0.011230 0.029465 
-0.010254 0.029465 
-0.009277 0.029465 
-0.008301 0.029465 
-0.007324 0.029465 
-0.006348 0.029465 
-0.005371 0.029465 
-0.004395 0.029465 
-0.003418 0.029465 
-0.002441 0.029465 
-0.001465 0.029465 
-0.000488 0.029465 
0.000488 0.029465 
0.001465 0.029465 
0.002441 0.029465 
0.003418 0.029465 
0.004395 0.029465 
0.005371 0.029465 
0.006348 0.029465 
0.007324 0.029465 
0.008301 0.029465 
0.009277 0.029465 
0.010254 0.029465 
0.011230 0.029465 
0.012207 0.029465 
0.013184 0.029465 
0.014160 0.029465 
0.015137 0.029465 
0.016113 0.029465 
0.017090 0.029465 
0.018066 0.029465 
0.019043 0.029466 
0.020020 0.029466 
0.020996 0.029466 
0.021973 0.029466 
0.022949 0.029466 
0.023926 0.029466 
0.024902 0.029466 
0.025879 0.029466 
0.026855 0.029466 
0.027832 0.029466 
0.028809 0.029466 
0.029785 0.029467 
0.030762 0.029467 
0.031738 0.029467 
0.032715 0.029467 
0.033691 0.029467 
0.034668 0.029467 
0.035645 0.029467 
0.036621 0.029467 
0.037598 0.029467 
0.038574 0.029468 
0.039551 0.029468 
0.040527 0.029468 
0.041504 0.029468 
0.042480 0.029468 
0.043457 0.029468 
0.044434 0.029469 
0.045410 0.029469 
0.046387 0.029469 
0.047363 0.029469 
0.048340 0.029469 
0.049316 0.029469 
0.050293 0.029470 
0.051270 0.029470 
0.052246 0.029470 
0.053223 0.029470 
0.054199 0.029470 
0.055176 0.029471 
0.056152 0.029471 
0.057129 0.029471 
0.058105 0.029471 
0.059082 0.029471 
0.060059 0.029472 
0.061035 0.029472 
0.062012 0.029472 
0.062988 0.029472 
0.063965 0.029473 
0.064941 0.029473 
0.065918 0.029473 
0.066895 0.029473 
0.067871 0.029474 
0.068848 0.029474 
0.069824 0.029474 
0.070801 0.029474 
0.071777 0.029475 
0.072754 0.029475 
0.073730 0.029475 
0.074707 0.029475 
0.075684 0.029476 
0.076660 0.029476 
0.077637 0.029476 
0.078613 0.029477 
0.079590 0.029477 
0.080566 0.029477 
0.081543 0.029478 
0.082520 0.029478 
0.083496 0.029478 
0.084473 0.029479 
0.085449 0.029479 
0.086426 0.029479 
0.087402 0.029480 
0.088379 0.029480 
0.089355 0.029480 
0.090332 0.029481 
0.091309 0.029481 
0.092285 0.029481 
0.093262 0.029482 
0.094238 0.029482 
0.095215 0.029482 
0.096191 0.029483 
0.097168 0.029483 
0.098145 0.029484 
0.099121 0.029484 
0.100098 0.029484 
0.101074 0.029485 
0.102051 0.029485 
0.103027 0.029486 
0.104004 0.029486 
0.104980 0.029486 
0.105957 0.029487 
0.106934 0.029487 
0.107910 0.029488 
0.108887 0.029488 
0.109863 0.029489 
0.110840 0.029489 
0.111816 0.029489 
0.112793 0.029490 
0.113770 0.029490 
0.114746 0.029491 
0.115723 0.029491 
0.116699 0.029492 
0.117676 0.029492 
0.118652 0.029493 
0.119629 0.029493 
0.120605 0.029494 
0.121582 0.029494 
0.122559 0.029495 
0.123535 0.029495 
0.124512 0.029496 
0.125488 0.029496 
0.126465 0.029497 
0.127441 0.029497 
0.128418 0.029498 
0.129395 0.029498 
0.130371 0.029499 
0.131348 0.029500 
0.132324 0.029500 
0.133301 0.029501 
0.134277 0.029501 
0.135254 0.029502 
0.136230 0.029502 
0.137207 0.029503 
0.138184 0.029504 
0.139160 0.029504 
0.140137 0.029505 
0.141113 0.029505 
0.142090 0.029506 
0.143066 0.029507 
0.144043 0.029507 
0.145020 0.029508 
0.145996 0.029509 
0.146973 0.029509 
0.147949 0.029510 
0.148926 0.029511 
0.149902 0.029511 
0.150879 0.029512 
0.151855 0.029513 
0.152832 0.029513 
0.153809 0.029514 
0.154785 0.029515 
0.155762 0.029516 
0.156738 0.029516 
0.157715 0.029517 
0.158691 0.029518 
0.159668 0.029518 
0.160645 0.029519 
0.161621 0.029520 
0.162598 0.029521 
0.163574 0.029521 
0.164551 0.029522 
0.165527 0.029523 
0.166504 0.029524 
0.167480 0.029525 
0.168457 0.029525 
0.169434 0.029526 
0.170410 0.029527 
0.171387 0.029528 
0.172363 0.029529 
0.173340 0.029530 
0.174316 0.029530 
0.175293 0.029531 
0.176270 0.029532 
0.177246 0.029533 
0.178223 0.029534 
0.179199 0.029535 
0.180176 0.029536 
0.181152 0.029537 
0.182129 0.029538 
0.183105 0.029538 
0.184082 0.029539 
0.185059 0.029540 
0.186035 0.029541 
0.187012 0.029542 
0.187988 0.029543 
0.188965 0.029544 
0.189941 0.029545 
0.190918 0.029546 
0.191895 0.029547 
0.192871 0.029548 
0.193848 0.029549 
0.194824 0.029550 
0.195801 0.029551 
0.196777 0.029552 
0.197754 0.029553 
0.198730 0.029554 
0.199707 0.029556 
0.200684 0.029557 
0.201660 0.029558 
0.202637 0.029559 
0.203613 0.029560 
0.204590 0.029561 
0.205566 0.029562 
0.206543 0.029563 
0.207520 0.029565 
0.208496 0.029566 
0.209473 0.029567 
0.210449 0.029568 
0.211426 0.029569 
0.212402 0.029571 
0.213379 0.029572 
0.214355 0.029573 
0.215332 0.029574 
0.216309 0.029576 
0.217285 0.029577 
0.218262 0.029578 
0.219238 0.029580 
0.220215 0.029581 
0.221191 0.029582 
0.222168 0.029584 
0.223145 0.029585 
0.224121 0.029586 
0.225098 0.029588 
0.226074 0.029589 
0.227051 0.029590 
0.228027 0.029592 
0.229004 0.029593 
0.229980 0.029595 
0.230957 0.029596 
0.231934 0.029598 
0.232910 0.029599 
0.233887 0.029601 
0.234863 0.029602 
0.235840 0.029604 
0.236816 0.029605 
0.237793 0.029607 
0.238770 0.029609 
0.239746 0.029610 
0.240723 0.029612 
0.241699 0.029613 
0.242676 0.029615 
0.243652 0.029617 
0.244629 0.029618 
0.245605 0.029620 
0.246582 0.029622 
0.247559 0.029624 
0.248535 0.029625 
0.249512 0.029627 
0.250488 0.029629 
0.251465 0.029631 
0.252441 0.029633 
0.253418 0.029634 
0.254395 0.029636 
0.255371 0.029638 
0.256348 0.029640 
0.257324 0.029642 
0.258301 0.029644 
0.259277 0.029646 
0.260254 0.029648 
0.261230 0.029650 
0.262207 0.029652 
0.263184 0.029654 
0.264160 0.029656 
0.265137 0.029658 
0.266113 0.029660 
0.267090 0.029662 
0.268066 0.029665 
0.269043 0.029667 
0.270020 0.029669 
0.270996 0.029671 
0.271973 0.029673 
0.272949 0.029676 
0.273926 0.029678 
0.274902 0.029680 
0.275879 0.029683 
0.276855 0.029685 
0.277832 0.029687 
0.278809 0.029690 
0.279785 0.029692 
0.280762 0.029695 
0.281738 0.029697 
0.282715 0.029700 
0.283691 0.029703 
0.284668 0.029705 
0.285645 0.029708 
0.286621 0.029710 
0.287598 0.029713 
0.288574 0.029716 
0.289551 0.029719 
0.290527 0.029721 
0.291504 0.029724 
0.292480 0.029727 
0.293457 0.029730 
0.294434 0.029733 
0.295410 0.029736 
0.296387 0.029739 
0.297363 0.029742 
0.298340 0.029745 
0.299316 0.029748 
0.300293 0.029751 
0.301270 0.029754 
0.302246 0.029758 
0.303223 0.029761 
0.304199 0.029764 
0.305176 0.029767 
0.306152 0.029771 
0.307129 0.029774 
0.308105 0.029778 
0.309082 0.029781 
0.310059 0.029785 
0.311035 0.029788 
0.312012 0.029792 
0.312988 0.029796 
0.313965 0.029799 
0.314941 0.029803 
0.315918 0.029807 
0.316895 0.029811 
0.317871 0.029815 
0.318848 0.029819 
0.319824 0.029823 
0.320801 0.029827 
0.321777 0.029831 
0.322754 0.029835 
0.323730 0.029839 
0.324707 0.029844 
0.325684 0.029848 
0.326660 0.029852 
0.327637 0.029857 
0.328613 0.029861 
0.329590 0.029866 
0.330566 0.029870 
0.331543 0.029875 
0.332520 0.029880 
0.333496 0.029885 
0.334473 0.029890 
0.335449 0.029895 
0.336426 0.029900 
0.337402 0.029905 
0.338379 0.029910 
0.339355 0.029915 
0.340332 0.029920 
0.341309 0.029926 
0.342285 0.029931 
0.343262 0.029937 
0.344238 0.029942 
0.345215 0.029948 
0.346191 0.029954 
0.347168 0.029960 
0.348145 0.029966 
0.349121 0.029972 
0.350098 0.029978 
0.351074 0.029984 
0.352051 0.029990 
0.353027 0.029996 
0.354004 0.030003 
0.354980 0.030009 
0.355957 0.030016 
0.356934 0.030023 
0.357910 0.030030 
0.358887 0.030037 
0.359863 0.030044 
0.360840 0.030051 
0.361816 0.030058 
0.362793 0.030065 
0.363770 0.030073 
0.364746 0.030080 
0.365723 0.030088 
0.366699 0.030096 
0.367676 0.030104 
0.368652 0.030112 
0.369629 0.030120 
0.370605 0.030128 
0.371582 0.030137 
0.372559 0.030145 
0.373535 0.030154 
0.374512 0.030163 
0.375488 0.030172 
0.376465 0.030181 
0.377441 0.030190 
0.378418 0.030200 
0.379395 0.030209 
0.380371 0.030219 
0.381348 0.030229 
0.382324 0.030239 
0.383301 0.030249 
0.384277 0.030259 
0.385254 0.030269 
0.386230 0.030280 
0.387207 0.030291 
0.388184 0.030302 
0.389160 0.030313 
0.390137 0.030324 
0.391113 0.030336 
0.392090 0.030348 
0.393066 0.030359 
0.394043 0.030372 
0.395020 0.030384 
0.395996 0.030396 
0.396973 0.030409 
0.397949 0.030422 
0.398926 0.030435 
0.399902 0.030448 
0.400879 0.030471 
0.401855 0.030485 
0.402832 0.030500 
0.403809 0.030514 
0.404785 0.030529 
0.405762 0.030544 
0.406738 0.030560 
0.407715 0.030576 
0.408691 0.030592 
0.409668 0.030608 
0.410645 0.030625 
0.411621 0.030641 
0.412598 0.030659 
0.413574 0.030676 
0.414551 0.030694 
0.415527 0.030713 
0.416504 0.030731 
0.417480 0.030750 
0.418457 0.030769 
0.419434 0.030789 
0.420410 0.030809 
0.421387 0.030830 
0.422363 0.030851 
0.423340 0.030872 
0.424316 0.030894 
0.425293 0.030916 
0.426270 0.030938 
0.427246 0.030961 
0.428223 0.030985 
0.429199 0.031009 
0.430176 0.031033 
0.431152 0.031058 
0.432129 0.031083 
0.433105 0.031109 
0.434082 0.031135 
0.435059 0.031162 
0.436035 0.031190 
0.437012 0.031218 
0.437988 0.031246 
0.438965 0.031275 
0.439941 0.031305 
0.440918 0.031336 
0.441895 0.031366 
0.442871 0.031398 
0.443848 0.031430 
0.444824 0.031463 
0.445801 0.031497 
0.446777 0.031531 
0.447754 0.031566 
0.448730 0.031602 
0.449707 0.031638 
0.450684 0.031676 
0.451660 0.031714 
0.452637 0.031752 
0.453613 0.031792 
0.454590 0.031832 
0.455566 0.031874 
0.456543 0.031916 
0.457520 0.031959 
0.458496 0.032003 
0.459473 0.032048 
0.460449 0.032094 
0.461426 0.032140 
0.462402 0.032188 
0.463379 0.032237 
0.464355 0.032287 
0.465332 0.032338 
0.466309 0.032390 
0.467285 0.032443 
0.468262 0.032497 
0.469238 0.032553 
0.470215 0.032610 
0.471191 0.032668 
0.472168 0.032727 
0.473145 0.032787 
0.474121 0.032849 
0.475098 0.032912 
0.476074 0.032977 
0.477051 0.033043 
0.478027 0.033110 
0.479004 0.033179 
0.479980 0.033249 
0.480957 0.033321 
0.481934 0.033395 
0.482910 0.033470 
0.483887 0.033547 
0.484863 0.033625 
0.485840 0.033706 
0.486816 0.033788 
0.487793 0.033871 
0.488770 0.033957 
0.489746 0.034045 
0.490723 0.034134 
0.491699 0.034226 
0.492676 0.034320 
0.493652 0.034415 
0.494629 0.034513 
0.495605 0.034613 
0.496582 0.034716 
0.497559 0.034820 
0.498535 0.034927 
0.499512 0.035037 
