#cell coordinates and the corresponding deviation from the equilibrium 
-0.499512 0.035127 
-0.498535 0.035016 
-0.497559 0.034908 
-0.496582 0.034803 
-0.495605 0.034699 
-0.494629 0.034598 
-0.493652 0.034500 
-0.492676 0.034403 
-0.491699 0.034309 
-0.490723 0.034216 
-0.489746 0.034126 
-0.488770 0.034038 
-0.487793 0.033952 
-0.486816 0.033867 
-0.485840 0.033785 
-0.484863 0.033704 
-0.483887 0.033625 
-0.482910 0.033548 
-0.481934 0.033472 
-0.480957 0.033399 
-0.479980 0.033326 
-0.479004 0.033256 
-0.478027 0.033187 
-0.477051 0.033119 
-0.476074 0.033053 
-0.475098 0.032989 
-0.474121 0.032926 
-0.473145 0.032864 
-0.472168 0.032803 
-0.471191 0.032744 
-0.470215 0.032686 
-0.469238 0.032630 
-0.468262 0.032575 
-0.467285 0.032521 
-0.466309 0.032468 
-0.465332 0.032416 
-0.464355 0.032365 
-0.463379 0.032316 
-0.462402 0.032267 
-0.461426 0.032220 
-0.460449 0.031912 
-0.459473 0.031870 
-0.458496 0.031832 
-0.457520 0.031795 
-0.456543 0.031759 
-0.455566 0.031724 
-0.454590 0.031689 
-0.453613 0.031655 
-0.452637 0.031621 
-0.451660 0.031588 
-0.450684 0.031556 
-0.449707 0.031524 
-0.448730 0.031493 
-0.447754 0.031462 
-0.446777 0.031432 
-0.445801 0.031403 
-0.444824 0.031374 
-0.443848 0.031345 
-0.442871 0.031317 
-0.441895 0.031290 
-0.440918 0.031263 
-0.439941 0.031236 
-0.438965 0.031210 
-0.437988 0.031185 
-0.437012 0.031160 
-0.436035 0.031135 
-0.435059 0.031111 
-0.434082 0.031087 
-0.433105 0.031064 
-0.432129 0.031041 
-0.431152 0.031018 
-0.430176 0.030996 
-0.429199 0.030974 
-0.428223 0.030953 
-0.427246 0.030932 
-0.426270 0.030912 
-0.425293 0.030891 
-0.424316 0.030871 
-0.423340 0.030852 
-0.422363 0.030833 
-0.421387 0.030814 
-0.420410 0.030795 
-0.419434 0.030777 
-0.418457 0.030759 
-0.417480 0.030742 
-0.416504 0.030725 
-0.415527 0.030708 
-0.414551 0.030691 
-0.413574 0.030675 
-0.412598 0.030659 
-0.411621 0.030643 
-0.410645 0.030627 
-0.409668 0.030612 
-0.408691 0.030597 
-0.407715 0.030582 
-0.406738 0.030568 
-0.405762 0.030554 
-0.404785 0.030540 
-0.403809 0.030526 
-0.402832 0.030513 
-0.401855 0.030499 
-0.400879 0.030486 
-0.399902 0.030431 
-0.398926 0.030419 
-0.397949 0.030408 
-0.396973 0.030396 
-0.395996 0.030385 
-0.395020 0.030374 
-0.394043 0.030363 
-0.393066 0.030353 
-0.392090 0.030342 
-0.391113 0.030332 
-0.390137 0.030321 
-0.389160 0.030311 
-0.388184 0.030301 
-0.387207 0.030291 
-0.386230 0.030281 
-0.385254 0.030271 
-0.384277 0.030262 
-0.383301 0.030252 
-0.382324 0.030243 
-0.381348 0.030234 
-0.380371 0.030225 
-0.379395 0.030216 
-0.378418 0.030207 
-0.377441 0.030198 
-0.376465 0.030189 
-0.375488 0.030181 
-0.374512 0.030172 
-0.373535 0.030164 
-0.372559 0.030155 
-0.371582 0.030147 
-0.370605 0.030139 
-0.369629 0.030131 
-0.368652 0.030123 
-0.367676 0.030115 
-0.366699 0.030108 
-0.365723 0.030100 
-0.364746 0.030092 
-0.363770 0.030085 
-0.362793 0.030078 
-0.361816 0.030070 
-0.360840 0.030063 
-0.359863 0.030056 
-0.358887 0.030049 
-0.357910 0.030042 
-0.356934 0.030035 
-0.355957 0.030029 
-0.354980 0.030022 
-0.354004 0.030015 
-0.353027 0.030009 
-0.352051 0.030002 
-0.351074 0.029996 
-0.350098 0.029990 
-0.349121 0.029983 
-0.348145 0.029977 
-0.347168 0.029971 
-0.346191 0.029965 
-0.345215 0.029959 
-0.344238 0.029953 
-0.343262 0.029948 
-0.342285 0.029942 
-0.341309 0.029936 
-0.340332 0.029931 
-0.339355 0.029925 
-0.338379 0.029920 
-0.337402 0.029914 
-0.336426 0.029909 
-0.335449 0.029904 
-0.334473 0.029899 
-0.333496 0.029893 
-0.332520 0.029888 
-0.331543 0.029883 
-0.330566 0.029878 
-0.329590 0.029874 
-0.328613 0.029869 
-0.327637 0.029864 
-0.326660 0.029859 
-0.325684 0.029854 
-0.324707 0.029850 
-0.323730 0.029845 
-0.322754 0.029841 
-0.321777 0.029836 
-0.320801 0.029832 
-0.319824 0.029828 
-0.318848 0.029823 
-0.317871 0.029819 
-0.316895 0.029815 
-0.315918 0.029811 
-0.314941 0.029807 
-0.313965 0.029802 
-0.312988 0.029798 
-0.312012 0.029794 
-0.311035 0.029791 
-0.310059 0.029787 
-0.309082 0.029783 
-0.308105 0.029779 
-0.307129 0.029775 
-0.306152 0.029772 
-0.305176 0.029768 
-0.304199 0.029764 
-0.303223 0.029761 
-0.302246 0.029757 
-0.301270 0.029754 
-0.300293 0.029750 
-0.299316 0.029747 
-0.298340 0.029744 
-0.297363 0.029740 
-0.296387 0.029737 
-0.295410 0.029734 
-0.294434 0.029730 
-0.293457 0.029727 
-0.292480 0.029724 
-0.291504 0.029721 
-0.290527 0.029718 
-0.289551 0.029715 
-0.288574 0.029712 
-0.287598 0.029709 
-0.286621 0.029706 
-0.285645 0.029703 
-0.284668 0.029700 
-0.283691 0.029697 
-0.282715 0.029695 
-0.281738 0.029692 
-0.280762 0.029689 
-0.279785 0.029686 
-0.278809 0.029684 
-0.277832 0.029681 
-0.276855 0.029678 
-0.275879 0.029676 
-0.274902 0.029673 
-0.273926 0.029671 
-0.272949 0.029668 
-0.271973 0.029666 
-0.270996 0.029663 
-0.270020 0.029661 
-0.269043 0.029658 
-0.268066 0.029656 
-0.267090 0.029654 
-0.266113 0.029651 
-0.265137 0.029649 
-0.264160 0.029647 
-0.263184 0.029645 
-0.262207 0.029642 
-0.261230 0.029640 
-0.260254 0.029638 
-0.259277 0.029636 
-0.258301 0.029634 
-0.257324 0.029632 
-0.256348 0.029630 
-0.255371 0.029628 
-0.254395 0.029626 
-0.253418 0.029624 
-0.252441 0.029622 
-0.251465 0.029620 
-0.250488 0.029618 
-0.249512 0.029616 
-0.248535 0.029614 
-0.247559 0.029612 
-0.246582 0.029610 
-0.245605 0.029608 
-0.244629 0.029606 
-0.243652 0.029605 
-0.242676 0.029603 
-0.241699 0.029601 
-0.240723 0.029599 
-0.239746 0.029598 
-0.238770 0.029596 
-0.237793 0.029594 
-0.236816 0.029593 
-0.235840 0.029591 
-0.234863 0.029589 
-0.233887 0.029588 
-0.232910 0.029586 
-0.231934 0.029585 
-0.230957 0.029583 
-0.229980 0.029582 
-0.229004 0.029580 
-0.228027 0.029579 
-0.227051 0.029577 
-0.226074 0.029576 
-0.225098 0.029574 
-0.224121 0.029573 
-0.223145 0.029571 
-0.222168 0.029570 
-0.221191 0.029568 
-0.220215 0.029567 
-0.219238 0.029566 
-0.218262 0.029564 
-0.217285 0.029563 
-0.216309 0.029562 
-0.215332 0.029560 
-0.214355 0.029559 
-0.213379 0.029558 
-0.212402 0.029557 
-0.211426 0.029555 
-0.210449 0.029554 
-0.209473 0.029553 
-0.208496 0.029552 
-0.207520 0.029551 
-0.206543 0.029549 
-0.205566 0.029548 
-0.204590 0.029547 
-0.203613 0.029546 
-0.202637 0.029545 
-0.201660 0.029544 
-0.200684 0.029543 
-0.199707 0.029541 
-0.198730 0.029540 
-0.197754 0.029539 
-0.196777 0.029538 
-0.195801 0.029537 
-0.194824 0.029536 
-0.193848 0.029535 
-0.192871 0.029534 
-0.191895 0.029533 
-0.190918 0.029532 
-0.189941 0.029531 
-0.188965 0.029530 
-0.187988 0.029529 
-0.187012 0.029528 
-0.186035 0.029527 
-0.185059 0.029526 
-0.184082 0.029525 
-0.183105 0.029525 
-0.182129 0.029524 
-0.181152 0.029523 
-0.180176 0.029522 
-0.179199 0.029521 
-0.178223 0.029520 
-0.177246 0.029519 
-0.176270 0.029518 
-0.175293 0.029518 
-0.174316 0.029517 
-0.173340 0.029516 
-0.172363 0.029515 
-0.171387 0.029514 
-0.170410 0.029514 
-0.169434 0.029513 
-0.168457 0.029512 
-0.167480 0.029511 
-0.166504 0.029510 
-0.165527 0.029510 
-0.164551 0.029509 
-0.163574 0.029508 
-0.162598 0.029508 
-0.161621 0.029507 
-0.160645 0.029506 
-0.159668 0.029505 
-0.158691 0.029505 
-0.157715 0.029504 
-0.156738 0.029503 
-0.155762 0.029503 
-0.154785 0.029502 
-0.153809 0.029501 
-0.152832 0.029501 
-0.151855 0.029500 
-0.150879 0.029499 
-0.149902 0.029499 
-0.148926 0.029498 
-0.147949 0.029498 
-0.146973 0.029497 
-0.145996 0.029496 
-0.145020 0.029496 
-0.144043 0.029495 
-0.143066 0.029495 
-0.142090 0.029494 
-0.141113 0.029493 
-0.140137 0.029493 
-0.139160 0.029492 
-0.138184 0.029492 
-0.137207 0.029491 
-0.136230 0.029491 
-0.135254 0.029490 
-0.134277 0.029490 
-0.133301 0.029489 
-0.132324 0.029489 
-0.131348 0.029488 
-0.130371 0.029488 
-0.129395 0.029487 
-0.128418 0.029487 
-0.127441 0.029486 
-0.126465 0.029486 
-0.125488 0.029485 
-0.124512 0.029485 
-0.123535 0.029484 
-0.122559 0.029484 
-0.121582 0.029483 
-0.120605 0.029483 
-0.119629 0.029482 
-0.118652 0.029482 
-0.117676 0.029482 
-0.116699 0.029481 
-0.115723 0.029481 
-0.114746 0.029480 
-0.113770 0.029480 
-0.112793 0.029479 
-0.111816 0.029479 
-0.110840 0.029479 
-0.109863 0.029478 
-0.108887 0.029478 
-0.107910 0.029478 
-0.106934 0.029477 
-0.105957 0.029477 
-0.104980 0.029476 
-0.104004 0.029476 
-0.103027 0.029476 
-0.102051 0.029475 
-0.101074 0.029475 
-0.100098 0.029475 
-0.099121 0.029474 
-0.098145 0.029474 
-0.097168 0.029474 
-0.096191 0.029473 
-0.095215 0.029473 
-0.094238 0.029473 
-0.093262 0.029472 
-0.092285 0.029472 
-0.091309 0.029472 
-0.090332 0.029471 
-0.089355 0.029471 
-0.088379 0.029471 
-0.087402 0.029471 
-0.086426 0.029470 
-0.085449 0.029470 
-0.084473 0.029470 
-0.083496 0.029469 
-0.082520 0.029469 
-0.081543 0.029469 
-0.080566 0.029469 
-0.079590 0.029468 
-0.078613 0.029468 
-0.077637 0.029468 
-0.076660 0.029468 
-0.075684 0.029467 
-0.074707 0.029467 
-0.073730 0.029467 
-0.072754 0.029467 
-0.071777 0.029466 
-0.070801 0.029466 
-0.069824 0.029466 
-0.068848 0.029466 
-0.067871 0.029466 
-0.066895 0.029465 
-0.065918 0.029465 
-0.064941 0.029465 
-0.063965 0.029465 
-0.062988 0.029464 
-0.062012 0.029464 
-0.061035 0.029464 
-0.060059 0.029464 
-0.059082 0.029464 
-0.058105 0.029464 
-0.057129 0.029463 
-0.056152 0.029463 
-0.055176 0.029463 
-0.054199 0.029463 
-0.053223 0.029463 
-0.052246 0.029463 
-0.051270 0.029462 
-0.050293 0.029462 
-0.049316 0.029462 
-0.048340 0.029462 
-0.047363 0.029462 
-0.046387 0.029462 
-0.045410 0.029461 
-0.044434 0.029461 
-0.043457 0.029461 
-0.042480 0.029461 
-0.041504 0.029461 
-0.040527 0.029461 
-0.039551 0.029461 
-0.038574 0.029461 
-0.037598 0.029460 
-0.036621 0.029460 
-0.035645 0.029460 
-0.034668 0.029460 
-0.033691 0.029460 
-0.032715 0.029460 
-0.031738 0.029460 
-0.030762 0.029460 
-0.029785 0.029460 
-0.028809 0.029460 
-0.027832 0.029460 
-0.026855 0.029459 
-0.025879 0.029459 
-0.024902 0.029459 
-0.023926 0.029459 
-0.022949 0.029459 
-0.021973 0.029459 
-0.020996 0.029459 
-0.020020 0.029459 
-0.019043 0.029459 
-0.018066 0.029459 
-0.017090 0.029459 
-0.016113 0.029459 
-0.015137 0.029459 
-0.014160 0.029459 
-0.013184 0.029459 
-0.012207 0.029459 
-0.011230 0.029459 
-0.010254 0.029458 
-0.009277 0.029458 
-0.008301 0.029458 
-0.007324 0.029458 
-0.006348 0.029458 
-0.005371 0.029458 
-0.004395 0.029458 
-0.003418 0.029458 
-0.002441 0.029458 
-0.001465 0.029458 
-0.000488 0.029458 
0.000488 0.029458 
0.001465 0.029458 
0.002441 0.029458 
0.003418 0.029458 
0.004395 0.029458 
0.005371 0.029458 
0.006348 0.029458 
0.007324 0.029458 
0.008301 0.029458 
0.009277 0.029458 
0.010254 0.029458 
0.011230 0.029459 
0.012207 0.029459 
0.013184 0.029459 
0.014160 0.029459 
0.015137 0.029459 
0.016113 0.029459 
0.017090 0.029459 
0.018066 0.029459 
0.019043 0.029459 
0.020020 0.029459 
0.020996 0.029459 
0.021973 0.029459 
0.022949 0.029459 
0.023926 0.029459 
0.024902 0.029459 
0.025879 0.029459 
0.026855 0.029459 
0.027832 0.029460 
0.028809 0.029460 
0.029785 0.029460 
0.030762 0.029460 
0.031738 0.029460 
0.032715 0.029460 
0.033691 0.029460 
0.034668 0.029460 
0.035645 0.029460 
0.036621 0.029460 
0.037598 0.029460 
0.038574 0.029461 
0.039551 0.029461 
0.040527 0.029461 
0.041504 0.029461 
0.042480 0.029461 
0.043457 0.029461 
0.044434 0.029461 
0.045410 0.029461 
0.046387 0.029462 
0.047363 0.029462 
0.048340 0.029462 
0.049316 0.029462 
0.050293 0.029462 
0.051270 0.029462 
0.052246 0.029463 
0.053223 0.029463 
0.054199 0.029463 
0.055176 0.029463 
0.056152 0.029463 
0.057129 0.029463 
0.058105 0.029464 
0.059082 0.029464 
0.060059 0.029464 
0.061035 0.029464 
0.062012 0.029464 
0.062988 0.029464 
0.063965 0.029465 
0.064941 0.029465 
0.065918 0.029465 
0.066895 0.029465 
0.067871 0.029466 
0.068848 0.029466 
0.069824 0.029466 
0.070801 0.029466 
0.071777 0.029466 
0.072754 0.029467 
0.073730 0.029467 
0.074707 0.029467 
0.075684 0.029467 
0.076660 0.029468 
0.077637 0.029468 
0.078613 0.029468 
0.079590 0.029468 
0.080566 0.029469 
0.081543 0.029469 
0.082520 0.029469 
0.083496 0.029469 
0.084473 0.029470 
0.085449 0.029470 
0.086426 0.029470 
0.087402 0.029471 
0.088379 0.029471 
0.089355 0.029471 
0.090332 0.029471 
0.091309 0.029472 
0.092285 0.029472 
0.093262 0.029472 
0.094238 0.029473 
0.095215 0.029473 
0.096191 0.029473 
0.097168 0.029474 
0.098145 0.029474 
0.099121 0.029474 
0.100098 0.029475 
0.101074 0.029475 
0.102051 0.029475 
0.103027 0.029476 
0.104004 0.029476 
0.104980 0.029476 
0.105957 0.029477 
0.106934 0.029477 
0.107910 0.029478 
0.108887 0.029478 
0.109863 0.029478 
0.110840 0.029479 
0.111816 0.029479 
0.112793 0.029479 
0.113770 0.029480 
0.114746 0.029480 
0.115723 0.029481 
0.116699 0.029481 
0.117676 0.029482 
0.118652 0.029482 
0.119629 0.029482 
0.120605 0.029483 
0.121582 0.029483 
0.122559 0.029484 
0.123535 0.029484 
0.124512 0.029485 
0.125488 0.029485 
0.126465 0.029486 
0.127441 0.029486 
0.128418 0.029487 
0.129395 0.029487 
0.130371 0.029488 
0.131348 0.029488 
0.132324 0.029489 
0.133301 0.029489 
0.134277 0.029490 
0.135254 0.029490 
0.136230 0.029491 
0.137207 0.029491 
0.138184 0.029492 
0.139160 0.029492 
0.140137 0.029493 
0.141113 0.029493 
0.142090 0.029494 
0.143066 0.029495 
0.144043 0.029495 
0.145020 0.029496 
0.145996 0.029496 
0.146973 0.029497 
0.147949 0.029498 
0.148926 0.029498 
0.149902 0.029499 
0.150879 0.029499 
0.151855 0.029500 
0.152832 0.029501 
0.153809 0.029501 
0.154785 0.029502 
0.155762 0.029503 
0.156738 0.029503 
0.157715 0.029504 
0.158691 0.029505 
0.159668 0.029505 
0.160645 0.029506 
0.161621 0.029507 
0.162598 0.029508 
0.163574 0.029508 
0.164551 0.029509 
0.165527 0.029510 
0.166504 0.029510 
0.167480 0.029511 
0.168457 0.029512 
0.169434 0.029513 
0.170410 0.029514 
0.171387 0.029514 
0.172363 0.029515 
0.173340 0.029516 
0.174316 0.029517 
0.175293 0.029518 
0.176270 0.029518 
0.177246 0.029519 
0.178223 0.029520 
0.179199 0.029521 
0.180176 0.029522 
0.181152 0.029523 
0.182129 0.029524 
0.183105 0.029525 
0.184082 0.029525 
0.185059 0.029526 
0.186035 0.029527 
0.187012 0.029528 
0.187988 0.029529 
0.188965 0.029530 
0.189941 0.029531 
0.190918 0.029532 
0.191895 0.029533 
0.192871 0.029534 
0.193848 0.029535 
0.194824 0.029536 
0.195801 0.029537 
0.196777 0.029538 
0.197754 0.029539 
0.198730 0.029540 
0.199707 0.029541 
0.200684 0.029543 
0.201660 0.029544 
0.202637 0.029545 
0.203613 0.029546 
0.204590 0.029547 
0.205566 0.029548 
0.206543 0.029549 
0.207520 0.029551 
0.208496 0.029552 
0.209473 0.029553 
0.210449 0.029554 
0.211426 0.029555 
0.212402 0.029557 
0.213379 0.029558 
0.214355 0.029559 
0.215332 0.029560 
0.216309 0.029562 
0.217285 0.029563 
0.218262 0.029564 
0.219238 0.029566 
0.220215 0.029567 
0.221191 0.029568 
0.222168 0.029570 
0.223145 0.029571 
0.224121 0.029573 
0.225098 0.029574 
0.226074 0.029576 
0.227051 0.029577 
0.228027 0.029579 
0.229004 0.029580 
0.229980 0.029582 
0.230957 0.029583 
0.231934 0.029585 
0.232910 0.029586 
0.233887 0.029588 
0.234863 0.029589 
0.235840 0.029591 
0.236816 0.029593 
0.237793 0.029594 
0.238770 0.029596 
0.239746 0.029598 
0.240723 0.029599 
0.241699 0.029601 
0.242676 0.029603 
0.243652 0.029605 
0.244629 0.029606 
0.245605 0.029608 
0.246582 0.029610 
0.247559 0.029612 
0.248535 0.029614 
0.249512 0.029616 
0.250488 0.029618 
0.251465 0.029620 
0.252441 0.029622 
0.253418 0.029624 
0.254395 0.029626 
0.255371 0.029628 
0.256348 0.029630 
0.257324 0.029632 
0.258301 0.029634 
0.259277 0.029636 
0.260254 0.029638 
0.261230 0.029640 
0.262207 0.029642 
0.263184 0.029645 
0.264160 0.029647 
0.265137 0.029649 
0.266113 0.029651 
0.267090 0.029654 
0.268066 0.029656 
0.269043 0.029658 
0.270020 0.029661 
0.270996 0.029663 
0.271973 0.029666 
0.272949 0.029668 
0.273926 0.029671 
0.274902 0.029673 
0.275879 0.029676 
0.276855 0.029678 
0.277832 0.029681 
0.278809 0.029684 
0.279785 0.029686 
0.280762 0.029689 
0.281738 0.029692 
0.282715 0.029695 
0.283691 0.029697 
0.284668 0.029700 
0.285645 0.029703 
0.286621 0.029706 
0.287598 0.029709 
0.288574 0.029712 
0.289551 0.029715 
0.290527 0.029718 
0.291504 0.029721 
0.292480 0.029724 
0.293457 0.029727 
0.294434 0.029730 
0.295410 0.029734 
0.296387 0.029737 
0.297363 0.029740 
0.298340 0.029744 
0.299316 0.029747 
0.300293 0.029750 
0.301270 0.029754 
0.302246 0.029757 
0.303223 0.029761 
0.304199 0.029764 
0.305176 0.029768 
0.306152 0.029772 
0.307129 0.029775 
0.308105 0.029779 
0.309082 0.029783 
0.310059 0.029787 
0.311035 0.029791 
0.312012 0.029794 
0.312988 0.029798 
0.313965 0.029802 
0.314941 0.029807 
0.315918 0.029811 
0.316895 0.029815 
0.317871 0.029819 
0.318848 0.029823 
0.319824 0.029828 
0.320801 0.029832 
0.321777 0.029836 
0.322754 0.029841 
0.323730 0.029845 
0.324707 0.029850 
0.325684 0.029854 
0.326660 0.029859 
0.327637 0.029864 
0.328613 0.029869 
0.329590 0.029874 
0.330566 0.029878 
0.331543 0.029883 
0.332520 0.029888 
0.333496 0.029893 
0.334473 0.029899 
0.335449 0.029904 
0.336426 0.029909 
0.337402 0.029914 
0.338379 0.029920 
0.339355 0.029925 
0.340332 0.029931 
0.341309 0.029936 
0.342285 0.029942 
0.343262 0.029948 
0.344238 0.029953 
0.345215 0.029959 
0.346191 0.029965 
0.347168 0.029971 
0.348145 0.029977 
0.349121 0.029983 
0.350098 0.029990 
0.351074 0.029996 
0.352051 0.030002 
0.353027 0.030009 
0.354004 0.030015 
0.354980 0.030022 
0.355957 0.030029 
0.356934 0.030035 
0.357910 0.030042 
0.358887 0.030049 
0.359863 0.030056 
0.360840 0.030063 
0.361816 0.030070 
0.362793 0.030078 
0.363770 0.030085 
0.364746 0.030092 
0.365723 0.030100 
0.366699 0.030108 
0.367676 0.030115 
0.368652 0.030123 
0.369629 0.030131 
0.370605 0.030139 
0.371582 0.030147 
0.372559 0.030155 
0.373535 0.030164 
0.374512 0.030172 
0.375488 0.030181 
0.376465 0.030189 
0.377441 0.030198 
0.378418 0.030207 
0.379395 0.030216 
0.380371 0.030225 
0.381348 0.030234 
0.382324 0.030243 
0.383301 0.030252 
0.384277 0.030262 
0.385254 0.030271 
0.386230 0.030281 
0.387207 0.030291 
0.388184 0.030301 
0.389160 0.030311 
0.390137 0.030321 
0.391113 0.030332 
0.392090 0.030342 
0.393066 0.030353 
0.394043 0.030363 
0.395020 0.030374 
0.395996 0.030385 
0.396973 0.030396 
0.397949 0.030408 
0.398926 0.030419 
0.399902 0.030431 
0.400879 0.030486 
0.401855 0.030499 
0.402832 0.030513 
0.403809 0.030526 
0.404785 0.030540 
0.405762 0.030554 
0.406738 0.030568 
0.407715 0.030582 
0.408691 0.030597 
0.409668 0.030612 
0.410645 0.030627 
0.411621 0.030643 
0.412598 0.030659 
0.413574 0.030675 
0.414551 0.030691 
0.415527 0.030708 
0.416504 0.030725 
0.417480 0.030742 
0.418457 0.030759 
0.419434 0.030777 
0.420410 0.030795 
0.421387 0.030814 
0.422363 0.030833 
0.423340 0.030852 
0.424316 0.030871 
0.425293 0.030891 
0.426270 0.030912 
0.427246 0.030932 
0.428223 0.030953 
0.429199 0.030974 
0.430176 0.030996 
0.431152 0.031018 
0.432129 0.031041 
0.433105 0.031064 
0.434082 0.031087 
0.435059 0.031111 
0.436035 0.031135 
0.437012 0.031160 
0.437988 0.031185 
0.438965 0.031210 
0.439941 0.031236 
0.440918 0.031263 
0.441895 0.031290 
0.442871 0.031317 
0.443848 0.031345 
0.444824 0.031374 
0.445801 0.031403 
0.446777 0.031432 
0.447754 0.031462 
0.448730 0.031493 
0.449707 0.031524 
0.450684 0.031556 
0.451660 0.031588 
0.452637 0.031621 
0.453613 0.031655 
0.454590 0.031689 
0.455566 0.031724 
0.456543 0.031759 
0.457520 0.031795 
0.458496 0.031832 
0.459473 0.031870 
0.460449 0.031912 
0.461426 0.032220 
0.462402 0.032267 
0.463379 0.032316 
0.464355 0.032365 
0.465332 0.032416 
0.466309 0.032468 
0.467285 0.032521 
0.468262 0.032575 
0.469238 0.032630 
0.470215 0.032686 
0.471191 0.032744 
0.472168 0.032803 
0.473145 0.032864 
0.474121 0.032926 
0.475098 0.032989 
0.476074 0.033053 
0.477051 0.033119 
0.478027 0.033187 
0.479004 0.033256 
0.479980 0.033326 
0.480957 0.033399 
0.481934 0.033472 
0.482910 0.033548 
0.483887 0.033625 
0.484863 0.033704 
0.485840 0.033785 
0.486816 0.033867 
0.487793 0.033952 
0.488770 0.034038 
0.489746 0.034126 
0.490723 0.034216 
0.491699 0.034309 
0.492676 0.034403 
0.493652 0.034500 
0.494629 0.034598 
0.495605 0.034699 
0.496582 0.034803 
0.497559 0.034908 
0.498535 0.035016 
0.499512 0.035127 
