#cell coordinates and the corresponding deviation from the equilibrium 
-0.499512 0.035112 
-0.498535 0.035002 
-0.497559 0.034894 
-0.496582 0.034788 
-0.495605 0.034685 
-0.494629 0.034584 
-0.493652 0.034485 
-0.492676 0.034389 
-0.491699 0.034294 
-0.490723 0.034202 
-0.489746 0.034112 
-0.488770 0.034023 
-0.487793 0.033937 
-0.486816 0.033853 
-0.485840 0.033770 
-0.484863 0.033689 
-0.483887 0.033610 
-0.482910 0.033533 
-0.481934 0.033457 
-0.480957 0.033383 
-0.479980 0.033311 
-0.479004 0.033240 
-0.478027 0.033171 
-0.477051 0.033104 
-0.476074 0.033037 
-0.475098 0.032973 
-0.474121 0.032909 
-0.473145 0.032847 
-0.472168 0.032786 
-0.471191 0.032727 
-0.470215 0.032669 
-0.469238 0.032612 
-0.468262 0.032557 
-0.467285 0.032502 
-0.466309 0.032449 
-0.465332 0.032397 
-0.464355 0.032346 
-0.463379 0.032296 
-0.462402 0.032247 
-0.461426 0.032200 
-0.460449 0.032153 
-0.459473 0.032107 
-0.458496 0.032062 
-0.457520 0.032019 
-0.456543 0.031976 
-0.455566 0.031934 
-0.454590 0.031893 
-0.453613 0.031853 
-0.452637 0.031619 
-0.451660 0.031583 
-0.450684 0.031551 
-0.449707 0.031519 
-0.448730 0.031488 
-0.447754 0.031457 
-0.446777 0.031427 
-0.445801 0.031397 
-0.444824 0.031368 
-0.443848 0.031340 
-0.442871 0.031312 
-0.441895 0.031284 
-0.440918 0.031257 
-0.439941 0.031231 
-0.438965 0.031205 
-0.437988 0.031179 
-0.437012 0.031154 
-0.436035 0.031129 
-0.435059 0.031105 
-0.434082 0.031081 
-0.433105 0.031057 
-0.432129 0.031034 
-0.431152 0.031012 
-0.430176 0.030990 
-0.429199 0.030968 
-0.428223 0.030946 
-0.427246 0.030925 
-0.426270 0.030905 
-0.425293 0.030884 
-0.424316 0.030864 
-0.423340 0.030845 
-0.422363 0.030825 
-0.421387 0.030806 
-0.420410 0.030788 
-0.419434 0.030769 
-0.418457 0.030751 
-0.417480 0.030734 
-0.416504 0.030716 
-0.415527 0.030699 
-0.414551 0.030682 
-0.413574 0.030666 
-0.412598 0.030649 
-0.411621 0.030633 
-0.410645 0.030618 
-0.409668 0.030602 
-0.408691 0.030587 
-0.407715 0.030572 
-0.406738 0.030558 
-0.405762 0.030543 
-0.404785 0.030529 
-0.403809 0.030515 
-0.402832 0.030501 
-0.401855 0.030488 
-0.400879 0.030475 
-0.399902 0.030462 
-0.398926 0.030449 
-0.397949 0.030436 
-0.396973 0.030424 
-0.395996 0.030412 
-0.395020 0.030400 
-0.394043 0.030388 
-0.393066 0.030376 
-0.392090 0.030365 
-0.391113 0.030354 
-0.390137 0.030342 
-0.389160 0.030332 
-0.388184 0.030321 
-0.387207 0.030310 
-0.386230 0.030300 
-0.385254 0.030290 
-0.384277 0.030280 
-0.383301 0.030270 
-0.382324 0.030260 
-0.381348 0.030251 
-0.380371 0.030242 
-0.379395 0.030232 
-0.378418 0.030223 
-0.377441 0.030214 
-0.376465 0.030206 
-0.375488 0.030197 
-0.374512 0.030188 
-0.373535 0.030180 
-0.372559 0.030172 
-0.371582 0.030164 
-0.370605 0.030156 
-0.369629 0.030156 
-0.368652 0.030148 
-0.367676 0.030140 
-0.366699 0.030132 
-0.365723 0.030124 
-0.364746 0.030116 
-0.363770 0.030108 
-0.362793 0.030101 
-0.361816 0.030093 
-0.360840 0.030086 
-0.359863 0.030078 
-0.358887 0.030071 
-0.357910 0.030064 
-0.356934 0.030057 
-0.355957 0.030050 
-0.354980 0.030043 
-0.354004 0.030036 
-0.353027 0.030029 
-0.352051 0.030023 
-0.351074 0.030016 
-0.350098 0.030010 
-0.349121 0.030003 
-0.348145 0.029997 
-0.347168 0.029991 
-0.346191 0.029984 
-0.345215 0.029978 
-0.344238 0.029972 
-0.343262 0.029966 
-0.342285 0.029960 
-0.341309 0.029955 
-0.340332 0.029949 
-0.339355 0.029943 
-0.338379 0.029937 
-0.337402 0.029932 
-0.336426 0.029926 
-0.335449 0.029921 
-0.334473 0.029916 
-0.333496 0.029910 
-0.332520 0.029905 
-0.331543 0.029900 
-0.330566 0.029895 
-0.329590 0.029890 
-0.328613 0.029885 
-0.327637 0.029880 
-0.326660 0.029875 
-0.325684 0.029870 
-0.324707 0.029865 
-0.323730 0.029861 
-0.322754 0.029856 
-0.321777 0.029851 
-0.320801 0.029847 
-0.319824 0.029842 
-0.318848 0.029838 
-0.317871 0.029833 
-0.316895 0.029829 
-0.315918 0.029825 
-0.314941 0.029821 
-0.313965 0.029816 
-0.312988 0.029812 
-0.312012 0.029808 
-0.311035 0.029804 
-0.310059 0.029800 
-0.309082 0.029796 
-0.308105 0.029792 
-0.307129 0.029788 
-0.306152 0.029785 
-0.305176 0.029781 
-0.304199 0.029777 
-0.303223 0.029773 
-0.302246 0.029770 
-0.301270 0.029766 
-0.300293 0.029763 
-0.299316 0.029759 
-0.298340 0.029756 
-0.297363 0.029752 
-0.296387 0.029749 
-0.295410 0.029745 
-0.294434 0.029742 
-0.293457 0.029739 
-0.292480 0.029736 
-0.291504 0.029732 
-0.290527 0.029729 
-0.289551 0.029726 
-0.288574 0.029723 
-0.287598 0.029720 
-0.286621 0.029717 
-0.285645 0.029714 
-0.284668 0.029711 
-0.283691 0.029708 
-0.282715 0.029705 
-0.281738 0.029702 
-0.280762 0.029699 
-0.279785 0.029697 
-0.278809 0.029694 
-0.277832 0.029691 
-0.276855 0.029688 
-0.275879 0.029686 
-0.274902 0.029683 
-0.273926 0.029681 
-0.272949 0.029678 
-0.271973 0.029675 
-0.270996 0.029673 
-0.270020 0.029670 
-0.269043 0.029668 
-0.268066 0.029666 
-0.267090 0.029663 
-0.266113 0.029661 
-0.265137 0.029658 
-0.264160 0.029656 
-0.263184 0.029654 
-0.262207 0.029651 
-0.261230 0.029649 
-0.260254 0.029647 
-0.259277 0.029645 
-0.258301 0.029643 
-0.257324 0.029640 
-0.256348 0.029638 
-0.255371 0.029636 
-0.254395 0.029634 
-0.253418 0.029632 
-0.252441 0.029630 
-0.251465 0.029628 
-0.250488 0.029626 
-0.249512 0.029624 
-0.248535 0.029622 
-0.247559 0.029620 
-0.246582 0.029618 
-0.245605 0.029616 
-0.244629 0.029615 
-0.243652 0.029613 
-0.242676 0.029611 
-0.241699 0.029609 
-0.240723 0.029607 
-0.239746 0.029606 
-0.238770 0.029604 
-0.237793 0.029602 
-0.236816 0.029600 
-0.235840 0.029599 
-0.234863 0.029597 
-0.233887 0.029595 
-0.232910 0.029594 
-0.231934 0.029592 
-0.230957 0.029591 
-0.229980 0.029589 
-0.229004 0.029588 
-0.228027 0.029586 
-0.227051 0.029584 
-0.226074 0.029583 
-0.225098 0.029581 
-0.224121 0.029580 
-0.223145 0.029579 
-0.222168 0.029577 
-0.221191 0.029576 
-0.220215 0.029574 
-0.219238 0.029573 
-0.218262 0.029571 
-0.217285 0.029570 
-0.216309 0.029569 
-0.215332 0.029567 
-0.214355 0.029566 
-0.213379 0.029565 
-0.212402 0.029564 
-0.211426 0.029562 
-0.210449 0.029561 
-0.209473 0.029560 
-0.208496 0.029558 
-0.207520 0.029557 
-0.206543 0.029556 
-0.205566 0.029555 
-0.204590 0.029554 
-0.203613 0.029553 
-0.202637 0.029551 
-0.201660 0.029550 
-0.200684 0.029549 
-0.199707 0.029548 
-0.198730 0.029547 
-0.197754 0.029546 
-0.196777 0.029545 
-0.195801 0.029544 
-0.194824 0.029543 
-0.193848 0.029542 
-0.192871 0.029540 
-0.191895 0.029539 
-0.190918 0.029538 
-0.189941 0.029537 
-0.188965 0.029536 
-0.187988 0.029535 
-0.187012 0.029534 
-0.186035 0.029534 
-0.185059 0.029533 
-0.184082 0.029532 
-0.183105 0.029531 
-0.182129 0.029530 
-0.181152 0.029529 
-0.180176 0.029528 
-0.179199 0.029527 
-0.178223 0.029526 
-0.177246 0.029525 
-0.176270 0.029524 
-0.175293 0.029524 
-0.174316 0.029523 
-0.173340 0.029522 
-0.172363 0.029521 
-0.171387 0.029520 
-0.170410 0.029519 
-0.169434 0.029519 
-0.168457 0.029518 
-0.167480 0.029517 
-0.166504 0.029516 
-0.165527 0.029516 
-0.164551 0.029515 
-0.163574 0.029514 
-0.162598 0.029513 
-0.161621 0.029513 
-0.160645 0.029512 
-0.159668 0.029511 
-0.158691 0.029510 
-0.157715 0.029510 
-0.156738 0.029509 
-0.155762 0.029508 
-0.154785 0.029508 
-0.153809 0.029507 
-0.152832 0.029506 
-0.151855 0.029506 
-0.150879 0.029505 
-0.149902 0.029504 
-0.148926 0.029504 
-0.147949 0.029503 
-0.146973 0.029503 
-0.145996 0.029502 
-0.145020 0.029501 
-0.144043 0.029501 
-0.143066 0.029500 
-0.142090 0.029500 
-0.141113 0.029499 
-0.140137 0.029498 
-0.139160 0.029498 
-0.138184 0.029497 
-0.137207 0.029497 
-0.136230 0.029496 
-0.135254 0.029496 
-0.134277 0.029495 
-0.133301 0.029495 
-0.132324 0.029494 
-0.131348 0.029494 
-0.130371 0.029493 
-0.129395 0.029493 
-0.128418 0.029492 
-0.127441 0.029492 
-0.126465 0.029491 
-0.125488 0.029491 
-0.124512 0.029490 
-0.123535 0.029490 
-0.122559 0.029489 
-0.121582 0.029489 
-0.120605 0.029488 
-0.119629 0.029488 
-0.118652 0.029487 
-0.117676 0.029487 
-0.116699 0.029486 
-0.115723 0.029486 
-0.114746 0.029486 
-0.113770 0.029485 
-0.112793 0.029485 
-0.111816 0.029484 
-0.110840 0.029484 
-0.109863 0.029484 
-0.108887 0.029483 
-0.107910 0.029483 
-0.106934 0.029482 
-0.105957 0.029482 
-0.104980 0.029482 
-0.104004 0.029481 
-0.103027 0.029481 
-0.102051 0.029481 
-0.101074 0.029480 
-0.100098 0.029480 
-0.099121 0.029480 
-0.098145 0.029479 
-0.097168 0.029479 
-0.096191 0.029479 
-0.095215 0.029478 
-0.094238 0.029478 
-0.093262 0.029478 
-0.092285 0.029477 
-0.091309 0.029477 
-0.090332 0.029477 
-0.089355 0.029476 
-0.088379 0.029476 
-0.087402 0.029476 
-0.086426 0.029475 
-0.085449 0.029475 
-0.084473 0.029475 
-0.083496 0.029475 
-0.082520 0.029474 
-0.081543 0.029474 
-0.080566 0.029474 
-0.079590 0.029473 
-0.078613 0.029473 
-0.077637 0.029473 
-0.076660 0.029473 
-0.075684 0.029472 
-0.074707 0.029472 
-0.073730 0.029472 
-0.072754 0.029472 
-0.071777 0.029472 
-0.070801 0.029471 
-0.069824 0.029471 
-0.068848 0.029471 
-0.067871 0.029471 
-0.066895 0.029470 
-0.065918 0.029470 
-0.064941 0.029470 
-0.063965 0.029470 
-0.062988 0.029470 
-0.062012 0.029469 
-0.061035 0.029469 
-0.060059 0.029469 
-0.059082 0.029469 
-0.058105 0.029469 
-0.057129 0.029468 
-0.056152 0.029468 
-0.055176 0.029468 
-0.054199 0.029468 
-0.053223 0.029468 
-0.052246 0.029468 
-0.051270 0.029467 
-0.050293 0.029467 
-0.049316 0.029467 
-0.048340 0.029467 
-0.047363 0.029467 
-0.046387 0.029467 
-0.045410 0.029467 
-0.044434 0.029466 
-0.043457 0.029466 
-0.042480 0.029466 
-0.041504 0.029466 
-0.040527 0.029466 
-0.039551 0.029466 
-0.038574 0.029466 
-0.037598 0.029466 
-0.036621 0.029465 
-0.035645 0.029465 
-0.034668 0.029465 
-0.033691 0.029465 
-0.032715 0.029465 
-0.031738 0.029465 
-0.030762 0.029465 
-0.029785 0.029465 
-0.028809 0.029465 
-0.027832 0.029465 
-0.026855 0.029464 
-0.025879 0.029464 
-0.024902 0.029464 
-0.023926 0.029464 
-0.022949 0.029464 
-0.021973 0.029464 
-0.020996 0.029464 
-0.020020 0.029464 
-0.019043 0.029464 
-0.018066 0.029464 
-0.017090 0.029464 
-0.016113 0.029464 
-0.015137 0.029464 
-0.014160 0.029464 
-0.013184 0.029464 
-0.012207 0.029464 
-0.011230 0.029464 
-0.010254 0.029463 
-0.009277 0.029463 
-0.008301 0.029463 
-0.007324 0.029463 
-0.006348 0.029463 
-0.005371 0.029463 
-0.004395 0.029463 
-0.003418 0.029463 
-0.002441 0.029463 
-0.001465 0.029463 
-0.000488 0.029463 
0.000488 0.029463 
0.001465 0.029463 
0.002441 0.029463 
0.003418 0.029463 
0.004395 0.029463 
0.005371 0.029463 
0.006348 0.029463 
0.007324 0.029463 
0.008301 0.029463 
0.009277 0.029463 
0.010254 0.029463 
0.011230 0.029464 
0.012207 0.029464 
0.013184 0.029464 
0.014160 0.029464 
0.015137 0.029464 
0.016113 0.029464 
0.017090 0.029464 
0.018066 0.029464 
0.019043 0.029464 
0.020020 0.029464 
0.020996 0.029464 
0.021973 0.029464 
0.022949 0.029464 
0.023926 0.029464 
0.024902 0.029464 
0.025879 0.029464 
0.026855 0.029464 
0.027832 0.029465 
0.028809 0.029465 
0.029785 0.029465 
0.030762 0.029465 
0.031738 0.029465 
0.032715 0.029465 
0.033691 0.029465 
0.034668 0.029465 
0.035645 0.029465 
0.036621 0.029465 
0.037598 0.029466 
0.038574 0.029466 
0.039551 0.029466 
0.040527 0.029466 
0.041504 0.029466 
0.042480 0.029466 
0.043457 0.029466 
0.044434 0.029466 
0.045410 0.029467 
0.046387 0.029467 
0.047363 0.029467 
0.048340 0.029467 
0.049316 0.029467 
0.050293 0.029467 
0.051270 0.029467 
0.052246 0.029468 
0.053223 0.029468 
0.054199 0.029468 
0.055176 0.029468 
0.056152 0.029468 
0.057129 0.029468 
0.058105 0.029469 
0.059082 0.029469 
0.060059 0.029469 
0.061035 0.029469 
0.062012 0.029469 
0.062988 0.029470 
0.063965 0.029470 
0.064941 0.029470 
0.065918 0.029470 
0.066895 0.029470 
0.067871 0.029471 
0.068848 0.029471 
0.069824 0.029471 
0.070801 0.029471 
0.071777 0.029472 
0.072754 0.029472 
0.073730 0.029472 
0.074707 0.029472 
0.075684 0.029472 
0.076660 0.029473 
0.077637 0.029473 
0.078613 0.029473 
0.079590 0.029473 
0.080566 0.029474 
0.081543 0.029474 
0.082520 0.029474 
0.083496 0.029475 
0.084473 0.029475 
0.085449 0.029475 
0.086426 0.029475 
0.087402 0.029476 
0.088379 0.029476 
0.089355 0.029476 
0.090332 0.029477 
0.091309 0.029477 
0.092285 0.029477 
0.093262 0.029478 
0.094238 0.029478 
0.095215 0.029478 
0.096191 0.029479 
0.097168 0.029479 
0.098145 0.029479 
0.099121 0.029480 
0.100098 0.029480 
0.101074 0.029480 
0.102051 0.029481 
0.103027 0.029481 
0.104004 0.029481 
0.104980 0.029482 
0.105957 0.029482 
0.106934 0.029482 
0.107910 0.029483 
0.108887 0.029483 
0.109863 0.029484 
0.110840 0.029484 
0.111816 0.029484 
0.112793 0.029485 
0.113770 0.029485 
0.114746 0.029486 
0.115723 0.029486 
0.116699 0.029486 
0.117676 0.029487 
0.118652 0.029487 
0.119629 0.029488 
0.120605 0.029488 
0.121582 0.029489 
0.122559 0.029489 
0.123535 0.029490 
0.124512 0.029490 
0.125488 0.029491 
0.126465 0.029491 
0.127441 0.029492 
0.128418 0.029492 
0.129395 0.029493 
0.130371 0.029493 
0.131348 0.029494 
0.132324 0.029494 
0.133301 0.029495 
0.134277 0.029495 
0.135254 0.029496 
0.136230 0.029496 
0.137207 0.029497 
0.138184 0.029497 
0.139160 0.029498 
0.140137 0.029498 
0.141113 0.029499 
0.142090 0.029500 
0.143066 0.029500 
0.144043 0.029501 
0.145020 0.029501 
0.145996 0.029502 
0.146973 0.029503 
0.147949 0.029503 
0.148926 0.029504 
0.149902 0.029504 
0.150879 0.029505 
0.151855 0.029506 
0.152832 0.029506 
0.153809 0.029507 
0.154785 0.029508 
0.155762 0.029508 
0.156738 0.029509 
0.157715 0.029510 
0.158691 0.029510 
0.159668 0.029511 
0.160645 0.029512 
0.161621 0.029513 
0.162598 0.029513 
0.163574 0.029514 
0.164551 0.029515 
0.165527 0.029516 
0.166504 0.029516 
0.167480 0.029517 
0.168457 0.029518 
0.169434 0.029519 
0.170410 0.029519 
0.171387 0.029520 
0.172363 0.029521 
0.173340 0.029522 
0.174316 0.029523 
0.175293 0.029524 
0.176270 0.029524 
0.177246 0.029525 
0.178223 0.029526 
0.179199 0.029527 
0.180176 0.029528 
0.181152 0.029529 
0.182129 0.029530 
0.183105 0.029531 
0.184082 0.029532 
0.185059 0.029533 
0.186035 0.029534 
0.187012 0.029534 
0.187988 0.029535 
0.188965 0.029536 
0.189941 0.029537 
0.190918 0.029538 
0.191895 0.029539 
0.192871 0.029540 
0.193848 0.029542 
0.194824 0.029543 
0.195801 0.029544 
0.196777 0.029545 
0.197754 0.029546 
0.198730 0.029547 
0.199707 0.029548 
0.200684 0.029549 
0.201660 0.029550 
0.202637 0.029551 
0.203613 0.029553 
0.204590 0.029554 
0.205566 0.029555 
0.206543 0.029556 
0.207520 0.029557 
0.208496 0.029558 
0.209473 0.029560 
0.210449 0.029561 
0.211426 0.029562 
0.212402 0.029564 
0.213379 0.029565 
0.214355 0.029566 
0.215332 0.029567 
0.216309 0.029569 
0.217285 0.029570 
0.218262 0.029571 
0.219238 0.029573 
0.220215 0.029574 
0.221191 0.029576 
0.222168 0.029577 
0.223145 0.029579 
0.224121 0.029580 
0.225098 0.029581 
0.226074 0.029583 
0.227051 0.029584 
0.228027 0.029586 
0.229004 0.029588 
0.229980 0.029589 
0.230957 0.029591 
0.231934 0.029592 
0.232910 0.029594 
0.233887 0.029595 
0.234863 0.029597 
0.235840 0.029599 
0.236816 0.029600 
0.237793 0.029602 
0.238770 0.029604 
0.239746 0.029606 
0.240723 0.029607 
0.241699 0.029609 
0.242676 0.029611 
0.243652 0.029613 
0.244629 0.029615 
0.245605 0.029616 
0.246582 0.029618 
0.247559 0.029620 
0.248535 0.029622 
0.249512 0.029624 
0.250488 0.029626 
0.251465 0.029628 
0.252441 0.029630 
0.253418 0.029632 
0.254395 0.029634 
0.255371 0.029636 
0.256348 0.029638 
0.257324 0.029640 
0.258301 0.029643 
0.259277 0.029645 
0.260254 0.029647 
0.261230 0.029649 
0.262207 0.029651 
0.263184 0.029654 
0.264160 0.029656 
0.265137 0.029658 
0.266113 0.029661 
0.267090 0.029663 
0.268066 0.029666 
0.269043 0.029668 
0.270020 0.029670 
0.270996 0.029673 
0.271973 0.029675 
0.272949 0.029678 
0.273926 0.029681 
0.274902 0.029683 
0.275879 0.029686 
0.276855 0.029688 
0.277832 0.029691 
0.278809 0.029694 
0.279785 0.029697 
0.280762 0.029699 
0.281738 0.029702 
0.282715 0.029705 
0.283691 0.029708 
0.284668 0.029711 
0.285645 0.029714 
0.286621 0.029717 
0.287598 0.029720 
0.288574 0.029723 
0.289551 0.029726 
0.290527 0.029729 
0.291504 0.029732 
0.292480 0.029736 
0.293457 0.029739 
0.294434 0.029742 
0.295410 0.029745 
0.296387 0.029749 
0.297363 0.029752 
0.298340 0.029756 
0.299316 0.029759 
0.300293 0.029763 
0.301270 0.029766 
0.302246 0.029770 
0.303223 0.029773 
0.304199 0.029777 
0.305176 0.029781 
0.306152 0.029785 
0.307129 0.029788 
0.308105 0.029792 
0.309082 0.029796 
0.310059 0.029800 
0.311035 0.029804 
0.312012 0.029808 
0.312988 0.029812 
0.313965 0.029816 
0.314941 0.029821 
0.315918 0.029825 
0.316895 0.029829 
0.317871 0.029833 
0.318848 0.029838 
0.319824 0.029842 
0.320801 0.029847 
0.321777 0.029851 
0.322754 0.029856 
0.323730 0.029861 
0.324707 0.029865 
0.325684 0.029870 
0.326660 0.029875 
0.327637 0.029880 
0.328613 0.029885 
0.329590 0.029890 
0.330566 0.029895 
0.331543 0.029900 
0.332520 0.029905 
0.333496 0.029910 
0.334473 0.029916 
0.335449 0.029921 
0.336426 0.029926 
0.337402 0.029932 
0.338379 0.029937 
0.339355 0.029943 
0.340332 0.029949 
0.341309 0.029955 
0.342285 0.029960 
0.343262 0.029966 
0.344238 0.029972 
0.345215 0.029978 
0.346191 0.029984 
0.347168 0.029991 
0.348145 0.029997 
0.349121 0.030003 
0.350098 0.030010 
0.351074 0.030016 
0.352051 0.030023 
0.353027 0.030029 
0.354004 0.030036 
0.354980 0.030043 
0.355957 0.030050 
0.356934 0.030057 
0.357910 0.030064 
0.358887 0.030071 
0.359863 0.030078 
0.360840 0.030086 
0.361816 0.030093 
0.362793 0.030101 
0.363770 0.030108 
0.364746 0.030116 
0.365723 0.030124 
0.366699 0.030132 
0.367676 0.030140 
0.368652 0.030148 
0.369629 0.030156 
0.370605 0.030156 
0.371582 0.030164 
0.372559 0.030172 
0.373535 0.030180 
0.374512 0.030188 
0.375488 0.030197 
0.376465 0.030206 
0.377441 0.030214 
0.378418 0.030223 
0.379395 0.030232 
0.380371 0.030242 
0.381348 0.030251 
0.382324 0.030260 
0.383301 0.030270 
0.384277 0.030280 
0.385254 0.030290 
0.386230 0.030300 
0.387207 0.030310 
0.388184 0.030321 
0.389160 0.030332 
0.390137 0.030342 
0.391113 0.030354 
0.392090 0.030365 
0.393066 0.030376 
0.394043 0.030388 
0.395020 0.030400 
0.395996 0.030412 
0.396973 0.030424 
0.397949 0.030436 
0.398926 0.030449 
0.399902 0.030462 
0.400879 0.030475 
0.401855 0.030488 
0.402832 0.030501 
0.403809 0.030515 
0.404785 0.030529 
0.405762 0.030543 
0.406738 0.030558 
0.407715 0.030572 
0.408691 0.030587 
0.409668 0.030602 
0.410645 0.030618 
0.411621 0.030633 
0.412598 0.030649 
0.413574 0.030666 
0.414551 0.030682 
0.415527 0.030699 
0.416504 0.030716 
0.417480 0.030734 
0.418457 0.030751 
0.419434 0.030769 
0.420410 0.030788 
0.421387 0.030806 
0.422363 0.030825 
0.423340 0.030845 
0.424316 0.030864 
0.425293 0.030884 
0.426270 0.030905 
0.427246 0.030925 
0.428223 0.030946 
0.429199 0.030968 
0.430176 0.030990 
0.431152 0.031012 
0.432129 0.031034 
0.433105 0.031057 
0.434082 0.031081 
0.435059 0.031105 
0.436035 0.031129 
0.437012 0.031154 
0.437988 0.031179 
0.438965 0.031205 
0.439941 0.031231 
0.440918 0.031257 
0.441895 0.031284 
0.442871 0.031312 
0.443848 0.031340 
0.444824 0.031368 
0.445801 0.031397 
0.446777 0.031427 
0.447754 0.031457 
0.448730 0.031488 
0.449707 0.031519 
0.450684 0.031551 
0.451660 0.031583 
0.452637 0.031619 
0.453613 0.031853 
0.454590 0.031893 
0.455566 0.031934 
0.456543 0.031976 
0.457520 0.032019 
0.458496 0.032062 
0.459473 0.032107 
0.460449 0.032153 
0.461426 0.032200 
0.462402 0.032247 
0.463379 0.032296 
0.464355 0.032346 
0.465332 0.032397 
0.466309 0.032449 
0.467285 0.032502 
0.468262 0.032557 
0.469238 0.032612 
0.470215 0.032669 
0.471191 0.032727 
0.472168 0.032786 
0.473145 0.032847 
0.474121 0.032909 
0.475098 0.032973 
0.476074 0.033037 
0.477051 0.033104 
0.478027 0.033171 
0.479004 0.033240 
0.479980 0.033311 
0.480957 0.033383 
0.481934 0.033457 
0.482910 0.033533 
0.483887 0.033610 
0.484863 0.033689 
0.485840 0.033770 
0.486816 0.033853 
0.487793 0.033937 
0.488770 0.034023 
0.489746 0.034112 
0.490723 0.034202 
0.491699 0.034294 
0.492676 0.034389 
0.493652 0.034485 
0.494629 0.034584 
0.495605 0.034685 
0.496582 0.034788 
0.497559 0.034894 
0.498535 0.035002 
0.499512 0.035112 
