#cell coordinates and the corresponding deviation from the equilibrium 
-0.499512 0.035027 
-0.498535 0.034917 
-0.497559 0.034811 
-0.496582 0.034706 
-0.495605 0.034604 
-0.494629 0.034504 
-0.493652 0.034406 
-0.492676 0.034311 
-0.491699 0.034217 
-0.490723 0.034126 
-0.489746 0.034037 
-0.488770 0.033949 
-0.487793 0.033864 
-0.486816 0.033780 
-0.485840 0.033698 
-0.484863 0.033618 
-0.483887 0.033540 
-0.482910 0.033463 
-0.481934 0.033388 
-0.480957 0.033314 
-0.479980 0.033243 
-0.479004 0.033172 
-0.478027 0.033104 
-0.477051 0.033036 
-0.476074 0.032971 
-0.475098 0.032906 
-0.474121 0.032843 
-0.473145 0.032781 
-0.472168 0.032721 
-0.471191 0.032662 
-0.470215 0.032604 
-0.469238 0.032548 
-0.468262 0.032492 
-0.467285 0.032438 
-0.466309 0.032385 
-0.465332 0.032333 
-0.464355 0.032282 
-0.463379 0.032232 
-0.462402 0.032183 
-0.461426 0.032136 
-0.460449 0.032089 
-0.459473 0.032043 
-0.458496 0.031998 
-0.457520 0.031954 
-0.456543 0.031911 
-0.455566 0.031869 
-0.454590 0.031828 
-0.453613 0.031788 
-0.452637 0.031748 
-0.451660 0.031709 
-0.450684 0.031671 
-0.449707 0.031634 
-0.448730 0.031598 
-0.447754 0.031562 
-0.446777 0.031527 
-0.445801 0.031493 
-0.444824 0.031459 
-0.443848 0.031427 
-0.442871 0.031394 
-0.441895 0.031363 
-0.440918 0.031332 
-0.439941 0.031302 
-0.438965 0.031272 
-0.437988 0.031243 
-0.437012 0.031214 
-0.436035 0.031186 
-0.435059 0.031159 
-0.434082 0.031132 
-0.433105 0.031105 
-0.432129 0.031080 
-0.431152 0.031054 
-0.430176 0.031029 
-0.429199 0.031005 
-0.428223 0.030981 
-0.427246 0.030958 
-0.426270 0.030935 
-0.425293 0.030912 
-0.424316 0.030890 
-0.423340 0.030868 
-0.422363 0.030847 
-0.421387 0.030826 
-0.420410 0.030806 
-0.419434 0.030786 
-0.418457 0.030766 
-0.417480 0.030747 
-0.416504 0.030728 
-0.415527 0.030709 
-0.414551 0.030691 
-0.413574 0.030673 
-0.412598 0.030655 
-0.411621 0.030638 
-0.410645 0.030621 
-0.409668 0.030604 
-0.408691 0.030588 
-0.407715 0.030572 
-0.406738 0.030556 
-0.405762 0.030541 
-0.404785 0.030526 
-0.403809 0.030511 
-0.402832 0.030496 
-0.401855 0.030482 
-0.400879 0.030467 
-0.399902 0.030454 
-0.398926 0.030440 
-0.397949 0.030427 
-0.396973 0.030413 
-0.395996 0.030400 
-0.395020 0.030388 
-0.394043 0.030375 
-0.393066 0.030363 
-0.392090 0.030351 
-0.391113 0.030339 
-0.390137 0.030327 
-0.389160 0.030316 
-0.388184 0.030305 
-0.387207 0.030294 
-0.386230 0.030283 
-0.385254 0.030272 
-0.384277 0.030261 
-0.383301 0.030251 
-0.382324 0.030241 
-0.381348 0.030231 
-0.380371 0.030221 
-0.379395 0.030211 
-0.378418 0.030202 
-0.377441 0.030192 
-0.376465 0.030183 
-0.375488 0.030174 
-0.374512 0.030165 
-0.373535 0.030156 
-0.372559 0.030148 
-0.371582 0.030139 
-0.370605 0.030131 
-0.369629 0.030132 
-0.368652 0.030124 
-0.367676 0.030115 
-0.366699 0.030107 
-0.365723 0.030099 
-0.364746 0.030091 
-0.363770 0.030083 
-0.362793 0.030076 
-0.361816 0.030068 
-0.360840 0.030060 
-0.359863 0.030053 
-0.358887 0.030046 
-0.357910 0.030039 
-0.356934 0.030031 
-0.355957 0.030024 
-0.354980 0.030018 
-0.354004 0.030011 
-0.353027 0.030004 
-0.352051 0.029998 
-0.351074 0.029991 
-0.350098 0.029985 
-0.349121 0.029978 
-0.348145 0.029972 
-0.347168 0.029966 
-0.346191 0.029960 
-0.345215 0.029954 
-0.344238 0.029948 
-0.343262 0.029943 
-0.342285 0.029937 
-0.341309 0.029931 
-0.340332 0.029926 
-0.339355 0.029920 
-0.338379 0.029915 
-0.337402 0.029910 
-0.336426 0.029904 
-0.335449 0.029899 
-0.334473 0.029894 
-0.333496 0.029889 
-0.332520 0.029884 
-0.331543 0.029879 
-0.330566 0.029874 
-0.329590 0.029870 
-0.328613 0.029865 
-0.327637 0.029860 
-0.326660 0.029856 
-0.325684 0.029851 
-0.324707 0.029847 
-0.323730 0.029842 
-0.322754 0.029838 
-0.321777 0.029834 
-0.320801 0.029830 
-0.319824 0.029825 
-0.318848 0.029821 
-0.317871 0.029817 
-0.316895 0.029813 
-0.315918 0.029809 
-0.314941 0.029805 
-0.313965 0.029802 
-0.312988 0.029798 
-0.312012 0.029794 
-0.311035 0.029790 
-0.310059 0.029787 
-0.309082 0.029783 
-0.308105 0.029779 
-0.307129 0.029776 
-0.306152 0.029772 
-0.305176 0.029769 
-0.304199 0.029766 
-0.303223 0.029762 
-0.302246 0.029759 
-0.301270 0.029756 
-0.300293 0.029752 
-0.299316 0.029749 
-0.298340 0.029746 
-0.297363 0.029743 
-0.296387 0.029740 
-0.295410 0.029737 
-0.294434 0.029734 
-0.293457 0.029731 
-0.292480 0.029728 
-0.291504 0.029725 
-0.290527 0.029722 
-0.289551 0.029719 
-0.288574 0.029716 
-0.287598 0.029714 
-0.286621 0.029711 
-0.285645 0.029708 
-0.284668 0.029706 
-0.283691 0.029703 
-0.282715 0.029700 
-0.281738 0.029698 
-0.280762 0.029695 
-0.279785 0.029693 
-0.278809 0.029690 
-0.277832 0.029688 
-0.276855 0.029685 
-0.275879 0.029683 
-0.274902 0.029680 
-0.273926 0.029678 
-0.272949 0.029676 
-0.271973 0.029673 
-0.270996 0.029671 
-0.270020 0.029669 
-0.269043 0.029667 
-0.268066 0.029664 
-0.267090 0.029662 
-0.266113 0.029660 
-0.265137 0.029658 
-0.264160 0.029656 
-0.263184 0.029654 
-0.262207 0.029652 
-0.261230 0.029650 
-0.260254 0.029648 
-0.259277 0.029646 
-0.258301 0.029644 
-0.257324 0.029642 
-0.256348 0.029640 
-0.255371 0.029638 
-0.254395 0.029636 
-0.253418 0.029634 
-0.252441 0.029632 
-0.251465 0.029630 
-0.250488 0.029628 
-0.249512 0.029627 
-0.248535 0.029625 
-0.247559 0.029623 
-0.246582 0.029621 
-0.245605 0.029620 
-0.244629 0.029618 
-0.243652 0.029616 
-0.242676 0.029614 
-0.241699 0.029613 
-0.240723 0.029611 
-0.239746 0.029610 
-0.238770 0.029608 
-0.237793 0.029606 
-0.236816 0.029605 
-0.235840 0.029603 
-0.234863 0.029602 
-0.233887 0.029600 
-0.232910 0.029599 
-0.231934 0.029597 
-0.230957 0.029596 
-0.229980 0.029594 
-0.229004 0.029593 
-0.228027 0.029591 
-0.227051 0.029590 
-0.226074 0.029588 
-0.225098 0.029587 
-0.224121 0.029585 
-0.223145 0.029584 
-0.222168 0.029583 
-0.221191 0.029581 
-0.220215 0.029580 
-0.219238 0.029579 
-0.218262 0.029577 
-0.217285 0.029576 
-0.216309 0.029575 
-0.215332 0.029574 
-0.214355 0.029572 
-0.213379 0.029571 
-0.212402 0.029570 
-0.211426 0.029569 
-0.210449 0.029567 
-0.209473 0.029566 
-0.208496 0.029565 
-0.207520 0.029564 
-0.206543 0.029563 
-0.205566 0.029561 
-0.204590 0.029560 
-0.203613 0.029559 
-0.202637 0.029558 
-0.201660 0.029557 
-0.200684 0.029556 
-0.199707 0.029555 
-0.198730 0.029554 
-0.197754 0.029553 
-0.196777 0.029551 
-0.195801 0.029550 
-0.194824 0.029549 
-0.193848 0.029548 
-0.192871 0.029547 
-0.191895 0.029546 
-0.190918 0.029545 
-0.189941 0.029544 
-0.188965 0.029543 
-0.187988 0.029542 
-0.187012 0.029541 
-0.186035 0.029540 
-0.185059 0.029539 
-0.184082 0.029539 
-0.183105 0.029538 
-0.182129 0.029537 
-0.181152 0.029536 
-0.180176 0.029535 
-0.179199 0.029534 
-0.178223 0.029533 
-0.177246 0.029532 
-0.176270 0.029531 
-0.175293 0.029530 
-0.174316 0.029530 
-0.173340 0.029529 
-0.172363 0.029528 
-0.171387 0.029527 
-0.170410 0.029526 
-0.169434 0.029525 
-0.168457 0.029525 
-0.167480 0.029524 
-0.166504 0.029523 
-0.165527 0.029522 
-0.164551 0.029521 
-0.163574 0.029521 
-0.162598 0.029520 
-0.161621 0.029519 
-0.160645 0.029518 
-0.159668 0.029518 
-0.158691 0.029517 
-0.157715 0.029516 
-0.156738 0.029515 
-0.155762 0.029515 
-0.154785 0.029514 
-0.153809 0.029513 
-0.152832 0.029513 
-0.151855 0.029512 
-0.150879 0.029511 
-0.149902 0.029511 
-0.148926 0.029510 
-0.147949 0.029509 
-0.146973 0.029509 
-0.145996 0.029508 
-0.145020 0.029507 
-0.144043 0.029507 
-0.143066 0.029506 
-0.142090 0.029505 
-0.141113 0.029505 
-0.140137 0.029504 
-0.139160 0.029503 
-0.138184 0.029503 
-0.137207 0.029502 
-0.136230 0.029502 
-0.135254 0.029501 
-0.134277 0.029501 
-0.133301 0.029500 
-0.132324 0.029499 
-0.131348 0.029499 
-0.130371 0.029498 
-0.129395 0.029498 
-0.128418 0.029497 
-0.127441 0.029497 
-0.126465 0.029496 
-0.125488 0.029496 
-0.124512 0.029495 
-0.123535 0.029495 
-0.122559 0.029494 
-0.121582 0.029493 
-0.120605 0.029493 
-0.119629 0.029492 
-0.118652 0.029492 
-0.117676 0.029492 
-0.116699 0.029491 
-0.115723 0.029491 
-0.114746 0.029490 
-0.113770 0.029490 
-0.112793 0.029489 
-0.111816 0.029489 
-0.110840 0.029488 
-0.109863 0.029488 
-0.108887 0.029487 
-0.107910 0.029487 
-0.106934 0.029486 
-0.105957 0.029486 
-0.104980 0.029486 
-0.104004 0.029485 
-0.103027 0.029485 
-0.102051 0.029484 
-0.101074 0.029484 
-0.100098 0.029484 
-0.099121 0.029483 
-0.098145 0.029483 
-0.097168 0.029482 
-0.096191 0.029482 
-0.095215 0.029482 
-0.094238 0.029481 
-0.093262 0.029481 
-0.092285 0.029481 
-0.091309 0.029480 
-0.090332 0.029480 
-0.089355 0.029480 
-0.088379 0.029479 
-0.087402 0.029479 
-0.086426 0.029478 
-0.085449 0.029478 
-0.084473 0.029478 
-0.083496 0.029478 
-0.082520 0.029477 
-0.081543 0.029477 
-0.080566 0.029477 
-0.079590 0.029476 
-0.078613 0.029476 
-0.077637 0.029476 
-0.076660 0.029475 
-0.075684 0.029475 
-0.074707 0.029475 
-0.073730 0.029475 
-0.072754 0.029474 
-0.071777 0.029474 
-0.070801 0.029474 
-0.069824 0.029473 
-0.068848 0.029473 
-0.067871 0.029473 
-0.066895 0.029473 
-0.065918 0.029472 
-0.064941 0.029472 
-0.063965 0.029472 
-0.062988 0.029472 
-0.062012 0.029471 
-0.061035 0.029471 
-0.060059 0.029471 
-0.059082 0.029471 
-0.058105 0.029471 
-0.057129 0.029470 
-0.056152 0.029470 
-0.055176 0.029470 
-0.054199 0.029470 
-0.053223 0.029470 
-0.052246 0.029469 
-0.051270 0.029469 
-0.050293 0.029469 
-0.049316 0.029469 
-0.048340 0.029469 
-0.047363 0.029468 
-0.046387 0.029468 
-0.045410 0.029468 
-0.044434 0.029468 
-0.043457 0.029468 
-0.042480 0.029468 
-0.041504 0.029467 
-0.040527 0.029467 
-0.039551 0.029467 
-0.038574 0.029467 
-0.037598 0.029467 
-0.036621 0.029467 
-0.035645 0.029467 
-0.034668 0.029466 
-0.033691 0.029466 
-0.032715 0.029466 
-0.031738 0.029466 
-0.030762 0.029466 
-0.029785 0.029466 
-0.028809 0.029466 
-0.027832 0.029466 
-0.026855 0.029466 
-0.025879 0.029465 
-0.024902 0.029465 
-0.023926 0.029465 
-0.022949 0.029465 
-0.021973 0.029465 
-0.020996 0.029465 
-0.020020 0.029465 
-0.019043 0.029465 
-0.018066 0.029465 
-0.017090 0.029465 
-0.016113 0.029465 
-0.015137 0.029465 
-0.014160 0.029465 
-0.013184 0.029465 
-0.012207 0.029465 
-0.011230 0.029464 
-0.010254 0.029464 
-0.009277 0.029464 
-0.008301 0.029464 
-0.007324 0.029464 
-0.006348 0.029464 
-0.005371 0.029464 
-0.004395 0.029464 
-0.003418 0.029464 
-0.002441 0.029464 
-0.001465 0.029464 
-0.000488 0.029464 
0.000488 0.029464 
0.001465 0.029464 
0.002441 0.029464 
0.003418 0.029464 
0.004395 0.029464 
0.005371 0.029464 
0.006348 0.029464 
0.007324 0.029464 
0.008301 0.029464 
0.009277 0.029464 
0.010254 0.029464 
0.011230 0.029464 
0.012207 0.029465 
0.013184 0.029465 
0.014160 0.029465 
0.015137 0.029465 
0.016113 0.029465 
0.017090 0.029465 
0.018066 0.029465 
0.019043 0.029465 
0.020020 0.029465 
0.020996 0.029465 
0.021973 0.029465 
0.022949 0.029465 
0.023926 0.029465 
0.024902 0.029465 
0.025879 0.029465 
0.026855 0.029466 
0.027832 0.029466 
0.028809 0.029466 
0.029785 0.029466 
0.030762 0.029466 
0.031738 0.029466 
0.032715 0.029466 
0.033691 0.029466 
0.034668 0.029466 
0.035645 0.029467 
0.036621 0.029467 
0.037598 0.029467 
0.038574 0.029467 
0.039551 0.029467 
0.040527 0.029467 
0.041504 0.029467 
0.042480 0.029468 
0.043457 0.029468 
0.044434 0.029468 
0.045410 0.029468 
0.046387 0.029468 
0.047363 0.029468 
0.048340 0.029469 
0.049316 0.029469 
0.050293 0.029469 
0.051270 0.029469 
0.052246 0.029469 
0.053223 0.029470 
0.054199 0.029470 
0.055176 0.029470 
0.056152 0.029470 
0.057129 0.029470 
0.058105 0.029471 
0.059082 0.029471 
0.060059 0.029471 
0.061035 0.029471 
0.062012 0.029471 
0.062988 0.029472 
0.063965 0.029472 
0.064941 0.029472 
0.065918 0.029472 
0.066895 0.029473 
0.067871 0.029473 
0.068848 0.029473 
0.069824 0.029473 
0.070801 0.029474 
0.071777 0.029474 
0.072754 0.029474 
0.073730 0.029475 
0.074707 0.029475 
0.075684 0.029475 
0.076660 0.029475 
0.077637 0.029476 
0.078613 0.029476 
0.079590 0.029476 
0.080566 0.029477 
0.081543 0.029477 
0.082520 0.029477 
0.083496 0.029478 
0.084473 0.029478 
0.085449 0.029478 
0.086426 0.029478 
0.087402 0.029479 
0.088379 0.029479 
0.089355 0.029480 
0.090332 0.029480 
0.091309 0.029480 
0.092285 0.029481 
0.093262 0.029481 
0.094238 0.029481 
0.095215 0.029482 
0.096191 0.029482 
0.097168 0.029482 
0.098145 0.029483 
0.099121 0.029483 
0.100098 0.029484 
0.101074 0.029484 
0.102051 0.029484 
0.103027 0.029485 
0.104004 0.029485 
0.104980 0.029486 
0.105957 0.029486 
0.106934 0.029486 
0.107910 0.029487 
0.108887 0.029487 
0.109863 0.029488 
0.110840 0.029488 
0.111816 0.029489 
0.112793 0.029489 
0.113770 0.029490 
0.114746 0.029490 
0.115723 0.029491 
0.116699 0.029491 
0.117676 0.029492 
0.118652 0.029492 
0.119629 0.029492 
0.120605 0.029493 
0.121582 0.029493 
0.122559 0.029494 
0.123535 0.029495 
0.124512 0.029495 
0.125488 0.029496 
0.126465 0.029496 
0.127441 0.029497 
0.128418 0.029497 
0.129395 0.029498 
0.130371 0.029498 
0.131348 0.029499 
0.132324 0.029499 
0.133301 0.029500 
0.134277 0.029501 
0.135254 0.029501 
0.136230 0.029502 
0.137207 0.029502 
0.138184 0.029503 
0.139160 0.029503 
0.140137 0.029504 
0.141113 0.029505 
0.142090 0.029505 
0.143066 0.029506 
0.144043 0.029507 
0.145020 0.029507 
0.145996 0.029508 
0.146973 0.029509 
0.147949 0.029509 
0.148926 0.029510 
0.149902 0.029511 
0.150879 0.029511 
0.151855 0.029512 
0.152832 0.029513 
0.153809 0.029513 
0.154785 0.029514 
0.155762 0.029515 
0.156738 0.029515 
0.157715 0.029516 
0.158691 0.029517 
0.159668 0.029518 
0.160645 0.029518 
0.161621 0.029519 
0.162598 0.029520 
0.163574 0.029521 
0.164551 0.029521 
0.165527 0.029522 
0.166504 0.029523 
0.167480 0.029524 
0.168457 0.029525 
0.169434 0.029525 
0.170410 0.029526 
0.171387 0.029527 
0.172363 0.029528 
0.173340 0.029529 
0.174316 0.029530 
0.175293 0.029530 
0.176270 0.029531 
0.177246 0.029532 
0.178223 0.029533 
0.179199 0.029534 
0.180176 0.029535 
0.181152 0.029536 
0.182129 0.029537 
0.183105 0.029538 
0.184082 0.029539 
0.185059 0.029539 
0.186035 0.029540 
0.187012 0.029541 
0.187988 0.029542 
0.188965 0.029543 
0.189941 0.029544 
0.190918 0.029545 
0.191895 0.029546 
0.192871 0.029547 
0.193848 0.029548 
0.194824 0.029549 
0.195801 0.029550 
0.196777 0.029551 
0.197754 0.029553 
0.198730 0.029554 
0.199707 0.029555 
0.200684 0.029556 
0.201660 0.029557 
0.202637 0.029558 
0.203613 0.029559 
0.204590 0.029560 
0.205566 0.029561 
0.206543 0.029563 
0.207520 0.029564 
0.208496 0.029565 
0.209473 0.029566 
0.210449 0.029567 
0.211426 0.029569 
0.212402 0.029570 
0.213379 0.029571 
0.214355 0.029572 
0.215332 0.029574 
0.216309 0.029575 
0.217285 0.029576 
0.218262 0.029577 
0.219238 0.029579 
0.220215 0.029580 
0.221191 0.029581 
0.222168 0.029583 
0.223145 0.029584 
0.224121 0.029585 
0.225098 0.029587 
0.226074 0.029588 
0.227051 0.029590 
0.228027 0.029591 
0.229004 0.029593 
0.229980 0.029594 
0.230957 0.029596 
0.231934 0.029597 
0.232910 0.029599 
0.233887 0.029600 
0.234863 0.029602 
0.235840 0.029603 
0.236816 0.029605 
0.237793 0.029606 
0.238770 0.029608 
0.239746 0.029610 
0.240723 0.029611 
0.241699 0.029613 
0.242676 0.029614 
0.243652 0.029616 
0.244629 0.029618 
0.245605 0.029620 
0.246582 0.029621 
0.247559 0.029623 
0.248535 0.029625 
0.249512 0.029627 
0.250488 0.029628 
0.251465 0.029630 
0.252441 0.029632 
0.253418 0.029634 
0.254395 0.029636 
0.255371 0.029638 
0.256348 0.029640 
0.257324 0.029642 
0.258301 0.029644 
0.259277 0.029646 
0.260254 0.029648 
0.261230 0.029650 
0.262207 0.029652 
0.263184 0.029654 
0.264160 0.029656 
0.265137 0.029658 
0.266113 0.029660 
0.267090 0.029662 
0.268066 0.029664 
0.269043 0.029667 
0.270020 0.029669 
0.270996 0.029671 
0.271973 0.029673 
0.272949 0.029676 
0.273926 0.029678 
0.274902 0.029680 
0.275879 0.029683 
0.276855 0.029685 
0.277832 0.029688 
0.278809 0.029690 
0.279785 0.029693 
0.280762 0.029695 
0.281738 0.029698 
0.282715 0.029700 
0.283691 0.029703 
0.284668 0.029706 
0.285645 0.029708 
0.286621 0.029711 
0.287598 0.029714 
0.288574 0.029716 
0.289551 0.029719 
0.290527 0.029722 
0.291504 0.029725 
0.292480 0.029728 
0.293457 0.029731 
0.294434 0.029734 
0.295410 0.029737 
0.296387 0.029740 
0.297363 0.029743 
0.298340 0.029746 
0.299316 0.029749 
0.300293 0.029752 
0.301270 0.029756 
0.302246 0.029759 
0.303223 0.029762 
0.304199 0.029766 
0.305176 0.029769 
0.306152 0.029772 
0.307129 0.029776 
0.308105 0.029779 
0.309082 0.029783 
0.310059 0.029787 
0.311035 0.029790 
0.312012 0.029794 
0.312988 0.029798 
0.313965 0.029802 
0.314941 0.029805 
0.315918 0.029809 
0.316895 0.029813 
0.317871 0.029817 
0.318848 0.029821 
0.319824 0.029825 
0.320801 0.029830 
0.321777 0.029834 
0.322754 0.029838 
0.323730 0.029842 
0.324707 0.029847 
0.325684 0.029851 
0.326660 0.029856 
0.327637 0.029860 
0.328613 0.029865 
0.329590 0.029870 
0.330566 0.029874 
0.331543 0.029879 
0.332520 0.029884 
0.333496 0.029889 
0.334473 0.029894 
0.335449 0.029899 
0.336426 0.029904 
0.337402 0.029910 
0.338379 0.029915 
0.339355 0.029920 
0.340332 0.029926 
0.341309 0.029931 
0.342285 0.029937 
0.343262 0.029943 
0.344238 0.029948 
0.345215 0.029954 
0.346191 0.029960 
0.347168 0.029966 
0.348145 0.029972 
0.349121 0.029978 
0.350098 0.029985 
0.351074 0.029991 
0.352051 0.029998 
0.353027 0.030004 
0.354004 0.030011 
0.354980 0.030018 
0.355957 0.030024 
0.356934 0.030031 
0.357910 0.030039 
0.358887 0.030046 
0.359863 0.030053 
0.360840 0.030060 
0.361816 0.030068 
0.362793 0.030076 
0.363770 0.030083 
0.364746 0.030091 
0.365723 0.030099 
0.366699 0.030107 
0.367676 0.030115 
0.368652 0.030124 
0.369629 0.030132 
0.370605 0.030131 
0.371582 0.030139 
0.372559 0.030148 
0.373535 0.030156 
0.374512 0.030165 
0.375488 0.030174 
0.376465 0.030183 
0.377441 0.030192 
0.378418 0.030202 
0.379395 0.030211 
0.380371 0.030221 
0.381348 0.030231 
0.382324 0.030241 
0.383301 0.030251 
0.384277 0.030261 
0.385254 0.030272 
0.386230 0.030283 
0.387207 0.030294 
0.388184 0.030305 
0.389160 0.030316 
0.390137 0.030327 
0.391113 0.030339 
0.392090 0.030351 
0.393066 0.030363 
0.394043 0.030375 
0.395020 0.030388 
0.395996 0.030400 
0.396973 0.030413 
0.397949 0.030427 
0.398926 0.030440 
0.399902 0.030454 
0.400879 0.030467 
0.401855 0.030482 
0.402832 0.030496 
0.403809 0.030511 
0.404785 0.030526 
0.405762 0.030541 
0.406738 0.030556 
0.407715 0.030572 
0.408691 0.030588 
0.409668 0.030604 
0.410645 0.030621 
0.411621 0.030638 
0.412598 0.030655 
0.413574 0.030673 
0.414551 0.030691 
0.415527 0.030709 
0.416504 0.030728 
0.417480 0.030747 
0.418457 0.030766 
0.419434 0.030786 
0.420410 0.030806 
0.421387 0.030826 
0.422363 0.030847 
0.423340 0.030868 
0.424316 0.030890 
0.425293 0.030912 
0.426270 0.030935 
0.427246 0.030958 
0.428223 0.030981 
0.429199 0.031005 
0.430176 0.031029 
0.431152 0.031054 
0.432129 0.031080 
0.433105 0.031105 
0.434082 0.031132 
0.435059 0.031159 
0.436035 0.031186 
0.437012 0.031214 
0.437988 0.031243 
0.438965 0.031272 
0.439941 0.031302 
0.440918 0.031332 
0.441895 0.031363 
0.442871 0.031394 
0.443848 0.031427 
0.444824 0.031459 
0.445801 0.031493 
0.446777 0.031527 
0.447754 0.031562 
0.448730 0.031598 
0.449707 0.031634 
0.450684 0.031671 
0.451660 0.031709 
0.452637 0.031748 
0.453613 0.031788 
0.454590 0.031828 
0.455566 0.031869 
0.456543 0.031911 
0.457520 0.031954 
0.458496 0.031998 
0.459473 0.032043 
0.460449 0.032089 
0.461426 0.032136 
0.462402 0.032183 
0.463379 0.032232 
0.464355 0.032282 
0.465332 0.032333 
0.466309 0.032385 
0.467285 0.032438 
0.468262 0.032492 
0.469238 0.032548 
0.470215 0.032604 
0.471191 0.032662 
0.472168 0.032721 
0.473145 0.032781 
0.474121 0.032843 
0.475098 0.032906 
0.476074 0.032971 
0.477051 0.033036 
0.478027 0.033104 
0.479004 0.033172 
0.479980 0.033243 
0.480957 0.033314 
0.481934 0.033388 
0.482910 0.033463 
0.483887 0.033540 
0.484863 0.033618 
0.485840 0.033698 
0.486816 0.033780 
0.487793 0.033864 
0.488770 0.033949 
0.489746 0.034037 
0.490723 0.034126 
0.491699 0.034217 
0.492676 0.034311 
0.493652 0.034406 
0.494629 0.034504 
0.495605 0.034604 
0.496582 0.034706 
0.497559 0.034811 
0.498535 0.034917 
0.499512 0.035027 
