#cell coordinates and the corresponding deviation from the equilibrium 
-0.499512 0.035022 
-0.498535 0.034913 
-0.497559 0.034806 
-0.496582 0.034702 
-0.495605 0.034600 
-0.494629 0.034500 
-0.493652 0.034402 
-0.492676 0.034307 
-0.491699 0.034213 
-0.490723 0.034122 
-0.489746 0.034033 
-0.488770 0.033945 
-0.487793 0.033860 
-0.486816 0.033776 
-0.485840 0.033694 
-0.484863 0.033614 
-0.483887 0.033536 
-0.482910 0.033459 
-0.481934 0.033385 
-0.480957 0.033311 
-0.479980 0.033239 
-0.479004 0.033169 
-0.478027 0.033101 
-0.477051 0.033033 
-0.476074 0.032968 
-0.475098 0.032903 
-0.474121 0.032840 
-0.473145 0.032779 
-0.472168 0.032718 
-0.471191 0.032659 
-0.470215 0.032601 
-0.469238 0.032545 
-0.468262 0.032490 
-0.467285 0.032435 
-0.466309 0.032382 
-0.465332 0.032330 
-0.464355 0.032280 
-0.463379 0.032230 
-0.462402 0.032181 
-0.461426 0.032133 
-0.460449 0.032087 
-0.459473 0.032041 
-0.458496 0.031996 
-0.457520 0.031952 
-0.456543 0.031909 
-0.455566 0.031867 
-0.454590 0.031826 
-0.453613 0.031786 
-0.452637 0.031746 
-0.451660 0.031707 
-0.450684 0.031669 
-0.449707 0.031632 
-0.448730 0.031596 
-0.447754 0.031560 
-0.446777 0.031525 
-0.445801 0.031491 
-0.444824 0.031458 
-0.443848 0.031425 
-0.442871 0.031393 
-0.441895 0.031361 
-0.440918 0.031330 
-0.439941 0.031300 
-0.438965 0.031270 
-0.437988 0.031241 
-0.437012 0.031212 
-0.436035 0.031184 
-0.435059 0.031157 
-0.434082 0.031130 
-0.433105 0.031104 
-0.432129 0.031078 
-0.431152 0.031053 
-0.430176 0.031028 
-0.429199 0.031003 
-0.428223 0.030980 
-0.427246 0.030956 
-0.426270 0.030933 
-0.425293 0.030911 
-0.424316 0.030889 
-0.423340 0.030867 
-0.422363 0.030846 
-0.421387 0.030825 
-0.420410 0.030804 
-0.419434 0.030784 
-0.418457 0.030765 
-0.417480 0.030745 
-0.416504 0.030726 
-0.415527 0.030708 
-0.414551 0.030689 
-0.413574 0.030671 
-0.412598 0.030654 
-0.411621 0.030637 
-0.410645 0.030620 
-0.409668 0.030603 
-0.408691 0.030587 
-0.407715 0.030571 
-0.406738 0.030555 
-0.405762 0.030539 
-0.404785 0.030524 
-0.403809 0.030509 
-0.402832 0.030495 
-0.401855 0.030480 
-0.400879 0.030466 
-0.399902 0.030452 
-0.398926 0.030438 
-0.397949 0.030425 
-0.396973 0.030412 
-0.395996 0.030399 
-0.395020 0.030386 
-0.394043 0.030374 
-0.393066 0.030361 
-0.392090 0.030349 
-0.391113 0.030338 
-0.390137 0.030326 
-0.389160 0.030314 
-0.388184 0.030303 
-0.387207 0.030292 
-0.386230 0.030281 
-0.385254 0.030271 
-0.384277 0.030260 
-0.383301 0.030250 
-0.382324 0.030239 
-0.381348 0.030229 
-0.380371 0.030220 
-0.379395 0.030210 
-0.378418 0.030200 
-0.377441 0.030191 
-0.376465 0.030182 
-0.375488 0.030173 
-0.374512 0.030164 
-0.373535 0.030155 
-0.372559 0.030146 
-0.371582 0.030138 
-0.370605 0.030129 
-0.369629 0.030121 
-0.368652 0.030113 
-0.367676 0.030105 
-0.366699 0.030097 
-0.365723 0.030090 
-0.364746 0.030082 
-0.363770 0.030074 
-0.362793 0.030067 
-0.361816 0.030060 
-0.360840 0.030053 
-0.359863 0.030045 
-0.358887 0.030039 
-0.357910 0.030032 
-0.356934 0.030025 
-0.355957 0.030018 
-0.354980 0.030012 
-0.354004 0.030005 
-0.353027 0.029999 
-0.352051 0.029993 
-0.351074 0.029998 
-0.350098 0.029991 
-0.349121 0.029985 
-0.348145 0.029978 
-0.347168 0.029972 
-0.346191 0.029966 
-0.345215 0.029960 
-0.344238 0.029954 
-0.343262 0.029948 
-0.342285 0.029942 
-0.341309 0.029936 
-0.340332 0.029930 
-0.339355 0.029925 
-0.338379 0.029919 
-0.337402 0.029914 
-0.336426 0.029909 
-0.335449 0.029903 
-0.334473 0.029898 
-0.333496 0.029893 
-0.332520 0.029888 
-0.331543 0.029883 
-0.330566 0.029878 
-0.329590 0.029873 
-0.328613 0.029868 
-0.327637 0.029864 
-0.326660 0.029859 
-0.325684 0.029854 
-0.324707 0.029850 
-0.323730 0.029845 
-0.322754 0.029841 
-0.321777 0.029836 
-0.320801 0.029832 
-0.319824 0.029828 
-0.318848 0.029824 
-0.317871 0.029820 
-0.316895 0.029815 
-0.315918 0.029811 
-0.314941 0.029807 
-0.313965 0.029803 
-0.312988 0.029800 
-0.312012 0.029796 
-0.311035 0.029792 
-0.310059 0.029788 
-0.309082 0.029785 
-0.308105 0.029781 
-0.307129 0.029777 
-0.306152 0.029774 
-0.305176 0.029770 
-0.304199 0.029767 
-0.303223 0.029763 
-0.302246 0.029760 
-0.301270 0.029757 
-0.300293 0.029753 
-0.299316 0.029750 
-0.298340 0.029747 
-0.297363 0.029744 
-0.296387 0.029741 
-0.295410 0.029738 
-0.294434 0.029735 
-0.293457 0.029732 
-0.292480 0.029729 
-0.291504 0.029726 
-0.290527 0.029723 
-0.289551 0.029720 
-0.288574 0.029717 
-0.287598 0.029714 
-0.286621 0.029711 
-0.285645 0.029709 
-0.284668 0.029706 
-0.283691 0.029703 
-0.282715 0.029701 
-0.281738 0.029698 
-0.280762 0.029695 
-0.279785 0.029693 
-0.278809 0.029690 
-0.277832 0.029688 
-0.276855 0.029685 
-0.275879 0.029683 
-0.274902 0.029680 
-0.273926 0.029678 
-0.272949 0.029676 
-0.271973 0.029673 
-0.270996 0.029671 
-0.270020 0.029669 
-0.269043 0.029666 
-0.268066 0.029664 
-0.267090 0.029662 
-0.266113 0.029660 
-0.265137 0.029658 
-0.264160 0.029656 
-0.263184 0.029653 
-0.262207 0.029651 
-0.261230 0.029649 
-0.260254 0.029647 
-0.259277 0.029645 
-0.258301 0.029643 
-0.257324 0.029641 
-0.256348 0.029639 
-0.255371 0.029637 
-0.254395 0.029635 
-0.253418 0.029633 
-0.252441 0.029632 
-0.251465 0.029630 
-0.250488 0.029628 
-0.249512 0.029626 
-0.248535 0.029624 
-0.247559 0.029622 
-0.246582 0.029621 
-0.245605 0.029619 
-0.244629 0.029617 
-0.243652 0.029616 
-0.242676 0.029614 
-0.241699 0.029612 
-0.240723 0.029610 
-0.239746 0.029609 
-0.238770 0.029607 
-0.237793 0.029606 
-0.236816 0.029604 
-0.235840 0.029602 
-0.234863 0.029601 
-0.233887 0.029599 
-0.232910 0.029598 
-0.231934 0.029596 
-0.230957 0.029595 
-0.229980 0.029593 
-0.229004 0.029592 
-0.228027 0.029590 
-0.227051 0.029589 
-0.226074 0.029588 
-0.225098 0.029586 
-0.224121 0.029585 
-0.223145 0.029583 
-0.222168 0.029582 
-0.221191 0.029581 
-0.220215 0.029579 
-0.219238 0.029578 
-0.218262 0.029577 
-0.217285 0.029575 
-0.216309 0.029574 
-0.215332 0.029573 
-0.214355 0.029571 
-0.213379 0.029570 
-0.212402 0.029569 
-0.211426 0.029568 
-0.210449 0.029566 
-0.209473 0.029565 
-0.208496 0.029564 
-0.207520 0.029563 
-0.206543 0.029562 
-0.205566 0.029561 
-0.204590 0.029559 
-0.203613 0.029558 
-0.202637 0.029557 
-0.201660 0.029556 
-0.200684 0.029555 
-0.199707 0.029554 
-0.198730 0.029553 
-0.197754 0.029552 
-0.196777 0.029551 
-0.195801 0.029550 
-0.194824 0.029548 
-0.193848 0.029547 
-0.192871 0.029546 
-0.191895 0.029545 
-0.190918 0.029544 
-0.189941 0.029543 
-0.188965 0.029542 
-0.187988 0.029541 
-0.187012 0.029540 
-0.186035 0.029539 
-0.185059 0.029539 
-0.184082 0.029538 
-0.183105 0.029537 
-0.182129 0.029536 
-0.181152 0.029535 
-0.180176 0.029534 
-0.179199 0.029533 
-0.178223 0.029532 
-0.177246 0.029531 
-0.176270 0.029530 
-0.175293 0.029529 
-0.174316 0.029529 
-0.173340 0.029528 
-0.172363 0.029527 
-0.171387 0.029526 
-0.170410 0.029525 
-0.169434 0.029524 
-0.168457 0.029524 
-0.167480 0.029523 
-0.166504 0.029522 
-0.165527 0.029521 
-0.164551 0.029520 
-0.163574 0.029520 
-0.162598 0.029519 
-0.161621 0.029518 
-0.160645 0.029517 
-0.159668 0.029517 
-0.158691 0.029516 
-0.157715 0.029515 
-0.156738 0.029514 
-0.155762 0.029514 
-0.154785 0.029513 
-0.153809 0.029512 
-0.152832 0.029512 
-0.151855 0.029511 
-0.150879 0.029510 
-0.149902 0.029510 
-0.148926 0.029509 
-0.147949 0.029508 
-0.146973 0.029508 
-0.145996 0.029507 
-0.145020 0.029506 
-0.144043 0.029506 
-0.143066 0.029505 
-0.142090 0.029504 
-0.141113 0.029504 
-0.140137 0.029503 
-0.139160 0.029503 
-0.138184 0.029502 
-0.137207 0.029501 
-0.136230 0.029501 
-0.135254 0.029500 
-0.134277 0.029500 
-0.133301 0.029499 
-0.132324 0.029498 
-0.131348 0.029498 
-0.130371 0.029497 
-0.129395 0.029497 
-0.128418 0.029496 
-0.127441 0.029496 
-0.126465 0.029495 
-0.125488 0.029495 
-0.124512 0.029494 
-0.123535 0.029494 
-0.122559 0.029493 
-0.121582 0.029493 
-0.120605 0.029492 
-0.119629 0.029492 
-0.118652 0.029491 
-0.117676 0.029491 
-0.116699 0.029490 
-0.115723 0.029490 
-0.114746 0.029489 
-0.113770 0.029489 
-0.112793 0.029488 
-0.111816 0.029488 
-0.110840 0.029487 
-0.109863 0.029487 
-0.108887 0.029486 
-0.107910 0.029486 
-0.106934 0.029486 
-0.105957 0.029485 
-0.104980 0.029485 
-0.104004 0.029484 
-0.103027 0.029484 
-0.102051 0.029483 
-0.101074 0.029483 
-0.100098 0.029483 
-0.099121 0.029482 
-0.098145 0.029482 
-0.097168 0.029482 
-0.096191 0.029481 
-0.095215 0.029481 
-0.094238 0.029480 
-0.093262 0.029480 
-0.092285 0.029480 
-0.091309 0.029479 
-0.090332 0.029479 
-0.089355 0.029479 
-0.088379 0.029478 
-0.087402 0.029478 
-0.086426 0.029478 
-0.085449 0.029477 
-0.084473 0.029477 
-0.083496 0.029477 
-0.082520 0.029476 
-0.081543 0.029476 
-0.080566 0.029476 
-0.079590 0.029475 
-0.078613 0.029475 
-0.077637 0.029475 
-0.076660 0.029474 
-0.075684 0.029474 
-0.074707 0.029474 
-0.073730 0.029474 
-0.072754 0.029473 
-0.071777 0.029473 
-0.070801 0.029473 
-0.069824 0.029473 
-0.068848 0.029472 
-0.067871 0.029472 
-0.066895 0.029472 
-0.065918 0.029472 
-0.064941 0.029471 
-0.063965 0.029471 
-0.062988 0.029471 
-0.062012 0.029471 
-0.061035 0.029470 
-0.060059 0.029470 
-0.059082 0.029470 
-0.058105 0.029470 
-0.057129 0.029469 
-0.056152 0.029469 
-0.055176 0.029469 
-0.054199 0.029469 
-0.053223 0.029469 
-0.052246 0.029468 
-0.051270 0.029468 
-0.050293 0.029468 
-0.049316 0.029468 
-0.048340 0.029468 
-0.047363 0.029468 
-0.046387 0.029467 
-0.045410 0.029467 
-0.044434 0.029467 
-0.043457 0.029467 
-0.042480 0.029467 
-0.041504 0.029467 
-0.040527 0.029466 
-0.039551 0.029466 
-0.038574 0.029466 
-0.037598 0.029466 
-0.036621 0.029466 
-0.035645 0.029466 
-0.034668 0.029466 
-0.033691 0.029466 
-0.032715 0.029465 
-0.031738 0.029465 
-0.030762 0.029465 
-0.029785 0.029465 
-0.028809 0.029465 
-0.027832 0.029465 
-0.026855 0.029465 
-0.025879 0.029465 
-0.024902 0.029465 
-0.023926 0.029464 
-0.022949 0.029464 
-0.021973 0.029464 
-0.020996 0.029464 
-0.020020 0.029464 
-0.019043 0.029464 
-0.018066 0.029464 
-0.017090 0.029464 
-0.016113 0.029464 
-0.015137 0.029464 
-0.014160 0.029464 
-0.013184 0.029464 
-0.012207 0.029464 
-0.011230 0.029464 
-0.010254 0.029464 
-0.009277 0.029464 
-0.008301 0.029464 
-0.007324 0.029464 
-0.006348 0.029463 
-0.005371 0.029463 
-0.004395 0.029463 
-0.003418 0.029463 
-0.002441 0.029463 
-0.001465 0.029463 
-0.000488 0.029463 
0.000488 0.029463 
0.001465 0.029463 
0.002441 0.029463 
0.003418 0.029463 
0.004395 0.029463 
0.005371 0.029463 
0.006348 0.029463 
0.007324 0.029464 
0.008301 0.029464 
0.009277 0.029464 
0.010254 0.029464 
0.011230 0.029464 
0.012207 0.029464 
0.013184 0.029464 
0.014160 0.029464 
0.015137 0.029464 
0.016113 0.029464 
0.017090 0.029464 
0.018066 0.029464 
0.019043 0.029464 
0.020020 0.029464 
0.020996 0.029464 
0.021973 0.029464 
0.022949 0.029464 
0.023926 0.029464 
0.024902 0.029465 
0.025879 0.029465 
0.026855 0.029465 
0.027832 0.029465 
0.028809 0.029465 
0.029785 0.029465 
0.030762 0.029465 
0.031738 0.029465 
0.032715 0.029465 
0.033691 0.029466 
0.034668 0.029466 
0.035645 0.029466 
0.036621 0.029466 
0.037598 0.029466 
0.038574 0.029466 
0.039551 0.029466 
0.040527 0.029466 
0.041504 0.029467 
0.042480 0.029467 
0.043457 0.029467 
0.044434 0.029467 
0.045410 0.029467 
0.046387 0.029467 
0.047363 0.029468 
0.048340 0.029468 
0.049316 0.029468 
0.050293 0.029468 
0.051270 0.029468 
0.052246 0.029468 
0.053223 0.029469 
0.054199 0.029469 
0.055176 0.029469 
0.056152 0.029469 
0.057129 0.029469 
0.058105 0.029470 
0.059082 0.029470 
0.060059 0.029470 
0.061035 0.029470 
0.062012 0.029471 
0.062988 0.029471 
0.063965 0.029471 
0.064941 0.029471 
0.065918 0.029472 
0.066895 0.029472 
0.067871 0.029472 
0.068848 0.029472 
0.069824 0.029473 
0.070801 0.029473 
0.071777 0.029473 
0.072754 0.029473 
0.073730 0.029474 
0.074707 0.029474 
0.075684 0.029474 
0.076660 0.029474 
0.077637 0.029475 
0.078613 0.029475 
0.079590 0.029475 
0.080566 0.029476 
0.081543 0.029476 
0.082520 0.029476 
0.083496 0.029477 
0.084473 0.029477 
0.085449 0.029477 
0.086426 0.029478 
0.087402 0.029478 
0.088379 0.029478 
0.089355 0.029479 
0.090332 0.029479 
0.091309 0.029479 
0.092285 0.029480 
0.093262 0.029480 
0.094238 0.029480 
0.095215 0.029481 
0.096191 0.029481 
0.097168 0.029482 
0.098145 0.029482 
0.099121 0.029482 
0.100098 0.029483 
0.101074 0.029483 
0.102051 0.029483 
0.103027 0.029484 
0.104004 0.029484 
0.104980 0.029485 
0.105957 0.029485 
0.106934 0.029486 
0.107910 0.029486 
0.108887 0.029486 
0.109863 0.029487 
0.110840 0.029487 
0.111816 0.029488 
0.112793 0.029488 
0.113770 0.029489 
0.114746 0.029489 
0.115723 0.029490 
0.116699 0.029490 
0.117676 0.029491 
0.118652 0.029491 
0.119629 0.029492 
0.120605 0.029492 
0.121582 0.029493 
0.122559 0.029493 
0.123535 0.029494 
0.124512 0.029494 
0.125488 0.029495 
0.126465 0.029495 
0.127441 0.029496 
0.128418 0.029496 
0.129395 0.029497 
0.130371 0.029497 
0.131348 0.029498 
0.132324 0.029498 
0.133301 0.029499 
0.134277 0.029500 
0.135254 0.029500 
0.136230 0.029501 
0.137207 0.029501 
0.138184 0.029502 
0.139160 0.029503 
0.140137 0.029503 
0.141113 0.029504 
0.142090 0.029504 
0.143066 0.029505 
0.144043 0.029506 
0.145020 0.029506 
0.145996 0.029507 
0.146973 0.029508 
0.147949 0.029508 
0.148926 0.029509 
0.149902 0.029510 
0.150879 0.029510 
0.151855 0.029511 
0.152832 0.029512 
0.153809 0.029512 
0.154785 0.029513 
0.155762 0.029514 
0.156738 0.029514 
0.157715 0.029515 
0.158691 0.029516 
0.159668 0.029517 
0.160645 0.029517 
0.161621 0.029518 
0.162598 0.029519 
0.163574 0.029520 
0.164551 0.029520 
0.165527 0.029521 
0.166504 0.029522 
0.167480 0.029523 
0.168457 0.029524 
0.169434 0.029524 
0.170410 0.029525 
0.171387 0.029526 
0.172363 0.029527 
0.173340 0.029528 
0.174316 0.029529 
0.175293 0.029529 
0.176270 0.029530 
0.177246 0.029531 
0.178223 0.029532 
0.179199 0.029533 
0.180176 0.029534 
0.181152 0.029535 
0.182129 0.029536 
0.183105 0.029537 
0.184082 0.029538 
0.185059 0.029539 
0.186035 0.029539 
0.187012 0.029540 
0.187988 0.029541 
0.188965 0.029542 
0.189941 0.029543 
0.190918 0.029544 
0.191895 0.029545 
0.192871 0.029546 
0.193848 0.029547 
0.194824 0.029548 
0.195801 0.029550 
0.196777 0.029551 
0.197754 0.029552 
0.198730 0.029553 
0.199707 0.029554 
0.200684 0.029555 
0.201660 0.029556 
0.202637 0.029557 
0.203613 0.029558 
0.204590 0.029559 
0.205566 0.029561 
0.206543 0.029562 
0.207520 0.029563 
0.208496 0.029564 
0.209473 0.029565 
0.210449 0.029566 
0.211426 0.029568 
0.212402 0.029569 
0.213379 0.029570 
0.214355 0.029571 
0.215332 0.029573 
0.216309 0.029574 
0.217285 0.029575 
0.218262 0.029577 
0.219238 0.029578 
0.220215 0.029579 
0.221191 0.029581 
0.222168 0.029582 
0.223145 0.029583 
0.224121 0.029585 
0.225098 0.029586 
0.226074 0.029588 
0.227051 0.029589 
0.228027 0.029590 
0.229004 0.029592 
0.229980 0.029593 
0.230957 0.029595 
0.231934 0.029596 
0.232910 0.029598 
0.233887 0.029599 
0.234863 0.029601 
0.235840 0.029602 
0.236816 0.029604 
0.237793 0.029606 
0.238770 0.029607 
0.239746 0.029609 
0.240723 0.029610 
0.241699 0.029612 
0.242676 0.029614 
0.243652 0.029616 
0.244629 0.029617 
0.245605 0.029619 
0.246582 0.029621 
0.247559 0.029622 
0.248535 0.029624 
0.249512 0.029626 
0.250488 0.029628 
0.251465 0.029630 
0.252441 0.029632 
0.253418 0.029633 
0.254395 0.029635 
0.255371 0.029637 
0.256348 0.029639 
0.257324 0.029641 
0.258301 0.029643 
0.259277 0.029645 
0.260254 0.029647 
0.261230 0.029649 
0.262207 0.029651 
0.263184 0.029653 
0.264160 0.029656 
0.265137 0.029658 
0.266113 0.029660 
0.267090 0.029662 
0.268066 0.029664 
0.269043 0.029666 
0.270020 0.029669 
0.270996 0.029671 
0.271973 0.029673 
0.272949 0.029676 
0.273926 0.029678 
0.274902 0.029680 
0.275879 0.029683 
0.276855 0.029685 
0.277832 0.029688 
0.278809 0.029690 
0.279785 0.029693 
0.280762 0.029695 
0.281738 0.029698 
0.282715 0.029701 
0.283691 0.029703 
0.284668 0.029706 
0.285645 0.029709 
0.286621 0.029711 
0.287598 0.029714 
0.288574 0.029717 
0.289551 0.029720 
0.290527 0.029723 
0.291504 0.029726 
0.292480 0.029729 
0.293457 0.029732 
0.294434 0.029735 
0.295410 0.029738 
0.296387 0.029741 
0.297363 0.029744 
0.298340 0.029747 
0.299316 0.029750 
0.300293 0.029753 
0.301270 0.029757 
0.302246 0.029760 
0.303223 0.029763 
0.304199 0.029767 
0.305176 0.029770 
0.306152 0.029774 
0.307129 0.029777 
0.308105 0.029781 
0.309082 0.029785 
0.310059 0.029788 
0.311035 0.029792 
0.312012 0.029796 
0.312988 0.029800 
0.313965 0.029803 
0.314941 0.029807 
0.315918 0.029811 
0.316895 0.029815 
0.317871 0.029820 
0.318848 0.029824 
0.319824 0.029828 
0.320801 0.029832 
0.321777 0.029836 
0.322754 0.029841 
0.323730 0.029845 
0.324707 0.029850 
0.325684 0.029854 
0.326660 0.029859 
0.327637 0.029864 
0.328613 0.029868 
0.329590 0.029873 
0.330566 0.029878 
0.331543 0.029883 
0.332520 0.029888 
0.333496 0.029893 
0.334473 0.029898 
0.335449 0.029903 
0.336426 0.029909 
0.337402 0.029914 
0.338379 0.029919 
0.339355 0.029925 
0.340332 0.029930 
0.341309 0.029936 
0.342285 0.029942 
0.343262 0.029948 
0.344238 0.029954 
0.345215 0.029960 
0.346191 0.029966 
0.347168 0.029972 
0.348145 0.029978 
0.349121 0.029985 
0.350098 0.029991 
0.351074 0.029998 
0.352051 0.029993 
0.353027 0.029999 
0.354004 0.030005 
0.354980 0.030012 
0.355957 0.030018 
0.356934 0.030025 
0.357910 0.030032 
0.358887 0.030039 
0.359863 0.030045 
0.360840 0.030053 
0.361816 0.030060 
0.362793 0.030067 
0.363770 0.030074 
0.364746 0.030082 
0.365723 0.030090 
0.366699 0.030097 
0.367676 0.030105 
0.368652 0.030113 
0.369629 0.030121 
0.370605 0.030129 
0.371582 0.030138 
0.372559 0.030146 
0.373535 0.030155 
0.374512 0.030164 
0.375488 0.030173 
0.376465 0.030182 
0.377441 0.030191 
0.378418 0.030200 
0.379395 0.030210 
0.380371 0.030220 
0.381348 0.030229 
0.382324 0.030239 
0.383301 0.030250 
0.384277 0.030260 
0.385254 0.030271 
0.386230 0.030281 
0.387207 0.030292 
0.388184 0.030303 
0.389160 0.030314 
0.390137 0.030326 
0.391113 0.030338 
0.392090 0.030349 
0.393066 0.030361 
0.394043 0.030374 
0.395020 0.030386 
0.395996 0.030399 
0.396973 0.030412 
0.397949 0.030425 
0.398926 0.030438 
0.399902 0.030452 
0.400879 0.030466 
0.401855 0.030480 
0.402832 0.030495 
0.403809 0.030509 
0.404785 0.030524 
0.405762 0.030539 
0.406738 0.030555 
0.407715 0.030571 
0.408691 0.030587 
0.409668 0.030603 
0.410645 0.030620 
0.411621 0.030637 
0.412598 0.030654 
0.413574 0.030671 
0.414551 0.030689 
0.415527 0.030708 
0.416504 0.030726 
0.417480 0.030745 
0.418457 0.030765 
0.419434 0.030784 
0.420410 0.030804 
0.421387 0.030825 
0.422363 0.030846 
0.423340 0.030867 
0.424316 0.030889 
0.425293 0.030911 
0.426270 0.030933 
0.427246 0.030956 
0.428223 0.030980 
0.429199 0.031003 
0.430176 0.031028 
0.431152 0.031053 
0.432129 0.031078 
0.433105 0.031104 
0.434082 0.031130 
0.435059 0.031157 
0.436035 0.031184 
0.437012 0.031212 
0.437988 0.031241 
0.438965 0.031270 
0.439941 0.031300 
0.440918 0.031330 
0.441895 0.031361 
0.442871 0.031393 
0.443848 0.031425 
0.444824 0.031458 
0.445801 0.031491 
0.446777 0.031525 
0.447754 0.031560 
0.448730 0.031596 
0.449707 0.031632 
0.450684 0.031669 
0.451660 0.031707 
0.452637 0.031746 
0.453613 0.031786 
0.454590 0.031826 
0.455566 0.031867 
0.456543 0.031909 
0.457520 0.031952 
0.458496 0.031996 
0.459473 0.032041 
0.460449 0.032087 
0.461426 0.032133 
0.462402 0.032181 
0.463379 0.032230 
0.464355 0.032280 
0.465332 0.032330 
0.466309 0.032382 
0.467285 0.032435 
0.468262 0.032490 
0.469238 0.032545 
0.470215 0.032601 
0.471191 0.032659 
0.472168 0.032718 
0.473145 0.032779 
0.474121 0.032840 
0.475098 0.032903 
0.476074 0.032968 
0.477051 0.033033 
0.478027 0.033101 
0.479004 0.033169 
0.479980 0.033239 
0.480957 0.033311 
0.481934 0.033385 
0.482910 0.033459 
0.483887 0.033536 
0.484863 0.033614 
0.485840 0.033694 
0.486816 0.033776 
0.487793 0.033860 
0.488770 0.033945 
0.489746 0.034033 
0.490723 0.034122 
0.491699 0.034213 
0.492676 0.034307 
0.493652 0.034402 
0.494629 0.034500 
0.495605 0.034600 
0.496582 0.034702 
0.497559 0.034806 
0.498535 0.034913 
0.499512 0.035022 
