#x y at the midpoint of each cell all the error components
-0.500000 1.019724 0.000067 0.000000 1.275341 0.015189 0.000000 0.007587 0.025994 0.000000 0.003643 0.000000 0.001823 0.000000 0.001245 0.009511 0.000000 0.004779 0.010090 0.000000 0.005043 0.000000 0.003782 0.014674 0.000000 0.002497 0.000000 0.001236 0.000000 
-0.437500 1.025627 0.000067 0.000000 1.276701 0.011952 0.000000 0.005971 0.017626 0.000000 0.002306 0.000000 0.001154 0.000000 0.001428 0.007990 0.000000 0.004015 0.007713 0.000000 0.003854 0.000000 0.002890 0.008422 0.000000 0.001975 0.000000 0.000977 0.000000 
-0.437500 1.025627 0.000067 0.000000 1.276701 0.011952 0.000000 0.005971 0.017626 0.000000 0.002306 0.000000 0.001154 0.000000 0.001428 0.007990 0.000000 0.004015 0.007713 0.000000 0.003854 0.000000 0.002890 0.008422 0.000000 0.001975 0.000000 0.000977 0.000000 
-0.375000 1.029913 0.000050 0.000000 1.276960 0.009062 0.000000 0.004527 0.011072 0.000000 0.001324 0.000000 0.000663 0.000000 0.003359 0.006638 0.000000 0.003336 0.005647 0.000000 0.002822 0.000000 0.002116 0.003801 0.000000 0.001476 0.000000 0.000730 0.000000 
-0.375000 1.029913 0.000050 0.000000 1.276960 0.009062 0.000000 0.004527 0.011072 0.000000 0.001324 0.000000 0.000663 0.000000 0.003359 0.006638 0.000000 0.003336 0.005647 0.000000 0.002822 0.000000 0.002116 0.003801 0.000000 0.001476 0.000000 0.000730 0.000000 
-0.312500 1.032870 0.000035 0.000000 1.276207 0.006526 0.000000 0.003261 0.006378 0.000000 0.000653 0.000000 0.000327 0.000000 0.004633 0.005461 0.000000 0.002745 0.003900 0.000000 0.001948 0.000000 0.001461 0.000802 0.000000 0.001056 0.000000 0.000522 0.000000 
-0.312500 1.032870 0.000035 0.000000 1.276207 0.006526 0.000000 0.003261 0.006378 0.000000 0.000653 0.000000 0.000327 0.000000 0.004633 0.005461 0.000000 0.002745 0.003900 0.000000 0.001948 0.000000 0.001461 0.000802 0.000000 0.001056 0.000000 0.000522 0.000000 
-0.250000 1.034833 0.000023 0.000000 1.274936 0.004394 0.000000 0.002196 0.003234 0.000000 0.000232 0.000000 0.000116 0.000000 0.005436 0.004473 0.000000 0.002249 0.002471 0.000000 0.001234 0.000000 0.000925 0.000885 0.000000 0.000719 0.000000 0.000355 0.000000 
-0.250000 1.034833 0.000023 0.000000 1.274936 0.004394 0.000000 0.002196 0.003234 0.000000 0.000232 0.000000 0.000116 0.000000 0.005436 0.004473 0.000000 0.002249 0.002471 0.000000 0.001234 0.000000 0.000925 0.000885 0.000000 0.000719 0.000000 0.000355 0.000000 
-0.187500 1.036077 0.000013 0.000000 1.273545 0.002701 0.000000 0.001350 0.001331 0.000000 0.000007 0.000000 0.000004 0.000000 0.005917 0.003687 0.000000 0.001855 0.001360 0.000000 0.000678 0.000000 0.000508 0.001548 0.000000 0.000461 0.000000 0.000227 0.000000 
-0.187500 1.036077 0.000013 0.000000 1.273545 0.002701 0.000000 0.001350 0.001331 0.000000 0.000007 0.000000 0.000004 0.000000 0.005917 0.003687 0.000000 0.001855 0.001360 0.000000 0.000678 0.000000 0.000508 0.001548 0.000000 0.000461 0.000000 0.000227 0.000000 
-0.125000 1.036814 0.000006 0.000000 1.272342 0.001475 0.000000 0.000737 0.000361 0.000000 0.000075 0.000000 0.000037 0.000000 0.006186 0.003117 0.000000 0.001569 0.000567 0.000000 0.000281 0.000000 0.000211 0.001455 0.000000 0.000269 0.000000 0.000132 0.000000 
-0.125000 1.036814 0.000006 0.000000 1.272342 0.001475 0.000000 0.000737 0.000361 0.000000 0.000075 0.000000 0.000037 0.000000 0.006186 0.003117 0.000000 0.001569 0.000567 0.000000 0.000281 0.000000 0.000211 0.001455 0.000000 0.000269 0.000000 0.000132 0.000000 
-0.062500 1.037199 0.000001 0.000000 1.271545 0.000732 0.000000 0.000366 0.000015 0.000000 0.000062 0.000000 0.000031 0.000000 0.006319 0.002771 0.000000 0.001396 0.000091 0.000000 0.000043 0.000000 0.000032 0.000863 0.000000 0.000123 0.000000 0.000060 0.000000 
-0.062500 1.037199 0.000001 0.000000 1.271545 0.000732 0.000000 0.000366 0.000015 0.000000 0.000062 0.000000 0.000031 0.000000 0.006319 0.002771 0.000000 0.001396 0.000091 0.000000 0.000043 0.000000 0.000032 0.000863 0.000000 0.000123 0.000000 0.000060 0.000000 
0.000000 1.037321 0.000002 0.000000 1.271285 0.000485 0.000000 0.000243 0.000017 0.000000 0.000003 0.000000 0.000002 0.000000 0.006362 0.002656 0.000000 0.001338 0.000068 0.000000 0.000036 0.000000 0.000028 0.000022 0.000000 0.000002 0.000000 0.000001 0.000000 
0.000000 1.037321 0.000002 0.000000 1.271285 0.000485 0.000000 0.000243 0.000017 0.000000 0.000003 0.000000 0.000002 0.000000 0.006362 0.002656 0.000000 0.001338 0.000068 0.000000 0.000036 0.000000 0.000028 0.000022 0.000000 0.000002 0.000000 0.000001 0.000000 
0.062500 1.037212 0.000002 0.000000 1.271605 0.000737 0.000000 0.000368 0.000043 0.000000 0.000056 0.000000 0.000028 0.000000 0.006330 0.002773 0.000000 0.001397 0.000090 0.000000 0.000043 0.000000 0.000032 0.000825 0.000000 0.000119 0.000000 0.000058 0.000000 
0.062500 1.037212 0.000002 0.000000 1.271605 0.000737 0.000000 0.000368 0.000043 0.000000 0.000056 0.000000 0.000028 0.000000 0.006330 0.002773 0.000000 0.001397 0.000090 0.000000 0.000043 0.000000 0.000032 0.000825 0.000000 0.000119 0.000000 0.000058 0.000000 
0.125000 1.036842 0.000001 0.000000 1.272462 0.001483 0.000000 0.000741 0.000371 0.000000 0.000070 0.000000 0.000035 0.000000 0.006209 0.003121 0.000000 0.001571 0.000565 0.000000 0.000280 0.000000 0.000210 0.001432 0.000000 0.000262 0.000000 0.000129 0.000000 
0.125000 1.036842 0.000001 0.000000 1.272462 0.001483 0.000000 0.000741 0.000371 0.000000 0.000070 0.000000 0.000035 0.000000 0.006209 0.003121 0.000000 0.001571 0.000565 0.000000 0.000280 0.000000 0.000210 0.001432 0.000000 0.000262 0.000000 0.000129 0.000000 
0.187500 1.036117 0.000006 0.000000 1.273725 0.002714 0.000000 0.001356 0.001312 0.000000 0.000010 0.000000 0.000005 0.000000 0.005953 0.003694 0.000000 0.001859 0.001357 0.000000 0.000677 0.000000 0.000507 0.001553 0.000000 0.000452 0.000000 0.000222 0.000000 
0.187500 1.036117 0.000006 0.000000 1.273725 0.002714 0.000000 0.001356 0.001312 0.000000 0.000010 0.000000 0.000005 0.000000 0.005953 0.003694 0.000000 0.001859 0.001357 0.000000 0.000677 0.000000 0.000507 0.001553 0.000000 0.000452 0.000000 0.000222 0.000000 
0.250000 1.034887 0.000013 0.000000 1.275178 0.004412 0.000000 0.002205 0.003172 0.000000 0.000232 0.000000 0.000116 0.000000 0.005488 0.004481 0.000000 0.002254 0.002467 0.000000 0.001232 0.000000 0.000923 0.000931 0.000000 0.000705 0.000000 0.000348 0.000000 
0.250000 1.034887 0.000013 0.000000 1.275178 0.004412 0.000000 0.002205 0.003172 0.000000 0.000232 0.000000 0.000116 0.000000 0.005488 0.004481 0.000000 0.002254 0.002467 0.000000 0.001232 0.000000 0.000923 0.000931 0.000000 0.000705 0.000000 0.000348 0.000000 
0.312500 1.032937 0.000023 0.000000 1.276512 0.006551 0.000000 0.003273 0.006262 0.000000 0.000649 0.000000 0.000325 0.000000 0.004702 0.005471 0.000000 0.002750 0.003895 0.000000 0.001946 0.000000 0.001459 0.000705 0.000000 0.001037 0.000000 0.000512 0.000000 
0.312500 1.032937 0.000023 0.000000 1.276512 0.006551 0.000000 0.003273 0.006262 0.000000 0.000649 0.000000 0.000325 0.000000 0.004702 0.005471 0.000000 0.002750 0.003895 0.000000 0.001946 0.000000 0.001459 0.000705 0.000000 0.001037 0.000000 0.000512 0.000000 
0.375000 1.029993 0.000035 0.000000 1.277329 0.009094 0.000000 0.004543 0.010890 0.000000 0.001315 0.000000 0.000658 0.000000 0.003450 0.006649 0.000000 0.003341 0.005642 0.000000 0.002819 0.000000 0.002114 0.003640 0.000000 0.001452 0.000000 0.000718 0.000000 
0.375000 1.029993 0.000035 0.000000 1.277329 0.009094 0.000000 0.004543 0.010890 0.000000 0.001315 0.000000 0.000658 0.000000 0.003450 0.006649 0.000000 0.003341 0.005642 0.000000 0.002819 0.000000 0.002114 0.003640 0.000000 0.001452 0.000000 0.000718 0.000000 
0.437500 1.025720 0.000050 0.000000 1.277135 0.011994 0.000000 0.005992 0.017365 0.000000 0.002290 0.000000 0.001146 0.000000 0.001545 0.007999 0.000000 0.004020 0.007707 0.000000 0.003851 0.000000 0.002888 0.008184 0.000000 0.001945 0.000000 0.000962 0.000000 
0.437500 1.025720 0.000050 0.000000 1.277135 0.011994 0.000000 0.005992 0.017365 0.000000 0.002290 0.000000 0.001146 0.000000 0.001545 0.007999 0.000000 0.004020 0.007707 0.000000 0.003851 0.000000 0.002888 0.008184 0.000000 0.001945 0.000000 0.000962 0.000000 
0.500000 1.019724 0.000067 0.000000 1.275341 0.015189 0.000000 0.007587 0.025994 0.000000 0.003643 0.000000 0.001823 0.000000 0.001245 0.009511 0.000000 0.004779 0.010090 0.000000 0.005043 0.000000 0.003782 0.014674 0.000000 0.002497 0.000000 0.001236 0.000000 
