-5.000000000000E-01    -1.138095944154E-02    -2.798046286312E-16     +2.529514301801E-02    +1.391418357647E-02    -1.386689546814E-03    -4.166655092593E-02
-4.991666666667E-01    -1.193223383211E-02    -8.594061153146E-07     +2.596970366394E-02    +1.403746983182E-02    -1.509708068497E-03    -4.145605995925E-02
-4.975000000000E-01    -1.288135683365E-02    +3.396376332236E-07     +2.712520514191E-02    +1.424384830826E-02    -1.716464294422E-03    -4.104600596181E-02
-4.958333333333E-01    -1.366931685702E-02    +9.490487369060E-08     +2.808266884687E-02    +1.441335198985E-02    -1.885886219102E-03    -4.063415702576E-02
-4.941666666667E-01    -1.436310240883E-02    +1.013318262794E-07     +2.892228081713E-02    +1.455917840829E-02    -2.031715059065E-03    -4.022581924172E-02
-4.925000000000E-01    -1.499709382420E-02    +5.849348493145E-08     +2.968655427428E-02    +1.468946045007E-02    -2.161983091625E-03    -3.982006299362E-02
-4.908333333333E-01    -1.558967702289E-02    +4.397241608356E-08     +3.039804110599E-02    +1.480836408310E-02    -2.280882229631E-03    -3.941712634854E-02
-4.891666666667E-01    -1.615019394966E-02    +3.345108109599E-08     +3.106834935483E-02    +1.491815540517E-02    -2.390670265153E-03    -3.901692698823E-02
-4.875000000000E-01    -1.668407331735E-02    +2.746244662244E-08     +3.170428338752E-02    +1.502021007016E-02    -2.492723125276E-03    -3.861945850594E-02
-4.858333333333E-01    -1.719490687618E-02    +2.315747385341E-08     +3.231039748746E-02    +1.511549061128E-02    -2.588002386648E-03    -3.822470327159E-02
-4.841666666667E-01    -1.768536599744E-02    +1.994353223761E-08     +3.289010434437E-02    +1.520473834693E-02    -2.677249185061E-03    -3.783265038000E-02
-4.825000000000E-01    -1.815756849706E-02    +1.739056290723E-08     +3.344612346101E-02    +1.528855496395E-02    -2.761065067149E-03    -3.744328930868E-02
-4.808333333333E-01    -1.861324902499E-02    +1.532023473930E-08     +3.398069031667E-02    +1.536744129168E-02    -2.839950806675E-03    -3.705661027211E-02
-4.791666666667E-01    -1.905385232545E-02    +1.361473619721E-08     +3.449567255500E-02    +1.544182022955E-02    -2.914329266260E-03    -3.667260365631E-02
-4.775000000000E-01    -1.948059535538E-02    +1.219553447762E-08     +3.499264806369E-02    +1.551205270831E-02    -2.984561352552E-03    -3.629125996356E-02
-4.758333333333E-01    -1.989451314808E-02    +1.100353216631E-08     +3.547296291298E-02    +1.557844976490E-02    -3.050958084401E-03    -3.591256975427E-02
-4.741666666667E-01    -2.029649417580E-02    +9.993557782019E-09     +3.593777609767E-02    +1.564128192187E-02    -3.113789970562E-03    -3.553652363102E-02
-4.725000000000E-01    -2.068730794682E-02    +9.130531010088E-09     +3.638809447346E-02    +1.570078652664E-02    -3.173294347773E-03    -3.516311222707E-02
-4.708333333333E-01    -2.106762663525E-02    +8.387097441411E-09     +3.682480015011E-02    +1.575717351486E-02    -3.229681143366E-03    -3.479232619916E-02
-4.691666666667E-01    -2.143804209837E-02    +7.741808512228E-09     +3.724867205727E-02    +1.581062995890E-02    -3.283137423221E-03    -3.442415622205E-02
-4.675000000000E-01    -2.179907933782E-02    +7.177745147855E-09     +3.766040302059E-02    +1.586132368277E-02    -3.333831006243E-03    -3.405859298425E-02
-4.658333333333E-01    -2.215120722183E-02    +6.681464979281E-09     +3.806061338106E-02    +1.590940615922E-02    -3.381913361121E-03    -3.369562718490E-02
-4.641666666667E-01    -2.249484709322E-02    +6.242204568367E-09     +3.844986194583E-02    +1.595501485261E-02    -3.427521949001E-03    -3.333524953132E-02
-4.625000000000E-01    -2.283037973753E-02    +5.851275557793E-09     +3.882865486874E-02    +1.599827513121E-02    -3.470782135578E-03    -3.297745073716E-02
-4.608333333333E-01    -2.315815107144E-02    +5.501607487412E-09     +3.919745291366E-02    +1.603930184222E-02    -3.511808765947E-03    -3.262222152103E-02
-4.591666666667E-01    -2.347847682507E-02    +5.187400336189E-09     +3.955667744537E-02    +1.607820062030E-02    -3.550707473078E-03    -3.226955260548E-02
-4.575000000000E-01    -2.379164642710E-02    +4.903859311457E-09     +3.990671541098E-02    +1.611506898388E-02    -3.587575773989E-03    -3.191943471612E-02
-4.558333333333E-01    -2.409792625349E-02    +4.646991029010E-09     +4.024792351421E-02    +1.614999726072E-02    -3.622503995287E-03    -3.157185858105E-02
-4.541666666667E-01    -2.439756236373E-02    +4.413446019248E-09     +4.058063173889E-02    +1.618306937516E-02    -3.655576060355E-03    -3.122681493037E-02
-4.525000000000E-01    -2.469078282164E-02    +4.200396083361E-09     +4.090514634390E-02    +1.621436352226E-02    -3.686870163425E-03    -3.088429449580E-02
-4.508333333333E-01    -2.497779967641E-02    +4.005438129603E-09     +4.122175242505E-02    +1.624395274863E-02    -3.716459350451E-03    -3.054428801039E-02
-4.491666666667E-01    -2.525881066388E-02    +3.826518296000E-09     +4.153071611990E-02    +1.627190545602E-02    -3.744412022582E-03    -3.020678620827E-02
-4.475000000000E-01    -2.553400067585E-02    +3.661871532873E-09     +4.183228651586E-02    +1.629828584001E-02    -3.770792374919E-03    -2.987177982448E-02
-4.458333333333E-01    -2.580354303568E-02    +3.509973269209E-09     +4.212669731002E-02    +1.632315427434E-02    -3.795660780769E-03    -2.953925959484E-02
-4.441666666667E-01    -2.606760061110E-02    +3.369500380120E-09     +4.241416826007E-02    +1.634656764897E-02    -3.819074129738E-03    -2.920921625579E-02
-4.425000000000E-01    -2.632632678941E-02    +3.239299498994E-09     +4.269490645828E-02    +1.636857966887E-02    -3.841086126470E-03    -2.888164054429E-02
-4.408333333333E-01    -2.657986633571E-02    +3.118361092323E-09     +4.296910745472E-02    +1.638924111901E-02    -3.861747555674E-03    -2.855652319780E-02
-4.391666666667E-01    -2.682835615109E-02    +3.005798114542E-09     +4.323695625147E-02    +1.640860010039E-02    -3.881106518104E-03    -2.823385495413E-02
-4.375000000000E-01    -2.707192594494E-02    +2.900828356880E-09     +4.349862818581E-02    +1.642670224087E-02    -3.899208641419E-03    -2.791362655145E-02
-4.358333333333E-01    -2.731069883319E-02    +2.802759749483E-09     +4.375428971741E-02    +1.644359088422E-02    -3.916097269200E-03    -2.759582872821E-02
-4.341666666667E-01    -2.754479187222E-02    +2.710978012293E-09     +4.400409913228E-02    +1.645930726006E-02    -3.931813630900E-03    -2.728045222312E-02
-4.325000000000E-01    -2.777431653697E-02    +2.624936312883E-09     +4.424820717409E-02    +1.647389063712E-02    -3.946396995109E-03    -2.696748777509E-02
-4.308333333333E-01    -2.799937915019E-02    +2.544146468740E-09     +4.448675761201E-02    +1.648737846182E-02    -3.959884808127E-03    -2.665692612324E-02
-4.291666666667E-01    -2.822008126888E-02    +2.468171515072E-09     +4.471988775278E-02    +1.649980648390E-02    -3.972312819591E-03    -2.634875800684E-02
-4.275000000000E-01    -2.843652003310E-02    +2.396619322350E-09     +4.494772890372E-02    +1.651120887062E-02    -3.983715196636E-03    -2.604297416532E-02
-4.258333333333E-01    -2.864878848166E-02    +2.329137148308E-09     +4.517040679234E-02    +1.652161831067E-02    -3.994124627889E-03    -2.573956533822E-02
-4.241666666667E-01    -2.885697583828E-02    +2.265406952006E-09     +4.538804194748E-02    +1.653106610920E-02    -4.003572418397E-03    -2.543852226522E-02
-4.225000000000E-01    -2.906116777180E-02    +2.205141382245E-09     +4.560075004638E-02    +1.653958227458E-02    -4.012088576478E-03    -2.513983568607E-02
-4.208333333333E-01    -2.926144663315E-02    +2.148080246353E-09     +4.580864223122E-02    +1.654719559808E-02    -4.019701893328E-03    -2.484349634064E-02
-4.191666666667E-01    -2.945789167162E-02    +2.093987458797E-09     +4.601182539857E-02    +1.655393372694E-02    -4.026440016143E-03    -2.454949496885E-02
-4.175000000000E-01    -2.965057923267E-02    +2.042648410084E-09     +4.621040246438E-02    +1.655982323171E-02    -4.032329515404E-03    -2.425782231072E-02
-4.158333333333E-01    -2.983958293908E-02    +1.993867648884E-09     +4.640447260730E-02    +1.656488966822E-02    -4.037395946895E-03    -2.396846910630E-02
-4.141666666667E-01    -3.002497385728E-02    +1.947466859448E-09     +4.659413149213E-02    +1.656915763485E-02    -4.041663908972E-03    -2.368142609574E-02
-4.125000000000E-01    -3.020682065023E-02    +1.903283068307E-09     +4.677947147579E-02    +1.657265082555E-02    -4.045157095531E-03    -2.339668401920E-02
-4.108333333333E-01    -3.038518971822E-02    +1.861167095604E-09     +4.696058179707E-02    +1.657539207885E-02    -4.047898345074E-03    -2.311423361692E-02
-4.091666666667E-01    -3.056014532869E-02    +1.820982150142E-09     +4.713754875211E-02    +1.657740342341E-02    -4.049909686224E-03    -2.283406562914E-02
-4.075000000000E-01    -3.073174973625E-02    +1.782602622372E-09     +4.731045585655E-02    +1.657870612030E-02    -4.051212380021E-03    -2.255617079619E-02
-4.058333333333E-01    -3.090006329359E-02    +1.745912988655E-09     +4.747938399592E-02    +1.657932070233E-02    -4.051826959268E-03    -2.228053985838E-02
-4.041666666667E-01    -3.106514455430E-02    +1.710806874169E-09     +4.764441156507E-02    +1.657926701077E-02    -4.051773265189E-03    -2.200716355610E-02
-4.025000000000E-01    -3.122705036826E-02    +1.677186161667E-09     +4.780561459774E-02    +1.657856422948E-02    -4.051070481625E-03    -2.173603262974E-02
-4.008333333333E-01    -3.138583597023E-02    +1.644960239966E-09     +4.796306688709E-02    +1.657723091686E-02    -4.049737166976E-03    -2.146713781971E-02
-3.991666666667E-01    -3.154155506222E-02    +1.614045341341E-09     +4.811684009799E-02    +1.657528503578E-02    -4.047791284068E-03    -2.120046986646E-02
-3.975000000000E-01    -3.169425989024E-02    +1.584363892226E-09     +4.826700387170E-02    +1.657274398145E-02    -4.045250228119E-03    -2.093601951046E-02
-3.958333333333E-01    -3.184400131587E-02    +1.555844012420E-09     +4.841362592360E-02    +1.656962460773E-02    -4.042130852951E-03    -2.067377749220E-02
-3.941666666667E-01    -3.199082888300E-02    +1.528418974542E-09     +4.855677213464E-02    +1.656594325164E-02    -4.038449495585E-03    -2.041373455216E-02
-3.925000000000E-01    -3.213479088024E-02    +1.502026804220E-09     +4.869650663676E-02    +1.656171575652E-02    -4.034221999340E-03    -2.015588143088E-02
-3.908333333333E-01    -3.227593439932E-02    +1.476609843480E-09     +4.883289189304E-02    +1.655695749372E-02    -4.029463735560E-03    -1.990020886889E-02
-3.891666666667E-01    -3.241430538977E-02    +1.452114427555E-09     +4.896598877284E-02    +1.655168338307E-02    -4.024189624059E-03    -1.964670760673E-02
-3.875000000000E-01    -3.254994871012E-02    +1.428490522322E-09     +4.909585662223E-02    +1.654590791211E-02    -4.018414152379E-03    -1.939536838496E-02
-3.858333333333E-01    -3.268290817603E-02    +1.405691445513E-09     +4.922255333033E-02    +1.653964515430E-02    -4.012151393956E-03    -1.914618194416E-02
-3.841666666667E-01    -3.281322660545E-02    +1.383673626605E-09     +4.934613539156E-02    +1.653290878611E-02    -4.005415025260E-03    -1.889913902491E-02
-3.825000000000E-01    -3.294094586107E-02    +1.362396300971E-09     +4.946665796432E-02    +1.652571210326E-02    -3.998218341995E-03    -1.865423036779E-02
-3.808333333333E-01    -3.306610689027E-02    +1.341821381363E-09     +4.958417492626E-02    +1.651806803599E-02    -3.990574274402E-03    -1.841144671342E-02
-3.791666666667E-01    -3.318874976279E-02    +1.321913142126E-09     +4.969873892637E-02    +1.650998916357E-02    -3.982495401750E-03    -1.817077880240E-02
-3.775000000000E-01    -3.330891370614E-02    +1.302638145110E-09     +4.981040143418E-02    +1.650148772804E-02    -3.973993966055E-03    -1.793221737535E-02
-3.758333333333E-01    -3.342663713907E-02    +1.283964994816E-09     +4.991921278623E-02    +1.649257564716E-02    -3.965081885080E-03    -1.769575317290E-02
-3.741666666667E-01    -3.354195770322E-02    +1.265864249531E-09     +5.002522222999E-02    +1.648326452677E-02    -3.955770764667E-03    -1.746137693567E-02
-3.725000000000E-01    -3.365491229286E-02    +1.248308195090E-09     +5.012847796537E-02    +1.647356567251E-02    -3.946071910442E-03    -1.722907940431E-02
-3.708333333333E-01    -3.376553708321E-02    +1.231270824012E-09     +5.022902718412E-02    +1.646349010091E-02    -3.935996338925E-03    -1.699885131945E-02
-3.691666666667E-01    -3.387386755708E-02    +1.214727630678E-09     +5.032691610703E-02    +1.645304854994E-02    -3.925554788102E-03    -1.677068342176E-02
-3.675000000000E-01    -3.397993853020E-02    +1.198655559503E-09     +5.042219001932E-02    +1.644225148912E-02    -3.914757727472E-03    -1.654456645187E-02
-3.658333333333E-01    -3.408378417514E-02    +1.183032869148E-09     +5.051489330417E-02    +1.643110912902E-02    -3.903615367606E-03    -1.632049115046E-02
-3.641666666667E-01    -3.418543804409E-02    +1.167839046890E-09     +5.060506947449E-02    +1.641963143040E-02    -3.892137669260E-03    -1.609844825819E-02
-3.625000000000E-01    -3.428493309036E-02    +1.153054768527E-09     +5.069276120324E-02    +1.640782811288E-02    -3.880334352048E-03    -1.587842851571E-02
-3.608333333333E-01    -3.438230168890E-02    +1.138661734637E-09     +5.077801035211E-02    +1.639570866321E-02    -3.868214902723E-03    -1.566042266372E-02
-3.591666666667E-01    -3.447757565573E-02    +1.124642721290E-09     +5.086085799891E-02    +1.638328234318E-02    -3.855788583067E-03    -1.544442144287E-02
-3.575000000000E-01    -3.457078626645E-02    +1.110981375282E-09     +5.094134446358E-02    +1.637055819713E-02    -3.843064437432E-03    -1.523041559386E-02
-3.558333333333E-01    -3.466196427381E-02    +1.097662262578E-09     +5.101950933301E-02    +1.635754505920E-02    -3.830051299933E-03    -1.501839585736E-02
-3.541666666667E-01    -3.475113992448E-02    +1.084670765478E-09     +5.109539148462E-02    +1.634425156014E-02    -3.816757801332E-03    -1.480835297405E-02
-3.525000000000E-01    -3.483834297498E-02    +1.071993020386E-09     +5.116902910892E-02    +1.633068613394E-02    -3.803192375617E-03    -1.460027768463E-02
-3.508333333333E-01    -3.492360270688E-02    +1.059615909854E-09     +5.124045973100E-02    +1.631685702411E-02    -3.789363266290E-03    -1.439416072979E-02
-3.491666666667E-01    -3.500694794131E-02    +1.047526973272E-09     +5.130972023101E-02    +1.630277228970E-02    -3.775278532396E-03    -1.418999285021E-02
-3.475000000000E-01    -3.508840705275E-02    +1.035714403963E-09     +5.137684686380E-02    +1.628843981105E-02    -3.760946054290E-03    -1.398776478659E-02
-3.458333333333E-01    -3.516800798225E-02    +1.024166980639E-09     +5.144187527762E-02    +1.627386729537E-02    -3.746373539164E-03    -1.378746727964E-02
-3.441666666667E-01    -3.524577825002E-02    +1.012874055322E-09     +5.150484053201E-02    +1.625906228198E-02    -3.731568526344E-03    -1.358909107005E-02
-3.425000000000E-01    -3.532174496747E-02    +1.001825484304E-09     +5.156577711491E-02    +1.624403214743E-02    -3.716538392375E-03    -1.339262689851E-02
-3.408333333333E-01    -3.539593484872E-02    +9.910116645083E-010    +5.162471895908E-02    +1.622878411036E-02    -3.701290355893E-03    -1.319806550575E-02
-3.391666666667E-01    -3.546837422160E-02    +9.804234034944E-010    +5.168169945776E-02    +1.621332523617E-02    -3.685831482306E-03    -1.300539763245E-02
-3.375000000000E-01    -3.553908903817E-02    +9.700519940601E-010    +5.173675147971E-02    +1.619766244154E-02    -3.670168688288E-03    -1.281461401933E-02
-3.358333333333E-01    -3.560810488484E-02    +9.598891180167E-010    +5.178990738357E-02    +1.618180249873E-02    -3.654308746098E-03    -1.262570540709E-02
-3.341666666667E-01    -3.567544699199E-02    +9.499268727632E-010    +5.184119903171E-02    +1.616575203972E-02    -3.638258287726E-03    -1.243866253644E-02
-3.325000000000E-01    -3.574114024321E-02    +9.401576971430E-010    +5.189065780346E-02    +1.614951756025E-02    -3.622023808887E-03    -1.225347614811E-02
-3.308333333333E-01    -3.580520918421E-02    +9.305744294994E-010    +5.193831460779E-02    +1.613310542358E-02    -3.605611672859E-03    -1.207013698278E-02
-3.291666666667E-01    -3.586767803127E-02    +9.211701814528E-010    +5.198419989552E-02    +1.611652186425E-02    -3.589028114173E-03    -1.188863578119E-02
-3.275000000000E-01    -3.592857067946E-02    +9.119384009660E-010    +5.202834367106E-02    +1.609977299160E-02    -3.572279242171E-03    -1.170896328405E-02
-3.258333333333E-01    -3.598791071040E-02    +9.028728340928E-010    +5.207077550360E-02    +1.608286479320E-02    -3.555371044429E-03    -1.153111023206E-02
-3.241666666667E-01    -3.604572139982E-02    +8.939675177517E-010    +5.211152453800E-02    +1.606580313818E-02    -3.538309390057E-03    -1.135506736596E-02
-3.225000000000E-01    -3.610202572479E-02    +8.852167260738E-010    +5.215061950513E-02    +1.604859378034E-02    -3.521100032876E-03    -1.118082542645E-02
-3.208333333333E-01    -3.615684637060E-02    +8.766149979547E-010    +5.218808873188E-02    +1.603124236129E-02    -3.503748614483E-03    -1.100837515425E-02
-3.191666666667E-01    -3.621020573749E-02    +8.681571091971E-010    +5.222396015083E-02    +1.601375441335E-02    -3.486260667205E-03    -1.083770729009E-02
-3.175000000000E-01    -3.626212594703E-02    +8.598380715922E-010    +5.225826130946E-02    +1.599613536244E-02    -3.468641616954E-03    -1.066881257469E-02
-3.158333333333E-01    -3.631262884829E-02    +8.516530958327E-010    +5.229101937909E-02    +1.597839053080E-02    -3.450896785975E-03    -1.050168174876E-02
-3.141666666667E-01    -3.636173602380E-02    +8.435975928588E-010    +5.232226116346E-02    +1.596052513966E-02    -3.433031395504E-03    -1.033630555303E-02
-3.125000000000E-01    -3.640946879522E-02    +8.356671712506E-010    +5.235201310705E-02    +1.594254431183E-02    -3.415050568329E-03    -1.017267472822E-02
-3.108333333333E-01    -3.645584822889E-02    +8.278576348963E-010    +5.238030130301E-02    +1.592445307412E-02    -3.396959331274E-03    -1.001078001506E-02
-3.091666666667E-01    -3.650089514109E-02    +8.201649582555E-010    +5.240715150086E-02    +1.590625635977E-02    -3.378762617588E-03    -9.850612154262E-03
-3.075000000000E-01    -3.654463010318E-02    +8.125852552854E-010    +5.243258911396E-02    +1.588795901079E-02    -3.360465269261E-03    -9.692161886563E-03
-3.058333333333E-01    -3.658707344648E-02    +8.051148248531E-010    +5.245663922662E-02    +1.586956578013E-02    -3.342072039259E-03    -9.535419952683E-03
-3.041666666667E-01    -3.662824526708E-02    +7.977501197470E-010    +5.247932660100E-02    +1.585108133392E-02    -3.323587593692E-03    -9.380377093350E-03
-3.025000000000E-01    -3.666816543037E-02    +7.904876980621E-010    +5.250067568385E-02    +1.583251025348E-02    -3.305016513903E-03    -9.227024049289E-03
-3.008333333333E-01    -3.670685357545E-02    +7.833242952923E-010    +5.252071061288E-02    +1.581385703742E-02    -3.286363298494E-03    -9.075351561229E-03
-2.991666666667E-01    -3.674432911945E-02    +7.762567601117E-010    +5.253945522303E-02    +1.579512610357E-02    -3.267632365288E-03    -8.925350369896E-03
-2.975000000000E-01    -3.678061126159E-02    +7.692820610551E-010    +5.255693305246E-02    +1.577632179087E-02    -3.248828053227E-03    -8.777011216018E-03
-2.958333333333E-01    -3.681571898716E-02    +7.623972910490E-010    +5.257316734837E-02    +1.575744836122E-02    -3.229954624208E-03    -8.630324840325E-03
-2.941666666667E-01    -3.684967107140E-02    +7.555996443290E-010    +5.258818107264E-02    +1.573851000124E-02    -3.211016264866E-03    -8.485281983546E-03
-2.925000000000E-01    -3.688248608318E-02    +7.488864315560E-010    +5.260199690722E-02    +1.571951082405E-02    -3.192017088299E-03    -8.341873386409E-03
-2.908333333333E-01    -3.691418238857E-02    +7.422550530905E-010    +5.261463725943E-02    +1.570045487086E-02    -3.172961135740E-03    -8.200089789645E-03
-2.891666666667E-01    -3.694477815434E-02    +7.357030245204E-010    +5.262612426702E-02    +1.568134611268E-02    -3.153852378176E-03    -8.059921933985E-03
-2.875000000000E-01    -3.697429135131E-02    +7.292279540446E-010    +5.263647980311E-02    +1.566218845181E-02    -3.134694717923E-03    -7.921360560158E-03
-2.858333333333E-01    -3.700273975755E-02    +7.228275104383E-010    +5.264572548097E-02    +1.564298572342E-02    -3.115491990151E-03    -7.784396408895E-03
-2.841666666667E-01    -3.703014096156E-02    +7.164994796477E-010    +5.265388265858E-02    +1.562374169702E-02    -3.096247964358E-03    -7.649020220929E-03
-2.825000000000E-01    -3.705651236531E-02    +7.102417207233E-010    +5.266097244318E-02    +1.560446007787E-02    -3.076966345812E-03    -7.515222736991E-03
-2.808333333333E-01    -3.708187118714E-02    +7.040521672945E-010    +5.266701569554E-02    +1.558514450840E-02    -3.057650776939E-03    -7.382994697812E-03
-2.791666666667E-01    -3.710623446464E-02    +6.979288244565E-010    +5.267203303418E-02    +1.556579856954E-02    -3.038304838676E-03    -7.252326844125E-03
-2.775000000000E-01    -3.712961905738E-02    +6.918697628991E-010    +5.267604483944E-02    +1.554642578206E-02    -3.018932051787E-03    -7.123209916662E-03
-2.758333333333E-01    -3.715204164961E-02    +6.858731369623E-010    +5.267907125744E-02    +1.552702960782E-02    -2.999535878133E-03    -6.995634656157E-03
-2.741666666667E-01    -3.717351875283E-02    +6.799371562195E-010    +5.268113220385E-02    +1.550761345102E-02    -2.980119721917E-03    -6.869591803342E-03
-2.725000000000E-01    -3.719406670828E-02    +6.740601088982E-010    +5.268224736769E-02    +1.548818065941E-02    -2.960686930881E-03    -6.745072098951E-03
-2.708333333333E-01    -3.721370168940E-02    +6.682403145298E-010    +5.268243621485E-02    +1.546873452544E-02    -2.941240797481E-03    -6.622066283717E-03
-2.691666666667E-01    -3.723243970419E-02    +6.624761903116E-010    +5.268171799160E-02    +1.544927828742E-02    -2.921784560021E-03    -6.500565098374E-03
-2.675000000000E-01    -3.725029659745E-02    +6.567661336702E-010    +5.268011172804E-02    +1.542981513059E-02    -2.902321403757E-03    -6.380559283656E-03
-2.658333333333E-01    -3.726728805305E-02    +6.511086741540E-010    +5.267763624130E-02    +1.541034818825E-02    -2.882854461974E-03    -6.262039580297E-03
-2.641666666667E-01    -3.728342959606E-02    +6.455023792447E-010    +5.267431013882E-02    +1.539088054276E-02    -2.863386817034E-03    -6.144996729033E-03
-2.625000000000E-01    -3.729873659481E-02    +6.399458268236E-010    +5.267015182138E-02    +1.537141522657E-02    -2.843921501383E-03    -6.029421470596E-03
-2.608333333333E-01    -3.731322426299E-02    +6.344376700977E-010    +5.266517948618E-02    +1.535195522319E-02    -2.824461498551E-03    -5.915304545723E-03
-2.591666666667E-01    -3.732690766152E-02    +6.289765850168E-010    +5.265941112974E-02    +1.533250346822E-02    -2.805009744107E-03    -5.802636695148E-03
-2.575000000000E-01    -3.733980170054E-02    +6.235613256223E-010    +5.265286455072E-02    +1.531306285018E-02    -2.785569126600E-03    -5.691408659606E-03
-2.558333333333E-01    -3.735192114124E-02    +6.181906674991E-010    +5.264555735276E-02    +1.529363621152E-02    -2.766142488468E-03    -5.581611179833E-03
-2.541666666667E-01    -3.736328059762E-02    +6.128634112401E-010    +5.263750694709E-02    +1.527422634946E-02    -2.746732626927E-03    -5.473234996564E-03
-2.525000000000E-01    -3.737389453833E-02    +6.075784156050E-010    +5.262873055519E-02    +1.525483601686E-02    -2.727342294836E-03    -5.366270850536E-03
-2.508333333333E-01    -3.738377728828E-02    +6.023345690984E-010    +5.261924521133E-02    +1.523546792305E-02    -2.707974201537E-03    -5.260709482483E-03
-2.491666666667E-01    -3.739294303036E-02    +5.971308128489E-010    +5.260906776504E-02    +1.521612473468E-02    -2.688631013678E-03    -5.156541633142E-03
-2.475000000000E-01    -3.740140580700E-02    +5.919660886129E-010    +5.259821488352E-02    +1.519680907652E-02    -2.669315356009E-03    -5.053758043249E-03
-2.458333333333E-01    -3.740917952178E-02    +5.868393943603E-010    +5.258670305395E-02    +1.517752353217E-02    -2.650029812160E-03    -4.952349453540E-03
-2.441666666667E-01    -3.741627794090E-02    +5.817497451767E-010    +5.257454858583E-02    +1.515827064493E-02    -2.630776925405E-03    -4.852306604751E-03
-2.425000000000E-01    -3.742271469470E-02    +5.766962095247E-010    +5.256176761314E-02    +1.513905291844E-02    -2.611559199395E-03    -4.753620237619E-03
-2.408333333333E-01    -3.742850327909E-02    +5.716778631918E-010    +5.254837609654E-02    +1.511987281744E-02    -2.592379098881E-03    -4.656281092882E-03
-2.391666666667E-01    -3.743365705693E-02    +5.666938176502E-010    +5.253438982543E-02    +1.510073276851E-02    -2.573239050418E-03    -4.560279911274E-03
-2.375000000000E-01    -3.743818925939E-02    +5.617431967649E-010    +5.251982442006E-02    +1.508163516067E-02    -2.554141443048E-03    -4.465607433534E-03
-2.358333333333E-01    -3.744211298733E-02    +5.568251914645E-010    +5.250469533346E-02    +1.506258234613E-02    -2.535088628972E-03    -4.372254400398E-03
-2.341666666667E-01    -3.744544121252E-02    +5.519389833058E-010    +5.248901785341E-02    +1.504357664089E-02    -2.516082924196E-03    -4.280211552603E-03
-2.325000000000E-01    -3.744818677892E-02    +5.470837793931E-010    +5.247280710434E-02    +1.502462032542E-02    -2.497126609173E-03    -4.189469630887E-03
-2.308333333333E-01    -3.745036240394E-02    +5.422588086514E-010    +5.245607804915E-02    +1.500571564521E-02    -2.478221929417E-03    -4.100019375987E-03
-2.291666666667E-01    -3.745198067958E-02    +5.374633286641E-010    +5.243884549105E-02    +1.498686481147E-02    -2.459371096114E-03    -4.011851528639E-03
-2.275000000000E-01    -3.745305407362E-02    +5.326966314065E-010    +5.242112407524E-02    +1.496807000162E-02    -2.440576286710E-03    -3.924956829583E-03
-2.258333333333E-01    -3.745359493073E-02    +5.279580332144E-010    +5.240292829070E-02    +1.494933335997E-02    -2.421839645487E-03    -3.839326019554E-03
-2.241666666667E-01    -3.745361547360E-02    +5.232468424438E-010    +5.238427247178E-02    +1.493065699818E-02    -2.403163284124E-03    -3.754949839291E-03
-2.225000000000E-01    -3.745312780400E-02    +5.185623790387E-010    +5.236517079988E-02    +1.491204299588E-02    -2.384549282254E-03    -3.671819029532E-03
-2.208333333333E-01    -3.745214390379E-02    +5.139040275678E-010    +5.234563730499E-02    +1.489349340120E-02    -2.365999687990E-03    -3.589924331014E-03
-2.191666666667E-01    -3.745067563601E-02    +5.092711616042E-010    +5.232568586725E-02    +1.487501023125E-02    -2.347516518456E-03    -3.509256484475E-03
-2.175000000000E-01    -3.744873474581E-02    +5.046631842996E-010    +5.230533021849E-02    +1.485659547268E-02    -2.329101760296E-03    -3.429806230654E-03
-2.158333333333E-01    -3.744633286146E-02    +5.000794955393E-010    +5.228458394362E-02    +1.483825108215E-02    -2.310757370173E-03    -3.351564310287E-03
-2.141666666667E-01    -3.744348149529E-02    +4.955195287447E-010    +5.226346048212E-02    +1.481997898684E-02    -2.292485275257E-03    -3.274521464114E-03
-2.125000000000E-01    -3.744019204456E-02    +4.909827340257E-010    +5.224197312945E-02    +1.480178108489E-02    -2.274287373704E-03    -3.198668432872E-03
-2.108333333333E-01    -3.743647579245E-02    +4.864685579204E-010    +5.222013503836E-02    +1.478365924591E-02    -2.256165535118E-03    -3.123995957299E-03
-2.091666666667E-01    -3.743234390885E-02    +4.819764971957E-010    +5.219795922027E-02    +1.476561531141E-02    -2.238121601009E-03    -3.050494778135E-03
-2.075000000000E-01    -3.742780745127E-02    +4.775060165819E-010    +5.217545854653E-02    +1.474765109526E-02    -2.220157385234E-03    -2.978155636117E-03
-2.058333333333E-01    -3.742287736565E-02    +4.730566463031E-010    +5.215264574974E-02    +1.472976838408E-02    -2.202274674437E-03    -2.906969271984E-03
-2.041666666667E-01    -3.741756448718E-02    +4.686278718526E-010    +5.212953342493E-02    +1.471196893774E-02    -2.184475228469E-03    -2.836926426473E-03
-2.025000000000E-01    -3.741187954110E-02    +4.642192465653E-010    +5.210613403081E-02    +1.469425448971E-02    -2.166760780805E-03    -2.768017840325E-03
-2.008333333333E-01    -3.740583314347E-02    +4.598302957459E-010    +5.208245989096E-02    +1.467662674749E-02    -2.149133038949E-03    -2.700234254276E-03
-1.991666666667E-01    -3.739943580191E-02    +4.554605974354E-010    +5.205852319492E-02    +1.465908739301E-02    -2.131593684831E-03    -2.633566409067E-03
-1.975000000000E-01    -3.739269791638E-02    +4.511097035745E-010    +5.203433599940E-02    +1.464163808302E-02    -2.114144375196E-03    -2.568005045435E-03
-1.958333333333E-01    -3.738562977986E-02    +4.467771872584E-010    +5.200991022931E-02    +1.462428044946E-02    -2.096786741981E-03    -2.503540904119E-03
-1.941666666667E-01    -3.737824157908E-02    +4.424626296782E-010    +5.198525767890E-02    +1.460701609982E-02    -2.079522392688E-03    -2.440164725859E-03
-1.925000000000E-01    -3.737054339521E-02    +4.381656479907E-010    +5.196039001274E-02    +1.458984661753E-02    -2.062352910746E-03    -2.377867251392E-03
-1.908333333333E-01    -3.736254520450E-02    +4.338858247212E-010    +5.193531876681E-02    +1.457277356231E-02    -2.045279855864E-03    -2.316639221459E-03
-1.891666666667E-01    -3.735425687897E-02    +4.296228157349E-010    +5.191005534946E-02    +1.455579847050E-02    -2.028304764381E-03    -2.256471376797E-03
-1.875000000000E-01    -3.734568818703E-02    +4.253762103493E-010    +5.188461104242E-02    +1.453892285539E-02    -2.011429149604E-03    -2.197354458145E-03
-1.858333333333E-01    -3.733684879413E-02    +4.211456785027E-010    +5.185899700173E-02    +1.452214820760E-02    -1.994654502139E-03    -2.139279206243E-03
-1.841666666667E-01    -3.732774826334E-02    +4.169308541682E-010    +5.183322425869E-02    +1.450547599535E-02    -1.977982290216E-03    -2.082236361830E-03
-1.825000000000E-01    -3.731839605597E-02    +4.127313896473E-010    +5.180730372080E-02    +1.448890766483E-02    -1.961413960008E-03    -2.026216665645E-03
-1.808333333333E-01    -3.730880153214E-02    +4.085469458744E-010    +5.178124617259E-02    +1.447244464045E-02    -1.944950935943E-03    -1.971210858427E-03
-1.791666666667E-01    -3.729897395137E-02    +4.043772071796E-010    +5.175506227657E-02    +1.445608832520E-02    -1.928594621004E-03    -1.917209680915E-03
-1.775000000000E-01    -3.728892247311E-02    +4.002218413794E-010    +5.172876257404E-02    +1.443984010093E-02    -1.912346397031E-03    -1.864203873848E-03
-1.758333333333E-01    -3.727865615732E-02    +3.960805369208E-010    +5.170235748592E-02    +1.442370132860E-02    -1.896207625010E-03    -1.812184177965E-03
-1.741666666667E-01    -3.726818396495E-02    +3.919530037406E-010    +5.167585731360E-02    +1.440767334865E-02    -1.880179645358E-03    -1.761141334006E-03
-1.725000000000E-01    -3.725751475852E-02    +3.878389320244E-010    +5.164927223972E-02    +1.439175748121E-02    -1.864263778203E-03    -1.711066082711E-03
-1.708333333333E-01    -3.724665730259E-02    +3.837380264204E-010    +5.162261232896E-02    +1.437595502637E-02    -1.848461323658E-03    -1.661949164817E-03
-1.691666666667E-01    -3.723562026427E-02    +3.796500131717E-010    +5.159588752878E-02    +1.436026726451E-02    -1.832773562085E-03    -1.613781321065E-03
-1.675000000000E-01    -3.722441221370E-02    +3.755746188740E-010    +5.156910767021E-02    +1.434469545651E-02    -1.817201754361E-03    -1.566553292195E-03
-1.658333333333E-01    -3.721304162455E-02    +3.715115571798E-010    +5.154228246854E-02    +1.432924084400E-02    -1.801747142131E-03    -1.520255818945E-03
-1.641666666667E-01    -3.720151687442E-02    +3.674605795778E-010    +5.151542152407E-02    +1.431390464965E-02    -1.786410948058E-03    -1.474879642054E-03
-1.625000000000E-01    -3.718984624539E-02    +3.634214251637E-010    +5.148853432279E-02    +1.429868807740E-02    -1.771194376073E-03    -1.430415502263E-03
-1.608333333333E-01    -3.717803792438E-02    +3.593938436634E-010    +5.146163023705E-02    +1.428359231267E-02    -1.756098611610E-03    -1.386854140311E-03
-1.591666666667E-01    -3.716610000363E-02    +3.553775758161E-010    +5.143471852626E-02    +1.426861852264E-02    -1.741124821846E-03    -1.344186296938E-03
-1.575000000000E-01    -3.715404048110E-02    +3.513723880961E-010    +5.140780833756E-02    +1.425376785646E-02    -1.726274155925E-03    -1.302402712882E-03
-1.558333333333E-01    -3.714186726091E-02    +3.473780521637E-010    +5.138090870638E-02    +1.423904144547E-02    -1.711547745191E-03    -1.261494128884E-03
-1.541666666667E-01    -3.712958815374E-02    +3.433943276237E-010    +5.135402855717E-02    +1.422444040343E-02    -1.696946703404E-03    -1.221451285683E-03
-1.525000000000E-01    -3.711721087720E-02    +3.394209992740E-010    +5.132717670394E-02    +1.420996582673E-02    -1.682472126957E-03    -1.182264924019E-03
-1.508333333333E-01    -3.710474305626E-02    +3.354578371804E-010    +5.130036185088E-02    +1.419561879462E-02    -1.668125095088E-03    -1.143925784631E-03
-1.491666666667E-01    -3.709219222360E-02    +3.315046280169E-010    +5.127359259298E-02    +1.418140036938E-02    -1.653906670088E-03    -1.106424608259E-03
-1.475000000000E-01    -3.707956581999E-02    +3.275611585169E-010    +5.124687741654E-02    +1.416731159655E-02    -1.639817897501E-03    -1.069752135643E-03
-1.458333333333E-01    -3.706687119466E-02    +3.236272318622E-010    +5.122022469980E-02    +1.415335350514E-02    -1.625859806326E-03    -1.033899107522E-03
-1.441666666667E-01    -3.705411560565E-02    +3.197026301721E-010    +5.119364271345E-02    +1.413952710779E-02    -1.612033409210E-03    -9.988562646363E-04
-1.425000000000E-01    -3.704130622017E-02    +3.157871683016E-010    +5.116713962116E-02    +1.412583340099E-02    -1.598339702640E-03    -9.646143477255E-04
-1.408333333333E-01    -3.702845011490E-02    +3.118806580865E-010    +5.114072348015E-02    +1.411227336526E-02    -1.584779667125E-03    -9.311640975293E-04
-1.391666666667E-01    -3.701555427638E-02    +3.079828826518E-010    +5.111440224167E-02    +1.409884796529E-02    -1.571354267385E-03    -8.984962547875E-04
-1.375000000000E-01    -3.700262560130E-02    +3.040936843016E-010    +5.108818375151E-02    +1.408555815021E-02    -1.558064452524E-03    -8.666015602399E-04
-1.358333333333E-01    -3.698967089682E-02    +3.002128707863E-010    +5.106207575050E-02    +1.407240485368E-02    -1.544911156208E-03    -8.354707546264E-04
-1.341666666667E-01    -3.697669688090E-02    +2.963402696057E-010    +5.103608587500E-02    +1.405938899410E-02    -1.531895296836E-03    -8.050945786866E-04
-1.325000000000E-01    -3.696371018258E-02    +2.924756951768E-010    +5.101022165734E-02    +1.404651147476E-02    -1.519017777709E-03    -7.754637731606E-04
-1.308333333333E-01    -3.695071734229E-02    +2.886189795852E-010    +5.098449052633E-02    +1.403377318404E-02    -1.506279487190E-03    -7.465690787881E-04
-1.291666666667E-01    -3.693772481215E-02    +2.847699478651E-010    +5.095889980767E-02    +1.402117499552E-02    -1.493681298871E-03    -7.184012363090E-04
-1.275000000000E-01    -3.692473895626E-02    +2.809284575790E-010    +5.093345672443E-02    +1.400871776817E-02    -1.481224071724E-03    -6.909509864633E-04
-1.258333333333E-01    -3.691176605092E-02    +2.770943420902E-010    +5.090816839744E-02    +1.399640234651E-02    -1.468908650259E-03    -6.642090699909E-04
-1.241666666667E-01    -3.689881228500E-02    +2.732674302647E-010    +5.088304184574E-02    +1.398422956074E-02    -1.456735864676E-03    -6.381662276316E-04
-1.225000000000E-01    -3.688588376013E-02    +2.694475578621E-010    +5.085808398701E-02    +1.397220022688E-02    -1.444706531007E-03    -6.128132001253E-04
-1.208333333333E-01    -3.687298649099E-02    +2.656345912892E-010    +5.083330163794E-02    +1.396031514695E-02    -1.432821451268E-03    -5.881407282122E-04
-1.191666666667E-01    -3.686012640555E-02    +2.618283836753E-010    +5.080870151465E-02    +1.394857510910E-02    -1.421081413594E-03    -5.641395526321E-04
-1.175000000000E-01    -3.684730934536E-02    +2.580287754621E-010    +5.078429023306E-02    +1.393698088770E-02    -1.409487192382E-03    -5.408004141249E-04
-1.158333333333E-01    -3.683454106572E-02    +2.542356405089E-010    +5.076007430929E-02    +1.392553324356E-02    -1.398039548421E-03    -5.181140534308E-04
-1.141666666667E-01    -3.682182723601E-02    +2.504488332853E-010    +5.073606016001E-02    +1.391423292400E-02    -1.386739229033E-03    -4.960712112897E-04
-1.125000000000E-01    -3.680917343985E-02    +2.466681954340E-010    +5.071225410284E-02    +1.390308066299E-02    -1.375586968194E-03    -4.746626284416E-04
-1.108333333333E-01    -3.679658517535E-02    +2.428936060694E-010    +5.068866235664E-02    +1.389207718129E-02    -1.364583486665E-03    -4.538790456265E-04
-1.091666666667E-01    -3.678406785535E-02    +2.391249103277E-010    +5.066529104193E-02    +1.388122318658E-02    -1.353729492117E-03    -4.337112035845E-04
-1.075000000000E-01    -3.677162680761E-02    +2.353620016774E-010    +5.064214618116E-02    +1.387051937355E-02    -1.343025679250E-03    -4.141498430556E-04
-1.058333333333E-01    -3.675926727506E-02    +2.316047471180E-010    +5.061923369911E-02    +1.385996642406E-02    -1.332472729914E-03    -3.951857047799E-04
-1.041666666667E-01    -3.674699441596E-02    +2.278530176651E-010    +5.059655942317E-02    +1.384956500721E-02    -1.322071313223E-03    -3.768095294975E-04
-1.025000000000E-01    -3.673481330414E-02    +2.241066868453E-010    +5.057412908364E-02    +1.383931577950E-02    -1.311822085668E-03    -3.590120579484E-04
-1.008333333333E-01    -3.672272892919E-02    +2.203656415889E-010    +5.055194831410E-02    +1.382921938491E-02    -1.301725691233E-03    -3.417840308727E-04
-9.916666666667E-02    -3.671074619664E-02    +2.166297364927E-010    +5.053002265167E-02    +1.381927645503E-02    -1.291782761498E-03    -3.251161890106E-04
-9.750000000000E-02    -3.669886992818E-02    +2.128988695194E-010    +5.050835753731E-02    +1.380948760913E-02    -1.281993915745E-03    -3.089992731021E-04
-9.583333333333E-02    -3.668710486179E-02    +2.091729137481E-010    +5.048695831610E-02    +1.379985345431E-02    -1.272359761068E-03    -2.934240238874E-04
-9.416666666667E-02    -3.667545565198E-02    +2.054517816044E-010    +5.046583023755E-02    +1.379037458557E-02    -1.262880892467E-03    -2.783811821066E-04
-9.250000000000E-02    -3.666392686995E-02    +2.017353369041E-010    +5.044497845587E-02    +1.378105158591E-02    -1.253557892949E-03    -2.638614884998E-04
-9.083333333333E-02    -3.665252300374E-02    +1.980234736840E-010    +5.042440803020E-02    +1.377188502646E-02    -1.244391333630E-03    -2.498556838072E-04
-8.916666666667E-02    -3.664124845841E-02    +1.943160741817E-010    +5.040412392492E-02    +1.376287546652E-02    -1.235381773819E-03    -2.363545087689E-04
-8.750000000000E-02    -3.663010755620E-02    +1.906130462687E-010    +5.038413100989E-02    +1.375402345369E-02    -1.226529761121E-03    -2.233487041251E-04
-8.583333333333E-02    -3.661910453673E-02    +1.869142623563E-010    +5.036443406069E-02    +1.374532952396E-02    -1.217835831519E-03    -2.108290106159E-04
-8.416666666667E-02    -3.660824355707E-02    +1.832196349298E-010    +5.034503775886E-02    +1.373679420178E-02    -1.209300509465E-03    -1.987861689816E-04
-8.250000000000E-02    -3.659752869200E-02    +1.795290403470E-010    +5.032594669216E-02    +1.372841800017E-02    -1.200924307967E-03    -1.872109199623E-04
-8.083333333333E-02    -3.658696393405E-02    +1.758423914592E-010    +5.030716535480E-02    +1.372020142075E-02    -1.192707728669E-03    -1.760940042983E-04
-7.916666666667E-02    -3.657655319374E-02    +1.721596009274E-010    +5.028869814764E-02    +1.371214495390E-02    -1.184651261935E-03    -1.654261627296E-04
-7.750000000000E-02    -3.656630029964E-02    +1.684805676944E-010    +5.027054937842E-02    +1.370424907878E-02    -1.176755386928E-03    -1.551981359965E-04
-7.583333333333E-02    -3.655620899858E-02    +1.648051735045E-010    +5.025272326201E-02    +1.369651426343E-02    -1.169020571686E-03    -1.454006648393E-04
-7.416666666667E-02    -3.654628295572E-02    +1.611333305784E-010    +5.023522392056E-02    +1.368894096483E-02    -1.161447273201E-03    -1.360244899981E-04
-7.250000000000E-02    -3.653652575473E-02    +1.574649364217E-010    +5.021805538374E-02    +1.368152962901E-02    -1.154035937485E-03    -1.270603522132E-04
-7.083333333333E-02    -3.652694089787E-02    +1.537999035681E-010    +5.020122158894E-02    +1.367428069108E-02    -1.146786999652E-03    -1.184989922248E-04
-6.916666666667E-02    -3.651753180616E-02    +1.501381532342E-010    +5.018472638146E-02    +1.366719457530E-02    -1.139700883979E-03    -1.103311507731E-04
-6.750000000000E-02    -3.650830181946E-02    +1.464795724418E-010    +5.016857351466E-02    +1.366027169520E-02    -1.132778003976E-03    -1.025475685983E-04
-6.583333333333E-02    -3.649925419663E-02    +1.428240897029E-010    +5.015276665021E-02    +1.365351245358E-02    -1.126018762453E-03    -9.513898644081E-05
-6.416666666667E-02    -3.649039211558E-02    +1.391715930481E-010    +5.013730935820E-02    +1.364691724262E-02    -1.119423551585E-03    -8.809614504077E-05
-6.250000000000E-02    -3.648171867345E-02    +1.355220076062E-010    +5.012220511737E-02    +1.364048644392E-02    -1.112992752969E-03    -8.140978513846E-05
-6.083333333333E-02    -3.647323688666E-02    +1.318752503326E-010    +5.010745731521E-02    +1.363422042855E-02    -1.106726737692E-03    -7.507064747414E-05
-5.916666666667E-02    -3.646494969105E-02    +1.282312295746E-010    +5.009306924821E-02    +1.362811955716E-02    -1.100625866381E-03    -6.906947278807E-05
-5.750000000000E-02    -3.645685994196E-02    +1.245898600512E-010    +5.007904412192E-02    +1.362218417996E-02    -1.094690489267E-03    -6.339700182054E-05
-5.583333333333E-02    -3.644897041433E-02    +1.209510565821E-010    +5.006538505118E-02    +1.361641463685E-02    -1.088920946235E-03    -5.804397531176E-05
-5.416666666667E-02    -3.644128380280E-02    +1.173147326729E-010    +5.005209506022E-02    +1.361081125742E-02    -1.083317566883E-03    -5.300113400210E-05
-5.250000000000E-02    -3.643380272180E-02    +1.136808055988E-010    +5.003917708282E-02    +1.360537436102E-02    -1.077880670564E-03    -4.825921863180E-05
-5.083333333333E-02    -3.642652970564E-02    +1.100492083375E-010    +5.002663396247E-02    +1.360010425683E-02    -1.072610566448E-03    -4.380896994116E-05
-4.916666666667E-02    -3.641946720857E-02    +1.064198477035E-010    +5.001446845245E-02    +1.359500124388E-02    -1.067507553560E-03    -3.964112867046E-05
-4.750000000000E-02    -3.641261760492E-02    +1.027926374420E-010    +5.000268321600E-02    +1.359006561108E-02    -1.062571920832E-03    -3.574643555999E-05
-4.583333333333E-02    -3.640598318910E-02    +9.916750509771E-11     +4.999128082643E-02    +1.358529763733E-02    -1.057803947147E-03    -3.211563135002E-05
-4.416666666667E-02    -3.639956617575E-02    +9.554437722164E-11     +4.998026376725E-02    +1.358069759150E-02    -1.053203901380E-03    -2.873945678093E-05
-4.250000000000E-02    -3.639336869976E-02    +9.192315702876E-11     +4.996963443226E-02    +1.357626573250E-02    -1.048772042442E-03    -2.560865259298E-05
-4.083333333333E-02    -3.638739281637E-02    +8.830378755961E-11     +4.995939512569E-02    +1.357200230932E-02    -1.044508619322E-03    -2.271395952649E-05
-3.916666666667E-02    -3.638164050123E-02    +8.468618350467E-11     +4.994954806229E-02    +1.356790756106E-02    -1.040413871119E-03    -2.004611832176E-05
-3.750000000000E-02    -3.637611365046E-02    +8.107027010441E-11     +4.994009536744E-02    +1.356398171698E-02    -1.036488027085E-03    -1.759586971909E-05
-3.583333333333E-02    -3.637081408073E-02    +7.745596859041E-11     +4.993103907722E-02    +1.356022499650E-02    -1.032731306658E-03    -1.535395445885E-05
-3.416666666667E-02    -3.636574352927E-02    +7.384320199394E-11     +4.992238113856E-02    +1.355663760929E-02    -1.029143919495E-03    -1.331111328132E-05
-3.250000000000E-02    -3.636090365401E-02    +7.023189778431E-11     +4.991412340926E-02    +1.355321975525E-02    -1.025726065507E-03    -1.145808692681E-05
-3.083333333333E-02    -3.635629603354E-02    +6.662198780911E-11     +4.990626765812E-02    +1.354997162459E-02    -1.022477934886E-03    -9.785616135680E-06
-2.916666666667E-02    -3.635192216723E-02    +6.301338688889E-11     +4.989881556503E-02    +1.354689339779E-02    -1.019399708136E-03    -8.284441648256E-06
-2.750000000000E-02    -3.634778347526E-02    +5.940602347297E-11     +4.989176872098E-02    +1.354398524572E-02    -1.016491556101E-03    -6.945304204793E-06
-2.583333333333E-02    -3.634388129865E-02    +5.579982468145E-11     +4.988512862822E-02    +1.354124732957E-02    -1.013753639991E-03    -5.758944545722E-06
-2.416666666667E-02    -3.634021689931E-02    +5.219473493020E-11     +4.987889670026E-02    +1.353867980095E-02    -1.011186111406E-03    -4.716103411345E-06
-2.250000000000E-02    -3.633679146010E-02    +4.859066086658E-11     +4.987307426197E-02    +1.353628280187E-02    -1.008789112360E-03    -3.807521541977E-06
-2.083333333333E-02    -3.633360608484E-02    +4.498753831448E-11     +4.986766254962E-02    +1.353405646478E-02    -1.006562775300E-03    -3.023939677955E-06
-1.916666666667E-02    -3.633066179836E-02    +4.138529767808E-11     +4.986266271095E-02    +1.353200091259E-02    -1.004507223133E-03    -2.356098559611E-06
-1.750000000000E-02    -3.632795954654E-02    +3.778386228541E-11     +4.985807580521E-02    +1.353011625867E-02    -1.002622569235E-03    -1.794738927325E-06
-1.583333333333E-02    -3.632550019633E-02    +3.418316354310E-11     +4.985390280321E-02    +1.352840260688E-02    -1.000908917476E-03    -1.330601521416E-06
-1.416666666667E-02    -3.632328453576E-02    +3.058313271846E-11     +4.985014458738E-02    +1.352686005162E-02    -9.993663622338E-04    -9.544270822071E-07
-1.250000000000E-02    -3.632131327400E-02    +2.698370400935E-11     +4.984680195177E-02    +1.352548867777E-02    -9.979949884057E-04    -6.569563500678E-07
-1.083333333333E-02    -3.631958704137E-02    +2.338479288575E-11     +4.984387560215E-02    +1.352428856078E-02    -9.967948714246E-04    -4.289300653229E-07
-9.166666666667E-03    -3.631810638936E-02    +1.978633324178E-11     +4.984136615596E-02    +1.352325976661E-02    -9.957660772692E-04    -2.610889683209E-07
-7.500000000000E-03    -3.631687179062E-02    +1.618825360784E-11     +4.983927414242E-02    +1.352240235180E-02    -9.949086624739E-04    -1.441737994293E-07
-5.833333333333E-03    -3.631588363902E-02    +1.259048295991E-11     +4.983760000248E-02    +1.352171636346E-02    -9.942226741378E-04    -6.892529894534E-08
-4.166666666667E-03    -3.631514224964E-02    +8.992965990236E-12     +4.983634408889E-02    +1.352120183924E-02    -9.937081499314E-04    -2.608420727003E-08
-2.500000000000E-03    -3.631464785879E-02    +5.395631270345E-12     +4.983550666620E-02    +1.352085880741E-02    -9.933651181027E-04    -6.391264723583E-09
-8.333333333333E-04    -3.631440062398E-02    +1.798392862944E-12     +4.983508791076E-02    +1.352068728679E-02    -9.931935974814E-04    -5.872116496222E-010
+8.333333333334E-04    -3.631440062398E-02    -1.798811482376E-12     +4.983508791076E-02    +1.352068728679E-02    -9.931935974814E-04    +5.872115885022E-010
+2.500000000000E-03    -3.631464785879E-02    -5.396041238288E-12     +4.983550666620E-02    +1.352085880741E-02    -9.933651181027E-04    +6.391264645744E-09
+4.166666666667E-03    -3.631514224964E-02    -8.993383678514E-12     +4.983634408889E-02    +1.352120183924E-02    -9.937081499314E-04    +2.608420720059E-08
+5.833333333333E-03    -3.631588363902E-02    -1.259090250316E-11     +4.983760000248E-02    +1.352171636346E-02    -9.942226741378E-04    +6.892529891023E-08
+7.500000000000E-03    -3.631687179062E-02    -1.618865953944E-11     +4.983927414242E-02    +1.352240235180E-02    -9.949086624740E-04    +1.441737993582E-07
+9.166666666667E-03    -3.631810638936E-02    -1.978673212050E-11     +4.984136615596E-02    +1.352325976661E-02    -9.957660772692E-04    +2.610889682586E-07
+1.083333333333E-02    -3.631958704137E-02    -2.338518999028E-11     +4.984387560215E-02    +1.352428856078E-02    -9.967948714246E-04    +4.289300652636E-07
+1.250000000000E-02    -3.632131327400E-02    -2.698410650701E-11     +4.984680195177E-02    +1.352548867777E-02    -9.979949884057E-04    +6.569563500127E-07
+1.416666666667E-02    -3.632328453576E-02    -3.058353017037E-11     +4.985014458738E-02    +1.352686005162E-02    -9.993663622338E-04    +9.544270821507E-07
+1.583333333333E-02    -3.632550019633E-02    -3.418356469713E-11     +4.985390280321E-02    +1.352840260688E-02    -1.000908917476E-03    +1.330601521352E-06
+1.750000000000E-02    -3.632795954654E-02    -3.778427044640E-11     +4.985807580521E-02    +1.353011625867E-02    -1.002622569235E-03    +1.794738927279E-06
+1.916666666667E-02    -3.633066179836E-02    -4.138571158829E-11     +4.986266271095E-02    +1.353200091259E-02    -1.004507223133E-03    +2.356098559575E-06
+2.083333333333E-02    -3.633360608484E-02    -4.498794608501E-11     +4.986766254962E-02    +1.353405646478E-02    -1.006562775300E-03    +3.023939677900E-06
+2.250000000000E-02    -3.633679146010E-02    -4.859107152796E-11     +4.987307426197E-02    +1.353628280187E-02    -1.008789112360E-03    +3.807521541898E-06
+2.416666666667E-02    -3.634021689931E-02    -5.219514610585E-11     +4.987889670026E-02    +1.353867980095E-02    -1.011186111406E-03    +4.716103411279E-06
+2.583333333333E-02    -3.634388129865E-02    -5.580024480224E-11     +4.988512862822E-02    +1.354124732957E-02    -1.013753639991E-03    +5.758944545666E-06
+2.750000000000E-02    -3.634778347526E-02    -5.940643816647E-11     +4.989176872098E-02    +1.354398524572E-02    -1.016491556101E-03    +6.945304204761E-06
+2.916666666667E-02    -3.635192216723E-02    -6.301379191266E-11     +4.989881556503E-02    +1.354689339779E-02    -1.019399708136E-03    +8.284441648192E-06
+3.083333333333E-02    -3.635629603354E-02    -6.662239062513E-11     +4.990626765812E-02    +1.354997162459E-02    -1.022477934886E-03    +9.785616135607E-06
+3.250000000000E-02    -3.636090365401E-02    -7.023230762921E-11     +4.991412340926E-02    +1.355321975525E-02    -1.025726065507E-03    +1.145808692676E-05
+3.416666666667E-02    -3.636574352927E-02    -7.384361338650E-11     +4.992238113856E-02    +1.355663760929E-02    -1.029143919495E-03    +1.331111328128E-05
+3.583333333333E-02    -3.637081408073E-02    -7.745638296593E-11     +4.993103907722E-02    +1.356022499650E-02    -1.032731306658E-03    +1.535395445880E-05
+3.750000000000E-02    -3.637611365046E-02    -8.107068231207E-11     +4.994009536744E-02    +1.356398171698E-02    -1.036488027085E-03    +1.759586971906E-05
+3.916666666667E-02    -3.638164050123E-02    -8.468660137901E-11     +4.994954806229E-02    +1.356790756106E-02    -1.040413871119E-03    +2.004611832170E-05
+4.083333333333E-02    -3.638739281637E-02    -8.830420680554E-11     +4.995939512569E-02    +1.357200230932E-02    -1.044508619322E-03    +2.271395952643E-05
+4.250000000000E-02    -3.639336869976E-02    -9.192357818565E-11     +4.996963443226E-02    +1.357626573250E-02    -1.048772042442E-03    +2.560865259292E-05
+4.416666666667E-02    -3.639956617575E-02    -9.554478827148E-11     +4.998026376725E-02    +1.358069759150E-02    -1.053203901380E-03    +2.873945678089E-05
+4.583333333333E-02    -3.640598318910E-02    -9.916791968540E-11     +4.999128082643E-02    +1.358529763733E-02    -1.057803947147E-03    +3.211563134997E-05
+4.750000000000E-02    -3.641261760492E-02    -1.027930539099E-010    +5.000268321600E-02    +1.359006561108E-02    -1.062571920832E-03    +3.574643555991E-05
+4.916666666667E-02    -3.641946720857E-02    -1.064202642936E-010    +5.001446845245E-02    +1.359500124388E-02    -1.067507553560E-03    +3.964112867039E-05
+5.083333333333E-02    -3.642652970564E-02    -1.100496380290E-010    +5.002663396247E-02    +1.360010425683E-02    -1.072610566448E-03    +4.380896994110E-05
+5.250000000000E-02    -3.643380272180E-02    -1.136812414037E-010    +5.003917708282E-02    +1.360537436102E-02    -1.077880670564E-03    +4.825921863175E-05
+5.416666666667E-02    -3.644128380280E-02    -1.173151572329E-010    +5.005209506022E-02    +1.361081125742E-02    -1.083317566883E-03    +5.300113400205E-05
+5.583333333333E-02    -3.644897041433E-02    -1.209514724602E-010    +5.006538505118E-02    +1.361641463685E-02    -1.088920946235E-03    +5.804397531171E-05
+5.750000000000E-02    -3.645685994196E-02    -1.245902752064E-010    +5.007904412192E-02    +1.362218417996E-02    -1.094690489267E-03    +6.339700182045E-05
+5.916666666667E-02    -3.646494969105E-02    -1.282316434727E-010    +5.009306924821E-02    +1.362811955716E-02    -1.100625866381E-03    +6.906947278799E-05
+6.083333333333E-02    -3.647323688666E-02    -1.318756654996E-010    +5.010745731521E-02    +1.363422042855E-02    -1.106726737692E-03    +7.507064747408E-05
+6.250000000000E-02    -3.648171867345E-02    -1.355224237840E-010    +5.012220511737E-02    +1.364048644392E-02    -1.112992752969E-03    +8.140978513839E-05
+6.416666666667E-02    -3.649039211558E-02    -1.391720138380E-010    +5.013730935820E-02    +1.364691724262E-02    -1.119423551585E-03    +8.809614504070E-05
+6.583333333333E-02    -3.649925419663E-02    -1.428245061589E-010    +5.015276665021E-02    +1.365351245358E-02    -1.126018762453E-03    +9.513898644075E-05
+6.750000000000E-02    -3.650830181946E-02    -1.464799942849E-010    +5.016857351466E-02    +1.366027169520E-02    -1.132778003976E-03    +1.025475685982E-04
+6.916666666667E-02    -3.651753180616E-02    -1.501385766493E-010    +5.018472638146E-02    +1.366719457530E-02    -1.139700883979E-03    +1.103311507730E-04
+7.083333333333E-02    -3.652694089787E-02    -1.538003332804E-010    +5.020122158894E-02    +1.367428069108E-02    -1.146786999652E-03    +1.184989922247E-04
+7.250000000000E-02    -3.653652575473E-02    -1.574653629274E-010    +5.021805538374E-02    +1.368152962901E-02    -1.154035937485E-03    +1.270603522131E-04
+7.416666666667E-02    -3.654628295572E-02    -1.611337480323E-010    +5.023522392056E-02    +1.368894096483E-02    -1.161447273200E-03    +1.360244899980E-04
+7.583333333333E-02    -3.655620899858E-02    -1.648055940156E-010    +5.025272326201E-02    +1.369651426343E-02    -1.169020571686E-03    +1.454006648392E-04
+7.750000000000E-02    -3.656630029964E-02    -1.684809902350E-010    +5.027054937842E-02    +1.370424907878E-02    -1.176755386928E-03    +1.551981359964E-04
+7.916666666667E-02    -3.657655319374E-02    -1.721600396119E-010    +5.028869814764E-02    +1.371214495390E-02    -1.184651261935E-03    +1.654261627295E-04
+8.083333333333E-02    -3.658696393405E-02    -1.758428315662E-010    +5.030716535480E-02    +1.372020142075E-02    -1.192707728669E-03    +1.760940042982E-04
+8.250000000000E-02    -3.659752869200E-02    -1.795294582718E-010    +5.032594669216E-02    +1.372841800017E-02    -1.200924307967E-03    +1.872109199622E-04
+8.416666666667E-02    -3.660824355707E-02    -1.832200383751E-010    +5.034503775886E-02    +1.373679420178E-02    -1.209300509465E-03    +1.987861689815E-04
+8.583333333333E-02    -3.661910453673E-02    -1.869146696582E-010    +5.036443406069E-02    +1.374532952396E-02    -1.217835831519E-03    +2.108290106158E-04
+8.750000000000E-02    -3.663010755620E-02    -1.906134605484E-010    +5.038413100989E-02    +1.375402345369E-02    -1.226529761121E-03    +2.233487041250E-04
+8.916666666667E-02    -3.664124845841E-02    -1.943164962147E-010    +5.040412392492E-02    +1.376287546652E-02    -1.235381773819E-03    +2.363545087688E-04
+9.083333333333E-02    -3.665252300374E-02    -1.980238922053E-010    +5.042440803020E-02    +1.377188502646E-02    -1.244391333630E-03    +2.498556838071E-04
+9.250000000000E-02    -3.666392686995E-02    -2.017357567490E-010    +5.044497845587E-02    +1.378105158591E-02    -1.253557892950E-03    +2.638614884997E-04
+9.416666666667E-02    -3.667545565198E-02    -2.054522046819E-010    +5.046583023755E-02    +1.379037458557E-02    -1.262880892467E-03    +2.783811821065E-04
+9.583333333333E-02    -3.668710486179E-02    -2.091733475276E-010    +5.048695831610E-02    +1.379985345431E-02    -1.272359761068E-03    +2.934240238873E-04
+9.750000000000E-02    -3.669886992818E-02    -2.128992943119E-010    +5.050835753731E-02    +1.380948760913E-02    -1.281993915745E-03    +3.089992731021E-04
+9.916666666667E-02    -3.671074619665E-02    -2.166301510860E-010    +5.053002265167E-02    +1.381927645503E-02    -1.291782761498E-03    +3.251161890105E-04
+1.008333333333E-01    -3.672272892919E-02    -2.203660427486E-010    +5.055194831410E-02    +1.382921938491E-02    -1.301725691233E-03    +3.417840308727E-04
+1.025000000000E-01    -3.673481330414E-02    -2.241070991791E-010    +5.057412908364E-02    +1.383931577950E-02    -1.311822085668E-03    +3.590120579483E-04
+1.041666666667E-01    -3.674699441596E-02    -2.278534259733E-010    +5.059655942317E-02    +1.384956500721E-02    -1.322071313223E-03    +3.768095294974E-04
+1.058333333333E-01    -3.675926727506E-02    -2.316051487605E-010    +5.061923369911E-02    +1.385996642405E-02    -1.332472729914E-03    +3.951857047798E-04
+1.075000000000E-01    -3.677162680761E-02    -2.353624011810E-010    +5.064214618116E-02    +1.387051937355E-02    -1.343025679250E-03    +4.141498430555E-04
+1.091666666667E-01    -3.678406785535E-02    -2.391253165455E-010    +5.066529104193E-02    +1.388122318658E-02    -1.353729492117E-03    +4.337112035844E-04
+1.108333333333E-01    -3.679658517535E-02    -2.428940003341E-010    +5.068866235664E-02    +1.389207718129E-02    -1.364583486665E-03    +4.538790456264E-04
+1.125000000000E-01    -3.680917343985E-02    -2.466685964453E-010    +5.071225410284E-02    +1.390308066299E-02    -1.375586968194E-03    +4.746626284415E-04
+1.141666666667E-01    -3.682182723601E-02    -2.504492331387E-010    +5.073606016001E-02    +1.391423292400E-02    -1.386739229033E-03    +4.960712112896E-04
+1.158333333333E-01    -3.683454106572E-02    -2.542360481677E-010    +5.076007430929E-02    +1.392553324356E-02    -1.398039548421E-03    +5.181140534308E-04
+1.175000000000E-01    -3.684730934536E-02    -2.580291834697E-010    +5.078429023306E-02    +1.393698088770E-02    -1.409487192382E-03    +5.408004141249E-04
+1.191666666667E-01    -3.686012640555E-02    -2.618287877608E-010    +5.080870151465E-02    +1.394857510910E-02    -1.421081413594E-03    +5.641395526320E-04
+1.208333333333E-01    -3.687298649099E-02    -2.656349938610E-010    +5.083330163794E-02    +1.396031514695E-02    -1.432821451268E-03    +5.881407282122E-04
+1.225000000000E-01    -3.688588376013E-02    -2.694479529974E-010    +5.085808398701E-02    +1.397220022688E-02    -1.444706531007E-03    +6.128132001253E-04
+1.241666666667E-01    -3.689881228500E-02    -2.732678208732E-010    +5.088304184574E-02    +1.398422956074E-02    -1.456735864676E-03    +6.381662276315E-04
+1.258333333333E-01    -3.691176605092E-02    -2.770947287644E-010    +5.090816839744E-02    +1.399640234651E-02    -1.468908650259E-03    +6.642090699908E-04
+1.275000000000E-01    -3.692473895626E-02    -2.809288479818E-010    +5.093345672443E-02    +1.400871776817E-02    -1.481224071724E-03    +6.909509864633E-04
+1.291666666667E-01    -3.693772481216E-02    -2.847703468111E-010    +5.095889980767E-02    +1.402117499552E-02    -1.493681298871E-03    +7.184012363090E-04
+1.308333333333E-01    -3.695071734229E-02    -2.886193693708E-010    +5.098449052633E-02    +1.403377318404E-02    -1.506279487191E-03    +7.465690787880E-04
+1.325000000000E-01    -3.696371018258E-02    -2.924760810853E-010    +5.101022165734E-02    +1.404651147476E-02    -1.519017777709E-03    +7.754637731605E-04
+1.341666666667E-01    -3.697669688090E-02    -2.963406532139E-010    +5.103608587500E-02    +1.405938899410E-02    -1.531895296836E-03    +8.050945786865E-04
+1.358333333333E-01    -3.698967089682E-02    -3.002132654827E-010    +5.106207575050E-02    +1.407240485368E-02    -1.544911156208E-03    +8.354707546263E-04
+1.375000000000E-01    -3.700262560130E-02    -3.040940814307E-010    +5.108818375151E-02    +1.408555815021E-02    -1.558064452524E-03    +8.666015602399E-04
+1.391666666667E-01    -3.701555427638E-02    -3.079832840213E-010    +5.111440224167E-02    +1.409884796529E-02    -1.571354267385E-03    +8.984962547875E-04
+1.408333333333E-01    -3.702845011490E-02    -3.118810492789E-010    +5.114072348015E-02    +1.411227336525E-02    -1.584779667125E-03    +9.311640975292E-04
+1.425000000000E-01    -3.704130622017E-02    -3.157875659027E-010    +5.116713962116E-02    +1.412583340099E-02    -1.598339702640E-03    +9.646143477254E-04
+1.441666666667E-01    -3.705411560565E-02    -3.197030217298E-010    +5.119364271345E-02    +1.413952710779E-02    -1.612033409210E-03    +9.988562646362E-04
+1.458333333333E-01    -3.706687119466E-02    -3.236276193118E-010    +5.122022469980E-02    +1.415335350514E-02    -1.625859806326E-03    +1.033899107522E-03
+1.475000000000E-01    -3.707956581999E-02    -3.275615617031E-010    +5.124687741654E-02    +1.416731159655E-02    -1.639817897501E-03    +1.069752135643E-03
+1.491666666667E-01    -3.709219222360E-02    -3.315050303814E-010    +5.127359259298E-02    +1.418140036938E-02    -1.653906670088E-03    +1.106424608259E-03
+1.508333333333E-01    -3.710474305626E-02    -3.354582397007E-010    +5.130036185088E-02    +1.419561879462E-02    -1.668125095088E-03    +1.143925784631E-03
+1.525000000000E-01    -3.711721087720E-02    -3.394213961608E-010    +5.132717670394E-02    +1.420996582673E-02    -1.682472126957E-03    +1.182264924019E-03
+1.541666666667E-01    -3.712958815374E-02    -3.433947273189E-010    +5.135402855717E-02    +1.422444040343E-02    -1.696946703404E-03    +1.221451285683E-03
+1.558333333333E-01    -3.714186726091E-02    -3.473784491204E-010    +5.138090870638E-02    +1.423904144547E-02    -1.711547745191E-03    +1.261494128884E-03
+1.575000000000E-01    -3.715404048110E-02    -3.513727884502E-010    +5.140780833756E-02    +1.425376785646E-02    -1.726274155925E-03    +1.302402712882E-03
+1.591666666667E-01    -3.716610000363E-02    -3.553779701529E-010    +5.143471852626E-02    +1.426861852264E-02    -1.741124821846E-03    +1.344186296938E-03
+1.608333333333E-01    -3.717803792438E-02    -3.593942370375E-010    +5.146163023705E-02    +1.428359231267E-02    -1.756098611611E-03    +1.386854140311E-03
+1.625000000000E-01    -3.718984624539E-02    -3.634218175972E-010    +5.148853432279E-02    +1.429868807740E-02    -1.771194376073E-03    +1.430415502263E-03
+1.641666666667E-01    -3.720151687442E-02    -3.674609707060E-010    +5.151542152407E-02    +1.431390464965E-02    -1.786410948058E-03    +1.474879642054E-03
+1.658333333333E-01    -3.721304162455E-02    -3.715119487420E-010    +5.154228246854E-02    +1.432924084400E-02    -1.801747142131E-03    +1.520255818944E-03
+1.675000000000E-01    -3.722441221370E-02    -3.755750014607E-010    +5.156910767021E-02    +1.434469545651E-02    -1.817201754361E-03    +1.566553292195E-03
+1.691666666667E-01    -3.723562026427E-02    -3.796503951812E-010    +5.159588752878E-02    +1.436026726451E-02    -1.832773562085E-03    +1.613781321065E-03
+1.708333333333E-01    -3.724665730259E-02    -3.837384076955E-010    +5.162261232896E-02    +1.437595502637E-02    -1.848461323658E-03    +1.661949164817E-03
+1.725000000000E-01    -3.725751475852E-02    -3.878393089218E-010    +5.164927223972E-02    +1.439175748121E-02    -1.864263778203E-03    +1.711066082710E-03
+1.741666666667E-01    -3.726818396495E-02    -3.919533875357E-010    +5.167585731360E-02    +1.440767334865E-02    -1.880179645358E-03    +1.761141334006E-03
+1.758333333333E-01    -3.727865615732E-02    -3.960809278329E-010    +5.170235748592E-02    +1.442370132860E-02    -1.896207625010E-03    +1.812184177965E-03
+1.775000000000E-01    -3.728892247311E-02    -4.002222277964E-010    +5.172876257404E-02    +1.443984010093E-02    -1.912346397031E-03    +1.864203873848E-03
+1.791666666667E-01    -3.729897395137E-02    -4.043775834742E-010    +5.175506227657E-02    +1.445608832520E-02    -1.928594621004E-03    +1.917209680915E-03
+1.808333333333E-01    -3.730880153214E-02    -4.085473274715E-010    +5.178124617259E-02    +1.447244464045E-02    -1.944950935943E-03    +1.971210858427E-03
+1.825000000000E-01    -3.731839605597E-02    -4.127317646953E-010    +5.180730372080E-02    +1.448890766483E-02    -1.961413960008E-03    +2.026216665645E-03
+1.841666666667E-01    -3.732774826334E-02    -4.169312310591E-010    +5.183322425869E-02    +1.450547599535E-02    -1.977982290215E-03    +2.082236361830E-03
+1.858333333333E-01    -3.733684879413E-02    -4.211460680983E-010    +5.185899700173E-02    +1.452214820760E-02    -1.994654502139E-03    +2.139279206243E-03
+1.875000000000E-01    -3.734568818703E-02    -4.253766076491E-010    +5.188461104242E-02    +1.453892285539E-02    -2.011429149604E-03    +2.197354458145E-03
+1.891666666667E-01    -3.735425687897E-02    -4.296232040853E-010    +5.191005534946E-02    +1.455579847050E-02    -2.028304764381E-03    +2.256471376796E-03
+1.908333333333E-01    -3.736254520450E-02    -4.338862252634E-010    +5.193531876681E-02    +1.457277356231E-02    -2.045279855864E-03    +2.316639221459E-03
+1.925000000000E-01    -3.737054339521E-02    -4.381660317664E-010    +5.196039001274E-02    +1.458984661753E-02    -2.062352910746E-03    +2.377867251392E-03
+1.941666666667E-01    -3.737824157908E-02    -4.424630230575E-010    +5.198525767890E-02    +1.460701609982E-02    -2.079522392688E-03    +2.440164725859E-03
+1.958333333333E-01    -3.738562977986E-02    -4.467775771313E-010    +5.200991022931E-02    +1.462428044946E-02    -2.096786741981E-03    +2.503540904119E-03
+1.975000000000E-01    -3.739269791638E-02    -4.511100955077E-010    +5.203433599940E-02    +1.464163808302E-02    -2.114144375196E-03    +2.568005045435E-03
+1.991666666667E-01    -3.739943580191E-02    -4.554609960005E-010    +5.205852319492E-02    +1.465908739301E-02    -2.131593684831E-03    +2.633566409067E-03
+2.008333333333E-01    -3.740583314347E-02    -4.598307093980E-010    +5.208245989096E-02    +1.467662674749E-02    -2.149133038949E-03    +2.700234254276E-03
+2.025000000000E-01    -3.741187954110E-02    -4.642196534049E-010    +5.210613403081E-02    +1.469425448971E-02    -2.166760780805E-03    +2.768017840325E-03
+2.041666666667E-01    -3.741756448719E-02    -4.686282700770E-010    +5.212953342493E-02    +1.471196893774E-02    -2.184475228469E-03    +2.836926426473E-03
+2.058333333333E-01    -3.742287736565E-02    -4.730570331447E-010    +5.215264574974E-02    +1.472976838408E-02    -2.202274674437E-03    +2.906969271983E-03
+2.075000000000E-01    -3.742780745127E-02    -4.775064239968E-010    +5.217545854653E-02    +1.474765109526E-02    -2.220157385234E-03    +2.978155636117E-03
+2.091666666667E-01    -3.743234390885E-02    -4.819768916795E-010    +5.219795922027E-02    +1.476561531141E-02    -2.238121601009E-03    +3.050494778135E-03
+2.108333333333E-01    -3.743647579245E-02    -4.864689636570E-010    +5.222013503836E-02    +1.478365924591E-02    -2.256165535118E-03    +3.123995957299E-03
+2.125000000000E-01    -3.744019204456E-02    -4.909831320718E-010    +5.224197312945E-02    +1.480178108489E-02    -2.274287373704E-03    +3.198668432872E-03
+2.141666666667E-01    -3.744348149529E-02    -4.955199331706E-010    +5.226346048212E-02    +1.481997898683E-02    -2.292485275258E-03    +3.274521464114E-03
+2.158333333333E-01    -3.744633286147E-02    -5.000798891507E-010    +5.228458394362E-02    +1.483825108215E-02    -2.310757370173E-03    +3.351564310287E-03
+2.175000000000E-01    -3.744873474581E-02    -5.046635809717E-010    +5.230533021849E-02    +1.485659547268E-02    -2.329101760296E-03    +3.429806230654E-03
+2.191666666667E-01    -3.745067563601E-02    -5.092715641942E-010    +5.232568586725E-02    +1.487501023125E-02    -2.347516518456E-03    +3.509256484475E-03
+2.208333333333E-01    -3.745214390379E-02    -5.139044259261E-010    +5.234563730499E-02    +1.489349340120E-02    -2.365999687990E-03    +3.589924331014E-03
+2.225000000000E-01    -3.745312780400E-02    -5.185627657024E-010    +5.236517079988E-02    +1.491204299588E-02    -2.384549282254E-03    +3.671819029532E-03
+2.241666666667E-01    -3.745361547360E-02    -5.232472197386E-010    +5.238427247178E-02    +1.493065699817E-02    -2.403163284125E-03    +3.754949839291E-03
+2.258333333333E-01    -3.745359493073E-02    -5.279584297178E-010    +5.240292829070E-02    +1.494933335997E-02    -2.421839645487E-03    +3.839326019554E-03
+2.275000000000E-01    -3.745305407362E-02    -5.326970370971E-010    +5.242112407524E-02    +1.496807000162E-02    -2.440576286710E-03    +3.924956829583E-03
+2.291666666667E-01    -3.745198067958E-02    -5.374637282685E-010    +5.243884549105E-02    +1.498686481147E-02    -2.459371096115E-03    +4.011851528639E-03
+2.308333333333E-01    -3.745036240394E-02    -5.422592007803E-010    +5.245607804915E-02    +1.500571564521E-02    -2.478221929417E-03    +4.100019375987E-03
+2.325000000000E-01    -3.744818677892E-02    -5.470841754019E-010    +5.247280710434E-02    +1.502462032542E-02    -2.497126609173E-03    +4.189469630887E-03
+2.341666666667E-01    -3.744544121252E-02    -5.519393803715E-010    +5.248901785341E-02    +1.504357664089E-02    -2.516082924196E-03    +4.280211552603E-03
+2.358333333333E-01    -3.744211298733E-02    -5.568255918619E-010    +5.250469533346E-02    +1.506258234613E-02    -2.535088628972E-03    +4.372254400398E-03
+2.375000000000E-01    -3.743818925939E-02    -5.617435892446E-010    +5.251982442006E-02    +1.508163516067E-02    -2.554141443048E-03    +4.465607433534E-03
+2.391666666667E-01    -3.743365705693E-02    -5.666942012527E-010    +5.253438982543E-02    +1.510073276851E-02    -2.573239050418E-03    +4.560279911274E-03
+2.408333333333E-01    -3.742850327909E-02    -5.716782531192E-010    +5.254837609654E-02    +1.511987281744E-02    -2.592379098881E-03    +4.656281092881E-03
+2.425000000000E-01    -3.742271469470E-02    -5.766966038631E-010    +5.256176761314E-02    +1.513905291844E-02    -2.611559199395E-03    +4.753620237619E-03
+2.441666666667E-01    -3.741627794090E-02    -5.817501334727E-010    +5.257454858583E-02    +1.515827064493E-02    -2.630776925405E-03    +4.852306604751E-03
+2.458333333333E-01    -3.740917952178E-02    -5.868397669903E-010    +5.258670305395E-02    +1.517752353217E-02    -2.650029812160E-03    +4.952349453539E-03
+2.475000000000E-01    -3.740140580700E-02    -5.919664691554E-010    +5.259821488352E-02    +1.519680907652E-02    -2.669315356009E-03    +5.053758043248E-03
+2.491666666667E-01    -3.739294303036E-02    -5.971311908193E-010    +5.260906776504E-02    +1.521612473468E-02    -2.688631013678E-03    +5.156541633142E-03
+2.508333333333E-01    -3.738377728828E-02    -6.023349530818E-010    +5.261924521133E-02    +1.523546792305E-02    -2.707974201537E-03    +5.260709482483E-03
+2.525000000000E-01    -3.737389453833E-02    -6.075787971263E-010    +5.262873055519E-02    +1.525483601686E-02    -2.727342294836E-03    +5.366270850536E-03
+2.541666666667E-01    -3.736328059762E-02    -6.128637957497E-010    +5.263750694708E-02    +1.527422634946E-02    -2.746732626927E-03    +5.473234996564E-03
+2.558333333333E-01    -3.735192114124E-02    -6.181910500128E-010    +5.264555735276E-02    +1.529363621152E-02    -2.766142488468E-03    +5.581611179833E-03
+2.575000000000E-01    -3.733980170054E-02    -6.235617152907E-010    +5.265286455072E-02    +1.531306285018E-02    -2.785569126600E-03    +5.691408659606E-03
+2.591666666667E-01    -3.732690766152E-02    -6.289769791755E-010    +5.265941112974E-02    +1.533250346822E-02    -2.805009744107E-03    +5.802636695148E-03
+2.608333333333E-01    -3.731322426299E-02    -6.344380554677E-010    +5.266517948618E-02    +1.535195522319E-02    -2.824461498551E-03    +5.915304545723E-03
+2.625000000000E-01    -3.729873659481E-02    -6.399462181873E-010    +5.267015182138E-02    +1.537141522657E-02    -2.843921501383E-03    +6.029421470596E-03
+2.641666666667E-01    -3.728342959606E-02    -6.455027707340E-010    +5.267431013882E-02    +1.539088054276E-02    -2.863386817034E-03    +6.144996729032E-03
+2.658333333333E-01    -3.726728805305E-02    -6.511090796519E-010    +5.267763624130E-02    +1.541034818825E-02    -2.882854461974E-03    +6.262039580297E-03
+2.675000000000E-01    -3.725029659745E-02    -6.567665197694E-010    +5.268011172804E-02    +1.542981513059E-02    -2.902321403756E-03    +6.380559283656E-03
+2.691666666667E-01    -3.723243970419E-02    -6.624765718477E-010    +5.268171799160E-02    +1.544927828742E-02    -2.921784560021E-03    +6.500565098374E-03
+2.708333333333E-01    -3.721370168940E-02    -6.682407224461E-010    +5.268243621485E-02    +1.546873452544E-02    -2.941240797481E-03    +6.622066283717E-03
+2.725000000000E-01    -3.719406670828E-02    -6.740605217371E-010    +5.268224736769E-02    +1.548818065941E-02    -2.960686930881E-03    +6.745072098951E-03
+2.741666666667E-01    -3.717351875283E-02    -6.799375701684E-010    +5.268113220385E-02    +1.550761345102E-02    -2.980119721917E-03    +6.869591803342E-03
+2.758333333333E-01    -3.715204164961E-02    -6.858735478354E-010    +5.267907125744E-02    +1.552702960782E-02    -2.999535878133E-03    +6.995634656157E-03
+2.775000000000E-01    -3.712961905738E-02    -6.918701751016E-010    +5.267604483944E-02    +1.554642578206E-02    -3.018932051787E-03    +7.123209916662E-03
+2.791666666667E-01    -3.710623446464E-02    -6.979292324615E-010    +5.267203303418E-02    +1.556579856954E-02    -3.038304838676E-03    +7.252326844125E-03
+2.808333333333E-01    -3.708187118714E-02    -7.040525775367E-010    +5.266701569554E-02    +1.558514450840E-02    -3.057650776939E-03    +7.382994697812E-03
+2.825000000000E-01    -3.705651236531E-02    -7.102421301194E-010    +5.266097244318E-02    +1.560446007787E-02    -3.076966345812E-03    +7.515222736990E-03
+2.841666666667E-01    -3.703014096156E-02    -7.164998856136E-010    +5.265388265858E-02    +1.562374169702E-02    -3.096247964358E-03    +7.649020220929E-03
+2.858333333333E-01    -3.700273975755E-02    -7.228279206617E-010    +5.264572548097E-02    +1.564298572342E-02    -3.115491990151E-03    +7.784396408895E-03
+2.875000000000E-01    -3.697429135131E-02    -7.292283559088E-010    +5.263647980311E-02    +1.566218845181E-02    -3.134694717923E-03    +7.921360560157E-03
+2.891666666667E-01    -3.694477815434E-02    -7.357034360911E-010    +5.262612426702E-02    +1.568134611267E-02    -3.153852378176E-03    +8.059921933984E-03
+2.908333333333E-01    -3.691418238857E-02    -7.422554642512E-010    +5.261463725943E-02    +1.570045487086E-02    -3.172961135740E-03    +8.200089789645E-03
+2.925000000000E-01    -3.688248608318E-02    -7.488868370513E-010    +5.260199690722E-02    +1.571951082404E-02    -3.192017088299E-03    +8.341873386409E-03
+2.941666666667E-01    -3.684967107140E-02    -7.556000511797E-010    +5.258818107264E-02    +1.573851000124E-02    -3.211016264866E-03    +8.485281983546E-03
+2.958333333333E-01    -3.681571898716E-02    -7.623977106394E-010    +5.257316734837E-02    +1.575744836122E-02    -3.229954624208E-03    +8.630324840325E-03
+2.975000000000E-01    -3.678061126159E-02    -7.692824904247E-010    +5.255693305246E-02    +1.577632179087E-02    -3.248828053227E-03    +8.777011216018E-03
+2.991666666667E-01    -3.674432911945E-02    -7.762571780213E-010    +5.253945522303E-02    +1.579512610357E-02    -3.267632365288E-03    +8.925350369896E-03
+3.008333333333E-01    -3.670685357546E-02    -7.833247156791E-010    +5.252071061288E-02    +1.581385703742E-02    -3.286363298494E-03    +9.075351561229E-03
+3.025000000000E-01    -3.666816543037E-02    -7.904881092629E-010    +5.250067568385E-02    +1.583251025348E-02    -3.305016513903E-03    +9.227024049289E-03
+3.041666666667E-01    -3.662824526708E-02    -7.977505246442E-010    +5.247932660100E-02    +1.585108133391E-02    -3.323587593692E-03    +9.380377093350E-03
+3.058333333333E-01    -3.658707344648E-02    -8.051152395502E-010    +5.245663922662E-02    +1.586956578013E-02    -3.342072039259E-03    +9.535419952683E-03
+3.075000000000E-01    -3.654463010318E-02    -8.125856630916E-010    +5.243258911396E-02    +1.588795901079E-02    -3.360465269261E-03    +9.692161886563E-03
+3.091666666667E-01    -3.650089514109E-02    -8.201653603949E-010    +5.240715150086E-02    +1.590625635977E-02    -3.378762617588E-03    +9.850612154262E-03
+3.108333333333E-01    -3.645584822889E-02    -8.278580397010E-010    +5.238030130301E-02    +1.592445307412E-02    -3.396959331274E-03    +1.001078001506E-02
+3.125000000000E-01    -3.640946879522E-02    -8.356675786964E-010    +5.235201310705E-02    +1.594254431183E-02    -3.415050568329E-03    +1.017267472822E-02
+3.141666666667E-01    -3.636173602380E-02    -8.435979894702E-010    +5.232226116346E-02    +1.596052513966E-02    -3.433031395504E-03    +1.033630555303E-02
+3.158333333333E-01    -3.631262884829E-02    -8.516534912550E-010    +5.229101937909E-02    +1.597839053080E-02    -3.450896785975E-03    +1.050168174876E-02
+3.175000000000E-01    -3.626212594703E-02    -8.598384742857E-010    +5.225826130946E-02    +1.599613536244E-02    -3.468641616954E-03    +1.066881257469E-02
+3.191666666667E-01    -3.621020573749E-02    -8.681575143779E-010    +5.222396015083E-02    +1.601375441335E-02    -3.486260667205E-03    +1.083770729009E-02
+3.208333333333E-01    -3.615684637060E-02    -8.766153949267E-010    +5.218808873188E-02    +1.603124236129E-02    -3.503748614483E-03    +1.100837515425E-02
+3.225000000000E-01    -3.610202572479E-02    -8.852171283460E-010    +5.215061950513E-02    +1.604859378034E-02    -3.521100032876E-03    +1.118082542645E-02
+3.241666666667E-01    -3.604572139982E-02    -8.939679258269E-010    +5.211152453800E-02    +1.606580313818E-02    -3.538309390057E-03    +1.135506736596E-02
+3.258333333333E-01    -3.598791071040E-02    -9.028732390861E-010    +5.207077550360E-02    +1.608286479320E-02    -3.555371044429E-03    +1.153111023206E-02
+3.275000000000E-01    -3.592857067946E-02    -9.119388087903E-010    +5.202834367106E-02    +1.609977299160E-02    -3.572279242171E-03    +1.170896328405E-02
+3.291666666667E-01    -3.586767803127E-02    -9.211705844627E-010    +5.198419989552E-02    +1.611652186425E-02    -3.589028114173E-03    +1.188863578119E-02
+3.308333333333E-01    -3.580520918421E-02    -9.305748309719E-010    +5.193831460779E-02    +1.613310542358E-02    -3.605611672859E-03    +1.207013698278E-02
+3.325000000000E-01    -3.574114024321E-02    -9.401581052288E-010    +5.189065780346E-02    +1.614951756025E-02    -3.622023808887E-03    +1.225347614811E-02
+3.341666666667E-01    -3.567544699199E-02    -9.499272718786E-010    +5.184119903171E-02    +1.616575203972E-02    -3.638258287726E-03    +1.243866253644E-02
+3.358333333333E-01    -3.560810488484E-02    -9.598895213243E-010    +5.178990738357E-02    +1.618180249872E-02    -3.654308746098E-03    +1.262570540709E-02
+3.375000000000E-01    -3.553908903817E-02    -9.700523904595E-010    +5.173675147971E-02    +1.619766244154E-02    -3.670168688288E-03    +1.281461401933E-02
+3.391666666667E-01    -3.546837422160E-02    -9.804238031488E-010    +5.168169945776E-02    +1.621332523617E-02    -3.685831482306E-03    +1.300539763245E-02
+3.408333333333E-01    -3.539593484872E-02    -9.910120650227E-010    +5.162471895908E-02    +1.622878411036E-02    -3.701290355893E-03    +1.319806550575E-02
+3.425000000000E-01    -3.532174496747E-02    -1.001825891114E-09     +5.156577711491E-02    +1.624403214743E-02    -3.716538392375E-03    +1.339262689851E-02
+3.441666666667E-01    -3.524577825002E-02    -1.012874460643E-09     +5.150484053201E-02    +1.625906228198E-02    -3.731568526344E-03    +1.358909107005E-02
+3.458333333333E-01    -3.516800798225E-02    -1.024167391288E-09     +5.144187527762E-02    +1.627386729537E-02    -3.746373539164E-03    +1.378746727964E-02
+3.475000000000E-01    -3.508840705275E-02    -1.035714814006E-09     +5.137684686380E-02    +1.628843981105E-02    -3.760946054290E-03    +1.398776478659E-02
+3.491666666667E-01    -3.500694794131E-02    -1.047527383333E-09     +5.130972023101E-02    +1.630277228970E-02    -3.775278532396E-03    +1.418999285021E-02
+3.508333333333E-01    -3.492360270688E-02    -1.059616316503E-09     +5.124045973100E-02    +1.631685702411E-02    -3.789363266290E-03    +1.439416072979E-02
+3.525000000000E-01    -3.483834297498E-02    -1.071993428899E-09     +5.116902910892E-02    +1.633068613394E-02    -3.803192375617E-03    +1.460027768463E-02
+3.541666666667E-01    -3.475113992448E-02    -1.084671168924E-09     +5.109539148462E-02    +1.634425156014E-02    -3.816757801332E-03    +1.480835297405E-02
+3.558333333333E-01    -3.466196427381E-02    -1.097662669869E-09     +5.101950933301E-02    +1.635754505920E-02    -3.830051299933E-03    +1.501839585736E-02
+3.575000000000E-01    -3.457078626645E-02    -1.110981784439E-09     +5.094134446358E-02    +1.637055819713E-02    -3.843064437432E-03    +1.523041559386E-02
+3.591666666667E-01    -3.447757565573E-02    -1.124643130893E-09     +5.086085799891E-02    +1.638328234318E-02    -3.855788583067E-03    +1.544442144287E-02
+3.608333333333E-01    -3.438230168890E-02    -1.138662146574E-09     +5.077801035211E-02    +1.639570866321E-02    -3.868214902723E-03    +1.566042266372E-02
+3.625000000000E-01    -3.428493309036E-02    -1.153055172312E-09     +5.069276120324E-02    +1.640782811288E-02    -3.880334352048E-03    +1.587842851571E-02
+3.641666666667E-01    -3.418543804409E-02    -1.167839457622E-09     +5.060506947449E-02    +1.641963143040E-02    -3.892137669260E-03    +1.609844825819E-02
+3.658333333333E-01    -3.408378417515E-02    -1.183033273182E-09     +5.051489330417E-02    +1.643110912902E-02    -3.903615367606E-03    +1.632049115046E-02
+3.675000000000E-01    -3.397993853020E-02    -1.198655968562E-09     +5.042219001932E-02    +1.644225148912E-02    -3.914757727472E-03    +1.654456645187E-02
+3.691666666667E-01    -3.387386755708E-02    -1.214728046396E-09     +5.032691610703E-02    +1.645304854994E-02    -3.925554788102E-03    +1.677068342176E-02
+3.708333333333E-01    -3.376553708321E-02    -1.231271226315E-09     +5.022902718412E-02    +1.646349010091E-02    -3.935996338925E-03    +1.699885131945E-02
+3.725000000000E-01    -3.365491229286E-02    -1.248308593971E-09     +5.012847796537E-02    +1.647356567251E-02    -3.946071910442E-03    +1.722907940431E-02
+3.741666666667E-01    -3.354195770322E-02    -1.265864636256E-09     +5.002522222999E-02    +1.648326452677E-02    -3.955770764668E-03    +1.746137693567E-02
+3.758333333333E-01    -3.342663713907E-02    -1.283965395375E-09     +4.991921278623E-02    +1.649257564716E-02    -3.965081885080E-03    +1.769575317290E-02
+3.775000000000E-01    -3.330891370614E-02    -1.302638542562E-09     +4.981040143418E-02    +1.650148772804E-02    -3.973993966055E-03    +1.793221737535E-02
+3.791666666667E-01    -3.318874976279E-02    -1.321913536600E-09     +4.969873892637E-02    +1.650998916357E-02    -3.982495401750E-03    +1.817077880240E-02
+3.808333333333E-01    -3.306610689027E-02    -1.341821767634E-09     +4.958417492626E-02    +1.651806803599E-02    -3.990574274402E-03    +1.841144671342E-02
+3.825000000000E-01    -3.294094586107E-02    -1.362396694510E-09     +4.946665796432E-02    +1.652571210326E-02    -3.998218341995E-03    +1.865423036779E-02
+3.841666666667E-01    -3.281322660545E-02    -1.383674014606E-09     +4.934613539156E-02    +1.653290878611E-02    -4.005415025260E-03    +1.889913902491E-02
+3.858333333333E-01    -3.268290817603E-02    -1.405691839117E-09     +4.922255333033E-02    +1.653964515430E-02    -4.012151393956E-03    +1.914618194416E-02
+3.875000000000E-01    -3.254994871012E-02    -1.428490911536E-09     +4.909585662223E-02    +1.654590791211E-02    -4.018414152379E-03    +1.939536838496E-02
+3.891666666667E-01    -3.241430538977E-02    -1.452114819089E-09     +4.896598877284E-02    +1.655168338306E-02    -4.024189624059E-03    +1.964670760673E-02
+3.908333333333E-01    -3.227593439932E-02    -1.476610245343E-09     +4.883289189304E-02    +1.655695749372E-02    -4.029463735560E-03    +1.990020886889E-02
+3.925000000000E-01    -3.213479088024E-02    -1.502027201177E-09     +4.869650663676E-02    +1.656171575652E-02    -4.034221999340E-03    +2.015588143088E-02
+3.941666666667E-01    -3.199082888300E-02    -1.528419376768E-09     +4.855677213464E-02    +1.656594325164E-02    -4.038449495585E-03    +2.041373455216E-02
+3.958333333333E-01    -3.184400131587E-02    -1.555844410225E-09     +4.841362592360E-02    +1.656962460773E-02    -4.042130852951E-03    +2.067377749220E-02
+3.975000000000E-01    -3.169425989024E-02    -1.584364296439E-09     +4.826700387170E-02    +1.657274398145E-02    -4.045250228119E-03    +2.093601951046E-02
+3.991666666667E-01    -3.154155506222E-02    -1.614045738819E-09     +4.811684009799E-02    +1.657528503578E-02    -4.047791284068E-03    +2.120046986646E-02
+4.008333333333E-01    -3.138583597023E-02    -1.644960640466E-09     +4.796306688709E-02    +1.657723091686E-02    -4.049737166976E-03    +2.146713781971E-02
+4.025000000000E-01    -3.122705036826E-02    -1.677186561161E-09     +4.780561459774E-02    +1.657856422947E-02    -4.051070481625E-03    +2.173603262974E-02
+4.041666666667E-01    -3.106514455430E-02    -1.710807282049E-09     +4.764441156507E-02    +1.657926701077E-02    -4.051773265189E-03    +2.200716355610E-02
+4.058333333333E-01    -3.090006329359E-02    -1.745913407851E-09     +4.747938399592E-02    +1.657932070233E-02    -4.051826959268E-03    +2.228053985838E-02
+4.075000000000E-01    -3.073174973625E-02    -1.782603037317E-09     +4.731045585655E-02    +1.657870612030E-02    -4.051212380021E-03    +2.255617079619E-02
+4.091666666667E-01    -3.056014532869E-02    -1.820982564282E-09     +4.713754875211E-02    +1.657740342341E-02    -4.049909686224E-03    +2.283406562914E-02
+4.108333333333E-01    -3.038518971822E-02    -1.861167511938E-09     +4.696058179707E-02    +1.657539207885E-02    -4.047898345074E-03    +2.311423361692E-02
+4.125000000000E-01    -3.020682065023E-02    -1.903283486322E-09     +4.677947147579E-02    +1.657265082555E-02    -4.045157095531E-03    +2.339668401920E-02
+4.141666666667E-01    -3.002497385728E-02    -1.947467270850E-09     +4.659413149213E-02    +1.656915763485E-02    -4.041663908972E-03    +2.368142609574E-02
+4.158333333333E-01    -2.983958293908E-02    -1.993868062409E-09     +4.640447260730E-02    +1.656488966822E-02    -4.037395946895E-03    +2.396846910630E-02
+4.175000000000E-01    -2.965057923267E-02    -2.042648816743E-09     +4.621040246438E-02    +1.655982323171E-02    -4.032329515404E-03    +2.425782231072E-02
+4.191666666667E-01    -2.945789167162E-02    -2.093987863556E-09     +4.601182539857E-02    +1.655393372694E-02    -4.026440016143E-03    +2.454949496885E-02
+4.208333333333E-01    -2.926144663315E-02    -2.148080654323E-09     +4.580864223122E-02    +1.654719559808E-02    -4.019701893328E-03    +2.484349634064E-02
+4.225000000000E-01    -2.906116777180E-02    -2.205141789161E-09     +4.560075004638E-02    +1.653958227458E-02    -4.012088576478E-03    +2.513983568607E-02
+4.241666666667E-01    -2.885697583828E-02    -2.265407354527E-09     +4.538804194748E-02    +1.653106610920E-02    -4.003572418397E-03    +2.543852226522E-02
+4.258333333333E-01    -2.864878848166E-02    -2.329137545909E-09     +4.517040679234E-02    +1.652161831067E-02    -3.994124627889E-03    +2.573956533822E-02
+4.275000000000E-01    -2.843652003310E-02    -2.396619730830E-09     +4.494772890372E-02    +1.651120887062E-02    -3.983715196636E-03    +2.604297416532E-02
+4.291666666667E-01    -2.822008126888E-02    -2.468171932792E-09     +4.471988775278E-02    +1.649980648390E-02    -3.972312819591E-03    +2.634875800684E-02
+4.308333333333E-01    -2.799937915019E-02    -2.544146890351E-09     +4.448675761201E-02    +1.648737846182E-02    -3.959884808127E-03    +2.665692612324E-02
+4.325000000000E-01    -2.777431653697E-02    -2.624936728386E-09     +4.424820717409E-02    +1.647389063712E-02    -3.946396995109E-03    +2.696748777509E-02
+4.341666666667E-01    -2.754479187222E-02    -2.710978421356E-09     +4.400409913228E-02    +1.645930726006E-02    -3.931813630900E-03    +2.728045222312E-02
+4.358333333333E-01    -2.731069883319E-02    -2.802760150829E-09     +4.375428971741E-02    +1.644359088422E-02    -3.916097269200E-03    +2.759582872821E-02
+4.375000000000E-01    -2.707192594494E-02    -2.900828761382E-09     +4.349862818581E-02    +1.642670224087E-02    -3.899208641419E-03    +2.791362655145E-02
+4.391666666667E-01    -2.682835615109E-02    -3.005798518831E-09     +4.323695625147E-02    +1.640860010039E-02    -3.881106518104E-03    +2.823385495413E-02
+4.408333333333E-01    -2.657986633571E-02    -3.118361507256E-09     +4.296910745472E-02    +1.638924111901E-02    -3.861747555674E-03    +2.855652319780E-02
+4.425000000000E-01    -2.632632678941E-02    -3.239299920532E-09     +4.269490645828E-02    +1.636857966887E-02    -3.841086126470E-03    +2.888164054429E-02
+4.441666666667E-01    -2.606760061110E-02    -3.369500799014E-09     +4.241416826007E-02    +1.634656764897E-02    -3.819074129738E-03    +2.920921625579E-02
+4.458333333333E-01    -2.580354303568E-02    -3.509973676048E-09     +4.212669731002E-02    +1.632315427434E-02    -3.795660780769E-03    +2.953925959484E-02
+4.475000000000E-01    -2.553400067585E-02    -3.661871938663E-09     +4.183228651586E-02    +1.629828584001E-02    -3.770792374919E-03    +2.987177982448E-02
+4.491666666667E-01    -2.525881066388E-02    -3.826518703447E-09     +4.153071611990E-02    +1.627190545602E-02    -3.744412022582E-03    +3.020678620827E-02
+4.508333333333E-01    -2.497779967641E-02    -4.005438539245E-09     +4.122175242504E-02    +1.624395274863E-02    -3.716459350451E-03    +3.054428801039E-02
+4.525000000000E-01    -2.469078282164E-02    -4.200396493688E-09     +4.090514634390E-02    +1.621436352226E-02    -3.686870163425E-03    +3.088429449580E-02
+4.541666666667E-01    -2.439756236373E-02    -4.413446436183E-09     +4.058063173889E-02    +1.618306937516E-02    -3.655576060355E-03    +3.122681493037E-02
+4.558333333333E-01    -2.409792625349E-02    -4.646991445523E-09     +4.024792351421E-02    +1.614999726072E-02    -3.622503995287E-03    +3.157185858105E-02
+4.575000000000E-01    -2.379164642711E-02    -4.903859730040E-09     +3.990671541098E-02    +1.611506898388E-02    -3.587575773989E-03    +3.191943471612E-02
+4.591666666667E-01    -2.347847682507E-02    -5.187400753370E-09     +3.955667744537E-02    +1.607820062030E-02    -3.550707473078E-03    +3.226955260548E-02
+4.608333333333E-01    -2.315815107144E-02    -5.501607901626E-09     +3.919745291366E-02    +1.603930184222E-02    -3.511808765947E-03    +3.262222152103E-02
+4.625000000000E-01    -2.283037973753E-02    -5.851275971373E-09     +3.882865486874E-02    +1.599827513121E-02    -3.470782135578E-03    +3.297745073716E-02
+4.641666666667E-01    -2.249484709322E-02    -6.242204975282E-09     +3.844986194583E-02    +1.595501485261E-02    -3.427521949002E-03    +3.333524953132E-02
+4.658333333333E-01    -2.215120722183E-02    -6.681465390327E-09     +3.806061338106E-02    +1.590940615922E-02    -3.381913361121E-03    +3.369562718490E-02
+4.675000000000E-01    -2.179907933782E-02    -7.177745564292E-09     +3.766040302059E-02    +1.586132368277E-02    -3.333831006243E-03    +3.405859298425E-02
+4.691666666667E-01    -2.143804209837E-02    -7.741808929750E-09     +3.724867205727E-02    +1.581062995890E-02    -3.283137423221E-03    +3.442415622205E-02
+4.708333333333E-01    -2.106762663525E-02    -8.387097853317E-09     +3.682480015011E-02    +1.575717351486E-02    -3.229681143366E-03    +3.479232619916E-02
+4.725000000000E-01    -2.068730794682E-02    -9.130531431415E-09     +3.638809447346E-02    +1.570078652664E-02    -3.173294347773E-03    +3.516311222707E-02
+4.741666666667E-01    -2.029649417580E-02    -9.993558198651E-09     +3.593777609767E-02    +1.564128192187E-02    -3.113789970562E-03    +3.553652363102E-02
+4.758333333333E-01    -1.989451314808E-02    -1.100353258243E-08     +3.547296291298E-02    +1.557844976490E-02    -3.050958084401E-03    +3.591256975427E-02
+4.775000000000E-01    -1.948059535538E-02    -1.219553488529E-08     +3.499264806369E-02    +1.551205270831E-02    -2.984561352552E-03    +3.629125996356E-02
+4.791666666667E-01    -1.905385232545E-02    -1.361473661297E-08     +3.449567255500E-02    +1.544182022955E-02    -2.914329266260E-03    +3.667260365631E-02
+4.808333333333E-01    -1.861324902499E-02    -1.532023515445E-08     +3.398069031667E-02    +1.536744129168E-02    -2.839950806675E-03    +3.705661027211E-02
+4.825000000000E-01    -1.815756849706E-02    -1.739056332499E-08     +3.344612346101E-02    +1.528855496395E-02    -2.761065067149E-03    +3.744328930868E-02
+4.841666666667E-01    -1.768536599744E-02    -1.994353265410E-08     +3.289010434437E-02    +1.520473834692E-02    -2.677249185061E-03    +3.783265038000E-02
+4.858333333333E-01    -1.719490687618E-02    -2.315747426821E-08     +3.231039748746E-02    +1.511549061128E-02    -2.588002386648E-03    +3.822470327159E-02
+4.875000000000E-01    -1.668407331735E-02    -2.746244704521E-08     +3.170428338752E-02    +1.502021007016E-02    -2.492723125277E-03    +3.861945850594E-02
+4.891666666667E-01    -1.615019394966E-02    -3.345108150941E-08     +3.106834935483E-02    +1.491815540517E-02    -2.390670265153E-03    +3.901692698823E-02
+4.908333333333E-01    -1.558967702289E-02    -4.397241649283E-08     +3.039804110599E-02    +1.480836408310E-02    -2.280882229631E-03    +3.941712634854E-02
+4.925000000000E-01    -1.499709382421E-02    -5.849348534012E-08     +2.968655427428E-02    +1.468946045007E-02    -2.161983091626E-03    +3.982006299362E-02
+4.941666666667E-01    -1.436310240884E-02    -1.013318266917E-07     +2.892228081713E-02    +1.455917840829E-02    -2.031715059065E-03    +4.022581924172E-02
+4.958333333333E-01    -1.366931685702E-02    -9.490487410850E-08     +2.808266884687E-02    +1.441335198985E-02    -1.885886219102E-03    +4.063415702576E-02
+4.975000000000E-01    -1.288135683365E-02    -3.396376336342E-07     +2.712520514191E-02    +1.424384830826E-02    -1.716464294422E-03    +4.104600596181E-02
+4.991666666667E-01    -1.193223383211E-02    +8.594061149013E-07     +2.596970366394E-02    +1.403746983182E-02    -1.509708068497E-03    +4.145605995925E-02
+5.000000000000E-01    -1.138095944154E-02    -1.302687703785E-16     +2.529514301801E-02    +1.391418357647E-02    -1.386689546814E-03    +4.166655092593E-02
