#L2 in u(Using QGauss)3 #Linfty in u(Using QGauss)3 #degree of freedom #number of cells   #hMax    
3.0594e-06            - 6.6139e-06                -              17200              100 1.0000e+00 
7.7162e-07         3.97 1.6585e-06             3.99              34400              200 1.0000e+00 
3.4396e-07         3.99 7.3769e-07             4.00              51600              300 1.0000e+00 
1.9376e-07         3.99 4.1510e-07             4.00              68800              400 1.0000e+00 
1.2412e-07         3.99 2.6572e-07             4.00              86000              500 1.0000e+00 
8.6243e-08         3.99 1.8455e-07             4.00             103200              600 1.0000e+00 
6.3389e-08         3.99 1.3560e-07             4.00             120400              700 1.0000e+00 
4.8548e-08         4.00 1.0382e-07             4.00             137600              800 1.0000e+00 
3.8368e-08         4.00 8.2038e-08             4.00             154800              900 1.0000e+00 
3.1084e-08         4.00 6.6453e-08             4.00             172000             1000 1.0000e+00 
