0
0
0
0
-6.89989945337012e-09
6.899899436420864e-09
-0.2058020205315453
0.2058020205315454
-0.2064319289564999
0.2064319289564997
-0.2412808818651062
0.2412808818651061
-0.2412808818651063
0.2412808818651061
-0.2412808818651063
0.2412808818651062
-0.2413906290741498
0.24139062907415
-0.2812255400521214
0.2812255400521212
-0.2989715415080696
0.2989715415080695
-0.3008190610952338
0.3008190610952338
-0.3008190610952338
0.3008190610952338
-0.3008190610952338
0.3008190610952338
-0.3008190610952338
0.3008190610952338
-0.3008190610952338
0.3008190610952338
-0.3008190610952338
0.3008190610952338
-0.3568260642501765
0.3568260642501765
-0.3568260642501765
0.3568260642501767
-0.3568260642501767
0.3568260642501767
-0.3645366239377331
0.3645366239377336
-0.4283729905961324
0.4283729905961323
-0.4283729905961324
0.4283729905961323
-0.4283729905961324
0.4283729905961323
-0.4283729905961324
0.4283729905961323
-0.4283729905961324
0.4283729905961323
-0.4283729905961324
0.4283729905961323
-0.4283729905961324
0.4283729905961323
-0.4283729905961324
0.4283729905961323
-0.4415835213702677
0.4415835213702677
-0.5168360807029373
0.5168360807029375
-0.5293313405997069
0.5293313405997071
-0.5293313405997069
0.5293313405997071
-0.5293313405997069
0.5293313405997071
-0.5293313405997069
0.5293313405997071
-0.5293313405997069
0.5293313405997071
-0.5293313405997069
0.5293313405997071
-0.611053079169809
0.6110530791698086
-0.611053079169809
0.6110530791698086
-0.6110530791698093
0.6110530791698091
-0.9614090066756952
0.9614090066756976
-1
1
-1
1
-1
1
-1
1
-1
1
-1
1
-1
1
-1
1
-1
1
-1
1
-1.272819568568027
1.272819568568026
-1.347774677358098
1.347774677358099
-1.347774677358098
1.347774677358099
-1.347774677358098
1.347774677358099
-1.347774677358098
1.347774677358099
-1.347774677358098
1.347774677358099
-1.347774677358098
1.347774677358099
-1.347774677358098
1.347774677358099
-1.347774677358098
1.347774677358099
-1.518743789718775
1.518743789718776
-1.621516643251217
1.621516643251217
-1.621516643251217
1.621516643251217
-1.621516643251217
1.621516643251217
-1.621516643251217
1.621516643251217
-1.621516643251217
1.621516643251217
-1.621516643251217
1.621516643251217
-1.855012892234235
1.855012892234235
-1.855012892234235
1.855012892234235
-1.855012892234238
1.855012892234238
