0.5293313405997071
0.5293313405997071
0.5293313405997071
0.5293313405997071
-0.5293313405997069
0.5293313405997071
-0.5293313405997069
0.5293313405997071
-0.5293313405997069
0.5293313405997071
-0.5293313405997069
0.5819612780589312
-0.5293313405997069
-0.5819612780589314
-0.5293313405997069
0.6110530791698086
-0.5293313405997069
0.6110530791698086
0.4415835213702679
-0.6110530791698086
-0.4415835213702675
-0.6110530791698086
-0.4283729905961324
-0.6110530791698086
-0.4283729905961324
-0.611053079169809
-0.4283729905961324
-0.611053079169809
-0.4283729905961324
0.6110530791698093
-0.4283729905961324
0.6110530791698093
-0.4283729905961324
0.6110530791698093
-0.4283729905961324
-0.6821333145150791
-0.4283729905961324
0.6821333145150803
-0.4283729905961324
-1
0.4283729905961323
-1
0.4283729905961323
-1
0.4283729905961323
-1
0.4283729905961323
-1
0.4283729905961323
-1
0.4283729905961323
-1
0.4283729905961323
-1
0.4283729905961323
-1
0.4283729905961323
-1
-0.4193873704092108
-1
0.4193873704092103
1
0.4025236880119886
1
-0.4025236880119885
1
0.3568260642501769
1
0.3568260642501769
1
0.3568260642501769
1
0.3568260642501767
1
0.3568260642501767
1
-0.3568260642501766
1
-0.3568260642501766
1
-0.3568260642501766
1
-0.3568260642501765
1.151684409362446
-0.3568260642501765
-1.151684409362448
-0.3433864513701791
-1.272819568568026
0.3433864513701785
1.272819568568027
-0.3008190610952338
-1.347774677358098
-0.3008190610952338
-1.347774677358098
-0.3008190610952338
-1.347774677358098
-0.3008190610952338
-1.347774677358098
-0.3008190610952338
-1.347774677358098
-0.3008190610952338
-1.347774677358098
-0.3008190610952338
-1.347774677358098
0.3008190610952338
-1.347774677358098
0.3008190610952338
-1.347774677358098
0.3008190610952338
1.347774677358099
0.3008190610952338
1.347774677358099
0.3008190610952338
1.347774677358099
0.3008190610952338
1.347774677358099
0.3008190610952338
1.347774677358099
-0.2812255400521213
1.347774677358099
0.2812255400521212
1.347774677358099
-0.2797330785596405
1.347774677358099
0.27973307855964
1.347774677358099
0.279187404011419
1.621516643251217
-0.2791874040114188
1.621516643251217
-0.2412808818651063
1.621516643251217
-0.2412808818651063
1.621516643251217
0.2412808818651063
1.621516643251217
0.2412808818651063
1.621516643251217
0.2412808818651063
1.621516643251217
-0.2412808818651062
-1.621516643251217
-0.2412808818651062
-1.621516643251217
-0.2412808818651062
-1.621516643251217
0.2412808818651061
-1.621516643251217
0.2412808818651061
-1.621516643251217
-0.2373437426640057
-1.621516643251217
0.2373437426640057
-1.621516643251217
0.2058020205315454
1.717683174881087
-0.2058020205315453
-1.717683174881089
0.2057899456519725
-1.855012892234234
-0.2057899456519722
-1.855012892234234
0.2057840620098299
-1.855012892234234
-0.2057840620098299
-1.855012892234235
0.1818366065813464
-1.855012892234235
-0.1818366065813463
1.855012892234235
-4.633455662572286e-17+2.577986293027289e-09i
1.855012892234235
-4.633455662572286e-17-2.577986293027289e-09i
1.855012892234235
0
1.855012892234235
0
1.855012892234235
0
-2.062129029688002
0
2.062129029688005
