-0.5293313405997069
0.5293313405997071
-0.5293313405997069
0.5293313405997071
-0.5293313405997069
0.5293313405997071
-0.5293313405997069
0.5293313405997071
-0.5293313405997069
0.5293313405997071
-0.5293313405997069
0.5293313405997071
-0.5293313405997069
0.5293313405997071
-0.5293313405997069
0.5293313405997071
-0.5005565665212443
0.5819612780589308
0.5005565665212436
-0.5819612780589322
-0.4283729905961324
-0.6110530791698086
-0.4283729905961324
-0.6110530791698086
-0.4283729905961324
-0.6110530791698086
-0.4283729905961324
-0.6110530791698086
-0.4283729905961324
-0.6110530791698086
-0.4283729905961324
-0.6110530791698086
-0.4283729905961324
0.6110530791698093
-0.4283729905961324
0.6110530791698093
-0.4283729905961324
0.6110530791698093
-0.4283729905961324
0.6110530791698093
0.4283729905961323
0.6110530791698093
0.4283729905961323
0.6110530791698093
0.4283729905961323
-0.6821333145150785
0.4283729905961323
-0.6821333145150787
0.4283729905961323
-0.6821333145150787
0.4283729905961323
0.6821333145150795
0.4283729905961323
0.6821333145150795
0.4283729905961323
0.6821333145150795
0.4283729905961323
-1
0.4283729905961323
-1
0.4193873704092107
-1
-0.4193873704092104
-1
-0.402523688011989
-1
-0.402523688011989
-1
0.4025236880119887
-1
0.4025236880119887
-1
0.4025236880119887
-1
-0.4025236880119885
-1
0.3568260642501769
-1
0.3568260642501769
-1
0.3568260642501769
1
0.3568260642501769
1
0.3568260642501769
1
0.3568260642501769
1
-0.3568260642501766
1
-0.3568260642501766
1
-0.3568260642501766
1
-0.3568260642501766
1
-0.3568260642501766
1
-0.3568260642501766
1
-0.3433864513701785
1
0.3433864513701783
1
-0.3153283187073185
1.151684409362446
0.3153283187073185
-1.151684409362449
-0.3008190610952338
-1.347774677358098
-0.3008190610952338
-1.347774677358098
-0.3008190610952338
-1.347774677358098
-0.3008190610952338
-1.347774677358098
-0.3008190610952338
-1.347774677358098
-0.3008190610952338
-1.347774677358098
-0.3008190610952338
-1.347774677358098
-0.3008190610952338
-1.347774677358098
0.3008190610952338
-1.347774677358098
0.3008190610952338
-1.347774677358098
0.3008190610952338
1.347774677358099
0.3008190610952338
1.347774677358099
0.3008190610952338
1.347774677358099
0.3008190610952338
1.347774677358099
0.3008190610952338
1.347774677358099
0.3008190610952338
1.347774677358099
-0.2797330785596405
1.347774677358099
0.2797330785596402
1.347774677358099
-0.2791874040114191
1.347774677358099
-0.2791874040114191
1.347774677358099
0.2791874040114191
1.459173058919778
0.2791874040114191
-1.459173058919778
0.279187404011419
1.621516643251217
-0.2791874040114188
1.621516643251217
0.2412808818651063
1.621516643251217
0.2412808818651063
1.621516643251217
0.2412808818651063
1.621516643251217
0.2412808818651063
1.621516643251217
0.2412808818651063
1.621516643251217
0.2412808818651063
1.621516643251217
-0.2412808818651062
-1.621516643251217
-0.2412808818651062
-1.621516643251217
-0.2412808818651062
-1.621516643251217
-0.2412808818651062
-1.621516643251217
-0.2412808818651062
-1.621516643251217
-0.2412808818651062
-1.621516643251217
-0.2373437426640059
-1.621516643251217
0.2373437426640057
-1.621516643251217
0.2342593526419612
-1.717683174881089
-0.2342593526419609
1.717683174881093
0.2057899456519722
-1.855012892234234
-0.2057899456519722
-1.855012892234234
0.2057840620098299
-1.855012892234234
-0.2057840620098299
-1.855012892234234
-0.2057840620098299
-1.855012892234234
-0.2057840620098299
-1.855012892234234
0.2057840620098298
1.855012892234235
0.2057840620098298
1.855012892234235
0.1818366065813463
1.855012892234235
-0.181836606581346
1.855012892234235
-0.1817891142387559
1.855012892234235
0.1817891142387559
1.855012892234235
-4.633455662572286e-17+2.577986293027289e-09i
-2.062129029688004
-4.633455662572286e-17-2.577986293027289e-09i
2.062129029688005
0
-2.062129029688005
0
-2.062129029688005
0
2.062129029688006
0
2.062129029688006
