0
0
0
0
-4.663185064083261e-09
4.66318517316761e-09
-0.1400665269629717
0.1400665269629718
-0.1508095866158921
0.1508095866158922
-0.1508095869592028
0.1508095869592029
-0.1508095875375791
0.1508095875375791
-0.1642734881389794
0.1642734881389794
-0.1642734881389794
0.1642734881389794
-0.1642734881389794
0.1642734881389794
-0.1642734881389795
0.1642734881389795
-0.1642734881389795
0.1642734881389795
-0.1664549923272193
0.1664549923272195
-0.1817883782922016
0.1817883782922017
-0.1817883782922016
0.1817883782922017
-0.1817883782922016
0.1817883782922017
-0.1817883782922016
0.1817883782922017
-0.1817883782922016
0.1817883782922017
-0.1817883782922016
0.1817883782922017
-0.1817883782922016
0.1817883782922017
-0.1827410004146593
0.1827410004146596
-0.1827412246144455
0.1827412246144458
-0.1827416386384288
0.182741638638429
-0.1980537519006292
0.1980537519006287
-0.2042093094249826
0.2042093094249825
-0.2042093094249826
0.2042093094249825
-0.2042093094249826
0.2042093094249826
-0.2042093094249826
0.2042093094249826
-0.2042093094249826
0.2042093094249826
-0.2057840620098299
0.2057840620098298
-0.2057840620098299
0.2057840620098298
-0.2057840620098299
0.2057840620098298
-0.2057840620098299
0.2057840620098298
-0.2057840620098299
0.2057840620098298
-0.2057840620098299
0.2057840620098298
-0.2057840620098299
0.2057840620098298
-0.2057840620098299
0.2057840620098298
-0.2057840620098299
0.2057840620098298
-0.222570653983386
0.2225706539833858
-0.2225876669674441
0.222587666967444
-0.2226276247124379
0.2226276247124375
-0.2340919399801928
0.2340919399801928
-0.2340919399801928
0.2340919399801928
-0.2340919399801928
0.2340919399801928
-0.2340919399801928
0.2340919399801928
-0.2340919399801928
0.2340919399801928
-0.2340919399801928
0.2340919399801928
-0.2340919399801928
0.2340919399801928
-0.2412808818651062
0.2412808818651063
-0.2412808818651062
0.2412808818651063
-0.2412808818651062
0.2412808818651063
-0.2412808818651062
0.2412808818651063
-0.2412808818651062
0.2412808818651063
-0.2412808818651062
0.2412808818651063
-0.2412808818651062
0.2412808818651063
-0.2412808818651062
0.2412808818651063
-0.2412808818651062
0.2412808818651063
-0.2412808818651062
0.2412808818651063
-0.2412808818651062
0.2412808818651063
-0.2417544593755902
0.2417544593755901
-0.2572728080231972
0.2572728080231972
-0.2572728080231972
0.2572728080231972
-0.2572728080231972
0.2572728080231972
-0.2572728080231975
0.2572728080231974
-0.2572728080231975
0.2572728080231974
-0.277710384859749
0.2777103848597494
-0.2780511908005306
0.2780511908005305
-0.2791097641341811
0.2791097641341812
-0.2791874040114191
0.2791874040114188
-0.2791874040114191
0.2791874040114188
-0.2791874040114191
0.2791874040114188
-0.2791874040114191
0.2791874040114188
-0.2791874040114191
0.2791874040114188
-0.2791874040114191
0.2791874040114188
-0.2791874040114191
0.2791874040114188
-0.2791874040114191
0.2791874040114188
-0.2791874040114191
0.2791874040114188
-0.3008190610952338
0.3008190610952338
-0.3008190610952338
0.3008190610952338
-0.3008190610952338
0.3008190610952338
-0.3008190610952338
0.3008190610952338
-0.3008190610952338
0.3008190610952338
-0.3008190610952338
0.3008190610952338
-0.3008190610952338
0.3008190610952338
-0.3008190610952338
0.3008190610952338
-0.3008190610952338
0.3008190610952338
-0.3008190610952338
0.3008190610952338
-0.3008190610952338
0.3008190610952338
-0.3008190610952338
0.3008190610952338
-0.3008190610952338
0.3008190610952338
-0.3102016164964567
0.3102016164964569
-0.3102016164964567
0.3102016164964569
-0.3102016164964567
0.3102016164964569
-0.3102016164964567
0.3102016164964569
-0.3102016164964567
0.3102016164964569
-0.3102016164964567
0.3102016164964569
-0.3102016164964567
0.3102016164964569
-0.3147916715286584
0.3147916715286591
-0.3374916147860881
0.337491614786088
-0.3374916147860881
0.337491614786088
-0.3374916147860883
0.337491614786088
-0.3374916147860883
0.3374916147860882
-0.3374916147860883
0.3374916147860882
-0.3568260642501766
0.3568260642501769
-0.3568260642501766
0.3568260642501769
-0.3568260642501766
0.3568260642501769
-0.3568260642501766
0.3568260642501769
-0.3568260642501766
0.3568260642501769
-0.3568260642501766
0.3568260642501769
-0.3568260642501766
0.3568260642501769
-0.3568260642501766
0.3568260642501769
-0.3568260642501766
0.3568260642501769
-0.3568260642501766
0.3568260642501769
-0.3568260642501766
0.3568260642501769
-0.3622866748219924
0.3622866748219922
-0.366783813770721
0.3667838137707203
-0.3764880123401521
0.3764880123401516
-0.4025236880119886
0.4025236880119888
-0.4025236880119886
0.4025236880119888
-0.4025236880119886
0.4025236880119888
-0.4025236880119886
0.4025236880119888
-0.4025236880119886
0.4025236880119888
-0.4025236880119886
0.4025236880119888
-0.4025236880119886
0.4025236880119888
-0.4025236880119886
0.4025236880119888
-0.4025236880119886
0.4025236880119888
-0.4283729905961324
0.4283729905961323
-0.4283729905961324
0.4283729905961323
-0.4283729905961324
0.4283729905961323
-0.4283729905961324
0.4283729905961323
-0.4283729905961324
0.4283729905961323
-0.4283729905961324
0.4283729905961323
-0.4283729905961324
0.4283729905961323
-0.4283729905961324
0.4283729905961323
-0.4283729905961324
0.4283729905961323
-0.4283729905961324
0.4283729905961323
-0.4283729905961324
0.4283729905961323
-0.4283729905961324
0.4283729905961323
-0.4283729905961324
0.4283729905961323
-0.4283729905961324
0.4283729905961323
-0.4283729905961324
0.4283729905961323
-0.4425827543146618
0.4425827543146622
-0.4425827543146618
0.4425827543146622
-0.4425827543146618
0.4425827543146622
-0.4425827543146618
0.4425827543146622
-0.4425827543146618
0.4425827543146622
-0.4425827543146618
0.4425827543146622
-0.4425827543146618
0.4425827543146622
-0.4504614887776362
0.4504614887776372
-0.4788481413608147
0.4788481413608147
-0.4788481413608147
0.4788481413608147
-0.4788481413608147
0.478848141360815
-0.4788481413608154
0.478848141360815
-0.4788481413608154
0.478848141360815
-0.5123002402122147
0.5123002402122163
-0.5293313405997069
0.5293313405997071
-0.5293313405997069
0.5293313405997071
-0.5293313405997069
0.5293313405997071
-0.5293313405997069
0.5293313405997071
-0.5293313405997069
0.5293313405997071
-0.5293313405997069
0.5293313405997071
-0.5293313405997069
0.5293313405997071
-0.5293313405997069
0.5293313405997071
-0.5293313405997069
0.5293313405997071
-0.5293313405997069
0.5293313405997071
-0.5293313405997069
0.5293313405997071
-0.5293313405997069
0.5293313405997071
-0.5293313405997069
0.5293313405997071
-0.5685364856568809
0.5685364856568798
-0.6077640436257298
0.6077640436257296
-0.6110530791698086
0.6110530791698093
-0.6110530791698086
0.6110530791698093
-0.6110530791698086
0.6110530791698093
-0.6110530791698086
0.6110530791698093
-0.6110530791698086
0.6110530791698093
-0.6110530791698086
0.6110530791698093
-0.6110530791698086
0.6110530791698093
-0.6110530791698086
0.6110530791698093
-0.6110530791698086
0.6110530791698093
-0.6110530791698086
0.6110530791698093
-0.6110530791698086
0.6110530791698093
-0.6821333145150785
0.6821333145150787
-0.6821333145150785
0.6821333145150787
-0.6821333145150785
0.6821333145150787
-0.6821333145150785
0.6821333145150787
-0.6821333145150785
0.6821333145150787
-0.6821333145150785
0.6821333145150787
-0.6821333145150785
0.6821333145150787
-0.6821333145150785
0.6821333145150787
-0.6821333145150785
0.6821333145150787
-0.7460597615690479
0.746059761569048
-0.7460597615690479
0.746059761569048
-0.7460597615690479
0.746059761569048
-0.7460597615690479
0.746059761569048
-0.7460597615690479
0.746059761569048
-0.7460597615690479
0.746059761569048
-0.7460597615690479
0.746059761569048
-0.7489077391951207
0.7489077391951189
-0.8047065965991007
0.8047065965991003
-0.8047065965991007
0.8047065965991003
-0.8047065965991007
0.8047065965991016
-0.8047065965991019
0.8047065965991016
-0.8047065965991019
0.8047065965991016
-0.8592326824644223
0.8592326824644219
-1
1
-1
1
-1
1
-1
1
-1
1
-1
1
-1
1
-1
1
-1
1
-1
1
-1
1
-1
1
-1
1
-1
1
-1
1
-1
1
-1
1
-1.347774677358098
1.347774677358099
-1.347774677358098
1.347774677358099
-1.347774677358098
1.347774677358099
-1.347774677358098
1.347774677358099
-1.347774677358098
1.347774677358099
-1.347774677358098
1.347774677358099
-1.347774677358098
1.347774677358099
-1.347774677358098
1.347774677358099
-1.347774677358098
1.347774677358099
-1.347774677358098
1.347774677358099
-1.347774677358098
1.347774677358099
-1.347774677358098
1.347774677358099
-1.347774677358098
1.347774677358099
-1.347774677358098
1.347774677358099
-1.347774677358098
1.347774677358099
-1.621516643251217
1.621516643251217
-1.621516643251217
1.621516643251217
-1.621516643251217
1.621516643251217
-1.621516643251217
1.621516643251217
-1.621516643251217
1.621516643251217
-1.621516643251217
1.621516643251217
-1.621516643251217
1.621516643251217
-1.621516643251217
1.621516643251217
-1.621516643251217
1.621516643251217
-1.621516643251217
1.621516643251217
-1.621516643251217
1.621516643251217
-1.621516643251217
1.621516643251217
-1.621516643251217
1.621516643251217
-1.644702695252247
1.644702695252246
-1.792518896352817
1.792518896352816
-1.855012892234234
1.855012892234235
-1.855012892234234
1.855012892234235
-1.855012892234234
1.855012892234235
-1.855012892234234
1.855012892234235
-1.855012892234234
1.855012892234235
-1.855012892234234
1.855012892234235
-1.855012892234234
1.855012892234235
-1.855012892234234
1.855012892234235
-1.855012892234234
1.855012892234235
-1.855012892234234
1.855012892234235
-1.855012892234234
1.855012892234235
-2.062129029688005
2.062129029688004
-2.062129029688005
2.062129029688004
-2.062129029688005
2.062129029688004
-2.062129029688005
2.062129029688004
-2.062129029688005
2.062129029688004
-2.062129029688005
2.062129029688004
-2.062129029688005
2.062129029688004
-2.062129029688005
2.062129029688004
-2.062129029688005
2.062129029688004
-2.227386540202188
2.227386540202188
-2.250209822222802
2.2502098222228
-2.250209822222802
2.2502098222228
-2.250209822222802
2.2502098222228
-2.250209822222802
2.2502098222228
-2.250209822222802
2.2502098222228
-2.250209822222802
2.2502098222228
-2.250209822222802
2.2502098222228
-2.423710923799482
2.423710923799482
-2.423710923799482
2.423710923799482
-2.423710923799483
2.423710923799482
-2.423710923799483
2.423710923799482
-2.423710923799483
2.423710923799482
-2.585578749136943
2.585578749136942
