0.7524303732560262
0.8399434780569398
-0.7524303732560259
-0.8399434780569399
-0.5293313405997072
-1
0.5293313405997069
-1
-0.4434798678173427
-1
0.4434798678173424
-1
-0.4283729905961324
-1
-0.4283729905961324
-1
-0.4283729905961324
-1
-0.4283729905961324
1
-0.4283729905961324
1
0.4283729905961323
1
0.4283729905961323
1
0.4283729905961323
1
0.4283729905961323
1
0.4283729905961323
1
-0.3074003150122176
-1.297658161785833
0.3074003150122175
1.297658161785834
0.3028788951922566
-1.347774677358098
-0.3028788951922564
-1.347774677358098
-0.3008190610952339
-1.347774677358098
0.3008190610952339
-1.347774677358098
0.2480359051432613
-1.347774677358098
-0.2480359051432612
1.347774677358099
2.427288190492807e-17+5.866201829233947e-09i
1.347774677358099
2.427288190492807e-17-5.866201829233947e-09i
1.347774677358099
0
1.347774677358099
0
1.347774677358099
0
-1.621516643251216
0
1.621516643251219
