0
0
0
0
-5.821055419983539e-09
5.821055392830368e-09
-0.1400665205783333
0.1400665205783333
-0.140066526962972
0.1400665269629719
-0.1508095866158923
0.1508095866158923
-0.1508095866158923
0.1508095866158923
-0.1508095866158924
0.1508095866158923
-0.150809586959203
0.1508095869592029
-0.1642734881389794
0.1642734881389794
-0.1642734881389794
0.1642734881389794
-0.1642734881389794
0.1642734881389794
-0.1642734881389794
0.1642734881389794
-0.1642734881389794
0.1642734881389794
-0.1642734881389794
0.1642734881389794
-0.1664518121987635
0.1664518121987635
-0.1664549923272195
0.1664549923272196
-0.1817883782922016
0.1817883782922017
-0.1817883782922016
0.1817883782922017
-0.1817883782922016
0.1817883782922017
-0.1817883782922016
0.1817883782922017
-0.1817883782922016
0.1817883782922017
-0.1817883782922016
0.1817883782922017
-0.1817883782922016
0.1817883782922017
-0.1817883782922016
0.1817883782922017
-0.1827410004146596
0.1827410004146597
-0.1827410004146596
0.1827410004146597
-0.1827410004146596
0.1827410004146597
-0.1827412246144455
0.1827412246144456
-0.1978647202739817
0.1978647202739816
-0.1980537519006295
0.1980537519006292
-0.2042093094249826
0.2042093094249826
-0.2042093094249826
0.2042093094249826
-0.2042093094249826
0.2042093094249826
-0.2042093094249826
0.2042093094249826
-0.2042093094249826
0.2042093094249826
-0.2042093094249826
0.2042093094249826
-0.2057840620098299
0.2057840620098298
-0.2057840620098299
0.2057840620098298
-0.2057840620098299
0.2057840620098298
-0.2057840620098299
0.2057840620098298
-0.2057840620098299
0.2057840620098298
-0.2057840620098299
0.2057840620098298
-0.2057840620098299
0.2057840620098298
-0.2057840620098299
0.2057840620098298
-0.2057840620098299
0.2057840620098298
-0.2057840620098299
0.2057840620098298
-0.2225706539833853
0.2225706539833857
-0.2225706539833857
0.2225706539833859
-0.2225706539833857
0.2225706539833859
-0.2225876669674447
0.2225876669674446
-0.2340919399801928
0.2340919399801928
-0.2340919399801928
0.2340919399801928
-0.2340919399801928
0.2340919399801928
-0.2340919399801928
0.2340919399801928
-0.2340919399801928
0.2340919399801928
-0.2340919399801928
0.2340919399801928
-0.2340919399801928
0.2340919399801928
-0.2340919399801928
0.2340919399801928
-0.2389497857690879
0.2389497857690885
-0.2412808818651062
0.2412808818651063
-0.2412808818651062
0.2412808818651063
-0.2412808818651062
0.2412808818651063
-0.2412808818651062
0.2412808818651063
-0.2412808818651062
0.2412808818651063
-0.2412808818651062
0.2412808818651063
-0.2412808818651062
0.2412808818651063
-0.2412808818651062
0.2412808818651063
-0.2412808818651062
0.2412808818651063
-0.2412808818651062
0.2412808818651063
-0.2412808818651062
0.2412808818651063
-0.2412808818651062
0.2412808818651063
-0.2417544593755895
0.2417544593755902
-0.2572728080231972
0.2572728080231972
-0.2572728080231972
0.2572728080231972
-0.2572728080231972
0.2572728080231972
-0.2572728080231972
0.2572728080231972
-0.2572728080231972
0.2572728080231972
-0.2572728080231972
0.2572728080231972
-0.2777103848597487
0.2777103848597489
-0.2777103848597489
0.2777103848597491
-0.2777103848597489
0.2777103848597491
-0.2780511908005306
0.2780511908005308
-0.2791874040114191
0.2791874040114188
-0.2791874040114191
0.2791874040114188
-0.2791874040114191
0.2791874040114188
-0.2791874040114191
0.2791874040114188
-0.2791874040114191
0.2791874040114188
-0.2791874040114191
0.2791874040114188
-0.2791874040114191
0.2791874040114188
-0.2791874040114191
0.2791874040114188
-0.2791874040114191
0.2791874040114188
-0.2791874040114191
0.2791874040114188
-0.2988881929404104
0.2988881929404104
-0.3008190610952338
0.3008190610952338
-0.3008190610952338
0.3008190610952338
-0.3008190610952338
0.3008190610952338
-0.3008190610952338
0.3008190610952338
-0.3008190610952338
0.3008190610952338
-0.3008190610952338
0.3008190610952338
-0.3008190610952338
0.3008190610952338
-0.3008190610952338
0.3008190610952338
-0.3008190610952338
0.3008190610952338
-0.3008190610952338
0.3008190610952338
-0.3008190610952338
0.3008190610952338
-0.3008190610952338
0.3008190610952338
-0.3008190610952338
0.3008190610952338
-0.3008190610952338
0.3008190610952338
-0.3102016164964567
0.3102016164964569
-0.3102016164964567
0.3102016164964569
-0.3102016164964567
0.3102016164964569
-0.3102016164964567
0.3102016164964569
-0.3102016164964567
0.3102016164964569
-0.3102016164964567
0.3102016164964569
-0.3102016164964567
0.3102016164964569
-0.3102016164964567
0.3102016164964569
-0.3147916715286584
0.3147916715286581
-0.3374916147860883
0.337491614786088
-0.3374916147860883
0.337491614786088
-0.3374916147860883
0.337491614786088
-0.3374916147860883
0.337491614786088
-0.3374916147860883
0.337491614786088
-0.3374916147860883
0.337491614786088
-0.3568260642501766
0.3568260642501769
-0.3568260642501766
0.3568260642501769
-0.3568260642501766
0.3568260642501769
-0.3568260642501766
0.3568260642501769
-0.3568260642501766
0.3568260642501769
-0.3568260642501766
0.3568260642501769
-0.3568260642501766
0.3568260642501769
-0.3568260642501766
0.3568260642501769
-0.3568260642501766
0.3568260642501769
-0.3568260642501766
0.3568260642501769
-0.3568260642501766
0.3568260642501769
-0.3568260642501766
0.3568260642501769
-0.3622866748219927
0.3622866748219922
-0.3622866748219927
0.3622866748219922
-0.3622866748219928
0.3622866748219925
-0.3667838137707217
0.3667838137707216
-0.4025236880119886
0.4025236880119888
-0.4025236880119886
0.4025236880119888
-0.4025236880119886
0.4025236880119888
-0.4025236880119886
0.4025236880119888
-0.4025236880119886
0.4025236880119888
-0.4025236880119886
0.4025236880119888
-0.4025236880119886
0.4025236880119888
-0.4025236880119886
0.4025236880119888
-0.4025236880119886
0.4025236880119888
-0.4025236880119886
0.4025236880119888
-0.4047673335482865
0.4047673335482866
-0.4283729905961324
0.4283729905961323
-0.4283729905961324
0.4283729905961323
-0.4283729905961324
0.4283729905961323
-0.4283729905961324
0.4283729905961323
-0.4283729905961324
0.4283729905961323
-0.4283729905961324
0.4283729905961323
-0.4283729905961324
0.4283729905961323
-0.4283729905961324
0.4283729905961323
-0.4283729905961324
0.4283729905961323
-0.4283729905961324
0.4283729905961323
-0.4283729905961324
0.4283729905961323
-0.4283729905961324
0.4283729905961323
-0.4283729905961324
0.4283729905961323
-0.4283729905961324
0.4283729905961323
-0.4283729905961324
0.4283729905961323
-0.4283729905961324
0.4283729905961323
-0.4425827543146618
0.4425827543146622
-0.4425827543146618
0.4425827543146622
-0.4425827543146618
0.4425827543146622
-0.4425827543146618
0.4425827543146622
-0.4425827543146618
0.4425827543146622
-0.4425827543146618
0.4425827543146622
-0.4425827543146618
0.4425827543146622
-0.4425827543146618
0.4425827543146622
-0.4504614887776373
0.4504614887776379
-0.4788481413608147
0.478848141360815
-0.4788481413608147
0.478848141360815
-0.4788481413608147
0.478848141360815
-0.4788481413608147
0.478848141360815
-0.4788481413608147
0.478848141360815
-0.4788481413608147
0.478848141360815
-0.5123002402122147
0.5123002402122145
-0.5123002402122147
0.5123002402122145
-0.5123002402122152
0.5123002402122145
-0.5293313405997069
0.5293313405997071
-0.5293313405997069
0.5293313405997071
-0.5293313405997069
0.5293313405997071
-0.5293313405997069
0.5293313405997071
-0.5293313405997069
0.5293313405997071
-0.5293313405997069
0.5293313405997071
-0.5293313405997069
0.5293313405997071
-0.5293313405997069
0.5293313405997071
-0.5293313405997069
0.5293313405997071
-0.5293313405997069
0.5293313405997071
-0.5293313405997069
0.5293313405997071
-0.5293313405997069
0.5293313405997071
-0.5293313405997069
0.5293313405997071
-0.5293313405997069
0.5293313405997071
-0.5685364856568798
0.5685364856568802
-0.6110530791698086
0.6110530791698093
-0.6110530791698086
0.6110530791698093
-0.6110530791698086
0.6110530791698093
-0.6110530791698086
0.6110530791698093
-0.6110530791698086
0.6110530791698093
-0.6110530791698086
0.6110530791698093
-0.6110530791698086
0.6110530791698093
-0.6110530791698086
0.6110530791698093
-0.6110530791698086
0.6110530791698093
-0.6110530791698086
0.6110530791698093
-0.6110530791698086
0.6110530791698093
-0.6110530791698086
0.6110530791698093
-0.6570467512520066
0.6570467512520073
-0.6821333145150785
0.6821333145150787
-0.6821333145150785
0.6821333145150787
-0.6821333145150785
0.6821333145150787
-0.6821333145150785
0.6821333145150787
-0.6821333145150785
0.6821333145150787
-0.6821333145150785
0.6821333145150787
-0.6821333145150785
0.6821333145150787
-0.6821333145150785
0.6821333145150787
-0.6821333145150785
0.6821333145150787
-0.6821333145150785
0.6821333145150787
-0.7460597615690479
0.746059761569048
-0.7460597615690479
0.746059761569048
-0.7460597615690479
0.746059761569048
-0.7460597615690479
0.746059761569048
-0.7460597615690479
0.746059761569048
-0.7460597615690479
0.746059761569048
-0.7460597615690479
0.746059761569048
-0.7460597615690479
0.746059761569048
-0.7489077391951187
0.7489077391951198
-0.8047065965991007
0.8047065965991016
-0.8047065965991007
0.8047065965991016
-0.8047065965991007
0.8047065965991016
-0.8047065965991007
0.8047065965991016
-0.8047065965991007
0.8047065965991016
-0.8047065965991007
0.8047065965991016
-0.8592326824644241
0.8592326824644237
-0.8592326824644241
0.8592326824644243
-0.8592326824644259
0.8592326824644243
-1
1
-1
1
-1
1
-1
1
-1
1
-1
1
-1
1
-1
1
-1
1
-1
1
-1
1
-1
1
-1
1
-1
1
-1
1
-1
1
-1
1
-1
1
-1.347774677358098
1.347774677358099
-1.347774677358098
1.347774677358099
-1.347774677358098
1.347774677358099
-1.347774677358098
1.347774677358099
-1.347774677358098
1.347774677358099
-1.347774677358098
1.347774677358099
-1.347774677358098
1.347774677358099
-1.347774677358098
1.347774677358099
-1.347774677358098
1.347774677358099
-1.347774677358098
1.347774677358099
-1.347774677358098
1.347774677358099
-1.347774677358098
1.347774677358099
-1.347774677358098
1.347774677358099
-1.347774677358098
1.347774677358099
-1.347774677358098
1.347774677358099
-1.347774677358098
1.347774677358099
-1.621516643251217
1.621516643251217
-1.621516643251217
1.621516643251217
-1.621516643251217
1.621516643251217
-1.621516643251217
1.621516643251217
-1.621516643251217
1.621516643251217
-1.621516643251217
1.621516643251217
-1.621516643251217
1.621516643251217
-1.621516643251217
1.621516643251217
-1.621516643251217
1.621516643251217
-1.621516643251217
1.621516643251217
-1.621516643251217
1.621516643251217
-1.621516643251217
1.621516643251217
-1.621516643251217
1.621516643251217
-1.621516643251217
1.621516643251217
-1.644702695252242
1.644702695252246
-1.855012892234234
1.855012892234235
-1.855012892234234
1.855012892234235
-1.855012892234234
1.855012892234235
-1.855012892234234
1.855012892234235
-1.855012892234234
1.855012892234235
-1.855012892234234
1.855012892234235
-1.855012892234234
1.855012892234235
-1.855012892234234
1.855012892234235
-1.855012892234234
1.855012892234235
-1.855012892234234
1.855012892234235
-1.855012892234234
1.855012892234235
-1.855012892234234
1.855012892234235
-1.944185144111524
1.944185144111523
-2.062129029688005
2.062129029688004
-2.062129029688005
2.062129029688004
-2.062129029688005
2.062129029688004
-2.062129029688005
2.062129029688004
-2.062129029688005
2.062129029688004
-2.062129029688005
2.062129029688004
-2.062129029688005
2.062129029688004
-2.062129029688005
2.062129029688004
-2.062129029688005
2.062129029688004
-2.062129029688005
2.062129029688004
-2.22738654020219
2.22738654020219
-2.250209822222802
2.2502098222228
-2.250209822222802
2.2502098222228
-2.250209822222802
2.2502098222228
-2.250209822222802
2.2502098222228
-2.250209822222802
2.2502098222228
-2.250209822222802
2.2502098222228
-2.250209822222802
2.2502098222228
-2.250209822222802
2.2502098222228
-2.423710923799483
2.423710923799482
-2.423710923799483
2.423710923799482
-2.423710923799483
2.423710923799482
-2.423710923799483
2.423710923799482
-2.423710923799483
2.423710923799482
-2.423710923799483
2.423710923799482
-2.585578749136943
2.585578749136944
-2.585578749136943
2.585578749136944
-2.585578749136952
2.585578749136944
