0
0
0
0
-4.604993556756098e-09
4.604993421250739e-09
-0.2416556220966853
0.2416556220966855
-0.2480359051432611
0.2480359051432612
-0.3008190610952336
0.3008190610952337
-0.3008190610952338
0.3008190610952338
-0.3008190610952338
0.3008190610952338
-0.3028788951922567
0.3028788951922566
-0.3779644730092275
0.3779644730092271
-0.4283729905961324
0.4283729905961323
-0.4283729905961324
0.4283729905961323
-0.4283729905961324
0.4283729905961323
-0.4283729905961324
0.4283729905961323
-0.4283729905961324
0.4283729905961323
-0.4283729905961324
0.4283729905961323
-0.4434798678173427
0.4434798678173425
-0.5293313405997069
0.5293313405997071
-0.5293313405997069
0.5293313405997071
-0.5293313405997071
0.5293313405997071
-0.752430373256026
0.7524303732560254
-1
1
-1
1
-1
1
-1
1
-1
1
-1
1
-1
1
-1
1
-1.068458029268845
1.068458029268845
-1.297658161785834
1.297658161785834
-1.347774677358098
1.347774677358099
-1.347774677358098
1.347774677358099
-1.347774677358098
1.347774677358099
-1.347774677358098
1.347774677358099
-1.347774677358098
1.347774677358099
-1.347774677358098
1.347774677358099
-1.621516643251217
1.621516643251217
-1.621516643251217
1.621516643251217
-1.62151664325122
1.62151664325122
