#x y at the midpoint of each cell all the error components
2.000000 0.000000 0.020082 0.020385 0.000744 0.019640 0.000731 0.005744 0.001759 0.000042 0.000505 0.000103 
1.975377 0.312869 0.021745 0.020655 0.004253 0.019163 0.004056 0.004995 0.001720 0.000042 0.000339 0.000164 
1.625000 0.000000 0.013356 0.014289 0.003470 0.022716 0.000777 0.003492 0.002416 0.000097 0.002478 0.000619 
1.586484 0.249458 0.016240 0.015104 0.000089 0.022508 0.003989 0.003432 0.001745 0.001407 0.001756 0.001690 
1.975377 0.312869 0.021745 0.020655 0.004253 0.019163 0.004056 0.004995 0.001720 0.000042 0.000339 0.000164 
1.902113 0.618034 0.022154 0.020068 0.007355 0.017237 0.007923 0.002995 0.001513 0.000231 0.000426 0.000310 
1.586484 0.249458 0.016240 0.015104 0.000089 0.022508 0.003989 0.003432 0.001745 0.001407 0.001756 0.001690 
1.523647 0.495063 0.016558 0.015338 0.001863 0.020784 0.007558 0.001839 0.001135 0.001901 0.001062 0.002303 
1.625000 0.000000 0.013356 0.014289 0.003470 0.022716 0.000777 0.003492 0.002416 0.000097 0.002478 0.000619 
1.586484 0.249458 0.016240 0.015104 0.000089 0.022508 0.003989 0.003432 0.001745 0.001407 0.001756 0.001690 
1.250000 0.000000 0.003038 0.007740 0.001159 0.013274 0.000141 0.002497 0.001242 0.000127 0.001327 0.000085 
1.197591 0.186046 0.004880 0.007449 0.002419 0.012945 0.002731 0.002812 0.000972 0.000804 0.001042 0.000621 
1.586484 0.249458 0.016240 0.015104 0.000089 0.022508 0.003989 0.003432 0.001745 0.001407 0.001756 0.001690 
1.523647 0.495063 0.016558 0.015338 0.001863 0.020784 0.007558 0.001839 0.001135 0.001901 0.001062 0.002303 
1.197591 0.186046 0.004880 0.007449 0.002419 0.012945 0.002731 0.002812 0.000972 0.000804 0.001042 0.000621 
1.145182 0.372092 0.004970 0.007222 0.002934 0.011553 0.004936 0.001620 0.000733 0.001017 0.000789 0.000950 
1.902113 0.618034 0.022154 0.020068 0.007355 0.017237 0.007923 0.002995 0.001513 0.000231 0.000426 0.000310 
1.782013 0.907981 0.021745 0.019210 0.008700 0.014674 0.010235 0.000506 0.001277 0.000425 0.000510 0.000618 
1.523647 0.495063 0.016558 0.015338 0.001863 0.020784 0.007558 0.001839 0.001135 0.001901 0.001062 0.002303 
1.430120 0.730696 0.016240 0.012271 0.008806 0.017340 0.011102 0.001736 0.000732 0.002180 0.000907 0.001957 
1.782013 0.907981 0.021745 0.019210 0.008700 0.014674 0.010235 0.000506 0.001277 0.000425 0.000510 0.000618 
1.618034 1.175571 0.020082 0.016054 0.012584 0.010175 0.012297 0.003722 0.001328 0.000360 0.000540 0.000921 
1.430120 0.730696 0.016240 0.012271 0.008806 0.017340 0.011102 0.001736 0.000732 0.002180 0.000907 0.001957 
1.314653 0.955151 0.011201 0.008893 0.008444 0.014156 0.013836 0.003973 0.001808 0.001727 0.000342 0.000115 
1.523647 0.495063 0.016558 0.015338 0.001863 0.020784 0.007558 0.001839 0.001135 0.001901 0.001062 0.002303 
1.430120 0.730696 0.016240 0.012271 0.008806 0.017340 0.011102 0.001736 0.000732 0.002180 0.000907 0.001957 
1.145182 0.372092 0.004970 0.007222 0.002934 0.011553 0.004936 0.001620 0.000733 0.001017 0.000789 0.000950 
1.078227 0.553412 0.002443 0.006205 0.001994 0.009854 0.006893 0.000142 0.001296 0.000635 0.000154 0.000118 
1.430120 0.730696 0.016240 0.012271 0.008806 0.017340 0.011102 0.001736 0.000732 0.002180 0.000907 0.001957 
1.314653 0.955151 0.011201 0.008893 0.008444 0.014156 0.013836 0.003973 0.001808 0.001727 0.000342 0.000115 
1.078227 0.553412 0.002443 0.006205 0.001994 0.009854 0.006893 0.000142 0.001296 0.000635 0.000154 0.000118 
1.011271 0.734732 0.003038 0.005581 0.005487 0.007691 0.007543 0.003086 0.000619 0.001249 0.000426 0.001129 
1.250000 0.000000 0.003038 0.007740 0.001159 0.013274 0.000141 0.002497 0.001242 0.000127 0.001327 0.000085 
1.197591 0.186046 0.004880 0.007449 0.002419 0.012945 0.002731 0.002812 0.000972 0.000804 0.001042 0.000621 
0.875000 0.000000 0.001264 0.004227 0.000217 0.008563 0.000066 0.003115 0.000805 0.000080 0.001020 0.000026 
0.845718 0.132132 0.000672 0.003974 0.000811 0.008506 0.001524 0.003231 0.000879 0.000696 0.001120 0.000644 
1.197591 0.186046 0.004880 0.007449 0.002419 0.012945 0.002731 0.002812 0.000972 0.000804 0.001042 0.000621 
1.145182 0.372092 0.004970 0.007222 0.002934 0.011553 0.004936 0.001620 0.000733 0.001017 0.000789 0.000950 
0.845718 0.132132 0.000672 0.003974 0.000811 0.008506 0.001524 0.003231 0.000879 0.000696 0.001120 0.000644 
0.810355 0.263300 0.000103 0.003301 0.001122 0.007490 0.003770 0.002604 0.000494 0.000245 0.000483 0.000585 
0.875000 0.000000 0.001264 0.004227 0.000217 0.008563 0.000066 0.003115 0.000805 0.000080 0.001020 0.000026 
0.845718 0.132132 0.000672 0.003974 0.000811 0.008506 0.001524 0.003231 0.000879 0.000696 0.001120 0.000644 
0.500000 0.000000 0.003609 0.003873 0.000031 0.004897 0.000034 0.003370 0.000490 0.000032 0.000054 0.000035 
0.493844 0.078217 0.003247 0.003891 0.000675 0.004701 0.001184 0.003192 0.000441 0.000087 0.000013 0.000035 
0.845718 0.132132 0.000672 0.003974 0.000811 0.008506 0.001524 0.003231 0.000879 0.000696 0.001120 0.000644 
0.810355 0.263300 0.000103 0.003301 0.001122 0.007490 0.003770 0.002604 0.000494 0.000245 0.000483 0.000585 
0.493844 0.078217 0.003247 0.003891 0.000675 0.004701 0.001184 0.003192 0.000441 0.000087 0.000013 0.000035 
0.475528 0.154508 0.003192 0.003738 0.001247 0.004069 0.002403 0.002571 0.000393 0.000154 0.000052 0.000018 
1.145182 0.372092 0.004970 0.007222 0.002934 0.011553 0.004936 0.001620 0.000733 0.001017 0.000789 0.000950 
1.078227 0.553412 0.002443 0.006205 0.001994 0.009854 0.006893 0.000142 0.001296 0.000635 0.000154 0.000118 
0.810355 0.263300 0.000103 0.003301 0.001122 0.007490 0.003770 0.002604 0.000494 0.000245 0.000483 0.000585 
0.761865 0.390204 0.000672 0.003692 0.001679 0.005901 0.005110 0.000625 0.000198 0.001173 0.000363 0.001357 
1.078227 0.553412 0.002443 0.006205 0.001994 0.009854 0.006893 0.000142 0.001296 0.000635 0.000154 0.000118 
1.011271 0.734732 0.003038 0.005581 0.005487 0.007691 0.007543 0.003086 0.000619 0.001249 0.000426 0.001129 
0.761865 0.390204 0.000672 0.003692 0.001679 0.005901 0.005110 0.000625 0.000198 0.001173 0.000363 0.001357 
0.707890 0.514312 0.001521 0.003084 0.002282 0.004456 0.006336 0.000666 0.000762 0.000250 0.000085 0.000904 
0.810355 0.263300 0.000103 0.003301 0.001122 0.007490 0.003770 0.002604 0.000494 0.000245 0.000483 0.000585 
0.761865 0.390204 0.000672 0.003692 0.001679 0.005901 0.005110 0.000625 0.000198 0.001173 0.000363 0.001357 
0.475528 0.154508 0.003192 0.003738 0.001247 0.004069 0.002403 0.002571 0.000393 0.000154 0.000052 0.000018 
0.445503 0.226995 0.003247 0.003544 0.001741 0.003100 0.003387 0.001591 0.000338 0.000174 0.000060 0.000050 
0.761865 0.390204 0.000672 0.003692 0.001679 0.005901 0.005110 0.000625 0.000198 0.001173 0.000363 0.001357 
0.707890 0.514312 0.001521 0.003084 0.002282 0.004456 0.006336 0.000666 0.000762 0.000250 0.000085 0.000904 
0.445503 0.226995 0.003247 0.003544 0.001741 0.003100 0.003387 0.001591 0.000338 0.000174 0.000060 0.000050 
0.404508 0.293893 0.003609 0.003116 0.002301 0.002008 0.003942 0.000482 0.000184 0.000208 0.000171 0.000046 
1.618034 1.175571 0.020082 0.016054 0.012584 0.010175 0.012297 0.003722 0.001328 0.000360 0.000540 0.000921 
1.414214 1.414214 0.021745 0.014210 0.015581 0.006959 0.012742 0.007209 0.001113 0.000514 0.000432 0.000863 
1.314653 0.955151 0.011201 0.008893 0.008444 0.014156 0.013836 0.003973 0.001808 0.001727 0.000342 0.000115 
1.136865 1.134327 0.016240 0.012167 0.008949 0.009752 0.013568 0.009324 0.001829 0.001152 0.001986 0.001388 
1.414214 1.414214 0.021745 0.014210 0.015581 0.006959 0.012742 0.007209 0.001113 0.000514 0.000432 0.000863 
1.175571 1.618034 0.022154 0.011912 0.017746 0.002712 0.012069 0.011530 0.000829 0.000421 0.000422 0.001157 
1.136865 1.134327 0.016240 0.012167 0.008949 0.009752 0.013568 0.009324 0.001829 0.001152 0.001986 0.001388 
0.941666 1.296092 0.016558 0.011314 0.010523 0.005780 0.013093 0.013165 0.002016 0.000338 0.002311 0.000620 
1.314653 0.955151 0.011201 0.008893 0.008444 0.014156 0.013836 0.003973 0.001808 0.001727 0.000342 0.000115 
1.136865 1.134327 0.016240 0.012167 0.008949 0.009752 0.013568 0.009324 0.001829 0.001152 0.001986 0.001388 
1.011271 0.734732 0.003038 0.005581 0.005487 0.007691 0.007543 0.003086 0.000619 0.001249 0.000426 0.001129 
0.859516 0.854441 0.002443 0.003814 0.005285 0.004864 0.008514 0.004848 0.000239 0.000592 0.000701 0.000628 
1.136865 1.134327 0.016240 0.012167 0.008949 0.009752 0.013568 0.009324 0.001829 0.001152 0.001986 0.001388 
0.941666 1.296092 0.016558 0.011314 0.010523 0.005780 0.013093 0.013165 0.002016 0.000338 0.002311 0.000620 
0.859516 0.854441 0.002443 0.003814 0.005285 0.004864 0.008514 0.004848 0.000239 0.000592 0.000701 0.000628 
0.707761 0.974150 0.004970 0.005022 0.005962 0.002539 0.007865 0.007394 0.001181 0.000335 0.001227 0.000409 
1.175571 1.618034 0.022154 0.011912 0.017746 0.002712 0.012069 0.011530 0.000829 0.000421 0.000422 0.001157 
0.907981 1.782013 0.021745 0.010428 0.018329 0.000304 0.010381 0.014472 0.000488 0.000363 0.000345 0.001531 
0.941666 1.296092 0.016558 0.011314 0.010523 0.005780 0.013093 0.013165 0.002016 0.000338 0.002311 0.000620 
0.727499 1.431749 0.016331 0.009956 0.011648 0.002136 0.011484 0.016898 0.001856 0.000540 0.002258 0.000256 
0.907981 1.782013 0.021745 0.010428 0.018329 0.000304 0.010381 0.014472 0.000488 0.000363 0.000345 0.001531 
0.618034 1.902113 0.020082 0.007007 0.019157 0.002890 0.008052 0.016786 0.000398 0.000553 0.000243 0.001619 
0.727499 1.431749 0.016331 0.009956 0.011648 0.002136 0.011484 0.016898 0.001856 0.000540 0.002258 0.000256 
0.502153 1.545467 0.013356 0.007715 0.012517 0.000533 0.008331 0.019757 0.001500 0.001686 0.001978 0.001467 
0.941666 1.296092 0.016558 0.011314 0.010523 0.005780 0.013093 0.013165 0.002016 0.000338 0.002311 0.000620 
0.727499 1.431749 0.016331 0.009956 0.011648 0.002136 0.011484 0.016898 0.001856 0.000540 0.002258 0.000256 
0.707761 0.974150 0.004970 0.005022 0.005962 0.002539 0.007865 0.007394 0.001181 0.000335 0.001227 0.000409 
0.547016 1.081485 0.004855 0.003634 0.006834 0.000182 0.006633 0.009994 0.001289 0.000120 0.001341 0.000180 
0.727499 1.431749 0.016331 0.009956 0.011648 0.002136 0.011484 0.016898 0.001856 0.000540 0.002258 0.000256 
0.502153 1.545467 0.013356 0.007715 0.012517 0.000533 0.008331 0.019757 0.001500 0.001686 0.001978 0.001467 
0.547016 1.081485 0.004855 0.003634 0.006834 0.000182 0.006633 0.009994 0.001289 0.000120 0.001341 0.000180 
0.386271 1.188821 0.003038 0.003494 0.007004 0.000908 0.004749 0.011685 0.000969 0.000744 0.001144 0.000597 
1.011271 0.734732 0.003038 0.005581 0.005487 0.007691 0.007543 0.003086 0.000619 0.001249 0.000426 0.001129 
0.859516 0.854441 0.002443 0.003814 0.005285 0.004864 0.008514 0.004848 0.000239 0.000592 0.000701 0.000628 
0.707890 0.514312 0.001521 0.003084 0.002282 0.004456 0.006336 0.000666 0.000762 0.000250 0.000085 0.000904 
0.606535 0.603997 0.000690 0.002663 0.003052 0.002788 0.006084 0.002479 0.001155 0.000763 0.000939 0.000878 
0.859516 0.854441 0.002443 0.003814 0.005285 0.004864 0.008514 0.004848 0.000239 0.000592 0.000701 0.000628 
0.707761 0.974150 0.004970 0.005022 0.005962 0.002539 0.007865 0.007394 0.001181 0.000335 0.001227 0.000409 
0.606535 0.603997 0.000690 0.002663 0.003052 0.002788 0.006084 0.002479 0.001155 0.000763 0.000939 0.000878 
0.500827 0.689329 0.000103 0.002087 0.002793 0.000576 0.006017 0.004310 0.000856 0.000079 0.000231 0.000745 
0.707890 0.514312 0.001521 0.003084 0.002282 0.004456 0.006336 0.000666 0.000762 0.000250 0.000085 0.000904 
0.606535 0.603997 0.000690 0.002663 0.003052 0.002788 0.006084 0.002479 0.001155 0.000763 0.000939 0.000878 
0.404508 0.293893 0.003609 0.003116 0.002301 0.002008 0.003942 0.000482 0.000184 0.000208 0.000171 0.000046 
0.353553 0.353553 0.003247 0.002751 0.002833 0.000848 0.004119 0.000661 0.000151 0.000150 0.000186 0.000160 
0.606535 0.603997 0.000690 0.002663 0.003052 0.002788 0.006084 0.002479 0.001155 0.000763 0.000939 0.000878 
0.500827 0.689329 0.000103 0.002087 0.002793 0.000576 0.006017 0.004310 0.000856 0.000079 0.000231 0.000745 
0.353553 0.353553 0.003247 0.002751 0.002833 0.000848 0.004119 0.000661 0.000151 0.000150 0.000186 0.000160 
0.293893 0.404508 0.003192 0.002341 0.003170 0.000524 0.003895 0.002023 0.000081 0.000158 0.000186 0.000223 
0.707761 0.974150 0.004970 0.005022 0.005962 0.002539 0.007865 0.007394 0.001181 0.000335 0.001227 0.000409 
0.547016 1.081485 0.004855 0.003634 0.006834 0.000182 0.006633 0.009994 0.001289 0.000120 0.001341 0.000180 
0.500827 0.689329 0.000103 0.002087 0.002793 0.000576 0.006017 0.004310 0.000856 0.000079 0.000231 0.000745 
0.387006 0.763494 0.000672 0.002000 0.003529 0.001214 0.004683 0.006489 0.001278 0.000132 0.001252 0.000114 
0.547016 1.081485 0.004855 0.003634 0.006834 0.000182 0.006633 0.009994 0.001289 0.000120 0.001341 0.000180 
0.386271 1.188821 0.003038 0.003494 0.007004 0.000908 0.004749 0.011685 0.000969 0.000744 0.001144 0.000597 
0.387006 0.763494 0.000672 0.002000 0.003529 0.001214 0.004683 0.006489 0.001278 0.000132 0.001252 0.000114 
0.270390 0.832174 0.001521 0.001218 0.003638 0.002696 0.004012 0.007818 0.000615 0.000512 0.000255 0.000496 
0.500827 0.689329 0.000103 0.002087 0.002793 0.000576 0.006017 0.004310 0.000856 0.000079 0.000231 0.000745 
0.387006 0.763494 0.000672 0.002000 0.003529 0.001214 0.004683 0.006489 0.001278 0.000132 0.001252 0.000114 
0.293893 0.404508 0.003192 0.002341 0.003170 0.000524 0.003895 0.002023 0.000081 0.000158 0.000186 0.000223 
0.226995 0.445503 0.003261 0.001797 0.003523 0.001724 0.003290 0.003233 0.000038 0.000062 0.000170 0.000345 
0.387006 0.763494 0.000672 0.002000 0.003529 0.001214 0.004683 0.006489 0.001278 0.000132 0.001252 0.000114 
0.270390 0.832174 0.001521 0.001218 0.003638 0.002696 0.004012 0.007818 0.000615 0.000512 0.000255 0.000496 
0.226995 0.445503 0.003261 0.001797 0.003523 0.001724 0.003290 0.003233 0.000038 0.000062 0.000170 0.000345 
0.154508 0.475528 0.003609 0.001168 0.003693 0.002601 0.002402 0.004128 0.000009 0.000019 0.000147 0.000433 
0.618034 1.902113 0.020082 0.007007 0.019157 0.002890 0.008052 0.016786 0.000398 0.000553 0.000243 0.001619 
0.312869 1.975377 0.021745 0.002338 0.020958 0.005072 0.003819 0.019240 0.000182 0.000410 0.000257 0.001612 
0.502153 1.545467 0.013356 0.007715 0.012517 0.000533 0.008331 0.019757 0.001500 0.001686 0.001978 0.001467 
0.253002 1.585922 0.016240 0.004583 0.014392 0.003300 0.004396 0.022376 0.000351 0.002250 0.000617 0.002152 
0.312869 1.975377 0.021745 0.002338 0.020958 0.005072 0.003819 0.019240 0.000182 0.000410 0.000257 0.001612 
0.000000 2.000000 0.022154 0.000794 0.021359 0.005720 0.000464 0.019962 0.000072 0.000391 0.000012 0.001620 
0.253002 1.585922 0.016240 0.004583 0.014392 0.003300 0.004396 0.022376 0.000351 0.002250 0.000617 0.002152 
0.000000 1.602058 0.016558 0.002968 0.015163 0.004121 0.000534 0.023066 0.000606 0.002268 0.000202 0.002213 
0.502153 1.545467 0.013356 0.007715 0.012517 0.000533 0.008331 0.019757 0.001500 0.001686 0.001978 0.001467 
0.253002 1.585922 0.016240 0.004583 0.014392 0.003300 0.004396 0.022376 0.000351 0.002250 0.000617 0.002152 
0.386271 1.188821 0.003038 0.003494 0.007004 0.000908 0.004749 0.011685 0.000969 0.000744 0.001144 0.000597 
0.193136 1.196468 0.004855 0.001077 0.007665 0.002736 0.002616 0.012912 0.000341 0.001309 0.000263 0.001291 
0.253002 1.585922 0.016240 0.004583 0.014392 0.003300 0.004396 0.022376 0.000351 0.002250 0.000617 0.002152 
0.000000 1.602058 0.016558 0.002968 0.015163 0.004121 0.000534 0.023066 0.000606 0.002268 0.000202 0.002213 
0.193136 1.196468 0.004855 0.001077 0.007665 0.002736 0.002616 0.012912 0.000341 0.001309 0.000263 0.001291 
0.000000 1.204115 0.004970 0.000559 0.007776 0.003264 0.000122 0.013197 0.000100 0.001273 0.000019 0.001240 
0.000000 2.000000 0.022154 0.000794 0.021359 0.005720 0.000464 0.019962 0.000072 0.000391 0.000012 0.001620 
-0.312869 1.975377 0.021745 0.002338 0.020958 0.005072 0.003819 0.019240 0.000182 0.000410 0.000257 0.001612 
0.000000 1.602058 0.016558 0.002968 0.015163 0.004121 0.000534 0.023066 0.000606 0.002268 0.000202 0.002213 
-0.253002 1.585922 0.016331 0.001208 0.015275 0.003686 0.003471 0.022720 0.001481 0.001905 0.000989 0.001911 
-0.312869 1.975377 0.021745 0.002338 0.020958 0.005072 0.003819 0.019240 0.000182 0.000410 0.000257 0.001612 
-0.618034 1.902113 0.020082 0.005591 0.019617 0.003750 0.006869 0.017646 0.000553 0.000452 0.000205 0.001682 
-0.253002 1.585922 0.016331 0.001208 0.015275 0.003686 0.003471 0.022720 0.001481 0.001905 0.000989 0.001911 
-0.502153 1.545467 0.011201 0.005283 0.011067 0.003187 0.008201 0.021316 0.000032 0.000550 0.000837 0.003093 
0.000000 1.602058 0.016558 0.002968 0.015163 0.004121 0.000534 0.023066 0.000606 0.002268 0.000202 0.002213 
-0.253002 1.585922 0.016331 0.001208 0.015275 0.003686 0.003471 0.022720 0.001481 0.001905 0.000989 0.001911 
0.000000 1.204115 0.004970 0.000559 0.007776 0.003264 0.000122 0.013197 0.000100 0.001273 0.000019 0.001240 
-0.193136 1.196468 0.004880 0.000001 0.007832 0.002913 0.002421 0.013046 0.000530 0.001218 0.000335 0.001208 
-0.253002 1.585922 0.016331 0.001208 0.015275 0.003686 0.003471 0.022720 0.001481 0.001905 0.000989 0.001911 
-0.502153 1.545467 0.011201 0.005283 0.011067 0.003187 0.008201 0.021316 0.000032 0.000550 0.000837 0.003093 
-0.193136 1.196468 0.004880 0.000001 0.007832 0.002913 0.002421 0.013046 0.000530 0.001218 0.000335 0.001208 
-0.386271 1.188821 0.003038 0.001290 0.007720 0.001074 0.004521 0.011851 0.001184 0.000832 0.000956 0.000815 
0.386271 1.188821 0.003038 0.003494 0.007004 0.000908 0.004749 0.011685 0.000969 0.000744 0.001144 0.000597 
0.193136 1.196468 0.004855 0.001077 0.007665 0.002736 0.002616 0.012912 0.000341 0.001309 0.000263 0.001291 
0.270390 0.832174 0.001521 0.001218 0.003638 0.002696 0.004012 0.007818 0.000615 0.000512 0.000255 0.000496 
0.135676 0.845156 0.000672 0.000456 0.004030 0.003006 0.002216 0.008282 0.000549 0.001229 0.000425 0.001015 
0.193136 1.196468 0.004855 0.001077 0.007665 0.002736 0.002616 0.012912 0.000341 0.001309 0.000263 0.001291 
0.000000 1.204115 0.004970 0.000559 0.007776 0.003264 0.000122 0.013197 0.000100 0.001273 0.000019 0.001240 
0.135676 0.845156 0.000672 0.000456 0.004030 0.003006 0.002216 0.008282 0.000549 0.001229 0.000425 0.001015 
0.000000 0.852058 0.000493 0.000049 0.003906 0.003436 0.000099 0.008615 0.000015 0.001321 0.000015 0.001068 
0.270390 0.832174 0.001521 0.001218 0.003638 0.002696 0.004012 0.007818 0.000615 0.000512 0.000255 0.000496 
0.135676 0.845156 0.000672 0.000456 0.004030 0.003006 0.002216 0.008282 0.000549 0.001229 0.000425 0.001015 
0.154508 0.475528 0.003609 0.001168 0.003693 0.002601 0.002402 0.004128 0.000009 0.000019 0.000147 0.000433 
0.078217 0.493844 0.003247 0.000561 0.003909 0.003134 0.001362 0.004643 0.000030 0.000007 0.000060 0.000455 
0.135676 0.845156 0.000672 0.000456 0.004030 0.003006 0.002216 0.008282 0.000549 0.001229 0.000425 0.001015 
0.000000 0.852058 0.000493 0.000049 0.003906 0.003436 0.000099 0.008615 0.000015 0.001321 0.000015 0.001068 
0.078217 0.493844 0.003247 0.000561 0.003909 0.003134 0.001362 0.004643 0.000030 0.000007 0.000060 0.000455 
0.000000 0.500000 0.003192 0.000030 0.003941 0.003349 0.000007 0.004848 0.000029 0.000016 0.000021 0.000481 
0.000000 1.204115 0.004970 0.000559 0.007776 0.003264 0.000122 0.013197 0.000100 0.001273 0.000019 0.001240 
-0.193136 1.196468 0.004880 0.000001 0.007832 0.002913 0.002421 0.013046 0.000530 0.001218 0.000335 0.001208 
0.000000 0.852058 0.000493 0.000049 0.003906 0.003436 0.000099 0.008615 0.000015 0.001321 0.000015 0.001068 
-0.135676 0.845156 0.000690 0.000360 0.004034 0.003105 0.002027 0.008372 0.000526 0.001244 0.000420 0.001024 
-0.193136 1.196468 0.004880 0.000001 0.007832 0.002913 0.002421 0.013046 0.000530 0.001218 0.000335 0.001208 
-0.386271 1.188821 0.003038 0.001290 0.007720 0.001074 0.004521 0.011851 0.001184 0.000832 0.000956 0.000815 
-0.135676 0.845156 0.000690 0.000360 0.004034 0.003105 0.002027 0.008372 0.000526 0.001244 0.000420 0.001024 
-0.270390 0.832174 0.001264 0.001100 0.004088 0.001961 0.003486 0.007409 0.000831 0.000669 0.000713 0.000480 
0.000000 0.852058 0.000493 0.000049 0.003906 0.003436 0.000099 0.008615 0.000015 0.001321 0.000015 0.001068 
-0.135676 0.845156 0.000690 0.000360 0.004034 0.003105 0.002027 0.008372 0.000526 0.001244 0.000420 0.001024 
0.000000 0.500000 0.003192 0.000030 0.003941 0.003349 0.000007 0.004848 0.000029 0.000016 0.000021 0.000481 
-0.078217 0.493844 0.003261 0.000617 0.003906 0.003140 0.001340 0.004649 0.000021 0.000013 0.000092 0.000439 
-0.135676 0.845156 0.000690 0.000360 0.004034 0.003105 0.002027 0.008372 0.000526 0.001244 0.000420 0.001024 
-0.270390 0.832174 0.001264 0.001100 0.004088 0.001961 0.003486 0.007409 0.000831 0.000669 0.000713 0.000480 
-0.078217 0.493844 0.003261 0.000617 0.003906 0.003140 0.001340 0.004649 0.000021 0.000013 0.000092 0.000439 
-0.154508 0.475528 0.003609 0.001226 0.003674 0.002561 0.002457 0.004087 0.000052 0.000035 0.000184 0.000381 
-0.618034 1.902113 0.020082 0.005591 0.019617 0.003750 0.006869 0.017646 0.000553 0.000452 0.000205 0.001682 
-0.907981 1.782013 0.021745 0.010428 0.018329 0.000304 0.010381 0.014472 0.000488 0.000363 0.000345 0.001531 
-0.502153 1.545467 0.011201 0.005283 0.011067 0.003187 0.008201 0.021316 0.000032 0.000550 0.000837 0.003093 
-0.727499 1.431749 0.016240 0.004752 0.014337 0.001390 0.010851 0.017686 0.002492 0.000184 0.002219 0.000107 
-0.907981 1.782013 0.021745 0.010428 0.018329 0.000304 0.010381 0.014472 0.000488 0.000363 0.000345 0.001531 
-1.175571 1.618034 0.022154 0.013196 0.016813 0.003594 0.012356 0.010648 0.000732 0.000462 0.000382 0.001215 
-0.727499 1.431749 0.016240 0.004752 0.014337 0.001390 0.010851 0.017686 0.002492 0.000184 0.002219 0.000107 
-0.941666 1.296092 0.016558 0.006512 0.014012 0.004763 0.012763 0.014181 0.002320 0.001033 0.001960 0.000839 
-0.502153 1.545467 0.011201 0.005283 0.011067 0.003187 0.008201 0.021316 0.000032 0.000550 0.000837 0.003093 
-0.727499 1.431749 0.016240 0.004752 0.014337 0.001390 0.010851 0.017686 0.002492 0.000184 0.002219 0.000107 
-0.386271 1.188821 0.003038 0.001290 0.007720 0.001074 0.004521 0.011851 0.001184 0.000832 0.000956 0.000815 
-0.547016 1.081485 0.002443 0.003848 0.005260 0.000155 0.006883 0.009867 0.000107 0.000360 0.000763 0.000911 
-0.727499 1.431749 0.016240 0.004752 0.014337 0.001390 0.010851 0.017686 0.002492 0.000184 0.002219 0.000107 
-0.941666 1.296092 0.016558 0.006512 0.014012 0.004763 0.012763 0.014181 0.002320 0.001033 0.001960 0.000839 
-0.547016 1.081485 0.002443 0.003848 0.005260 0.000155 0.006883 0.009867 0.000107 0.000360 0.000763 0.000911 
-0.707761 0.974150 0.004970 0.004118 0.006619 0.002308 0.007790 0.007626 0.001254 0.000433 0.001170 0.000412 
-1.175571 1.618034 0.022154 0.013196 0.016813 0.003594 0.012356 0.010648 0.000732 0.000462 0.000382 0.001215 
-1.414214 1.414214 0.021745 0.014210 0.015581 0.006959 0.012742 0.007209 0.001113 0.000514 0.000432 0.000863 
-0.941666 1.296092 0.016558 0.006512 0.014012 0.004763 0.012763 0.014181 0.002320 0.001033 0.001960 0.000839 
-1.136865 1.134327 0.016331 0.008001 0.013068 0.008738 0.013629 0.010295 0.001765 0.001721 0.001371 0.001426 
-1.414214 1.414214 0.021745 0.014210 0.015581 0.006959 0.012742 0.007209 0.001113 0.000514 0.000432 0.000863 
-1.618034 1.175571 0.020082 0.016929 0.011380 0.011566 0.011845 0.002331 0.001382 0.000420 0.000413 0.000960 
-1.136865 1.134327 0.016331 0.008001 0.013068 0.008738 0.013629 0.010295 0.001765 0.001721 0.001371 0.001426 
-1.314653 0.955151 0.013356 0.009520 0.011206 0.012922 0.012703 0.006301 0.000812 0.002509 0.000455 0.002123 
-0.941666 1.296092 0.016558 0.006512 0.014012 0.004763 0.012763 0.014181 0.002320 0.001033 0.001960 0.000839 
-1.136865 1.134327 0.016331 0.008001 0.013068 0.008738 0.013629 0.010295 0.001765 0.001721 0.001371 0.001426 
-0.707761 0.974150 0.004970 0.004118 0.006619 0.002308 0.007790 0.007626 0.001254 0.000433 0.001170 0.000412 
-0.859516 0.854441 0.004855 0.005376 0.005568 0.005158 0.008250 0.005018 0.001209 0.000680 0.001135 0.000648 
-1.136865 1.134327 0.016331 0.008001 0.013068 0.008738 0.013629 0.010295 0.001765 0.001721 0.001371 0.001426 
-1.314653 0.955151 0.013356 0.009520 0.011206 0.012922 0.012703 0.006301 0.000812 0.002509 0.000455 0.002123 
-0.859516 0.854441 0.004855 0.005376 0.005568 0.005158 0.008250 0.005018 0.001209 0.000680 0.001135 0.000648 
-1.011271 0.734732 0.003038 0.005581 0.005487 0.007691 0.007543 0.003086 0.000619 0.001249 0.000426 0.001129 
-0.386271 1.188821 0.003038 0.001290 0.007720 0.001074 0.004521 0.011851 0.001184 0.000832 0.000956 0.000815 
-0.547016 1.081485 0.002443 0.003848 0.005260 0.000155 0.006883 0.009867 0.000107 0.000360 0.000763 0.000911 
-0.270390 0.832174 0.001264 0.001100 0.004088 0.001961 0.003486 0.007409 0.000831 0.000669 0.000713 0.000480 
-0.387006 0.763494 0.000672 0.002000 0.003529 0.001214 0.004683 0.006489 0.001278 0.000132 0.001252 0.000114 
-0.547016 1.081485 0.002443 0.003848 0.005260 0.000155 0.006883 0.009867 0.000107 0.000360 0.000763 0.000911 
-0.707761 0.974150 0.004970 0.004118 0.006619 0.002308 0.007790 0.007626 0.001254 0.000433 0.001170 0.000412 
-0.387006 0.763494 0.000672 0.002000 0.003529 0.001214 0.004683 0.006489 0.001278 0.000132 0.001252 0.000114 
-0.500827 0.689329 0.000103 0.002011 0.002848 0.000417 0.005965 0.004469 0.000831 0.000087 0.000240 0.000762 
-0.270390 0.832174 0.001264 0.001100 0.004088 0.001961 0.003486 0.007409 0.000831 0.000669 0.000713 0.000480 
-0.387006 0.763494 0.000672 0.002000 0.003529 0.001214 0.004683 0.006489 0.001278 0.000132 0.001252 0.000114 
-0.154508 0.475528 0.003609 0.001226 0.003674 0.002561 0.002457 0.004087 0.000052 0.000035 0.000184 0.000381 
-0.226995 0.445503 0.003247 0.001844 0.003492 0.001742 0.003277 0.003251 0.000018 0.000105 0.000172 0.000310 
-0.387006 0.763494 0.000672 0.002000 0.003529 0.001214 0.004683 0.006489 0.001278 0.000132 0.001252 0.000114 
-0.500827 0.689329 0.000103 0.002011 0.002848 0.000417 0.005965 0.004469 0.000831 0.000087 0.000240 0.000762 
-0.226995 0.445503 0.003247 0.001844 0.003492 0.001742 0.003277 0.003251 0.000018 0.000105 0.000172 0.000310 
-0.293893 0.404508 0.003192 0.002341 0.003170 0.000524 0.003895 0.002023 0.000081 0.000158 0.000186 0.000223 
-0.707761 0.974150 0.004970 0.004118 0.006619 0.002308 0.007790 0.007626 0.001254 0.000433 0.001170 0.000412 
-0.859516 0.854441 0.004855 0.005376 0.005568 0.005158 0.008250 0.005018 0.001209 0.000680 0.001135 0.000648 
-0.500827 0.689329 0.000103 0.002011 0.002848 0.000417 0.005965 0.004469 0.000831 0.000087 0.000240 0.000762 
-0.606535 0.603997 0.000690 0.002663 0.003052 0.002788 0.006084 0.002479 0.001155 0.000763 0.000939 0.000878 
-0.859516 0.854441 0.004855 0.005376 0.005568 0.005158 0.008250 0.005018 0.001209 0.000680 0.001135 0.000648 
-1.011271 0.734732 0.003038 0.005581 0.005487 0.007691 0.007543 0.003086 0.000619 0.001249 0.000426 0.001129 
-0.606535 0.603997 0.000690 0.002663 0.003052 0.002788 0.006084 0.002479 0.001155 0.000763 0.000939 0.000878 
-0.707890 0.514312 0.001521 0.003124 0.002228 0.004752 0.006240 0.000370 0.000803 0.000258 0.000081 0.000861 
-0.500827 0.689329 0.000103 0.002011 0.002848 0.000417 0.005965 0.004469 0.000831 0.000087 0.000240 0.000762 
-0.606535 0.603997 0.000690 0.002663 0.003052 0.002788 0.006084 0.002479 0.001155 0.000763 0.000939 0.000878 
-0.293893 0.404508 0.003192 0.002341 0.003170 0.000524 0.003895 0.002023 0.000081 0.000158 0.000186 0.000223 
-0.353553 0.353553 0.003261 0.002795 0.002797 0.000826 0.004118 0.000683 0.000170 0.000183 0.000153 0.000141 
-0.606535 0.603997 0.000690 0.002663 0.003052 0.002788 0.006084 0.002479 0.001155 0.000763 0.000939 0.000878 
-0.707890 0.514312 0.001521 0.003124 0.002228 0.004752 0.006240 0.000370 0.000803 0.000258 0.000081 0.000861 
-0.353553 0.353553 0.003261 0.002795 0.002797 0.000826 0.004118 0.000683 0.000170 0.000183 0.000153 0.000141 
-0.404508 0.293893 0.003609 0.003151 0.002252 0.002073 0.003921 0.000547 0.000245 0.000230 0.000107 0.000029 
-1.618034 1.175571 0.020082 0.016929 0.011380 0.011566 0.011845 0.002331 0.001382 0.000420 0.000413 0.000960 
-1.782013 0.907981 0.021745 0.019210 0.008700 0.014674 0.010235 0.000506 0.001277 0.000425 0.000510 0.000618 
-1.314653 0.955151 0.013356 0.009520 0.011206 0.012922 0.012703 0.006301 0.000812 0.002509 0.000455 0.002123 
-1.430120 0.730696 0.016331 0.014901 0.003572 0.018158 0.010569 0.000876 0.000339 0.002080 0.000181 0.002546 
-1.782013 0.907981 0.021745 0.019210 0.008700 0.014674 0.010235 0.000506 0.001277 0.000425 0.000510 0.000618 
-1.902113 0.618034 0.022154 0.020068 0.007355 0.017237 0.007923 0.002995 0.001513 0.000231 0.000426 0.000310 
-1.430120 0.730696 0.016331 0.014901 0.003572 0.018158 0.010569 0.000876 0.000339 0.002080 0.000181 0.002546 
-1.523647 0.495063 0.016558 0.015338 0.001863 0.020784 0.007558 0.001839 0.001135 0.001901 0.001062 0.002303 
-1.314653 0.955151 0.013356 0.009520 0.011206 0.012922 0.012703 0.006301 0.000812 0.002509 0.000455 0.002123 
-1.430120 0.730696 0.016331 0.014901 0.003572 0.018158 0.010569 0.000876 0.000339 0.002080 0.000181 0.002546 
-1.011271 0.734732 0.003038 0.005581 0.005487 0.007691 0.007543 0.003086 0.000619 0.001249 0.000426 0.001129 
-1.078227 0.553412 0.002443 0.006205 0.001994 0.009854 0.006893 0.000142 0.001296 0.000635 0.000154 0.000118 
-1.430120 0.730696 0.016331 0.014901 0.003572 0.018158 0.010569 0.000876 0.000339 0.002080 0.000181 0.002546 
-1.523647 0.495063 0.016558 0.015338 0.001863 0.020784 0.007558 0.001839 0.001135 0.001901 0.001062 0.002303 
-1.078227 0.553412 0.002443 0.006205 0.001994 0.009854 0.006893 0.000142 0.001296 0.000635 0.000154 0.000118 
-1.145182 0.372092 0.004970 0.007568 0.001871 0.011697 0.004739 0.001763 0.000707 0.001025 0.000713 0.001112 
-1.902113 0.618034 0.022154 0.020068 0.007355 0.017237 0.007923 0.002995 0.001513 0.000231 0.000426 0.000310 
-1.975377 0.312869 0.021745 0.020655 0.004253 0.019163 0.004056 0.004995 0.001720 0.000042 0.000339 0.000164 
-1.523647 0.495063 0.016558 0.015338 0.001863 0.020784 0.007558 0.001839 0.001135 0.001901 0.001062 0.002303 
-1.586484 0.249458 0.016331 0.014154 0.005869 0.022239 0.004952 0.003205 0.001911 0.001006 0.002057 0.000536 
-1.975377 0.312869 0.021745 0.020655 0.004253 0.019163 0.004056 0.004995 0.001720 0.000042 0.000339 0.000164 
-2.000000 0.000000 0.020082 0.020385 0.000744 0.019640 0.000731 0.005744 0.001759 0.000042 0.000505 0.000103 
-1.586484 0.249458 0.016331 0.014154 0.005869 0.022239 0.004952 0.003205 0.001911 0.001006 0.002057 0.000536 
-1.625000 0.000000 0.013356 0.014289 0.003470 0.022716 0.000777 0.003492 0.002416 0.000097 0.002478 0.000619 
-1.523647 0.495063 0.016558 0.015338 0.001863 0.020784 0.007558 0.001839 0.001135 0.001901 0.001062 0.002303 
-1.586484 0.249458 0.016331 0.014154 0.005869 0.022239 0.004952 0.003205 0.001911 0.001006 0.002057 0.000536 
-1.145182 0.372092 0.004970 0.007568 0.001871 0.011697 0.004739 0.001763 0.000707 0.001025 0.000713 0.001112 
-1.197591 0.186046 0.004855 0.007622 0.001344 0.012956 0.002483 0.002779 0.000965 0.000907 0.001006 0.000838 
-1.586484 0.249458 0.016331 0.014154 0.005869 0.022239 0.004952 0.003205 0.001911 0.001006 0.002057 0.000536 
-1.625000 0.000000 0.013356 0.014289 0.003470 0.022716 0.000777 0.003492 0.002416 0.000097 0.002478 0.000619 
-1.197591 0.186046 0.004855 0.007622 0.001344 0.012956 0.002483 0.002779 0.000965 0.000907 0.001006 0.000838 
-1.250000 0.000000 0.003038 0.007740 0.001159 0.013274 0.000141 0.002497 0.001242 0.000127 0.001327 0.000085 
-1.011271 0.734732 0.003038 0.005581 0.005487 0.007691 0.007543 0.003086 0.000619 0.001249 0.000426 0.001129 
-1.078227 0.553412 0.002443 0.006205 0.001994 0.009854 0.006893 0.000142 0.001296 0.000635 0.000154 0.000118 
-0.707890 0.514312 0.001521 0.003124 0.002228 0.004752 0.006240 0.000370 0.000803 0.000258 0.000081 0.000861 
-0.761865 0.390204 0.000672 0.003692 0.001679 0.005901 0.005110 0.000625 0.000198 0.001173 0.000363 0.001357 
-1.078227 0.553412 0.002443 0.006205 0.001994 0.009854 0.006893 0.000142 0.001296 0.000635 0.000154 0.000118 
-1.145182 0.372092 0.004970 0.007568 0.001871 0.011697 0.004739 0.001763 0.000707 0.001025 0.000713 0.001112 
-0.761865 0.390204 0.000672 0.003692 0.001679 0.005901 0.005110 0.000625 0.000198 0.001173 0.000363 0.001357 
-0.810355 0.263300 0.000493 0.003700 0.001254 0.007407 0.003622 0.002227 0.000546 0.001007 0.000787 0.001084 
-0.707890 0.514312 0.001521 0.003124 0.002228 0.004752 0.006240 0.000370 0.000803 0.000258 0.000081 0.000861 
-0.761865 0.390204 0.000672 0.003692 0.001679 0.005901 0.005110 0.000625 0.000198 0.001173 0.000363 0.001357 
-0.404508 0.293893 0.003609 0.003151 0.002252 0.002073 0.003921 0.000547 0.000245 0.000230 0.000107 0.000029 
-0.445503 0.226995 0.003247 0.003544 0.001741 0.003100 0.003387 0.001591 0.000338 0.000174 0.000060 0.000050 
-0.761865 0.390204 0.000672 0.003692 0.001679 0.005901 0.005110 0.000625 0.000198 0.001173 0.000363 0.001357 
-0.810355 0.263300 0.000493 0.003700 0.001254 0.007407 0.003622 0.002227 0.000546 0.001007 0.000787 0.001084 
-0.445503 0.226995 0.003247 0.003544 0.001741 0.003100 0.003387 0.001591 0.000338 0.000174 0.000060 0.000050 
-0.475528 0.154508 0.003192 0.003738 0.001247 0.004069 0.002403 0.002571 0.000393 0.000154 0.000052 0.000018 
-1.145182 0.372092 0.004970 0.007568 0.001871 0.011697 0.004739 0.001763 0.000707 0.001025 0.000713 0.001112 
-1.197591 0.186046 0.004855 0.007622 0.001344 0.012956 0.002483 0.002779 0.000965 0.000907 0.001006 0.000838 
-0.810355 0.263300 0.000493 0.003700 0.001254 0.007407 0.003622 0.002227 0.000546 0.001007 0.000787 0.001084 
-0.845718 0.132132 0.000690 0.003948 0.000904 0.008467 0.001733 0.003200 0.000878 0.000708 0.001120 0.000675 
-1.197591 0.186046 0.004855 0.007622 0.001344 0.012956 0.002483 0.002779 0.000965 0.000907 0.001006 0.000838 
-1.250000 0.000000 0.003038 0.007740 0.001159 0.013274 0.000141 0.002497 0.001242 0.000127 0.001327 0.000085 
-0.845718 0.132132 0.000690 0.003948 0.000904 0.008467 0.001733 0.003200 0.000878 0.000708 0.001120 0.000675 
-0.875000 0.000000 0.001264 0.004227 0.000217 0.008563 0.000066 0.003115 0.000805 0.000080 0.001020 0.000026 
-0.810355 0.263300 0.000493 0.003700 0.001254 0.007407 0.003622 0.002227 0.000546 0.001007 0.000787 0.001084 
-0.845718 0.132132 0.000690 0.003948 0.000904 0.008467 0.001733 0.003200 0.000878 0.000708 0.001120 0.000675 
-0.475528 0.154508 0.003192 0.003738 0.001247 0.004069 0.002403 0.002571 0.000393 0.000154 0.000052 0.000018 
-0.493844 0.078217 0.003261 0.003905 0.000620 0.004693 0.001205 0.003184 0.000458 0.000055 0.000006 0.000017 
-0.845718 0.132132 0.000690 0.003948 0.000904 0.008467 0.001733 0.003200 0.000878 0.000708 0.001120 0.000675 
-0.875000 0.000000 0.001264 0.004227 0.000217 0.008563 0.000066 0.003115 0.000805 0.000080 0.001020 0.000026 
-0.493844 0.078217 0.003261 0.003905 0.000620 0.004693 0.001205 0.003184 0.000458 0.000055 0.000006 0.000017 
-0.500000 0.000000 0.003609 0.003873 0.000031 0.004897 0.000034 0.003370 0.000490 0.000032 0.000054 0.000035 
-2.000000 0.000000 0.020082 0.020385 0.000744 0.019640 0.000731 0.005744 0.001759 0.000042 0.000505 0.000103 
-1.975377 -0.312869 0.021745 0.020655 0.004253 0.019163 0.004056 0.004995 0.001720 0.000042 0.000339 0.000164 
-1.625000 0.000000 0.013356 0.014289 0.003470 0.022716 0.000777 0.003492 0.002416 0.000097 0.002478 0.000619 
-1.586484 -0.249458 0.016240 0.015104 0.000089 0.022508 0.003989 0.003432 0.001745 0.001407 0.001756 0.001690 
-1.975377 -0.312869 0.021745 0.020655 0.004253 0.019163 0.004056 0.004995 0.001720 0.000042 0.000339 0.000164 
-1.902113 -0.618034 0.022154 0.020068 0.007355 0.017237 0.007923 0.002995 0.001513 0.000231 0.000426 0.000310 
-1.586484 -0.249458 0.016240 0.015104 0.000089 0.022508 0.003989 0.003432 0.001745 0.001407 0.001756 0.001690 
-1.523647 -0.495063 0.016558 0.015338 0.001863 0.020784 0.007558 0.001839 0.001135 0.001901 0.001062 0.002303 
-1.625000 0.000000 0.013356 0.014289 0.003470 0.022716 0.000777 0.003492 0.002416 0.000097 0.002478 0.000619 
-1.586484 -0.249458 0.016240 0.015104 0.000089 0.022508 0.003989 0.003432 0.001745 0.001407 0.001756 0.001690 
-1.250000 0.000000 0.003038 0.007740 0.001159 0.013274 0.000141 0.002497 0.001242 0.000127 0.001327 0.000085 
-1.197591 -0.186046 0.004880 0.007449 0.002419 0.012945 0.002731 0.002812 0.000972 0.000804 0.001042 0.000621 
-1.586484 -0.249458 0.016240 0.015104 0.000089 0.022508 0.003989 0.003432 0.001745 0.001407 0.001756 0.001690 
-1.523647 -0.495063 0.016558 0.015338 0.001863 0.020784 0.007558 0.001839 0.001135 0.001901 0.001062 0.002303 
-1.197591 -0.186046 0.004880 0.007449 0.002419 0.012945 0.002731 0.002812 0.000972 0.000804 0.001042 0.000621 
-1.145182 -0.372092 0.004970 0.007568 0.001871 0.011697 0.004739 0.001763 0.000707 0.001025 0.000713 0.001112 
-1.902113 -0.618034 0.022154 0.020068 0.007355 0.017237 0.007923 0.002995 0.001513 0.000231 0.000426 0.000310 
-1.782013 -0.907981 0.021745 0.019210 0.008700 0.014674 0.010235 0.000506 0.001277 0.000425 0.000510 0.000618 
-1.523647 -0.495063 0.016558 0.015338 0.001863 0.020784 0.007558 0.001839 0.001135 0.001901 0.001062 0.002303 
-1.430120 -0.730696 0.016331 0.014901 0.003572 0.018158 0.010569 0.000876 0.000339 0.002080 0.000181 0.002546 
-1.782013 -0.907981 0.021745 0.019210 0.008700 0.014674 0.010235 0.000506 0.001277 0.000425 0.000510 0.000618 
-1.618034 -1.175571 0.020082 0.016929 0.011380 0.011566 0.011845 0.002331 0.001382 0.000420 0.000413 0.000960 
-1.430120 -0.730696 0.016331 0.014901 0.003572 0.018158 0.010569 0.000876 0.000339 0.002080 0.000181 0.002546 
-1.314653 -0.955151 0.011201 0.008893 0.008444 0.014156 0.013836 0.003973 0.001808 0.001727 0.000342 0.000115 
-1.523647 -0.495063 0.016558 0.015338 0.001863 0.020784 0.007558 0.001839 0.001135 0.001901 0.001062 0.002303 
-1.430120 -0.730696 0.016331 0.014901 0.003572 0.018158 0.010569 0.000876 0.000339 0.002080 0.000181 0.002546 
-1.145182 -0.372092 0.004970 0.007568 0.001871 0.011697 0.004739 0.001763 0.000707 0.001025 0.000713 0.001112 
-1.078227 -0.553412 0.004855 0.006957 0.003393 0.009880 0.006715 0.000296 0.000544 0.001202 0.000537 0.001282 
-1.430120 -0.730696 0.016331 0.014901 0.003572 0.018158 0.010569 0.000876 0.000339 0.002080 0.000181 0.002546 
-1.314653 -0.955151 0.011201 0.008893 0.008444 0.014156 0.013836 0.003973 0.001808 0.001727 0.000342 0.000115 
-1.078227 -0.553412 0.004855 0.006957 0.003393 0.009880 0.006715 0.000296 0.000544 0.001202 0.000537 0.001282 
-1.011271 -0.734732 0.003038 0.005581 0.005487 0.007691 0.007543 0.003086 0.000619 0.001249 0.000426 0.001129 
-1.250000 0.000000 0.003038 0.007740 0.001159 0.013274 0.000141 0.002497 0.001242 0.000127 0.001327 0.000085 
-1.197591 -0.186046 0.004880 0.007449 0.002419 0.012945 0.002731 0.002812 0.000972 0.000804 0.001042 0.000621 
-0.875000 0.000000 0.001264 0.004227 0.000217 0.008563 0.000066 0.003115 0.000805 0.000080 0.001020 0.000026 
-0.845718 -0.132132 0.000672 0.003974 0.000811 0.008506 0.001524 0.003231 0.000879 0.000696 0.001120 0.000644 
-1.197591 -0.186046 0.004880 0.007449 0.002419 0.012945 0.002731 0.002812 0.000972 0.000804 0.001042 0.000621 
-1.145182 -0.372092 0.004970 0.007568 0.001871 0.011697 0.004739 0.001763 0.000707 0.001025 0.000713 0.001112 
-0.845718 -0.132132 0.000672 0.003974 0.000811 0.008506 0.001524 0.003231 0.000879 0.000696 0.001120 0.000644 
-0.810355 -0.263300 0.000493 0.003730 0.001160 0.007522 0.003462 0.002343 0.000571 0.000988 0.000811 0.001067 
-0.875000 0.000000 0.001264 0.004227 0.000217 0.008563 0.000066 0.003115 0.000805 0.000080 0.001020 0.000026 
-0.845718 -0.132132 0.000672 0.003974 0.000811 0.008506 0.001524 0.003231 0.000879 0.000696 0.001120 0.000644 
-0.500000 0.000000 0.003609 0.003873 0.000031 0.004897 0.000034 0.003370 0.000490 0.000032 0.000054 0.000035 
-0.493844 -0.078217 0.003247 0.003891 0.000675 0.004701 0.001184 0.003192 0.000441 0.000087 0.000013 0.000035 
-0.845718 -0.132132 0.000672 0.003974 0.000811 0.008506 0.001524 0.003231 0.000879 0.000696 0.001120 0.000644 
-0.810355 -0.263300 0.000493 0.003730 0.001160 0.007522 0.003462 0.002343 0.000571 0.000988 0.000811 0.001067 
-0.493844 -0.078217 0.003247 0.003891 0.000675 0.004701 0.001184 0.003192 0.000441 0.000087 0.000013 0.000035 
-0.475528 -0.154508 0.003192 0.003738 0.001247 0.004069 0.002403 0.002571 0.000393 0.000154 0.000052 0.000018 
-1.145182 -0.372092 0.004970 0.007568 0.001871 0.011697 0.004739 0.001763 0.000707 0.001025 0.000713 0.001112 
-1.078227 -0.553412 0.004855 0.006957 0.003393 0.009880 0.006715 0.000296 0.000544 0.001202 0.000537 0.001282 
-0.810355 -0.263300 0.000493 0.003730 0.001160 0.007522 0.003462 0.002343 0.000571 0.000988 0.000811 0.001067 
-0.761865 -0.390204 0.000296 0.003200 0.001610 0.006179 0.005138 0.001257 0.000618 0.000252 0.000313 0.000721 
-1.078227 -0.553412 0.004855 0.006957 0.003393 0.009880 0.006715 0.000296 0.000544 0.001202 0.000537 0.001282 
-1.011271 -0.734732 0.003038 0.005581 0.005487 0.007691 0.007543 0.003086 0.000619 0.001249 0.000426 0.001129 
-0.761865 -0.390204 0.000296 0.003200 0.001610 0.006179 0.005138 0.001257 0.000618 0.000252 0.000313 0.000721 
-0.707890 -0.514312 0.001264 0.003548 0.002309 0.004465 0.005574 0.000983 0.000343 0.000897 0.000200 0.001067 
-0.810355 -0.263300 0.000493 0.003730 0.001160 0.007522 0.003462 0.002343 0.000571 0.000988 0.000811 0.001067 
-0.761865 -0.390204 0.000296 0.003200 0.001610 0.006179 0.005138 0.001257 0.000618 0.000252 0.000313 0.000721 
-0.475528 -0.154508 0.003192 0.003738 0.001247 0.004069 0.002403 0.002571 0.000393 0.000154 0.000052 0.000018 
-0.445503 -0.226995 0.003261 0.003524 0.001794 0.003117 0.003374 0.001608 0.000304 0.000177 0.000103 0.000031 
-0.761865 -0.390204 0.000296 0.003200 0.001610 0.006179 0.005138 0.001257 0.000618 0.000252 0.000313 0.000721 
-0.707890 -0.514312 0.001264 0.003548 0.002309 0.004465 0.005574 0.000983 0.000343 0.000897 0.000200 0.001067 
-0.445503 -0.226995 0.003261 0.003524 0.001794 0.003117 0.003374 0.001608 0.000304 0.000177 0.000103 0.000031 
-0.404508 -0.293893 0.003609 0.003116 0.002301 0.002008 0.003942 0.000482 0.000184 0.000208 0.000171 0.000046 
-1.618034 -1.175571 0.020082 0.016929 0.011380 0.011566 0.011845 0.002331 0.001382 0.000420 0.000413 0.000960 
-1.414214 -1.414214 0.021745 0.014210 0.015581 0.006959 0.012742 0.007209 0.001113 0.000514 0.000432 0.000863 
-1.314653 -0.955151 0.011201 0.008893 0.008444 0.014156 0.013836 0.003973 0.001808 0.001727 0.000342 0.000115 
-1.136865 -1.134327 0.016240 0.012167 0.008949 0.009752 0.013568 0.009324 0.001829 0.001152 0.001986 0.001388 
-1.414214 -1.414214 0.021745 0.014210 0.015581 0.006959 0.012742 0.007209 0.001113 0.000514 0.000432 0.000863 
-1.175571 -1.618034 0.022154 0.013196 0.016813 0.003594 0.012356 0.010648 0.000732 0.000462 0.000382 0.001215 
-1.136865 -1.134327 0.016240 0.012167 0.008949 0.009752 0.013568 0.009324 0.001829 0.001152 0.001986 0.001388 
-0.941666 -1.296092 0.016558 0.006512 0.014012 0.004763 0.012763 0.014181 0.002320 0.001033 0.001960 0.000839 
-1.314653 -0.955151 0.011201 0.008893 0.008444 0.014156 0.013836 0.003973 0.001808 0.001727 0.000342 0.000115 
-1.136865 -1.134327 0.016240 0.012167 0.008949 0.009752 0.013568 0.009324 0.001829 0.001152 0.001986 0.001388 
-1.011271 -0.734732 0.003038 0.005581 0.005487 0.007691 0.007543 0.003086 0.000619 0.001249 0.000426 0.001129 
-0.859516 -0.854441 0.002443 0.003814 0.005285 0.004864 0.008514 0.004848 0.000239 0.000592 0.000701 0.000628 
-1.136865 -1.134327 0.016240 0.012167 0.008949 0.009752 0.013568 0.009324 0.001829 0.001152 0.001986 0.001388 
-0.941666 -1.296092 0.016558 0.006512 0.014012 0.004763 0.012763 0.014181 0.002320 0.001033 0.001960 0.000839 
-0.859516 -0.854441 0.002443 0.003814 0.005285 0.004864 0.008514 0.004848 0.000239 0.000592 0.000701 0.000628 
-0.707761 -0.974150 0.004970 0.005022 0.005962 0.002539 0.007865 0.007394 0.001181 0.000335 0.001227 0.000409 
-1.175571 -1.618034 0.022154 0.013196 0.016813 0.003594 0.012356 0.010648 0.000732 0.000462 0.000382 0.001215 
-0.907981 -1.782013 0.021745 0.010428 0.018329 0.000304 0.010381 0.014472 0.000488 0.000363 0.000345 0.001531 
-0.941666 -1.296092 0.016558 0.006512 0.014012 0.004763 0.012763 0.014181 0.002320 0.001033 0.001960 0.000839 
-0.727499 -1.431749 0.016240 0.004752 0.014337 0.001390 0.010851 0.017686 0.002492 0.000184 0.002219 0.000107 
-0.907981 -1.782013 0.021745 0.010428 0.018329 0.000304 0.010381 0.014472 0.000488 0.000363 0.000345 0.001531 
-0.618034 -1.902113 0.020082 0.007007 0.019157 0.002890 0.008052 0.016786 0.000398 0.000553 0.000243 0.001619 
-0.727499 -1.431749 0.016240 0.004752 0.014337 0.001390 0.010851 0.017686 0.002492 0.000184 0.002219 0.000107 
-0.502153 -1.545467 0.013356 0.007715 0.012517 0.000533 0.008331 0.019757 0.001500 0.001686 0.001978 0.001467 
-0.941666 -1.296092 0.016558 0.006512 0.014012 0.004763 0.012763 0.014181 0.002320 0.001033 0.001960 0.000839 
-0.727499 -1.431749 0.016240 0.004752 0.014337 0.001390 0.010851 0.017686 0.002492 0.000184 0.002219 0.000107 
-0.707761 -0.974150 0.004970 0.005022 0.005962 0.002539 0.007865 0.007394 0.001181 0.000335 0.001227 0.000409 
-0.547016 -1.081485 0.004855 0.003634 0.006834 0.000182 0.006633 0.009994 0.001289 0.000120 0.001341 0.000180 
-0.727499 -1.431749 0.016240 0.004752 0.014337 0.001390 0.010851 0.017686 0.002492 0.000184 0.002219 0.000107 
-0.502153 -1.545467 0.013356 0.007715 0.012517 0.000533 0.008331 0.019757 0.001500 0.001686 0.001978 0.001467 
-0.547016 -1.081485 0.004855 0.003634 0.006834 0.000182 0.006633 0.009994 0.001289 0.000120 0.001341 0.000180 
-0.386271 -1.188821 0.003038 0.003494 0.007004 0.000908 0.004749 0.011685 0.000969 0.000744 0.001144 0.000597 
-1.011271 -0.734732 0.003038 0.005581 0.005487 0.007691 0.007543 0.003086 0.000619 0.001249 0.000426 0.001129 
-0.859516 -0.854441 0.002443 0.003814 0.005285 0.004864 0.008514 0.004848 0.000239 0.000592 0.000701 0.000628 
-0.707890 -0.514312 0.001264 0.003548 0.002309 0.004465 0.005574 0.000983 0.000343 0.000897 0.000200 0.001067 
-0.606535 -0.603997 0.000672 0.002738 0.002992 0.003001 0.006052 0.002274 0.001146 0.000772 0.000920 0.000872 
-0.859516 -0.854441 0.002443 0.003814 0.005285 0.004864 0.008514 0.004848 0.000239 0.000592 0.000701 0.000628 
-0.707761 -0.974150 0.004970 0.005022 0.005962 0.002539 0.007865 0.007394 0.001181 0.000335 0.001227 0.000409 
-0.606535 -0.603997 0.000672 0.002738 0.002992 0.003001 0.006052 0.002274 0.001146 0.000772 0.000920 0.000872 
-0.500827 -0.689329 0.000103 0.002087 0.002793 0.000576 0.006017 0.004310 0.000856 0.000079 0.000231 0.000745 
-0.707890 -0.514312 0.001264 0.003548 0.002309 0.004465 0.005574 0.000983 0.000343 0.000897 0.000200 0.001067 
-0.606535 -0.603997 0.000672 0.002738 0.002992 0.003001 0.006052 0.002274 0.001146 0.000772 0.000920 0.000872 
-0.404508 -0.293893 0.003609 0.003116 0.002301 0.002008 0.003942 0.000482 0.000184 0.000208 0.000171 0.000046 
-0.353553 -0.353553 0.003247 0.002751 0.002833 0.000848 0.004119 0.000661 0.000151 0.000150 0.000186 0.000160 
-0.606535 -0.603997 0.000672 0.002738 0.002992 0.003001 0.006052 0.002274 0.001146 0.000772 0.000920 0.000872 
-0.500827 -0.689329 0.000103 0.002087 0.002793 0.000576 0.006017 0.004310 0.000856 0.000079 0.000231 0.000745 
-0.353553 -0.353553 0.003247 0.002751 0.002833 0.000848 0.004119 0.000661 0.000151 0.000150 0.000186 0.000160 
-0.293893 -0.404508 0.003192 0.002292 0.003206 0.000510 0.003900 0.002009 0.000077 0.000112 0.000203 0.000259 
-0.707761 -0.974150 0.004970 0.005022 0.005962 0.002539 0.007865 0.007394 0.001181 0.000335 0.001227 0.000409 
-0.547016 -1.081485 0.004855 0.003634 0.006834 0.000182 0.006633 0.009994 0.001289 0.000120 0.001341 0.000180 
-0.500827 -0.689329 0.000103 0.002087 0.002793 0.000576 0.006017 0.004310 0.000856 0.000079 0.000231 0.000745 
-0.387006 -0.763494 0.000690 0.002080 0.003475 0.001067 0.004831 0.006334 0.001301 0.000117 0.001258 0.000124 
-0.547016 -1.081485 0.004855 0.003634 0.006834 0.000182 0.006633 0.009994 0.001289 0.000120 0.001341 0.000180 
-0.386271 -1.188821 0.003038 0.003494 0.007004 0.000908 0.004749 0.011685 0.000969 0.000744 0.001144 0.000597 
-0.387006 -0.763494 0.000690 0.002080 0.003475 0.001067 0.004831 0.006334 0.001301 0.000117 0.001258 0.000124 
-0.270390 -0.832174 0.001264 0.001513 0.003953 0.002039 0.003378 0.007487 0.000833 0.000570 0.000817 0.000348 
-0.500827 -0.689329 0.000103 0.002087 0.002793 0.000576 0.006017 0.004310 0.000856 0.000079 0.000231 0.000745 
-0.387006 -0.763494 0.000690 0.002080 0.003475 0.001067 0.004831 0.006334 0.001301 0.000117 0.001258 0.000124 
-0.293893 -0.404508 0.003192 0.002292 0.003206 0.000510 0.003900 0.002009 0.000077 0.000112 0.000203 0.000259 
-0.226995 -0.445503 0.003261 0.001797 0.003523 0.001724 0.003290 0.003233 0.000038 0.000062 0.000170 0.000345 
-0.387006 -0.763494 0.000690 0.002080 0.003475 0.001067 0.004831 0.006334 0.001301 0.000117 0.001258 0.000124 
-0.270390 -0.832174 0.001264 0.001513 0.003953 0.002039 0.003378 0.007487 0.000833 0.000570 0.000817 0.000348 
-0.226995 -0.445503 0.003261 0.001797 0.003523 0.001724 0.003290 0.003233 0.000038 0.000062 0.000170 0.000345 
-0.154508 -0.475528 0.003609 0.001168 0.003693 0.002601 0.002402 0.004128 0.000009 0.000019 0.000147 0.000433 
-0.618034 -1.902113 0.020082 0.007007 0.019157 0.002890 0.008052 0.016786 0.000398 0.000553 0.000243 0.001619 
-0.312869 -1.975377 0.021745 0.002338 0.020958 0.005072 0.003819 0.019240 0.000182 0.000410 0.000257 0.001612 
-0.502153 -1.545467 0.013356 0.007715 0.012517 0.000533 0.008331 0.019757 0.001500 0.001686 0.001978 0.001467 
-0.253002 -1.585922 0.016240 0.004583 0.014392 0.003300 0.004396 0.022376 0.000351 0.002250 0.000617 0.002152 
-0.312869 -1.975377 0.021745 0.002338 0.020958 0.005072 0.003819 0.019240 0.000182 0.000410 0.000257 0.001612 
-0.000000 -2.000000 0.022154 0.000794 0.021359 0.005720 0.000464 0.019962 0.000072 0.000391 0.000012 0.001620 
-0.253002 -1.585922 0.016240 0.004583 0.014392 0.003300 0.004396 0.022376 0.000351 0.002250 0.000617 0.002152 
-0.000000 -1.602058 0.016558 0.002968 0.015163 0.004121 0.000534 0.023066 0.000606 0.002268 0.000202 0.002213 
-0.502153 -1.545467 0.013356 0.007715 0.012517 0.000533 0.008331 0.019757 0.001500 0.001686 0.001978 0.001467 
-0.253002 -1.585922 0.016240 0.004583 0.014392 0.003300 0.004396 0.022376 0.000351 0.002250 0.000617 0.002152 
-0.386271 -1.188821 0.003038 0.003494 0.007004 0.000908 0.004749 0.011685 0.000969 0.000744 0.001144 0.000597 
-0.193136 -1.196468 0.002443 0.000021 0.006517 0.003239 0.002639 0.012951 0.000096 0.000147 0.000139 0.001686 
-0.253002 -1.585922 0.016240 0.004583 0.014392 0.003300 0.004396 0.022376 0.000351 0.002250 0.000617 0.002152 
-0.000000 -1.602058 0.016558 0.002968 0.015163 0.004121 0.000534 0.023066 0.000606 0.002268 0.000202 0.002213 
-0.193136 -1.196468 0.002443 0.000021 0.006517 0.003239 0.002639 0.012951 0.000096 0.000147 0.000139 0.001686 
-0.000000 -1.204115 0.004970 0.000559 0.007776 0.003264 0.000122 0.013197 0.000100 0.001273 0.000019 0.001240 
-0.000000 -2.000000 0.022154 0.000794 0.021359 0.005720 0.000464 0.019962 0.000072 0.000391 0.000012 0.001620 
0.312869 -1.975377 0.021745 0.002338 0.020958 0.005072 0.003819 0.019240 0.000182 0.000410 0.000257 0.001612 
-0.000000 -1.602058 0.016558 0.002968 0.015163 0.004121 0.000534 0.023066 0.000606 0.002268 0.000202 0.002213 
0.253002 -1.585922 0.016331 0.001208 0.015275 0.003686 0.003471 0.022720 0.001481 0.001905 0.000989 0.001911 
0.312869 -1.975377 0.021745 0.002338 0.020958 0.005072 0.003819 0.019240 0.000182 0.000410 0.000257 0.001612 
0.618034 -1.902113 0.020082 0.005591 0.019617 0.003750 0.006869 0.017646 0.000553 0.000452 0.000205 0.001682 
0.253002 -1.585922 0.016331 0.001208 0.015275 0.003686 0.003471 0.022720 0.001481 0.001905 0.000989 0.001911 
0.502153 -1.545467 0.013356 0.001115 0.014662 0.001446 0.007074 0.020670 0.002513 0.001238 0.001997 0.001341 
-0.000000 -1.602058 0.016558 0.002968 0.015163 0.004121 0.000534 0.023066 0.000606 0.002268 0.000202 0.002213 
0.253002 -1.585922 0.016331 0.001208 0.015275 0.003686 0.003471 0.022720 0.001481 0.001905 0.000989 0.001911 
-0.000000 -1.204115 0.004970 0.000559 0.007776 0.003264 0.000122 0.013197 0.000100 0.001273 0.000019 0.001240 
0.193136 -1.196468 0.004880 0.000001 0.007832 0.002913 0.002421 0.013046 0.000530 0.001218 0.000335 0.001208 
0.253002 -1.585922 0.016331 0.001208 0.015275 0.003686 0.003471 0.022720 0.001481 0.001905 0.000989 0.001911 
0.502153 -1.545467 0.013356 0.001115 0.014662 0.001446 0.007074 0.020670 0.002513 0.001238 0.001997 0.001341 
0.193136 -1.196468 0.004880 0.000001 0.007832 0.002913 0.002421 0.013046 0.000530 0.001218 0.000335 0.001208 
0.386271 -1.188821 0.003038 0.001290 0.007720 0.001074 0.004521 0.011851 0.001184 0.000832 0.000956 0.000815 
-0.386271 -1.188821 0.003038 0.003494 0.007004 0.000908 0.004749 0.011685 0.000969 0.000744 0.001144 0.000597 
-0.193136 -1.196468 0.002443 0.000021 0.006517 0.003239 0.002639 0.012951 0.000096 0.000147 0.000139 0.001686 
-0.270390 -0.832174 0.001264 0.001513 0.003953 0.002039 0.003378 0.007487 0.000833 0.000570 0.000817 0.000348 
-0.135676 -0.845156 0.000672 0.000456 0.004030 0.003006 0.002216 0.008282 0.000549 0.001229 0.000425 0.001015 
-0.193136 -1.196468 0.002443 0.000021 0.006517 0.003239 0.002639 0.012951 0.000096 0.000147 0.000139 0.001686 
-0.000000 -1.204115 0.004970 0.000559 0.007776 0.003264 0.000122 0.013197 0.000100 0.001273 0.000019 0.001240 
-0.135676 -0.845156 0.000672 0.000456 0.004030 0.003006 0.002216 0.008282 0.000549 0.001229 0.000425 0.001015 
-0.000000 -0.852058 0.000493 0.000049 0.003906 0.003436 0.000099 0.008615 0.000015 0.001321 0.000015 0.001068 
-0.270390 -0.832174 0.001264 0.001513 0.003953 0.002039 0.003378 0.007487 0.000833 0.000570 0.000817 0.000348 
-0.135676 -0.845156 0.000672 0.000456 0.004030 0.003006 0.002216 0.008282 0.000549 0.001229 0.000425 0.001015 
-0.154508 -0.475528 0.003609 0.001168 0.003693 0.002601 0.002402 0.004128 0.000009 0.000019 0.000147 0.000433 
-0.078217 -0.493844 0.003247 0.000561 0.003909 0.003134 0.001362 0.004643 0.000030 0.000007 0.000060 0.000455 
-0.135676 -0.845156 0.000672 0.000456 0.004030 0.003006 0.002216 0.008282 0.000549 0.001229 0.000425 0.001015 
-0.000000 -0.852058 0.000493 0.000049 0.003906 0.003436 0.000099 0.008615 0.000015 0.001321 0.000015 0.001068 
-0.078217 -0.493844 0.003247 0.000561 0.003909 0.003134 0.001362 0.004643 0.000030 0.000007 0.000060 0.000455 
-0.000000 -0.500000 0.003192 0.000030 0.003941 0.003349 0.000007 0.004848 0.000029 0.000016 0.000021 0.000481 
-0.000000 -1.204115 0.004970 0.000559 0.007776 0.003264 0.000122 0.013197 0.000100 0.001273 0.000019 0.001240 
0.193136 -1.196468 0.004880 0.000001 0.007832 0.002913 0.002421 0.013046 0.000530 0.001218 0.000335 0.001208 
-0.000000 -0.852058 0.000493 0.000049 0.003906 0.003436 0.000099 0.008615 0.000015 0.001321 0.000015 0.001068 
0.135676 -0.845156 0.000690 0.000360 0.004034 0.003105 0.002027 0.008372 0.000526 0.001244 0.000420 0.001024 
0.193136 -1.196468 0.004880 0.000001 0.007832 0.002913 0.002421 0.013046 0.000530 0.001218 0.000335 0.001208 
0.386271 -1.188821 0.003038 0.001290 0.007720 0.001074 0.004521 0.011851 0.001184 0.000832 0.000956 0.000815 
0.135676 -0.845156 0.000690 0.000360 0.004034 0.003105 0.002027 0.008372 0.000526 0.001244 0.000420 0.001024 
0.270390 -0.832174 0.001264 0.001100 0.004088 0.001961 0.003486 0.007409 0.000831 0.000669 0.000713 0.000480 
-0.000000 -0.852058 0.000493 0.000049 0.003906 0.003436 0.000099 0.008615 0.000015 0.001321 0.000015 0.001068 
0.135676 -0.845156 0.000690 0.000360 0.004034 0.003105 0.002027 0.008372 0.000526 0.001244 0.000420 0.001024 
-0.000000 -0.500000 0.003192 0.000030 0.003941 0.003349 0.000007 0.004848 0.000029 0.000016 0.000021 0.000481 
0.078217 -0.493844 0.003261 0.000617 0.003906 0.003140 0.001340 0.004649 0.000021 0.000013 0.000092 0.000439 
0.135676 -0.845156 0.000690 0.000360 0.004034 0.003105 0.002027 0.008372 0.000526 0.001244 0.000420 0.001024 
0.270390 -0.832174 0.001264 0.001100 0.004088 0.001961 0.003486 0.007409 0.000831 0.000669 0.000713 0.000480 
0.078217 -0.493844 0.003261 0.000617 0.003906 0.003140 0.001340 0.004649 0.000021 0.000013 0.000092 0.000439 
0.154508 -0.475528 0.003609 0.001226 0.003674 0.002561 0.002457 0.004087 0.000052 0.000035 0.000184 0.000381 
0.618034 -1.902113 0.020082 0.005591 0.019617 0.003750 0.006869 0.017646 0.000553 0.000452 0.000205 0.001682 
0.907981 -1.782013 0.021745 0.010428 0.018329 0.000304 0.010381 0.014472 0.000488 0.000363 0.000345 0.001531 
0.502153 -1.545467 0.013356 0.001115 0.014662 0.001446 0.007074 0.020670 0.002513 0.001238 0.001997 0.001341 
0.727499 -1.431749 0.016240 0.004752 0.014337 0.001390 0.010851 0.017686 0.002492 0.000184 0.002219 0.000107 
0.907981 -1.782013 0.021745 0.010428 0.018329 0.000304 0.010381 0.014472 0.000488 0.000363 0.000345 0.001531 
1.175571 -1.618034 0.022154 0.013196 0.016813 0.003594 0.012356 0.010648 0.000732 0.000462 0.000382 0.001215 
0.727499 -1.431749 0.016240 0.004752 0.014337 0.001390 0.010851 0.017686 0.002492 0.000184 0.002219 0.000107 
0.941666 -1.296092 0.016558 0.006512 0.014012 0.004763 0.012763 0.014181 0.002320 0.001033 0.001960 0.000839 
0.502153 -1.545467 0.013356 0.001115 0.014662 0.001446 0.007074 0.020670 0.002513 0.001238 0.001997 0.001341 
0.727499 -1.431749 0.016240 0.004752 0.014337 0.001390 0.010851 0.017686 0.002492 0.000184 0.002219 0.000107 
0.386271 -1.188821 0.003038 0.001290 0.007720 0.001074 0.004521 0.011851 0.001184 0.000832 0.000956 0.000815 
0.547016 -1.081485 0.004880 0.004603 0.006337 0.000298 0.006841 0.009835 0.001160 0.000020 0.001312 0.000103 
0.727499 -1.431749 0.016240 0.004752 0.014337 0.001390 0.010851 0.017686 0.002492 0.000184 0.002219 0.000107 
0.941666 -1.296092 0.016558 0.006512 0.014012 0.004763 0.012763 0.014181 0.002320 0.001033 0.001960 0.000839 
0.547016 -1.081485 0.004880 0.004603 0.006337 0.000298 0.006841 0.009835 0.001160 0.000020 0.001312 0.000103 
0.707761 -0.974150 0.004970 0.004118 0.006619 0.002308 0.007790 0.007626 0.001254 0.000433 0.001170 0.000412 
1.175571 -1.618034 0.022154 0.013196 0.016813 0.003594 0.012356 0.010648 0.000732 0.000462 0.000382 0.001215 
1.414214 -1.414214 0.021745 0.014210 0.015581 0.006959 0.012742 0.007209 0.001113 0.000514 0.000432 0.000863 
0.941666 -1.296092 0.016558 0.006512 0.014012 0.004763 0.012763 0.014181 0.002320 0.001033 0.001960 0.000839 
1.136865 -1.134327 0.011987 0.009944 0.008158 0.008330 0.013797 0.009420 0.000079 0.000882 0.001896 0.001033 
1.414214 -1.414214 0.021745 0.014210 0.015581 0.006959 0.012742 0.007209 0.001113 0.000514 0.000432 0.000863 
1.618034 -1.175571 0.020082 0.016054 0.012584 0.010175 0.012297 0.003722 0.001328 0.000360 0.000540 0.000921 
1.136865 -1.134327 0.011987 0.009944 0.008158 0.008330 0.013797 0.009420 0.000079 0.000882 0.001896 0.001033 
1.314653 -0.955151 0.013356 0.009520 0.011206 0.012922 0.012703 0.006301 0.000812 0.002509 0.000455 0.002123 
0.941666 -1.296092 0.016558 0.006512 0.014012 0.004763 0.012763 0.014181 0.002320 0.001033 0.001960 0.000839 
1.136865 -1.134327 0.011987 0.009944 0.008158 0.008330 0.013797 0.009420 0.000079 0.000882 0.001896 0.001033 
0.707761 -0.974150 0.004970 0.004118 0.006619 0.002308 0.007790 0.007626 0.001254 0.000433 0.001170 0.000412 
0.859516 -0.854441 0.004855 0.005376 0.005568 0.005158 0.008250 0.005018 0.001209 0.000680 0.001135 0.000648 
1.136865 -1.134327 0.011987 0.009944 0.008158 0.008330 0.013797 0.009420 0.000079 0.000882 0.001896 0.001033 
1.314653 -0.955151 0.013356 0.009520 0.011206 0.012922 0.012703 0.006301 0.000812 0.002509 0.000455 0.002123 
0.859516 -0.854441 0.004855 0.005376 0.005568 0.005158 0.008250 0.005018 0.001209 0.000680 0.001135 0.000648 
1.011271 -0.734732 0.003906 0.005159 0.004248 0.008418 0.008886 0.001927 0.001065 0.000556 0.000223 0.000345 
0.386271 -1.188821 0.003038 0.001290 0.007720 0.001074 0.004521 0.011851 0.001184 0.000832 0.000956 0.000815 
0.547016 -1.081485 0.004880 0.004603 0.006337 0.000298 0.006841 0.009835 0.001160 0.000020 0.001312 0.000103 
0.270390 -0.832174 0.001264 0.001100 0.004088 0.001961 0.003486 0.007409 0.000831 0.000669 0.000713 0.000480 
0.387006 -0.763494 0.000672 0.002000 0.003529 0.001214 0.004683 0.006489 0.001278 0.000132 0.001252 0.000114 
0.547016 -1.081485 0.004880 0.004603 0.006337 0.000298 0.006841 0.009835 0.001160 0.000020 0.001312 0.000103 
0.707761 -0.974150 0.004970 0.004118 0.006619 0.002308 0.007790 0.007626 0.001254 0.000433 0.001170 0.000412 
0.387006 -0.763494 0.000672 0.002000 0.003529 0.001214 0.004683 0.006489 0.001278 0.000132 0.001252 0.000114 
0.500827 -0.689329 0.000103 0.002087 0.002793 0.000576 0.006017 0.004310 0.000856 0.000079 0.000231 0.000745 
0.270390 -0.832174 0.001264 0.001100 0.004088 0.001961 0.003486 0.007409 0.000831 0.000669 0.000713 0.000480 
0.387006 -0.763494 0.000672 0.002000 0.003529 0.001214 0.004683 0.006489 0.001278 0.000132 0.001252 0.000114 
0.154508 -0.475528 0.003609 0.001226 0.003674 0.002561 0.002457 0.004087 0.000052 0.000035 0.000184 0.000381 
0.226995 -0.445503 0.003247 0.001844 0.003492 0.001742 0.003277 0.003251 0.000018 0.000105 0.000172 0.000310 
0.387006 -0.763494 0.000672 0.002000 0.003529 0.001214 0.004683 0.006489 0.001278 0.000132 0.001252 0.000114 
0.500827 -0.689329 0.000103 0.002087 0.002793 0.000576 0.006017 0.004310 0.000856 0.000079 0.000231 0.000745 
0.226995 -0.445503 0.003247 0.001844 0.003492 0.001742 0.003277 0.003251 0.000018 0.000105 0.000172 0.000310 
0.293893 -0.404508 0.003192 0.002292 0.003206 0.000510 0.003900 0.002009 0.000077 0.000112 0.000203 0.000259 
0.707761 -0.974150 0.004970 0.004118 0.006619 0.002308 0.007790 0.007626 0.001254 0.000433 0.001170 0.000412 
0.859516 -0.854441 0.004855 0.005376 0.005568 0.005158 0.008250 0.005018 0.001209 0.000680 0.001135 0.000648 
0.500827 -0.689329 0.000103 0.002087 0.002793 0.000576 0.006017 0.004310 0.000856 0.000079 0.000231 0.000745 
0.606535 -0.603997 0.000672 0.002738 0.002992 0.003001 0.006052 0.002274 0.001146 0.000772 0.000920 0.000872 
0.859516 -0.854441 0.004855 0.005376 0.005568 0.005158 0.008250 0.005018 0.001209 0.000680 0.001135 0.000648 
1.011271 -0.734732 0.003906 0.005159 0.004248 0.008418 0.008886 0.001927 0.001065 0.000556 0.000223 0.000345 
0.606535 -0.603997 0.000672 0.002738 0.002992 0.003001 0.006052 0.002274 0.001146 0.000772 0.000920 0.000872 
0.707890 -0.514312 0.001521 0.003084 0.002282 0.004456 0.006336 0.000666 0.000762 0.000250 0.000085 0.000904 
0.500827 -0.689329 0.000103 0.002087 0.002793 0.000576 0.006017 0.004310 0.000856 0.000079 0.000231 0.000745 
0.606535 -0.603997 0.000672 0.002738 0.002992 0.003001 0.006052 0.002274 0.001146 0.000772 0.000920 0.000872 
0.293893 -0.404508 0.003192 0.002292 0.003206 0.000510 0.003900 0.002009 0.000077 0.000112 0.000203 0.000259 
0.353553 -0.353553 0.003261 0.002795 0.002797 0.000826 0.004118 0.000683 0.000170 0.000183 0.000153 0.000141 
0.606535 -0.603997 0.000672 0.002738 0.002992 0.003001 0.006052 0.002274 0.001146 0.000772 0.000920 0.000872 
0.707890 -0.514312 0.001521 0.003084 0.002282 0.004456 0.006336 0.000666 0.000762 0.000250 0.000085 0.000904 
0.353553 -0.353553 0.003261 0.002795 0.002797 0.000826 0.004118 0.000683 0.000170 0.000183 0.000153 0.000141 
0.404508 -0.293893 0.003609 0.003151 0.002252 0.002073 0.003921 0.000547 0.000245 0.000230 0.000107 0.000029 
1.618034 -1.175571 0.020082 0.016054 0.012584 0.010175 0.012297 0.003722 0.001328 0.000360 0.000540 0.000921 
1.782013 -0.907981 0.021745 0.019210 0.008700 0.014674 0.010235 0.000506 0.001277 0.000425 0.000510 0.000618 
1.314653 -0.955151 0.013356 0.009520 0.011206 0.012922 0.012703 0.006301 0.000812 0.002509 0.000455 0.002123 
1.430120 -0.730696 0.011982 0.012492 0.003618 0.016488 0.011556 0.001254 0.002076 0.001558 0.000533 0.000586 
1.782013 -0.907981 0.021745 0.019210 0.008700 0.014674 0.010235 0.000506 0.001277 0.000425 0.000510 0.000618 
1.902113 -0.618034 0.022154 0.020068 0.007355 0.017237 0.007923 0.002995 0.001513 0.000231 0.000426 0.000310 
1.430120 -0.730696 0.011982 0.012492 0.003618 0.016488 0.011556 0.001254 0.002076 0.001558 0.000533 0.000586 
1.523647 -0.495063 0.016558 0.013504 0.007508 0.020156 0.008422 0.001211 0.001437 0.001738 0.001614 0.001370 
1.314653 -0.955151 0.013356 0.009520 0.011206 0.012922 0.012703 0.006301 0.000812 0.002509 0.000455 0.002123 
1.430120 -0.730696 0.011982 0.012492 0.003618 0.016488 0.011556 0.001254 0.002076 0.001558 0.000533 0.000586 
1.011271 -0.734732 0.003906 0.005159 0.004248 0.008418 0.008886 0.001927 0.001065 0.000556 0.000223 0.000345 
1.078227 -0.553412 0.004880 0.007448 0.002421 0.010099 0.006649 0.000034 0.000442 0.001161 0.000392 0.001350 
1.430120 -0.730696 0.011982 0.012492 0.003618 0.016488 0.011556 0.001254 0.002076 0.001558 0.000533 0.000586 
1.523647 -0.495063 0.016558 0.013504 0.007508 0.020156 0.008422 0.001211 0.001437 0.001738 0.001614 0.001370 
1.078227 -0.553412 0.004880 0.007448 0.002421 0.010099 0.006649 0.000034 0.000442 0.001161 0.000392 0.001350 
1.145182 -0.372092 0.004970 0.007568 0.001871 0.011697 0.004739 0.001763 0.000707 0.001025 0.000713 0.001112 
1.902113 -0.618034 0.022154 0.020068 0.007355 0.017237 0.007923 0.002995 0.001513 0.000231 0.000426 0.000310 
1.975377 -0.312869 0.021745 0.020655 0.004253 0.019163 0.004056 0.004995 0.001720 0.000042 0.000339 0.000164 
1.523647 -0.495063 0.016558 0.013504 0.007508 0.020156 0.008422 0.001211 0.001437 0.001738 0.001614 0.001370 
1.586484 -0.249458 0.016331 0.014154 0.005869 0.022239 0.004952 0.003205 0.001911 0.001006 0.002057 0.000536 
1.975377 -0.312869 0.021745 0.020655 0.004253 0.019163 0.004056 0.004995 0.001720 0.000042 0.000339 0.000164 
2.000000 0.000000 0.020082 0.020385 0.000744 0.019640 0.000731 0.005744 0.001759 0.000042 0.000505 0.000103 
1.586484 -0.249458 0.016331 0.014154 0.005869 0.022239 0.004952 0.003205 0.001911 0.001006 0.002057 0.000536 
1.625000 0.000000 0.013356 0.014289 0.003470 0.022716 0.000777 0.003492 0.002416 0.000097 0.002478 0.000619 
1.523647 -0.495063 0.016558 0.013504 0.007508 0.020156 0.008422 0.001211 0.001437 0.001738 0.001614 0.001370 
1.586484 -0.249458 0.016331 0.014154 0.005869 0.022239 0.004952 0.003205 0.001911 0.001006 0.002057 0.000536 
1.145182 -0.372092 0.004970 0.007568 0.001871 0.011697 0.004739 0.001763 0.000707 0.001025 0.000713 0.001112 
1.197591 -0.186046 0.004855 0.007622 0.001344 0.012956 0.002483 0.002779 0.000965 0.000907 0.001006 0.000838 
1.586484 -0.249458 0.016331 0.014154 0.005869 0.022239 0.004952 0.003205 0.001911 0.001006 0.002057 0.000536 
1.625000 0.000000 0.013356 0.014289 0.003470 0.022716 0.000777 0.003492 0.002416 0.000097 0.002478 0.000619 
1.197591 -0.186046 0.004855 0.007622 0.001344 0.012956 0.002483 0.002779 0.000965 0.000907 0.001006 0.000838 
1.250000 0.000000 0.003038 0.007740 0.001159 0.013274 0.000141 0.002497 0.001242 0.000127 0.001327 0.000085 
1.011271 -0.734732 0.003906 0.005159 0.004248 0.008418 0.008886 0.001927 0.001065 0.000556 0.000223 0.000345 
1.078227 -0.553412 0.004880 0.007448 0.002421 0.010099 0.006649 0.000034 0.000442 0.001161 0.000392 0.001350 
0.707890 -0.514312 0.001521 0.003084 0.002282 0.004456 0.006336 0.000666 0.000762 0.000250 0.000085 0.000904 
0.761865 -0.390204 0.000296 0.003200 0.001610 0.006179 0.005138 0.001257 0.000618 0.000252 0.000313 0.000721 
1.078227 -0.553412 0.004880 0.007448 0.002421 0.010099 0.006649 0.000034 0.000442 0.001161 0.000392 0.001350 
1.145182 -0.372092 0.004970 0.007568 0.001871 0.011697 0.004739 0.001763 0.000707 0.001025 0.000713 0.001112 
0.761865 -0.390204 0.000296 0.003200 0.001610 0.006179 0.005138 0.001257 0.000618 0.000252 0.000313 0.000721 
0.810355 -0.263300 0.000493 0.003700 0.001254 0.007407 0.003622 0.002227 0.000546 0.001007 0.000787 0.001084 
0.707890 -0.514312 0.001521 0.003084 0.002282 0.004456 0.006336 0.000666 0.000762 0.000250 0.000085 0.000904 
0.761865 -0.390204 0.000296 0.003200 0.001610 0.006179 0.005138 0.001257 0.000618 0.000252 0.000313 0.000721 
0.404508 -0.293893 0.003609 0.003151 0.002252 0.002073 0.003921 0.000547 0.000245 0.000230 0.000107 0.000029 
0.445503 -0.226995 0.003247 0.003544 0.001741 0.003100 0.003387 0.001591 0.000338 0.000174 0.000060 0.000050 
0.761865 -0.390204 0.000296 0.003200 0.001610 0.006179 0.005138 0.001257 0.000618 0.000252 0.000313 0.000721 
0.810355 -0.263300 0.000493 0.003700 0.001254 0.007407 0.003622 0.002227 0.000546 0.001007 0.000787 0.001084 
0.445503 -0.226995 0.003247 0.003544 0.001741 0.003100 0.003387 0.001591 0.000338 0.000174 0.000060 0.000050 
0.475528 -0.154508 0.003192 0.003757 0.001189 0.004061 0.002415 0.002562 0.000426 0.000132 0.000014 0.000020 
1.145182 -0.372092 0.004970 0.007568 0.001871 0.011697 0.004739 0.001763 0.000707 0.001025 0.000713 0.001112 
1.197591 -0.186046 0.004855 0.007622 0.001344 0.012956 0.002483 0.002779 0.000965 0.000907 0.001006 0.000838 
0.810355 -0.263300 0.000493 0.003700 0.001254 0.007407 0.003622 0.002227 0.000546 0.001007 0.000787 0.001084 
0.845718 -0.132132 0.000690 0.003948 0.000904 0.008467 0.001733 0.003200 0.000878 0.000708 0.001120 0.000675 
1.197591 -0.186046 0.004855 0.007622 0.001344 0.012956 0.002483 0.002779 0.000965 0.000907 0.001006 0.000838 
1.250000 0.000000 0.003038 0.007740 0.001159 0.013274 0.000141 0.002497 0.001242 0.000127 0.001327 0.000085 
0.845718 -0.132132 0.000690 0.003948 0.000904 0.008467 0.001733 0.003200 0.000878 0.000708 0.001120 0.000675 
0.875000 0.000000 0.001264 0.004227 0.000217 0.008563 0.000066 0.003115 0.000805 0.000080 0.001020 0.000026 
0.810355 -0.263300 0.000493 0.003700 0.001254 0.007407 0.003622 0.002227 0.000546 0.001007 0.000787 0.001084 
0.845718 -0.132132 0.000690 0.003948 0.000904 0.008467 0.001733 0.003200 0.000878 0.000708 0.001120 0.000675 
0.475528 -0.154508 0.003192 0.003757 0.001189 0.004061 0.002415 0.002562 0.000426 0.000132 0.000014 0.000020 
0.493844 -0.078217 0.003261 0.003905 0.000620 0.004693 0.001205 0.003184 0.000458 0.000055 0.000006 0.000017 
0.845718 -0.132132 0.000690 0.003948 0.000904 0.008467 0.001733 0.003200 0.000878 0.000708 0.001120 0.000675 
0.875000 0.000000 0.001264 0.004227 0.000217 0.008563 0.000066 0.003115 0.000805 0.000080 0.001020 0.000026 
0.493844 -0.078217 0.003261 0.003905 0.000620 0.004693 0.001205 0.003184 0.000458 0.000055 0.000006 0.000017 
0.500000 0.000000 0.003609 0.003873 0.000031 0.004897 0.000034 0.003370 0.000490 0.000032 0.000054 0.000035 
