#x y at the midpoint of each cell all the error components
2.000000 0.000000 0.017354 0.019212 0.001237 0.021351 0.000910 0.005851 0.001479 0.000026 0.000489 0.000127 
1.618034 1.175571 0.017354 0.014816 0.012293 0.011088 0.013216 0.004412 0.001248 0.000257 0.000433 0.000776 
0.500000 0.000000 0.015998 0.015502 0.000058 0.006969 0.000569 0.008330 0.002494 0.000273 0.001733 0.000235 
0.404508 0.293893 0.015998 0.012507 0.009159 0.001142 0.007451 0.002503 0.000399 0.001867 0.000993 0.001389 
1.618034 1.175571 0.017354 0.014816 0.012293 0.011088 0.013216 0.004412 0.001248 0.000257 0.000433 0.000776 
0.618034 1.902113 0.017354 0.004761 0.018654 0.003788 0.007259 0.019288 0.000570 0.000444 0.000183 0.001380 
0.404508 0.293893 0.015998 0.012507 0.009159 0.001142 0.007451 0.002503 0.000399 0.001867 0.000993 0.001389 
0.154508 0.475528 0.015998 0.004845 0.014725 0.006534 0.004957 0.005174 0.001507 0.000739 0.001778 0.001452 
0.618034 1.902113 0.017354 0.004761 0.018654 0.003788 0.007259 0.019288 0.000570 0.000444 0.000183 0.001380 
-0.618034 1.902113 0.017354 0.004761 0.018654 0.003788 0.007259 0.019288 0.000570 0.000444 0.000183 0.001380 
0.154508 0.475528 0.015998 0.004845 0.014725 0.006534 0.004957 0.005174 0.001507 0.000739 0.001778 0.001452 
-0.154508 0.475528 0.015998 0.004845 0.014725 0.006534 0.004957 0.005174 0.001507 0.000739 0.001778 0.001452 
-0.618034 1.902113 0.017354 0.004761 0.018654 0.003788 0.007259 0.019288 0.000570 0.000444 0.000183 0.001380 
-1.618034 1.175571 0.017354 0.016270 0.010292 0.012818 0.012654 0.002682 0.001137 0.000327 0.000365 0.000953 
-0.154508 0.475528 0.015998 0.004845 0.014725 0.006534 0.004957 0.005174 0.001507 0.000739 0.001778 0.001452 
-0.404508 0.293893 0.015998 0.012575 0.009065 0.002225 0.007099 0.003585 0.000135 0.002015 0.000503 0.001597 
-1.618034 1.175571 0.017354 0.016270 0.010292 0.012818 0.012654 0.002682 0.001137 0.000327 0.000365 0.000953 
-2.000000 0.000000 0.017354 0.019212 0.001237 0.021351 0.000910 0.005851 0.001479 0.000026 0.000489 0.000127 
-0.404508 0.293893 0.015998 0.012575 0.009065 0.002225 0.007099 0.003585 0.000135 0.002015 0.000503 0.001597 
-0.500000 0.000000 0.015998 0.015502 0.000058 0.006969 0.000569 0.008330 0.002494 0.000273 0.001733 0.000235 
-2.000000 0.000000 0.017354 0.019212 0.001237 0.021351 0.000910 0.005851 0.001479 0.000026 0.000489 0.000127 
-1.618034 -1.175571 0.017354 0.016270 0.010292 0.012818 0.012654 0.002682 0.001137 0.000327 0.000365 0.000953 
-0.500000 0.000000 0.015998 0.015502 0.000058 0.006969 0.000569 0.008330 0.002494 0.000273 0.001733 0.000235 
-0.404508 -0.293893 0.015998 0.012507 0.009159 0.001142 0.007451 0.002503 0.000399 0.001867 0.000993 0.001389 
-1.618034 -1.175571 0.017354 0.016270 0.010292 0.012818 0.012654 0.002682 0.001137 0.000327 0.000365 0.000953 
-0.618034 -1.902113 0.017354 0.004761 0.018654 0.003788 0.007259 0.019288 0.000570 0.000444 0.000183 0.001380 
-0.404508 -0.293893 0.015998 0.012507 0.009159 0.001142 0.007451 0.002503 0.000399 0.001867 0.000993 0.001389 
-0.154508 -0.475528 0.015998 0.004735 0.014761 0.007203 0.004036 0.005843 0.001251 0.001159 0.001451 0.001896 
-0.618034 -1.902113 0.017354 0.004761 0.018654 0.003788 0.007259 0.019288 0.000570 0.000444 0.000183 0.001380 
0.618034 -1.902113 0.017354 0.004761 0.018654 0.003788 0.007259 0.019288 0.000570 0.000444 0.000183 0.001380 
-0.154508 -0.475528 0.015998 0.004735 0.014761 0.007203 0.004036 0.005843 0.001251 0.001159 0.001451 0.001896 
0.154508 -0.475528 0.015998 0.004845 0.014725 0.006534 0.004957 0.005174 0.001507 0.000739 0.001778 0.001452 
0.618034 -1.902113 0.017354 0.004761 0.018654 0.003788 0.007259 0.019288 0.000570 0.000444 0.000183 0.001380 
1.618034 -1.175571 0.017354 0.016270 0.010292 0.012818 0.012654 0.002682 0.001137 0.000327 0.000365 0.000953 
0.154508 -0.475528 0.015998 0.004845 0.014725 0.006534 0.004957 0.005174 0.001507 0.000739 0.001778 0.001452 
0.404508 -0.293893 0.015998 0.012575 0.009065 0.002225 0.007099 0.003585 0.000135 0.002015 0.000503 0.001597 
1.618034 -1.175571 0.017354 0.016270 0.010292 0.012818 0.012654 0.002682 0.001137 0.000327 0.000365 0.000953 
2.000000 0.000000 0.017354 0.019212 0.001237 0.021351 0.000910 0.005851 0.001479 0.000026 0.000489 0.000127 
0.404508 -0.293893 0.015998 0.012575 0.009065 0.002225 0.007099 0.003585 0.000135 0.002015 0.000503 0.001597 
0.500000 0.000000 0.015998 0.015502 0.000058 0.006969 0.000569 0.008330 0.002494 0.000273 0.001733 0.000235 
