#x y at the midpoint of each cell all the error components
1.000000 1.000000 3.144000 0.161658 0.027912 0.008098 0.021978 0.008098 
0.777778 1.000000 2.772406 0.169792 0.011252 0.000932 0.008276 0.013902 
1.000000 0.777778 3.186127 0.202187 0.012682 0.013902 0.008276 0.000932 
0.777778 0.777778 2.742880 0.198895 0.018324 0.004872 0.005582 0.004872 
1.000000 0.777778 3.186127 0.202187 0.012682 0.013902 0.008276 0.000932 
0.777778 0.777778 2.742880 0.198895 0.018324 0.004872 0.005582 0.004872 
1.000000 0.555556 3.200710 0.227188 0.000194 0.013359 0.001624 0.002808 
0.777778 0.555556 2.699030 0.225459 0.024853 0.006761 0.002321 0.000564 
1.000000 0.555556 3.200710 0.227188 0.000194 0.013359 0.001624 0.002808 
0.777778 0.555556 2.699030 0.225459 0.024853 0.006761 0.002321 0.000564 
1.000000 0.333333 3.192706 0.245093 0.005911 0.012146 0.000443 0.003208 
0.777778 0.333333 2.640659 0.253162 0.026250 0.007179 0.000357 0.001467 
1.000000 0.333333 3.192706 0.245093 0.005911 0.012146 0.000443 0.003208 
0.777778 0.333333 2.640659 0.253162 0.026250 0.007179 0.000357 0.001467 
1.000000 0.111111 3.180767 0.255823 0.003274 0.011430 0.000433 0.003299 
0.777778 0.111111 2.594295 0.275052 0.012141 0.007153 0.000013 0.002247 
1.000000 0.111111 3.180767 0.255823 0.003274 0.011430 0.000433 0.003299 
0.777778 0.111111 2.594295 0.275052 0.012141 0.007153 0.000013 0.002247 
1.000000 -0.111111 3.180741 0.255850 0.003512 0.011430 0.000250 0.003299 
0.777778 -0.111111 2.594226 0.275073 0.012455 0.007158 0.000016 0.002252 
1.000000 -0.111111 3.180741 0.255850 0.003512 0.011430 0.000250 0.003299 
0.777778 -0.111111 2.594226 0.275073 0.012455 0.007158 0.000016 0.002252 
1.000000 -0.333333 3.192624 0.245185 0.005948 0.012146 0.000490 0.003209 
0.777778 -0.333333 2.640659 0.253162 0.026250 0.007179 0.000357 0.001467 
1.000000 -0.333333 3.192624 0.245185 0.005948 0.012146 0.000490 0.003209 
0.777778 -0.333333 2.640659 0.253162 0.026250 0.007179 0.000357 0.001467 
1.000000 -0.555556 3.200562 0.227380 0.000717 0.013354 0.001019 0.002804 
0.777778 -0.555556 2.698597 0.225577 0.023307 0.006824 0.001823 0.000501 
1.000000 -0.555556 3.200562 0.227380 0.000717 0.013354 0.001019 0.002804 
0.777778 -0.555556 2.698597 0.225577 0.023307 0.006824 0.001823 0.000501 
1.000000 -0.777778 3.185919 0.202570 0.014939 0.013927 0.006474 0.000957 
0.777778 -0.777778 2.742880 0.198895 0.018324 0.004872 0.005582 0.004872 
1.000000 -0.777778 3.185919 0.202570 0.014939 0.013927 0.006474 0.000957 
0.777778 -0.777778 2.742880 0.198895 0.018324 0.004872 0.005582 0.004872 
1.000000 -1.000000 3.144000 0.161658 0.027912 0.008098 0.021978 0.008098 
0.777778 -1.000000 2.772406 0.169792 0.011252 0.000932 0.008276 0.013902 
0.777778 1.000000 2.772406 0.169792 0.011252 0.000932 0.008276 0.013902 
0.555556 1.000000 2.390564 0.174140 0.030584 0.002808 0.001624 0.013359 
0.777778 0.777778 2.742880 0.198895 0.018324 0.004872 0.005582 0.004872 
0.555556 0.777778 2.313199 0.189875 0.036218 0.000576 0.002157 0.006749 
0.777778 0.777778 2.742880 0.198895 0.018324 0.004872 0.005582 0.004872 
0.555556 0.777778 2.313199 0.189875 0.036218 0.000576 0.002157 0.006749 
0.777778 0.555556 2.699030 0.225459 0.024853 0.006761 0.002321 0.000564 
0.555556 0.555556 2.213659 0.213541 0.051895 0.002477 0.001365 0.002429 
0.777778 0.555556 2.699030 0.225459 0.024853 0.006761 0.002321 0.000564 
0.555556 0.555556 2.213659 0.213541 0.051895 0.002477 0.001365 0.002429 
0.777778 0.333333 2.640659 0.253162 0.026250 0.007179 0.000357 0.001467 
0.555556 0.333333 2.078246 0.257670 0.062524 0.003355 0.000585 0.000062 
0.777778 0.333333 2.640659 0.253162 0.026250 0.007179 0.000357 0.001467 
0.555556 0.333333 2.078246 0.257670 0.062524 0.003355 0.000585 0.000062 
0.777778 0.111111 2.594295 0.275052 0.012141 0.007153 0.000013 0.002247 
0.555556 0.111111 1.951684 0.311866 0.031528 0.003664 0.000194 0.001177 
0.777778 0.111111 2.594295 0.275052 0.012141 0.007153 0.000013 0.002247 
0.555556 0.111111 1.951684 0.311866 0.031528 0.003664 0.000194 0.001177 
0.777778 -0.111111 2.594226 0.275073 0.012455 0.007158 0.000016 0.002252 
0.555556 -0.111111 1.951585 0.311877 0.031743 0.003668 0.000132 0.001182 
0.777778 -0.111111 2.594226 0.275073 0.012455 0.007158 0.000016 0.002252 
0.555556 -0.111111 1.951585 0.311877 0.031743 0.003668 0.000132 0.001182 
0.777778 -0.333333 2.640659 0.253162 0.026250 0.007179 0.000357 0.001467 
0.555556 -0.333333 2.078246 0.257670 0.062524 0.003355 0.000585 0.000062 
0.777778 -0.333333 2.640659 0.253162 0.026250 0.007179 0.000357 0.001467 
0.555556 -0.333333 2.078246 0.257670 0.062524 0.003355 0.000585 0.000062 
0.777778 -0.555556 2.698597 0.225577 0.023307 0.006824 0.001823 0.000501 
0.555556 -0.555556 2.213659 0.213541 0.051895 0.002477 0.001365 0.002429 
0.777778 -0.555556 2.698597 0.225577 0.023307 0.006824 0.001823 0.000501 
0.555556 -0.555556 2.213659 0.213541 0.051895 0.002477 0.001365 0.002429 
0.777778 -0.777778 2.742880 0.198895 0.018324 0.004872 0.005582 0.004872 
0.555556 -0.777778 2.313199 0.189875 0.036218 0.000576 0.002157 0.006749 
0.777778 -0.777778 2.742880 0.198895 0.018324 0.004872 0.005582 0.004872 
0.555556 -0.777778 2.313199 0.189875 0.036218 0.000576 0.002157 0.006749 
0.777778 -1.000000 2.772406 0.169792 0.011252 0.000932 0.008276 0.013902 
0.555556 -1.000000 2.390564 0.174140 0.030584 0.002808 0.001624 0.013359 
0.555556 1.000000 2.390564 0.174140 0.030584 0.002808 0.001624 0.013359 
0.333333 1.000000 2.002471 0.174537 0.036759 0.003208 0.000443 0.012146 
0.555556 0.777778 2.313199 0.189875 0.036218 0.000576 0.002157 0.006749 
0.333333 0.777778 1.908268 0.175845 0.050880 0.001446 0.000516 0.007158 
0.555556 0.777778 2.313199 0.189875 0.036218 0.000576 0.002157 0.006749 
0.333333 0.777778 1.908268 0.175845 0.050880 0.001446 0.000516 0.007158 
0.555556 0.555556 2.213659 0.213541 0.051895 0.002477 0.001365 0.002429 
0.333333 0.555556 1.772067 0.186170 0.074245 0.000046 0.000662 0.003339 
0.555556 0.555556 2.213659 0.213541 0.051895 0.002477 0.001365 0.002429 
0.333333 0.555556 1.772067 0.186170 0.074245 0.000046 0.000662 0.003339 
0.555556 0.333333 2.078246 0.257670 0.062524 0.003355 0.000585 0.000062 
0.333333 0.333333 1.529593 0.272798 0.086000 0.000840 0.000456 0.000840 
0.555556 0.333333 2.078246 0.257670 0.062524 0.003355 0.000585 0.000062 
0.333333 0.333333 1.529593 0.272798 0.086000 0.000840 0.000456 0.000840 
0.555556 0.111111 1.951684 0.311866 0.031528 0.003664 0.000194 0.001177 
0.333333 0.111111 1.153851 0.381454 0.104190 0.001250 0.000158 0.000377 
0.555556 0.111111 1.951684 0.311866 0.031528 0.003664 0.000194 0.001177 
0.333333 0.111111 1.153851 0.381454 0.104190 0.001250 0.000158 0.000377 
0.555556 -0.111111 1.951585 0.311877 0.031743 0.003668 0.000132 0.001182 
0.333333 -0.111111 1.153736 0.381457 0.104078 0.001252 0.000105 0.000379 
0.555556 -0.111111 1.951585 0.311877 0.031743 0.003668 0.000132 0.001182 
0.333333 -0.111111 1.153736 0.381457 0.104078 0.001252 0.000105 0.000379 
0.555556 -0.333333 2.078246 0.257670 0.062524 0.003355 0.000585 0.000062 
0.333333 -0.333333 1.529240 0.272802 0.085363 0.000845 0.000388 0.000836 
0.555556 -0.333333 2.078246 0.257670 0.062524 0.003355 0.000585 0.000062 
0.333333 -0.333333 1.529240 0.272802 0.085363 0.000845 0.000388 0.000836 
0.555556 -0.555556 2.213659 0.213541 0.051895 0.002477 0.001365 0.002429 
0.333333 -0.555556 1.772067 0.186170 0.074245 0.000046 0.000662 0.003339 
0.555556 -0.555556 2.213659 0.213541 0.051895 0.002477 0.001365 0.002429 
0.333333 -0.555556 1.772067 0.186170 0.074245 0.000046 0.000662 0.003339 
0.555556 -0.777778 2.313199 0.189875 0.036218 0.000576 0.002157 0.006749 
0.333333 -0.777778 1.908268 0.175845 0.050880 0.001446 0.000516 0.007158 
0.555556 -0.777778 2.313199 0.189875 0.036218 0.000576 0.002157 0.006749 
0.333333 -0.777778 1.908268 0.175845 0.050880 0.001446 0.000516 0.007158 
0.555556 -1.000000 2.390564 0.174140 0.030584 0.002808 0.001624 0.013359 
0.333333 -1.000000 2.002471 0.174537 0.036759 0.003208 0.000443 0.012146 
0.333333 1.000000 2.002471 0.174537 0.036759 0.003208 0.000443 0.012146 
0.111111 1.000000 1.615316 0.174110 0.031855 0.003299 0.000433 0.011430 
0.333333 0.777778 1.908268 0.175845 0.050880 0.001446 0.000516 0.007158 
0.111111 0.777778 1.535642 0.161114 0.036878 0.002266 0.000069 0.007172 
0.333333 0.777778 1.908268 0.175845 0.050880 0.001446 0.000516 0.007158 
0.111111 0.777778 1.535642 0.161114 0.036878 0.002266 0.000069 0.007172 
0.333333 0.555556 1.772067 0.186170 0.074245 0.000046 0.000662 0.003339 
0.111111 0.555556 1.429806 0.151792 0.058709 0.001177 0.000194 0.003664 
0.333333 0.555556 1.772067 0.186170 0.074245 0.000046 0.000662 0.003339 
0.111111 0.555556 1.429806 0.151792 0.058709 0.001177 0.000194 0.003664 
0.333333 0.333333 1.529593 0.272798 0.086000 0.000840 0.000456 0.000840 
0.111111 0.333333 1.198476 0.665903 0.074040 0.000377 0.000158 0.001250 
0.333333 0.333333 1.529593 0.272798 0.086000 0.000840 0.000456 0.000840 
0.111111 0.333333 1.198476 0.665903 0.074040 0.000377 0.000158 0.001250 
0.333333 0.111111 1.153851 0.381454 0.104190 0.001250 0.000158 0.000377 
0.111111 0.111111 0.076439 6.908682 12.647989 0.000034 0.000061 0.000034 
0.333333 0.111111 1.153851 0.381454 0.104190 0.001250 0.000158 0.000377 
0.111111 0.111111 0.076439 6.908682 12.647989 0.000034 0.000061 0.000034 
0.333333 -0.111111 1.153736 0.381457 0.104078 0.001252 0.000105 0.000379 
0.111111 -0.111111 0.076320 6.908683 12.647934 0.000034 0.000040 0.000033 
0.333333 -0.111111 1.153736 0.381457 0.104078 0.001252 0.000105 0.000379 
0.111111 -0.111111 0.076320 6.908683 12.647934 0.000034 0.000040 0.000033 
0.333333 -0.333333 1.529240 0.272802 0.085363 0.000845 0.000388 0.000836 
0.111111 -0.333333 1.198476 0.665903 0.074040 0.000377 0.000158 0.001250 
0.333333 -0.333333 1.529240 0.272802 0.085363 0.000845 0.000388 0.000836 
0.111111 -0.333333 1.198476 0.665903 0.074040 0.000377 0.000158 0.001250 
0.333333 -0.555556 1.772067 0.186170 0.074245 0.000046 0.000662 0.003339 
0.111111 -0.555556 1.429806 0.151792 0.058709 0.001177 0.000194 0.003664 
0.333333 -0.555556 1.772067 0.186170 0.074245 0.000046 0.000662 0.003339 
0.111111 -0.555556 1.429806 0.151792 0.058709 0.001177 0.000194 0.003664 
0.333333 -0.777778 1.908268 0.175845 0.050880 0.001446 0.000516 0.007158 
0.111111 -0.777778 1.536470 0.161139 0.041219 0.002247 0.000013 0.007153 
0.333333 -0.777778 1.908268 0.175845 0.050880 0.001446 0.000516 0.007158 
0.111111 -0.777778 1.536470 0.161139 0.041219 0.002247 0.000013 0.007153 
0.333333 -1.000000 2.002471 0.174537 0.036759 0.003208 0.000443 0.012146 
0.111111 -1.000000 1.612683 0.174343 0.031160 0.003261 0.000240 0.011277 
0.111111 1.000000 1.615316 0.174110 0.031855 0.003299 0.000433 0.011430 
-0.111111 1.000000 1.223928 0.179278 0.019928 0.003299 0.000250 0.011430 
0.111111 0.777778 1.535642 0.161114 0.036878 0.002266 0.000069 0.007172 
-0.111111 0.777778 1.183793 0.161286 0.016498 0.002252 0.000016 0.007158 
0.111111 0.777778 1.535642 0.161114 0.036878 0.002266 0.000069 0.007172 
-0.111111 0.777778 1.183793 0.161286 0.016498 0.002252 0.000016 0.007158 
0.111111 0.555556 1.429806 0.151792 0.058709 0.001177 0.000194 0.003664 
-0.111111 0.555556 1.168768 0.143893 0.003347 0.001182 0.000132 0.003668 
0.111111 0.555556 1.429806 0.151792 0.058709 0.001177 0.000194 0.003664 
-0.111111 0.555556 1.168768 0.143893 0.003347 0.001182 0.000132 0.003668 
0.111111 0.333333 1.198476 0.665903 0.074040 0.000377 0.000158 0.001250 
-0.111111 0.333333 1.242986 0.638222 0.161912 0.000379 0.000105 0.001252 
0.111111 0.333333 1.198476 0.665903 0.074040 0.000377 0.000158 0.001250 
-0.111111 0.333333 1.242986 0.638222 0.161912 0.000379 0.000105 0.001252 
0.111111 0.111111 0.076439 6.908682 12.647989 0.000034 0.000061 0.000034 
-0.111111 0.111111 2.107111 6.764479 12.792138 0.000033 0.000040 0.000034 
0.111111 0.111111 0.076439 6.908682 12.647989 0.000034 0.000061 0.000034 
-0.111111 0.111111 2.107111 6.764479 12.792138 0.000033 0.000040 0.000034 
0.111111 -0.111111 0.076320 6.908683 12.647934 0.000034 0.000040 0.000033 
-0.111111 -0.111111 2.106991 6.764479 12.792193 0.000034 0.000026 0.000034 
0.111111 -0.111111 0.076320 6.908683 12.647934 0.000034 0.000040 0.000033 
-0.111111 -0.111111 2.106991 6.764479 12.792193 0.000034 0.000026 0.000034 
0.111111 -0.333333 1.198476 0.665903 0.074040 0.000377 0.000158 0.001250 
-0.111111 -0.333333 1.242986 0.638222 0.161912 0.000379 0.000105 0.001252 
0.111111 -0.333333 1.198476 0.665903 0.074040 0.000377 0.000158 0.001250 
-0.111111 -0.333333 1.242986 0.638222 0.161912 0.000379 0.000105 0.001252 
0.111111 -0.555556 1.429806 0.151792 0.058709 0.001177 0.000194 0.003664 
-0.111111 -0.555556 1.168768 0.143893 0.003347 0.001182 0.000132 0.003668 
0.111111 -0.555556 1.429806 0.151792 0.058709 0.001177 0.000194 0.003664 
-0.111111 -0.555556 1.168768 0.143893 0.003347 0.001182 0.000132 0.003668 
0.111111 -0.777778 1.536470 0.161139 0.041219 0.002247 0.000013 0.007153 
-0.111111 -0.777778 1.183793 0.161286 0.016498 0.002252 0.000016 0.007158 
0.111111 -0.777778 1.536470 0.161139 0.041219 0.002247 0.000013 0.007153 
-0.111111 -0.777778 1.183793 0.161286 0.016498 0.002252 0.000016 0.007158 
0.111111 -1.000000 1.612683 0.174343 0.031160 0.003261 0.000240 0.011277 
-0.111111 -1.000000 1.223953 0.179516 0.019900 0.003299 0.000433 0.011430 
-0.111111 1.000000 1.223928 0.179278 0.019928 0.003299 0.000250 0.011430 
-0.333333 1.000000 0.812152 0.192459 0.007070 0.003209 0.000490 0.012146 
-0.111111 0.777778 1.183793 0.161286 0.016498 0.002252 0.000016 0.007158 
-0.333333 0.777778 0.809129 0.178608 0.004552 0.001467 0.000357 0.007179 
-0.111111 0.777778 1.183793 0.161286 0.016498 0.002252 0.000016 0.007158 
-0.333333 0.777778 0.809129 0.178608 0.004552 0.001467 0.000357 0.007179 
-0.111111 0.555556 1.168768 0.143893 0.003347 0.001182 0.000132 0.003668 
-0.333333 0.555556 0.854746 0.169514 0.032433 0.000062 0.000585 0.003355 
-0.111111 0.555556 1.168768 0.143893 0.003347 0.001182 0.000132 0.003668 
-0.333333 0.555556 0.854746 0.169514 0.032433 0.000062 0.000585 0.003355 
-0.111111 0.333333 1.242986 0.638222 0.161912 0.000379 0.000105 0.001252 
-0.333333 0.333333 1.000704 0.227226 0.040427 0.000840 0.000332 0.000840 
-0.111111 0.333333 1.242986 0.638222 0.161912 0.000379 0.000105 0.001252 
-0.333333 0.333333 1.000704 0.227226 0.040427 0.000840 0.000332 0.000840 
-0.111111 0.111111 2.107111 6.764479 12.792138 0.000033 0.000040 0.000034 
-0.333333 0.111111 1.287249 0.294276 0.131870 0.001253 0.000091 0.000379 
-0.111111 0.111111 2.107111 6.764479 12.792138 0.000033 0.000040 0.000034 
-0.333333 0.111111 1.287249 0.294276 0.131870 0.001253 0.000091 0.000379 
-0.111111 -0.111111 2.106991 6.764479 12.792193 0.000034 0.000026 0.000034 
-0.333333 -0.111111 1.287249 0.294276 0.131870 0.001253 0.000091 0.000379 
-0.111111 -0.111111 2.106991 6.764479 12.792193 0.000034 0.000026 0.000034 
-0.333333 -0.111111 1.287249 0.294276 0.131870 0.001253 0.000091 0.000379 
-0.111111 -0.333333 1.242986 0.638222 0.161912 0.000379 0.000105 0.001252 
-0.333333 -0.333333 1.001059 0.227227 0.039788 0.000836 0.000388 0.000845 
-0.111111 -0.333333 1.242986 0.638222 0.161912 0.000379 0.000105 0.001252 
-0.333333 -0.333333 1.001059 0.227227 0.039788 0.000836 0.000388 0.000845 
-0.111111 -0.555556 1.168768 0.143893 0.003347 0.001182 0.000132 0.003668 
-0.333333 -0.555556 0.854124 0.169529 0.034606 0.000060 0.000546 0.003353 
-0.111111 -0.555556 1.168768 0.143893 0.003347 0.001182 0.000132 0.003668 
-0.333333 -0.555556 0.854124 0.169529 0.034606 0.000060 0.000546 0.003353 
-0.111111 -0.777778 1.183793 0.161286 0.016498 0.002252 0.000016 0.007158 
-0.333333 -0.777778 0.808220 0.178668 0.009053 0.001485 0.000441 0.007197 
-0.111111 -0.777778 1.183793 0.161286 0.016498 0.002252 0.000016 0.007158 
-0.333333 -0.777778 0.808220 0.178668 0.009053 0.001485 0.000441 0.007197 
-0.111111 -1.000000 1.223953 0.179516 0.019900 0.003299 0.000433 0.011430 
-0.333333 -1.000000 0.812152 0.192459 0.007070 0.003209 0.000490 0.012146 
-0.333333 1.000000 0.812152 0.192459 0.007070 0.003209 0.000490 0.012146 
-0.555556 1.000000 0.365051 0.210842 0.005015 0.002804 0.001019 0.013354 
-0.333333 0.777778 0.809129 0.178608 0.004552 0.001467 0.000357 0.007179 
-0.555556 0.777778 0.389699 0.198835 0.016125 0.000501 0.001823 0.006824 
-0.333333 0.777778 0.809129 0.178608 0.004552 0.001467 0.000357 0.007179 
-0.555556 0.777778 0.389699 0.198835 0.016125 0.000501 0.001823 0.006824 
-0.333333 0.555556 0.854746 0.169514 0.032433 0.000062 0.000585 0.003355 
-0.555556 0.555556 0.450618 0.196076 0.034430 0.002429 0.001365 0.002477 
-0.333333 0.555556 0.854746 0.169514 0.032433 0.000062 0.000585 0.003355 
-0.555556 0.555556 0.450618 0.196076 0.034430 0.002429 0.001365 0.002477 
-0.333333 0.333333 1.000704 0.227226 0.040427 0.000840 0.000332 0.000840 
-0.555556 0.333333 0.548568 0.215858 0.045868 0.003339 0.000662 0.000046 
-0.333333 0.333333 1.000704 0.227226 0.040427 0.000840 0.000332 0.000840 
-0.555556 0.333333 0.548568 0.215858 0.045868 0.003339 0.000662 0.000046 
-0.333333 0.111111 1.287249 0.294276 0.131870 0.001253 0.000091 0.000379 
-0.555556 0.111111 0.646382 0.252000 0.023853 0.003671 0.000191 0.001184 
-0.333333 0.111111 1.287249 0.294276 0.131870 0.001253 0.000091 0.000379 
-0.555556 0.111111 0.646382 0.252000 0.023853 0.003671 0.000191 0.001184 
-0.333333 -0.111111 1.287249 0.294276 0.131870 0.001253 0.000091 0.000379 
-0.555556 -0.111111 0.646282 0.251991 0.023635 0.003675 0.000129 0.001188 
-0.333333 -0.111111 1.287249 0.294276 0.131870 0.001253 0.000091 0.000379 
-0.555556 -0.111111 0.646282 0.251991 0.023635 0.003675 0.000129 0.001188 
-0.333333 -0.333333 1.001059 0.227227 0.039788 0.000836 0.000388 0.000845 
-0.555556 -0.333333 0.548568 0.215858 0.045868 0.003339 0.000662 0.000046 
-0.333333 -0.333333 1.001059 0.227227 0.039788 0.000836 0.000388 0.000845 
-0.555556 -0.333333 0.548568 0.215858 0.045868 0.003339 0.000662 0.000046 
-0.333333 -0.555556 0.854124 0.169529 0.034606 0.000060 0.000546 0.003353 
-0.555556 -0.555556 0.450014 0.196070 0.036468 0.002453 0.001192 0.002453 
-0.333333 -0.555556 0.854124 0.169529 0.034606 0.000060 0.000546 0.003353 
-0.555556 -0.555556 0.450014 0.196070 0.036468 0.002453 0.001192 0.002453 
-0.333333 -0.777778 0.808220 0.178668 0.009053 0.001485 0.000441 0.007197 
-0.555556 -0.777778 0.389699 0.198835 0.016125 0.000501 0.001823 0.006824 
-0.333333 -0.777778 0.808220 0.178668 0.009053 0.001485 0.000441 0.007197 
-0.555556 -0.777778 0.389699 0.198835 0.016125 0.000501 0.001823 0.006824 
-0.333333 -1.000000 0.812152 0.192459 0.007070 0.003209 0.000490 0.012146 
-0.555556 -1.000000 0.365200 0.210319 0.005207 0.002808 0.001624 0.013359 
-0.555556 1.000000 0.365051 0.210842 0.005015 0.002804 0.001019 0.013354 
-0.777778 1.000000 0.123849 0.230730 0.021682 0.000957 0.006474 0.013927 
-0.555556 0.777778 0.389699 0.198835 0.016125 0.000501 0.001823 0.006824 
-0.777778 0.777778 0.066647 0.212019 0.027204 0.004726 0.004855 0.005018 
-0.555556 0.777778 0.389699 0.198835 0.016125 0.000501 0.001823 0.006824 
-0.777778 0.777778 0.066647 0.212019 0.027204 0.004726 0.004855 0.005018 
-0.555556 0.555556 0.450618 0.196076 0.034430 0.002429 0.001365 0.002477 
-0.777778 0.555556 0.004301 0.205484 0.032267 0.006749 0.002157 0.000576 
-0.555556 0.555556 0.450618 0.196076 0.034430 0.002429 0.001365 0.002477 
-0.777778 0.555556 0.004301 0.205484 0.032267 0.006749 0.002157 0.000576 
-0.555556 0.333333 0.548568 0.215858 0.045868 0.003339 0.000662 0.000046 
-0.777778 0.333333 0.075609 0.211268 0.029309 0.007197 0.000441 0.001485 
-0.555556 0.333333 0.548568 0.215858 0.045868 0.003339 0.000662 0.000046 
-0.777778 0.333333 0.075609 0.211268 0.029309 0.007197 0.000441 0.001485 
-0.555556 0.111111 0.646382 0.252000 0.023853 0.003671 0.000191 0.001184 
-0.777778 0.111111 0.125140 0.221678 0.012306 0.007177 0.000053 0.002271 
-0.555556 0.111111 0.646382 0.252000 0.023853 0.003671 0.000191 0.001184 
-0.777778 0.111111 0.125140 0.221678 0.012306 0.007177 0.000053 0.002271 
-0.555556 -0.111111 0.646282 0.251991 0.023635 0.003675 0.000129 0.001188 
-0.777778 -0.111111 0.125140 0.221678 0.012306 0.007177 0.000053 0.002271 
-0.555556 -0.111111 0.646282 0.251991 0.023635 0.003675 0.000129 0.001188 
-0.777778 -0.111111 0.125140 0.221678 0.012306 0.007177 0.000053 0.002271 
-0.555556 -0.333333 0.548568 0.215858 0.045868 0.003339 0.000662 0.000046 
-0.777778 -0.333333 0.075609 0.211268 0.029309 0.007197 0.000441 0.001485 
-0.555556 -0.333333 0.548568 0.215858 0.045868 0.003339 0.000662 0.000046 
-0.777778 -0.333333 0.075609 0.211268 0.029309 0.007197 0.000441 0.001485 
-0.555556 -0.555556 0.450014 0.196070 0.036468 0.002453 0.001192 0.002453 
-0.777778 -0.555556 0.003856 0.205391 0.033821 0.006812 0.001737 0.000513 
-0.555556 -0.555556 0.450014 0.196070 0.036468 0.002453 0.001192 0.002453 
-0.777778 -0.555556 0.003856 0.205391 0.033821 0.006812 0.001737 0.000513 
-0.555556 -0.777778 0.389699 0.198835 0.016125 0.000501 0.001823 0.006824 
-0.777778 -0.777778 0.066647 0.212019 0.027204 0.004726 0.004855 0.005018 
-0.555556 -0.777778 0.389699 0.198835 0.016125 0.000501 0.001823 0.006824 
-0.777778 -0.777778 0.066647 0.212019 0.027204 0.004726 0.004855 0.005018 
-0.555556 -1.000000 0.365200 0.210319 0.005207 0.002808 0.001624 0.013359 
-0.777778 -1.000000 0.123849 0.230730 0.021682 0.000957 0.006474 0.013927 
-0.777778 1.000000 0.123849 0.230730 0.021682 0.000957 0.006474 0.013927 
-1.000000 1.000000 0.647392 0.245067 0.055497 0.008098 0.021978 0.008098 
-0.777778 0.777778 0.066647 0.212019 0.027204 0.004726 0.004855 0.005018 
-1.000000 0.777778 0.537362 0.213000 0.045999 0.013902 0.008276 0.000932 
-0.777778 0.777778 0.066647 0.212019 0.027204 0.004726 0.004855 0.005018 
-1.000000 0.777778 0.537362 0.213000 0.045999 0.013902 0.008276 0.000932 
-0.777778 0.555556 0.004301 0.205484 0.032267 0.006749 0.002157 0.000576 
-1.000000 0.555556 0.444946 0.201811 0.035985 0.013359 0.001624 0.002808 
-0.777778 0.555556 0.004301 0.205484 0.032267 0.006749 0.002157 0.000576 
-1.000000 0.555556 0.444946 0.201811 0.035985 0.013359 0.001624 0.002808 
-0.777778 0.333333 0.075609 0.211268 0.029309 0.007197 0.000441 0.001485 
-1.000000 0.333333 0.378084 0.201264 0.023833 0.012146 0.000490 0.003209 
-0.777778 0.333333 0.075609 0.211268 0.029309 0.007197 0.000441 0.001485 
-1.000000 0.333333 0.378084 0.201264 0.023833 0.012146 0.000490 0.003209 
-0.777778 0.111111 0.125140 0.221678 0.012306 0.007177 0.000053 0.002271 
-1.000000 0.111111 0.341497 0.204068 0.008681 0.011430 0.000433 0.003299 
-0.777778 0.111111 0.125140 0.221678 0.012306 0.007177 0.000053 0.002271 
-1.000000 0.111111 0.341497 0.204068 0.008681 0.011430 0.000433 0.003299 
-0.777778 -0.111111 0.125140 0.221678 0.012306 0.007177 0.000053 0.002271 
-1.000000 -0.111111 0.341523 0.204040 0.008443 0.011430 0.000250 0.003299 
-0.777778 -0.111111 0.125140 0.221678 0.012306 0.007177 0.000053 0.002271 
-1.000000 -0.111111 0.341523 0.204040 0.008443 0.011430 0.000250 0.003299 
-0.777778 -0.333333 0.075609 0.211268 0.029309 0.007197 0.000441 0.001485 
-1.000000 -0.333333 0.378084 0.201264 0.023833 0.012146 0.000490 0.003209 
-0.777778 -0.333333 0.075609 0.211268 0.029309 0.007197 0.000441 0.001485 
-1.000000 -0.333333 0.378084 0.201264 0.023833 0.012146 0.000490 0.003209 
-0.777778 -0.555556 0.003856 0.205391 0.033821 0.006812 0.001737 0.000513 
-1.000000 -0.555556 0.445095 0.201619 0.036508 0.013354 0.001019 0.002804 
-0.777778 -0.555556 0.003856 0.205391 0.033821 0.006812 0.001737 0.000513 
-1.000000 -0.555556 0.445095 0.201619 0.036508 0.013354 0.001019 0.002804 
-0.777778 -0.777778 0.066647 0.212019 0.027204 0.004726 0.004855 0.005018 
-1.000000 -0.777778 0.537570 0.212617 0.048256 0.013927 0.006474 0.000957 
-0.777778 -0.777778 0.066647 0.212019 0.027204 0.004726 0.004855 0.005018 
-1.000000 -0.777778 0.537570 0.212617 0.048256 0.013927 0.006474 0.000957 
-0.777778 -1.000000 0.123849 0.230730 0.021682 0.000957 0.006474 0.013927 
-1.000000 -1.000000 0.647392 0.245067 0.055497 0.008098 0.021978 0.008098 
