#x y at the midpoint of each cell all the exact solution components
2.000000 0.000000 1.194839 0.194839 0.000000 0.000000 0.000000 0.000000 0.000000 0.000000 0.000000 0.000000 
1.618034 1.175571 1.194839 0.157628 0.114523 0.000000 0.000000 0.000000 0.000000 0.000000 0.000000 0.000000 
0.500000 0.000000 2.017521 -0.017521 -0.000000 0.000000 0.000000 0.000000 0.000000 0.000000 0.000000 0.000000 
0.404508 0.293893 2.017521 -0.014175 -0.010299 0.000000 0.000000 0.000000 0.000000 0.000000 0.000000 0.000000 
1.618034 1.175571 1.194839 0.157628 0.114523 0.000000 0.000000 0.000000 0.000000 0.000000 0.000000 0.000000 
0.618034 1.902113 1.194839 0.060208 0.185302 0.000000 0.000000 0.000000 0.000000 0.000000 0.000000 0.000000 
0.404508 0.293893 2.017521 -0.014175 -0.010299 0.000000 0.000000 0.000000 0.000000 0.000000 0.000000 0.000000 
0.154508 0.475528 2.017521 -0.005414 -0.016663 0.000000 0.000000 0.000000 0.000000 0.000000 0.000000 0.000000 
0.618034 1.902113 1.194839 0.060208 0.185302 0.000000 0.000000 0.000000 0.000000 0.000000 0.000000 0.000000 
-0.618034 1.902113 1.194839 -0.060208 0.185302 0.000000 0.000000 0.000000 0.000000 0.000000 0.000000 0.000000 
0.154508 0.475528 2.017521 -0.005414 -0.016663 0.000000 0.000000 0.000000 0.000000 0.000000 0.000000 0.000000 
-0.154508 0.475528 2.017521 0.005414 -0.016663 0.000000 0.000000 0.000000 0.000000 0.000000 0.000000 0.000000 
-0.618034 1.902113 1.194839 -0.060208 0.185302 0.000000 0.000000 0.000000 0.000000 0.000000 0.000000 0.000000 
-1.618034 1.175571 1.194839 -0.157628 0.114523 0.000000 0.000000 0.000000 0.000000 0.000000 0.000000 0.000000 
-0.154508 0.475528 2.017521 0.005414 -0.016663 0.000000 0.000000 0.000000 0.000000 0.000000 0.000000 0.000000 
-0.404508 0.293893 2.017521 0.014175 -0.010299 0.000000 0.000000 0.000000 0.000000 0.000000 0.000000 0.000000 
-1.618034 1.175571 1.194839 -0.157628 0.114523 0.000000 0.000000 0.000000 0.000000 0.000000 0.000000 0.000000 
-2.000000 0.000000 1.194839 -0.194839 0.000000 0.000000 0.000000 0.000000 0.000000 0.000000 0.000000 0.000000 
-0.404508 0.293893 2.017521 0.014175 -0.010299 0.000000 0.000000 0.000000 0.000000 0.000000 0.000000 0.000000 
-0.500000 0.000000 2.017521 0.017521 -0.000000 0.000000 0.000000 0.000000 0.000000 0.000000 0.000000 0.000000 
-2.000000 0.000000 1.194839 -0.194839 0.000000 0.000000 0.000000 0.000000 0.000000 0.000000 0.000000 0.000000 
-1.618034 -1.175571 1.194839 -0.157628 -0.114523 0.000000 0.000000 0.000000 0.000000 0.000000 0.000000 0.000000 
-0.500000 0.000000 2.017521 0.017521 -0.000000 0.000000 0.000000 0.000000 0.000000 0.000000 0.000000 0.000000 
-0.404508 -0.293893 2.017521 0.014175 0.010299 0.000000 0.000000 0.000000 0.000000 0.000000 0.000000 0.000000 
-1.618034 -1.175571 1.194839 -0.157628 -0.114523 0.000000 0.000000 0.000000 0.000000 0.000000 0.000000 0.000000 
-0.618034 -1.902113 1.194839 -0.060208 -0.185302 0.000000 0.000000 0.000000 0.000000 0.000000 0.000000 0.000000 
-0.404508 -0.293893 2.017521 0.014175 0.010299 0.000000 0.000000 0.000000 0.000000 0.000000 0.000000 0.000000 
-0.154508 -0.475528 2.017521 0.005414 0.016663 0.000000 0.000000 0.000000 0.000000 0.000000 0.000000 0.000000 
-0.618034 -1.902113 1.194839 -0.060208 -0.185302 0.000000 0.000000 0.000000 0.000000 0.000000 0.000000 0.000000 
0.618034 -1.902113 1.194839 0.060208 -0.185302 0.000000 0.000000 0.000000 0.000000 0.000000 0.000000 0.000000 
-0.154508 -0.475528 2.017521 0.005414 0.016663 0.000000 0.000000 0.000000 0.000000 0.000000 0.000000 0.000000 
0.154508 -0.475528 2.017521 -0.005414 0.016663 0.000000 0.000000 0.000000 0.000000 0.000000 0.000000 0.000000 
0.618034 -1.902113 1.194839 0.060208 -0.185302 0.000000 0.000000 0.000000 0.000000 0.000000 0.000000 0.000000 
1.618034 -1.175571 1.194839 0.157628 -0.114523 0.000000 0.000000 0.000000 0.000000 0.000000 0.000000 0.000000 
0.154508 -0.475528 2.017521 -0.005414 0.016663 0.000000 0.000000 0.000000 0.000000 0.000000 0.000000 0.000000 
0.404508 -0.293893 2.017521 -0.014175 0.010299 0.000000 0.000000 0.000000 0.000000 0.000000 0.000000 0.000000 
1.618034 -1.175571 1.194839 0.157628 -0.114523 0.000000 0.000000 0.000000 0.000000 0.000000 0.000000 0.000000 
2.000000 0.000000 1.194839 0.194839 0.000000 0.000000 0.000000 0.000000 0.000000 0.000000 0.000000 0.000000 
0.404508 -0.293893 2.017521 -0.014175 0.010299 0.000000 0.000000 0.000000 0.000000 0.000000 0.000000 0.000000 
0.500000 0.000000 2.017521 -0.017521 -0.000000 0.000000 0.000000 0.000000 0.000000 0.000000 0.000000 0.000000 
