#x y at the midpoint of each cell all the exact solution components
2.000000 0.000000 1.194839 0.194839 0.000000 0.000000 0.000000 0.000000 0.000000 0.000000 0.000000 0.000000 
1.975377 0.312869 1.194839 0.192440 0.030479 0.000000 0.000000 0.000000 0.000000 0.000000 0.000000 0.000000 
1.625000 0.000000 1.743522 0.100923 0.000000 0.000000 0.000000 0.000000 0.000000 0.000000 0.000000 0.000000 
1.586484 0.249458 1.761679 0.095945 0.015086 0.000000 0.000000 0.000000 0.000000 0.000000 0.000000 0.000000 
1.975377 0.312869 1.194839 0.192440 0.030479 0.000000 0.000000 0.000000 0.000000 0.000000 0.000000 0.000000 
1.902113 0.618034 1.194839 0.185302 0.060208 0.000000 0.000000 0.000000 0.000000 0.000000 0.000000 0.000000 
1.586484 0.249458 1.761679 0.095945 0.015086 0.000000 0.000000 0.000000 0.000000 0.000000 0.000000 0.000000 
1.523647 0.495063 1.765328 0.091636 0.029774 0.000000 0.000000 0.000000 0.000000 0.000000 0.000000 0.000000 
1.625000 0.000000 1.743522 0.100923 0.000000 0.000000 0.000000 0.000000 0.000000 0.000000 0.000000 0.000000 
1.586484 0.249458 1.761679 0.095945 0.015086 0.000000 0.000000 0.000000 0.000000 0.000000 0.000000 0.000000 
1.250000 0.000000 1.986149 0.040570 0.000000 0.000000 0.000000 0.000000 0.000000 0.000000 0.000000 0.000000 
1.197591 0.186046 1.999462 0.035560 0.005524 0.000000 0.000000 0.000000 0.000000 0.000000 0.000000 0.000000 
1.586484 0.249458 1.761679 0.095945 0.015086 0.000000 0.000000 0.000000 0.000000 0.000000 0.000000 0.000000 
1.523647 0.495063 1.765328 0.091636 0.029774 0.000000 0.000000 0.000000 0.000000 0.000000 0.000000 0.000000 
1.197591 0.186046 1.999462 0.035560 0.005524 0.000000 0.000000 0.000000 0.000000 0.000000 0.000000 0.000000 
1.145182 0.372092 2.001997 0.033356 0.010838 0.000000 0.000000 0.000000 0.000000 0.000000 0.000000 0.000000 
1.902113 0.618034 1.194839 0.185302 0.060208 0.000000 0.000000 0.000000 0.000000 0.000000 0.000000 0.000000 
1.782013 0.907981 1.194839 0.173602 0.088455 0.000000 0.000000 0.000000 0.000000 0.000000 0.000000 0.000000 
1.523647 0.495063 1.765328 0.091636 0.029774 0.000000 0.000000 0.000000 0.000000 0.000000 0.000000 0.000000 
1.430120 0.730696 1.761679 0.086489 0.044190 0.000000 0.000000 0.000000 0.000000 0.000000 0.000000 0.000000 
1.782013 0.907981 1.194839 0.173602 0.088455 0.000000 0.000000 0.000000 0.000000 0.000000 0.000000 0.000000 
1.618034 1.175571 1.194839 0.157628 0.114523 0.000000 0.000000 0.000000 0.000000 0.000000 0.000000 0.000000 
1.430120 0.730696 1.761679 0.086489 0.044190 0.000000 0.000000 0.000000 0.000000 0.000000 0.000000 0.000000 
1.314653 0.955151 1.743522 0.081648 0.059321 0.000000 0.000000 0.000000 0.000000 0.000000 0.000000 0.000000 
1.523647 0.495063 1.765328 0.091636 0.029774 0.000000 0.000000 0.000000 0.000000 0.000000 0.000000 0.000000 
1.430120 0.730696 1.761679 0.086489 0.044190 0.000000 0.000000 0.000000 0.000000 0.000000 0.000000 0.000000 
1.145182 0.372092 2.001997 0.033356 0.010838 0.000000 0.000000 0.000000 0.000000 0.000000 0.000000 0.000000 
1.078227 0.553412 1.999462 0.032016 0.016432 0.000000 0.000000 0.000000 0.000000 0.000000 0.000000 0.000000 
1.430120 0.730696 1.761679 0.086489 0.044190 0.000000 0.000000 0.000000 0.000000 0.000000 0.000000 0.000000 
1.314653 0.955151 1.743522 0.081648 0.059321 0.000000 0.000000 0.000000 0.000000 0.000000 0.000000 0.000000 
1.078227 0.553412 1.999462 0.032016 0.016432 0.000000 0.000000 0.000000 0.000000 0.000000 0.000000 0.000000 
1.011271 0.734732 1.986149 0.032822 0.023846 0.000000 0.000000 0.000000 0.000000 0.000000 0.000000 0.000000 
1.250000 0.000000 1.986149 0.040570 0.000000 0.000000 0.000000 0.000000 0.000000 0.000000 0.000000 0.000000 
1.197591 0.186046 1.999462 0.035560 0.005524 0.000000 0.000000 0.000000 0.000000 0.000000 0.000000 0.000000 
0.875000 0.000000 2.054561 0.004950 0.000000 0.000000 0.000000 0.000000 0.000000 0.000000 0.000000 0.000000 
0.845718 0.132132 2.054910 0.003576 0.000559 0.000000 0.000000 0.000000 0.000000 0.000000 0.000000 0.000000 
1.197591 0.186046 1.999462 0.035560 0.005524 0.000000 0.000000 0.000000 0.000000 0.000000 0.000000 0.000000 
1.145182 0.372092 2.001997 0.033356 0.010838 0.000000 0.000000 0.000000 0.000000 0.000000 0.000000 0.000000 
0.845718 0.132132 2.054910 0.003576 0.000559 0.000000 0.000000 0.000000 0.000000 0.000000 0.000000 0.000000 
0.810355 0.263300 2.054951 0.003186 0.001035 0.000000 0.000000 0.000000 0.000000 0.000000 0.000000 0.000000 
0.875000 0.000000 2.054561 0.004950 0.000000 0.000000 0.000000 0.000000 0.000000 0.000000 0.000000 0.000000 
0.845718 0.132132 2.054910 0.003576 0.000559 0.000000 0.000000 0.000000 0.000000 0.000000 0.000000 0.000000 
0.500000 0.000000 2.017521 -0.017521 -0.000000 0.000000 0.000000 0.000000 0.000000 0.000000 0.000000 0.000000 
0.493844 0.078217 2.017521 -0.017305 -0.002741 0.000000 0.000000 0.000000 0.000000 0.000000 0.000000 0.000000 
0.845718 0.132132 2.054910 0.003576 0.000559 0.000000 0.000000 0.000000 0.000000 0.000000 0.000000 0.000000 
0.810355 0.263300 2.054951 0.003186 0.001035 0.000000 0.000000 0.000000 0.000000 0.000000 0.000000 0.000000 
0.493844 0.078217 2.017521 -0.017305 -0.002741 0.000000 0.000000 0.000000 0.000000 0.000000 0.000000 0.000000 
0.475528 0.154508 2.017521 -0.016663 -0.005414 0.000000 0.000000 0.000000 0.000000 0.000000 0.000000 0.000000 
1.145182 0.372092 2.001997 0.033356 0.010838 0.000000 0.000000 0.000000 0.000000 0.000000 0.000000 0.000000 
1.078227 0.553412 1.999462 0.032016 0.016432 0.000000 0.000000 0.000000 0.000000 0.000000 0.000000 0.000000 
0.810355 0.263300 2.054951 0.003186 0.001035 0.000000 0.000000 0.000000 0.000000 0.000000 0.000000 0.000000 
0.761865 0.390204 2.054910 0.003221 0.001650 0.000000 0.000000 0.000000 0.000000 0.000000 0.000000 0.000000 
1.078227 0.553412 1.999462 0.032016 0.016432 0.000000 0.000000 0.000000 0.000000 0.000000 0.000000 0.000000 
1.011271 0.734732 1.986149 0.032822 0.023846 0.000000 0.000000 0.000000 0.000000 0.000000 0.000000 0.000000 
0.761865 0.390204 2.054910 0.003221 0.001650 0.000000 0.000000 0.000000 0.000000 0.000000 0.000000 0.000000 
0.707890 0.514312 2.054561 0.004005 0.002910 0.000000 0.000000 0.000000 0.000000 0.000000 0.000000 0.000000 
0.810355 0.263300 2.054951 0.003186 0.001035 0.000000 0.000000 0.000000 0.000000 0.000000 0.000000 0.000000 
0.761865 0.390204 2.054910 0.003221 0.001650 0.000000 0.000000 0.000000 0.000000 0.000000 0.000000 0.000000 
0.475528 0.154508 2.017521 -0.016663 -0.005414 0.000000 0.000000 0.000000 0.000000 0.000000 0.000000 0.000000 
0.445503 0.226995 2.017521 -0.015611 -0.007954 0.000000 0.000000 0.000000 0.000000 0.000000 0.000000 0.000000 
0.761865 0.390204 2.054910 0.003221 0.001650 0.000000 0.000000 0.000000 0.000000 0.000000 0.000000 0.000000 
0.707890 0.514312 2.054561 0.004005 0.002910 0.000000 0.000000 0.000000 0.000000 0.000000 0.000000 0.000000 
0.445503 0.226995 2.017521 -0.015611 -0.007954 0.000000 0.000000 0.000000 0.000000 0.000000 0.000000 0.000000 
0.404508 0.293893 2.017521 -0.014175 -0.010299 0.000000 0.000000 0.000000 0.000000 0.000000 0.000000 0.000000 
1.618034 1.175571 1.194839 0.157628 0.114523 0.000000 0.000000 0.000000 0.000000 0.000000 0.000000 0.000000 
1.414214 1.414214 1.194839 0.137772 0.137772 0.000000 0.000000 0.000000 0.000000 0.000000 0.000000 0.000000 
1.314653 0.955151 1.743522 0.081648 0.059321 0.000000 0.000000 0.000000 0.000000 0.000000 0.000000 0.000000 
1.136865 1.134327 1.761679 0.068754 0.068600 0.000000 0.000000 0.000000 0.000000 0.000000 0.000000 0.000000 
1.414214 1.414214 1.194839 0.137772 0.137772 0.000000 0.000000 0.000000 0.000000 0.000000 0.000000 0.000000 
1.175571 1.618034 1.194839 0.114523 0.157628 0.000000 0.000000 0.000000 0.000000 0.000000 0.000000 0.000000 
1.136865 1.134327 1.761679 0.068754 0.068600 0.000000 0.000000 0.000000 0.000000 0.000000 0.000000 0.000000 
0.941666 1.296092 1.765328 0.056634 0.077950 0.000000 0.000000 0.000000 0.000000 0.000000 0.000000 0.000000 
1.314653 0.955151 1.743522 0.081648 0.059321 0.000000 0.000000 0.000000 0.000000 0.000000 0.000000 0.000000 
1.136865 1.134327 1.761679 0.068754 0.068600 0.000000 0.000000 0.000000 0.000000 0.000000 0.000000 0.000000 
1.011271 0.734732 1.986149 0.032822 0.023846 0.000000 0.000000 0.000000 0.000000 0.000000 0.000000 0.000000 
0.859516 0.854441 1.999462 0.025522 0.025371 0.000000 0.000000 0.000000 0.000000 0.000000 0.000000 0.000000 
1.136865 1.134327 1.761679 0.068754 0.068600 0.000000 0.000000 0.000000 0.000000 0.000000 0.000000 0.000000 
0.941666 1.296092 1.765328 0.056634 0.077950 0.000000 0.000000 0.000000 0.000000 0.000000 0.000000 0.000000 
0.859516 0.854441 1.999462 0.025522 0.025371 0.000000 0.000000 0.000000 0.000000 0.000000 0.000000 0.000000 
0.707761 0.974150 2.001997 0.020615 0.028375 0.000000 0.000000 0.000000 0.000000 0.000000 0.000000 0.000000 
1.175571 1.618034 1.194839 0.114523 0.157628 0.000000 0.000000 0.000000 0.000000 0.000000 0.000000 0.000000 
0.907981 1.782013 1.194839 0.088455 0.173602 0.000000 0.000000 0.000000 0.000000 0.000000 0.000000 0.000000 
0.941666 1.296092 1.765328 0.056634 0.077950 0.000000 0.000000 0.000000 0.000000 0.000000 0.000000 0.000000 
0.727499 1.431749 1.761679 0.043997 0.086587 0.000000 0.000000 0.000000 0.000000 0.000000 0.000000 0.000000 
0.907981 1.782013 1.194839 0.088455 0.173602 0.000000 0.000000 0.000000 0.000000 0.000000 0.000000 0.000000 
0.618034 1.902113 1.194839 0.060208 0.185302 0.000000 0.000000 0.000000 0.000000 0.000000 0.000000 0.000000 
0.727499 1.431749 1.761679 0.043997 0.086587 0.000000 0.000000 0.000000 0.000000 0.000000 0.000000 0.000000 
0.502153 1.545467 1.743522 0.031187 0.095983 0.000000 0.000000 0.000000 0.000000 0.000000 0.000000 0.000000 
0.941666 1.296092 1.765328 0.056634 0.077950 0.000000 0.000000 0.000000 0.000000 0.000000 0.000000 0.000000 
0.727499 1.431749 1.761679 0.043997 0.086587 0.000000 0.000000 0.000000 0.000000 0.000000 0.000000 0.000000 
0.707761 0.974150 2.001997 0.020615 0.028375 0.000000 0.000000 0.000000 0.000000 0.000000 0.000000 0.000000 
0.547016 1.081485 1.999462 0.016243 0.032112 0.000000 0.000000 0.000000 0.000000 0.000000 0.000000 0.000000 
0.727499 1.431749 1.761679 0.043997 0.086587 0.000000 0.000000 0.000000 0.000000 0.000000 0.000000 0.000000 
0.502153 1.545467 1.743522 0.031187 0.095983 0.000000 0.000000 0.000000 0.000000 0.000000 0.000000 0.000000 
0.547016 1.081485 1.999462 0.016243 0.032112 0.000000 0.000000 0.000000 0.000000 0.000000 0.000000 0.000000 
0.386271 1.188821 1.986149 0.012537 0.038584 0.000000 0.000000 0.000000 0.000000 0.000000 0.000000 0.000000 
1.011271 0.734732 1.986149 0.032822 0.023846 0.000000 0.000000 0.000000 0.000000 0.000000 0.000000 0.000000 
0.859516 0.854441 1.999462 0.025522 0.025371 0.000000 0.000000 0.000000 0.000000 0.000000 0.000000 0.000000 
0.707890 0.514312 2.054561 0.004005 0.002910 0.000000 0.000000 0.000000 0.000000 0.000000 0.000000 0.000000 
0.606535 0.603997 2.054910 0.002565 0.002554 0.000000 0.000000 0.000000 0.000000 0.000000 0.000000 0.000000 
0.859516 0.854441 1.999462 0.025522 0.025371 0.000000 0.000000 0.000000 0.000000 0.000000 0.000000 0.000000 
0.707761 0.974150 2.001997 0.020615 0.028375 0.000000 0.000000 0.000000 0.000000 0.000000 0.000000 0.000000 
0.606535 0.603997 2.054910 0.002565 0.002554 0.000000 0.000000 0.000000 0.000000 0.000000 0.000000 0.000000 
0.500827 0.689329 2.054951 0.001969 0.002710 0.000000 0.000000 0.000000 0.000000 0.000000 0.000000 0.000000 
0.707890 0.514312 2.054561 0.004005 0.002910 0.000000 0.000000 0.000000 0.000000 0.000000 0.000000 0.000000 
0.606535 0.603997 2.054910 0.002565 0.002554 0.000000 0.000000 0.000000 0.000000 0.000000 0.000000 0.000000 
0.404508 0.293893 2.017521 -0.014175 -0.010299 0.000000 0.000000 0.000000 0.000000 0.000000 0.000000 0.000000 
0.353553 0.353553 2.017521 -0.012389 -0.012389 0.000000 0.000000 0.000000 0.000000 0.000000 0.000000 0.000000 
0.606535 0.603997 2.054910 0.002565 0.002554 0.000000 0.000000 0.000000 0.000000 0.000000 0.000000 0.000000 
0.500827 0.689329 2.054951 0.001969 0.002710 0.000000 0.000000 0.000000 0.000000 0.000000 0.000000 0.000000 
0.353553 0.353553 2.017521 -0.012389 -0.012389 0.000000 0.000000 0.000000 0.000000 0.000000 0.000000 0.000000 
0.293893 0.404508 2.017521 -0.010299 -0.014175 0.000000 0.000000 0.000000 0.000000 0.000000 0.000000 0.000000 
0.707761 0.974150 2.001997 0.020615 0.028375 0.000000 0.000000 0.000000 0.000000 0.000000 0.000000 0.000000 
0.547016 1.081485 1.999462 0.016243 0.032112 0.000000 0.000000 0.000000 0.000000 0.000000 0.000000 0.000000 
0.500827 0.689329 2.054951 0.001969 0.002710 0.000000 0.000000 0.000000 0.000000 0.000000 0.000000 0.000000 
0.387006 0.763494 2.054910 0.001636 0.003228 0.000000 0.000000 0.000000 0.000000 0.000000 0.000000 0.000000 
0.547016 1.081485 1.999462 0.016243 0.032112 0.000000 0.000000 0.000000 0.000000 0.000000 0.000000 0.000000 
0.386271 1.188821 1.986149 0.012537 0.038584 0.000000 0.000000 0.000000 0.000000 0.000000 0.000000 0.000000 
0.387006 0.763494 2.054910 0.001636 0.003228 0.000000 0.000000 0.000000 0.000000 0.000000 0.000000 0.000000 
0.270390 0.832174 2.054561 0.001530 0.004708 0.000000 0.000000 0.000000 0.000000 0.000000 0.000000 0.000000 
0.500827 0.689329 2.054951 0.001969 0.002710 0.000000 0.000000 0.000000 0.000000 0.000000 0.000000 0.000000 
0.387006 0.763494 2.054910 0.001636 0.003228 0.000000 0.000000 0.000000 0.000000 0.000000 0.000000 0.000000 
0.293893 0.404508 2.017521 -0.010299 -0.014175 0.000000 0.000000 0.000000 0.000000 0.000000 0.000000 0.000000 
0.226995 0.445503 2.017521 -0.007954 -0.015611 0.000000 0.000000 0.000000 0.000000 0.000000 0.000000 0.000000 
0.387006 0.763494 2.054910 0.001636 0.003228 0.000000 0.000000 0.000000 0.000000 0.000000 0.000000 0.000000 
0.270390 0.832174 2.054561 0.001530 0.004708 0.000000 0.000000 0.000000 0.000000 0.000000 0.000000 0.000000 
0.226995 0.445503 2.017521 -0.007954 -0.015611 0.000000 0.000000 0.000000 0.000000 0.000000 0.000000 0.000000 
0.154508 0.475528 2.017521 -0.005414 -0.016663 0.000000 0.000000 0.000000 0.000000 0.000000 0.000000 0.000000 
0.618034 1.902113 1.194839 0.060208 0.185302 0.000000 0.000000 0.000000 0.000000 0.000000 0.000000 0.000000 
0.312869 1.975377 1.194839 0.030479 0.192440 0.000000 0.000000 0.000000 0.000000 0.000000 0.000000 0.000000 
0.502153 1.545467 1.743522 0.031187 0.095983 0.000000 0.000000 0.000000 0.000000 0.000000 0.000000 0.000000 
0.253002 1.585922 1.761679 0.015301 0.095911 0.000000 0.000000 0.000000 0.000000 0.000000 0.000000 0.000000 
0.312869 1.975377 1.194839 0.030479 0.192440 0.000000 0.000000 0.000000 0.000000 0.000000 0.000000 0.000000 
0.000000 2.000000 1.194839 0.000000 0.194839 0.000000 0.000000 0.000000 0.000000 0.000000 0.000000 0.000000 
0.253002 1.585922 1.761679 0.015301 0.095911 0.000000 0.000000 0.000000 0.000000 0.000000 0.000000 0.000000 
0.000000 1.602058 1.765328 0.000000 0.096352 0.000000 0.000000 0.000000 0.000000 0.000000 0.000000 0.000000 
0.502153 1.545467 1.743522 0.031187 0.095983 0.000000 0.000000 0.000000 0.000000 0.000000 0.000000 0.000000 
0.253002 1.585922 1.761679 0.015301 0.095911 0.000000 0.000000 0.000000 0.000000 0.000000 0.000000 0.000000 
0.386271 1.188821 1.986149 0.012537 0.038584 0.000000 0.000000 0.000000 0.000000 0.000000 0.000000 0.000000 
0.193136 1.196468 1.999462 0.005735 0.035527 0.000000 0.000000 0.000000 0.000000 0.000000 0.000000 0.000000 
0.253002 1.585922 1.761679 0.015301 0.095911 0.000000 0.000000 0.000000 0.000000 0.000000 0.000000 0.000000 
0.000000 1.602058 1.765328 0.000000 0.096352 0.000000 0.000000 0.000000 0.000000 0.000000 0.000000 0.000000 
0.193136 1.196468 1.999462 0.005735 0.035527 0.000000 0.000000 0.000000 0.000000 0.000000 0.000000 0.000000 
0.000000 1.204115 2.001997 0.000000 0.035073 0.000000 0.000000 0.000000 0.000000 0.000000 0.000000 0.000000 
0.000000 2.000000 1.194839 0.000000 0.194839 0.000000 0.000000 0.000000 0.000000 0.000000 0.000000 0.000000 
-0.312869 1.975377 1.194839 -0.030479 0.192440 0.000000 0.000000 0.000000 0.000000 0.000000 0.000000 0.000000 
0.000000 1.602058 1.765328 0.000000 0.096352 0.000000 0.000000 0.000000 0.000000 0.000000 0.000000 0.000000 
-0.253002 1.585922 1.761679 -0.015301 0.095911 0.000000 0.000000 0.000000 0.000000 0.000000 0.000000 0.000000 
-0.312869 1.975377 1.194839 -0.030479 0.192440 0.000000 0.000000 0.000000 0.000000 0.000000 0.000000 0.000000 
-0.618034 1.902113 1.194839 -0.060208 0.185302 0.000000 0.000000 0.000000 0.000000 0.000000 0.000000 0.000000 
-0.253002 1.585922 1.761679 -0.015301 0.095911 0.000000 0.000000 0.000000 0.000000 0.000000 0.000000 0.000000 
-0.502153 1.545467 1.743522 -0.031187 0.095983 0.000000 0.000000 0.000000 0.000000 0.000000 0.000000 0.000000 
0.000000 1.602058 1.765328 0.000000 0.096352 0.000000 0.000000 0.000000 0.000000 0.000000 0.000000 0.000000 
-0.253002 1.585922 1.761679 -0.015301 0.095911 0.000000 0.000000 0.000000 0.000000 0.000000 0.000000 0.000000 
0.000000 1.204115 2.001997 0.000000 0.035073 0.000000 0.000000 0.000000 0.000000 0.000000 0.000000 0.000000 
-0.193136 1.196468 1.999462 -0.005735 0.035527 0.000000 0.000000 0.000000 0.000000 0.000000 0.000000 0.000000 
-0.253002 1.585922 1.761679 -0.015301 0.095911 0.000000 0.000000 0.000000 0.000000 0.000000 0.000000 0.000000 
-0.502153 1.545467 1.743522 -0.031187 0.095983 0.000000 0.000000 0.000000 0.000000 0.000000 0.000000 0.000000 
-0.193136 1.196468 1.999462 -0.005735 0.035527 0.000000 0.000000 0.000000 0.000000 0.000000 0.000000 0.000000 
-0.386271 1.188821 1.986149 -0.012537 0.038584 0.000000 0.000000 0.000000 0.000000 0.000000 0.000000 0.000000 
0.386271 1.188821 1.986149 0.012537 0.038584 0.000000 0.000000 0.000000 0.000000 0.000000 0.000000 0.000000 
0.193136 1.196468 1.999462 0.005735 0.035527 0.000000 0.000000 0.000000 0.000000 0.000000 0.000000 0.000000 
0.270390 0.832174 2.054561 0.001530 0.004708 0.000000 0.000000 0.000000 0.000000 0.000000 0.000000 0.000000 
0.135676 0.845156 2.054910 0.000574 0.003574 0.000000 0.000000 0.000000 0.000000 0.000000 0.000000 0.000000 
0.193136 1.196468 1.999462 0.005735 0.035527 0.000000 0.000000 0.000000 0.000000 0.000000 0.000000 0.000000 
0.000000 1.204115 2.001997 0.000000 0.035073 0.000000 0.000000 0.000000 0.000000 0.000000 0.000000 0.000000 
0.135676 0.845156 2.054910 0.000574 0.003574 0.000000 0.000000 0.000000 0.000000 0.000000 0.000000 0.000000 
0.000000 0.852058 2.054951 0.000000 0.003350 0.000000 0.000000 0.000000 0.000000 0.000000 0.000000 0.000000 
0.270390 0.832174 2.054561 0.001530 0.004708 0.000000 0.000000 0.000000 0.000000 0.000000 0.000000 0.000000 
0.135676 0.845156 2.054910 0.000574 0.003574 0.000000 0.000000 0.000000 0.000000 0.000000 0.000000 0.000000 
0.154508 0.475528 2.017521 -0.005414 -0.016663 0.000000 0.000000 0.000000 0.000000 0.000000 0.000000 0.000000 
0.078217 0.493844 2.017521 -0.002741 -0.017305 0.000000 0.000000 0.000000 0.000000 0.000000 0.000000 0.000000 
0.135676 0.845156 2.054910 0.000574 0.003574 0.000000 0.000000 0.000000 0.000000 0.000000 0.000000 0.000000 
0.000000 0.852058 2.054951 0.000000 0.003350 0.000000 0.000000 0.000000 0.000000 0.000000 0.000000 0.000000 
0.078217 0.493844 2.017521 -0.002741 -0.017305 0.000000 0.000000 0.000000 0.000000 0.000000 0.000000 0.000000 
0.000000 0.500000 2.017521 -0.000000 -0.017521 0.000000 0.000000 0.000000 0.000000 0.000000 0.000000 0.000000 
0.000000 1.204115 2.001997 0.000000 0.035073 0.000000 0.000000 0.000000 0.000000 0.000000 0.000000 0.000000 
-0.193136 1.196468 1.999462 -0.005735 0.035527 0.000000 0.000000 0.000000 0.000000 0.000000 0.000000 0.000000 
0.000000 0.852058 2.054951 0.000000 0.003350 0.000000 0.000000 0.000000 0.000000 0.000000 0.000000 0.000000 
-0.135676 0.845156 2.054910 -0.000574 0.003574 0.000000 0.000000 0.000000 0.000000 0.000000 0.000000 0.000000 
-0.193136 1.196468 1.999462 -0.005735 0.035527 0.000000 0.000000 0.000000 0.000000 0.000000 0.000000 0.000000 
-0.386271 1.188821 1.986149 -0.012537 0.038584 0.000000 0.000000 0.000000 0.000000 0.000000 0.000000 0.000000 
-0.135676 0.845156 2.054910 -0.000574 0.003574 0.000000 0.000000 0.000000 0.000000 0.000000 0.000000 0.000000 
-0.270390 0.832174 2.054561 -0.001530 0.004708 0.000000 0.000000 0.000000 0.000000 0.000000 0.000000 0.000000 
0.000000 0.852058 2.054951 0.000000 0.003350 0.000000 0.000000 0.000000 0.000000 0.000000 0.000000 0.000000 
-0.135676 0.845156 2.054910 -0.000574 0.003574 0.000000 0.000000 0.000000 0.000000 0.000000 0.000000 0.000000 
0.000000 0.500000 2.017521 -0.000000 -0.017521 0.000000 0.000000 0.000000 0.000000 0.000000 0.000000 0.000000 
-0.078217 0.493844 2.017521 0.002741 -0.017305 0.000000 0.000000 0.000000 0.000000 0.000000 0.000000 0.000000 
-0.135676 0.845156 2.054910 -0.000574 0.003574 0.000000 0.000000 0.000000 0.000000 0.000000 0.000000 0.000000 
-0.270390 0.832174 2.054561 -0.001530 0.004708 0.000000 0.000000 0.000000 0.000000 0.000000 0.000000 0.000000 
-0.078217 0.493844 2.017521 0.002741 -0.017305 0.000000 0.000000 0.000000 0.000000 0.000000 0.000000 0.000000 
-0.154508 0.475528 2.017521 0.005414 -0.016663 0.000000 0.000000 0.000000 0.000000 0.000000 0.000000 0.000000 
-0.618034 1.902113 1.194839 -0.060208 0.185302 0.000000 0.000000 0.000000 0.000000 0.000000 0.000000 0.000000 
-0.907981 1.782013 1.194839 -0.088455 0.173602 0.000000 0.000000 0.000000 0.000000 0.000000 0.000000 0.000000 
-0.502153 1.545467 1.743522 -0.031187 0.095983 0.000000 0.000000 0.000000 0.000000 0.000000 0.000000 0.000000 
-0.727499 1.431749 1.761679 -0.043997 0.086587 0.000000 0.000000 0.000000 0.000000 0.000000 0.000000 0.000000 
-0.907981 1.782013 1.194839 -0.088455 0.173602 0.000000 0.000000 0.000000 0.000000 0.000000 0.000000 0.000000 
-1.175571 1.618034 1.194839 -0.114523 0.157628 0.000000 0.000000 0.000000 0.000000 0.000000 0.000000 0.000000 
-0.727499 1.431749 1.761679 -0.043997 0.086587 0.000000 0.000000 0.000000 0.000000 0.000000 0.000000 0.000000 
-0.941666 1.296092 1.765328 -0.056634 0.077950 0.000000 0.000000 0.000000 0.000000 0.000000 0.000000 0.000000 
-0.502153 1.545467 1.743522 -0.031187 0.095983 0.000000 0.000000 0.000000 0.000000 0.000000 0.000000 0.000000 
-0.727499 1.431749 1.761679 -0.043997 0.086587 0.000000 0.000000 0.000000 0.000000 0.000000 0.000000 0.000000 
-0.386271 1.188821 1.986149 -0.012537 0.038584 0.000000 0.000000 0.000000 0.000000 0.000000 0.000000 0.000000 
-0.547016 1.081485 1.999462 -0.016243 0.032112 0.000000 0.000000 0.000000 0.000000 0.000000 0.000000 0.000000 
-0.727499 1.431749 1.761679 -0.043997 0.086587 0.000000 0.000000 0.000000 0.000000 0.000000 0.000000 0.000000 
-0.941666 1.296092 1.765328 -0.056634 0.077950 0.000000 0.000000 0.000000 0.000000 0.000000 0.000000 0.000000 
-0.547016 1.081485 1.999462 -0.016243 0.032112 0.000000 0.000000 0.000000 0.000000 0.000000 0.000000 0.000000 
-0.707761 0.974150 2.001997 -0.020615 0.028375 0.000000 0.000000 0.000000 0.000000 0.000000 0.000000 0.000000 
-1.175571 1.618034 1.194839 -0.114523 0.157628 0.000000 0.000000 0.000000 0.000000 0.000000 0.000000 0.000000 
-1.414214 1.414214 1.194839 -0.137772 0.137772 0.000000 0.000000 0.000000 0.000000 0.000000 0.000000 0.000000 
-0.941666 1.296092 1.765328 -0.056634 0.077950 0.000000 0.000000 0.000000 0.000000 0.000000 0.000000 0.000000 
-1.136865 1.134327 1.761679 -0.068754 0.068600 0.000000 0.000000 0.000000 0.000000 0.000000 0.000000 0.000000 
-1.414214 1.414214 1.194839 -0.137772 0.137772 0.000000 0.000000 0.000000 0.000000 0.000000 0.000000 0.000000 
-1.618034 1.175571 1.194839 -0.157628 0.114523 0.000000 0.000000 0.000000 0.000000 0.000000 0.000000 0.000000 
-1.136865 1.134327 1.761679 -0.068754 0.068600 0.000000 0.000000 0.000000 0.000000 0.000000 0.000000 0.000000 
-1.314653 0.955151 1.743522 -0.081648 0.059321 0.000000 0.000000 0.000000 0.000000 0.000000 0.000000 0.000000 
-0.941666 1.296092 1.765328 -0.056634 0.077950 0.000000 0.000000 0.000000 0.000000 0.000000 0.000000 0.000000 
-1.136865 1.134327 1.761679 -0.068754 0.068600 0.000000 0.000000 0.000000 0.000000 0.000000 0.000000 0.000000 
-0.707761 0.974150 2.001997 -0.020615 0.028375 0.000000 0.000000 0.000000 0.000000 0.000000 0.000000 0.000000 
-0.859516 0.854441 1.999462 -0.025522 0.025371 0.000000 0.000000 0.000000 0.000000 0.000000 0.000000 0.000000 
-1.136865 1.134327 1.761679 -0.068754 0.068600 0.000000 0.000000 0.000000 0.000000 0.000000 0.000000 0.000000 
-1.314653 0.955151 1.743522 -0.081648 0.059321 0.000000 0.000000 0.000000 0.000000 0.000000 0.000000 0.000000 
-0.859516 0.854441 1.999462 -0.025522 0.025371 0.000000 0.000000 0.000000 0.000000 0.000000 0.000000 0.000000 
-1.011271 0.734732 1.986149 -0.032822 0.023846 0.000000 0.000000 0.000000 0.000000 0.000000 0.000000 0.000000 
-0.386271 1.188821 1.986149 -0.012537 0.038584 0.000000 0.000000 0.000000 0.000000 0.000000 0.000000 0.000000 
-0.547016 1.081485 1.999462 -0.016243 0.032112 0.000000 0.000000 0.000000 0.000000 0.000000 0.000000 0.000000 
-0.270390 0.832174 2.054561 -0.001530 0.004708 0.000000 0.000000 0.000000 0.000000 0.000000 0.000000 0.000000 
-0.387006 0.763494 2.054910 -0.001636 0.003228 0.000000 0.000000 0.000000 0.000000 0.000000 0.000000 0.000000 
-0.547016 1.081485 1.999462 -0.016243 0.032112 0.000000 0.000000 0.000000 0.000000 0.000000 0.000000 0.000000 
-0.707761 0.974150 2.001997 -0.020615 0.028375 0.000000 0.000000 0.000000 0.000000 0.000000 0.000000 0.000000 
-0.387006 0.763494 2.054910 -0.001636 0.003228 0.000000 0.000000 0.000000 0.000000 0.000000 0.000000 0.000000 
-0.500827 0.689329 2.054951 -0.001969 0.002710 0.000000 0.000000 0.000000 0.000000 0.000000 0.000000 0.000000 
-0.270390 0.832174 2.054561 -0.001530 0.004708 0.000000 0.000000 0.000000 0.000000 0.000000 0.000000 0.000000 
-0.387006 0.763494 2.054910 -0.001636 0.003228 0.000000 0.000000 0.000000 0.000000 0.000000 0.000000 0.000000 
-0.154508 0.475528 2.017521 0.005414 -0.016663 0.000000 0.000000 0.000000 0.000000 0.000000 0.000000 0.000000 
-0.226995 0.445503 2.017521 0.007954 -0.015611 0.000000 0.000000 0.000000 0.000000 0.000000 0.000000 0.000000 
-0.387006 0.763494 2.054910 -0.001636 0.003228 0.000000 0.000000 0.000000 0.000000 0.000000 0.000000 0.000000 
-0.500827 0.689329 2.054951 -0.001969 0.002710 0.000000 0.000000 0.000000 0.000000 0.000000 0.000000 0.000000 
-0.226995 0.445503 2.017521 0.007954 -0.015611 0.000000 0.000000 0.000000 0.000000 0.000000 0.000000 0.000000 
-0.293893 0.404508 2.017521 0.010299 -0.014175 0.000000 0.000000 0.000000 0.000000 0.000000 0.000000 0.000000 
-0.707761 0.974150 2.001997 -0.020615 0.028375 0.000000 0.000000 0.000000 0.000000 0.000000 0.000000 0.000000 
-0.859516 0.854441 1.999462 -0.025522 0.025371 0.000000 0.000000 0.000000 0.000000 0.000000 0.000000 0.000000 
-0.500827 0.689329 2.054951 -0.001969 0.002710 0.000000 0.000000 0.000000 0.000000 0.000000 0.000000 0.000000 
-0.606535 0.603997 2.054910 -0.002565 0.002554 0.000000 0.000000 0.000000 0.000000 0.000000 0.000000 0.000000 
-0.859516 0.854441 1.999462 -0.025522 0.025371 0.000000 0.000000 0.000000 0.000000 0.000000 0.000000 0.000000 
-1.011271 0.734732 1.986149 -0.032822 0.023846 0.000000 0.000000 0.000000 0.000000 0.000000 0.000000 0.000000 
-0.606535 0.603997 2.054910 -0.002565 0.002554 0.000000 0.000000 0.000000 0.000000 0.000000 0.000000 0.000000 
-0.707890 0.514312 2.054561 -0.004005 0.002910 0.000000 0.000000 0.000000 0.000000 0.000000 0.000000 0.000000 
-0.500827 0.689329 2.054951 -0.001969 0.002710 0.000000 0.000000 0.000000 0.000000 0.000000 0.000000 0.000000 
-0.606535 0.603997 2.054910 -0.002565 0.002554 0.000000 0.000000 0.000000 0.000000 0.000000 0.000000 0.000000 
-0.293893 0.404508 2.017521 0.010299 -0.014175 0.000000 0.000000 0.000000 0.000000 0.000000 0.000000 0.000000 
-0.353553 0.353553 2.017521 0.012389 -0.012389 0.000000 0.000000 0.000000 0.000000 0.000000 0.000000 0.000000 
-0.606535 0.603997 2.054910 -0.002565 0.002554 0.000000 0.000000 0.000000 0.000000 0.000000 0.000000 0.000000 
-0.707890 0.514312 2.054561 -0.004005 0.002910 0.000000 0.000000 0.000000 0.000000 0.000000 0.000000 0.000000 
-0.353553 0.353553 2.017521 0.012389 -0.012389 0.000000 0.000000 0.000000 0.000000 0.000000 0.000000 0.000000 
-0.404508 0.293893 2.017521 0.014175 -0.010299 0.000000 0.000000 0.000000 0.000000 0.000000 0.000000 0.000000 
-1.618034 1.175571 1.194839 -0.157628 0.114523 0.000000 0.000000 0.000000 0.000000 0.000000 0.000000 0.000000 
-1.782013 0.907981 1.194839 -0.173602 0.088455 0.000000 0.000000 0.000000 0.000000 0.000000 0.000000 0.000000 
-1.314653 0.955151 1.743522 -0.081648 0.059321 0.000000 0.000000 0.000000 0.000000 0.000000 0.000000 0.000000 
-1.430120 0.730696 1.761679 -0.086489 0.044190 0.000000 0.000000 0.000000 0.000000 0.000000 0.000000 0.000000 
-1.782013 0.907981 1.194839 -0.173602 0.088455 0.000000 0.000000 0.000000 0.000000 0.000000 0.000000 0.000000 
-1.902113 0.618034 1.194839 -0.185302 0.060208 0.000000 0.000000 0.000000 0.000000 0.000000 0.000000 0.000000 
-1.430120 0.730696 1.761679 -0.086489 0.044190 0.000000 0.000000 0.000000 0.000000 0.000000 0.000000 0.000000 
-1.523647 0.495063 1.765328 -0.091636 0.029774 0.000000 0.000000 0.000000 0.000000 0.000000 0.000000 0.000000 
-1.314653 0.955151 1.743522 -0.081648 0.059321 0.000000 0.000000 0.000000 0.000000 0.000000 0.000000 0.000000 
-1.430120 0.730696 1.761679 -0.086489 0.044190 0.000000 0.000000 0.000000 0.000000 0.000000 0.000000 0.000000 
-1.011271 0.734732 1.986149 -0.032822 0.023846 0.000000 0.000000 0.000000 0.000000 0.000000 0.000000 0.000000 
-1.078227 0.553412 1.999462 -0.032016 0.016432 0.000000 0.000000 0.000000 0.000000 0.000000 0.000000 0.000000 
-1.430120 0.730696 1.761679 -0.086489 0.044190 0.000000 0.000000 0.000000 0.000000 0.000000 0.000000 0.000000 
-1.523647 0.495063 1.765328 -0.091636 0.029774 0.000000 0.000000 0.000000 0.000000 0.000000 0.000000 0.000000 
-1.078227 0.553412 1.999462 -0.032016 0.016432 0.000000 0.000000 0.000000 0.000000 0.000000 0.000000 0.000000 
-1.145182 0.372092 2.001997 -0.033356 0.010838 0.000000 0.000000 0.000000 0.000000 0.000000 0.000000 0.000000 
-1.902113 0.618034 1.194839 -0.185302 0.060208 0.000000 0.000000 0.000000 0.000000 0.000000 0.000000 0.000000 
-1.975377 0.312869 1.194839 -0.192440 0.030479 0.000000 0.000000 0.000000 0.000000 0.000000 0.000000 0.000000 
-1.523647 0.495063 1.765328 -0.091636 0.029774 0.000000 0.000000 0.000000 0.000000 0.000000 0.000000 0.000000 
-1.586484 0.249458 1.761679 -0.095945 0.015086 0.000000 0.000000 0.000000 0.000000 0.000000 0.000000 0.000000 
-1.975377 0.312869 1.194839 -0.192440 0.030479 0.000000 0.000000 0.000000 0.000000 0.000000 0.000000 0.000000 
-2.000000 0.000000 1.194839 -0.194839 0.000000 0.000000 0.000000 0.000000 0.000000 0.000000 0.000000 0.000000 
-1.586484 0.249458 1.761679 -0.095945 0.015086 0.000000 0.000000 0.000000 0.000000 0.000000 0.000000 0.000000 
-1.625000 0.000000 1.743522 -0.100923 0.000000 0.000000 0.000000 0.000000 0.000000 0.000000 0.000000 0.000000 
-1.523647 0.495063 1.765328 -0.091636 0.029774 0.000000 0.000000 0.000000 0.000000 0.000000 0.000000 0.000000 
-1.586484 0.249458 1.761679 -0.095945 0.015086 0.000000 0.000000 0.000000 0.000000 0.000000 0.000000 0.000000 
-1.145182 0.372092 2.001997 -0.033356 0.010838 0.000000 0.000000 0.000000 0.000000 0.000000 0.000000 0.000000 
-1.197591 0.186046 1.999462 -0.035560 0.005524 0.000000 0.000000 0.000000 0.000000 0.000000 0.000000 0.000000 
-1.586484 0.249458 1.761679 -0.095945 0.015086 0.000000 0.000000 0.000000 0.000000 0.000000 0.000000 0.000000 
-1.625000 0.000000 1.743522 -0.100923 0.000000 0.000000 0.000000 0.000000 0.000000 0.000000 0.000000 0.000000 
-1.197591 0.186046 1.999462 -0.035560 0.005524 0.000000 0.000000 0.000000 0.000000 0.000000 0.000000 0.000000 
-1.250000 0.000000 1.986149 -0.040570 0.000000 0.000000 0.000000 0.000000 0.000000 0.000000 0.000000 0.000000 
-1.011271 0.734732 1.986149 -0.032822 0.023846 0.000000 0.000000 0.000000 0.000000 0.000000 0.000000 0.000000 
-1.078227 0.553412 1.999462 -0.032016 0.016432 0.000000 0.000000 0.000000 0.000000 0.000000 0.000000 0.000000 
-0.707890 0.514312 2.054561 -0.004005 0.002910 0.000000 0.000000 0.000000 0.000000 0.000000 0.000000 0.000000 
-0.761865 0.390204 2.054910 -0.003221 0.001650 0.000000 0.000000 0.000000 0.000000 0.000000 0.000000 0.000000 
-1.078227 0.553412 1.999462 -0.032016 0.016432 0.000000 0.000000 0.000000 0.000000 0.000000 0.000000 0.000000 
-1.145182 0.372092 2.001997 -0.033356 0.010838 0.000000 0.000000 0.000000 0.000000 0.000000 0.000000 0.000000 
-0.761865 0.390204 2.054910 -0.003221 0.001650 0.000000 0.000000 0.000000 0.000000 0.000000 0.000000 0.000000 
-0.810355 0.263300 2.054951 -0.003186 0.001035 0.000000 0.000000 0.000000 0.000000 0.000000 0.000000 0.000000 
-0.707890 0.514312 2.054561 -0.004005 0.002910 0.000000 0.000000 0.000000 0.000000 0.000000 0.000000 0.000000 
-0.761865 0.390204 2.054910 -0.003221 0.001650 0.000000 0.000000 0.000000 0.000000 0.000000 0.000000 0.000000 
-0.404508 0.293893 2.017521 0.014175 -0.010299 0.000000 0.000000 0.000000 0.000000 0.000000 0.000000 0.000000 
-0.445503 0.226995 2.017521 0.015611 -0.007954 0.000000 0.000000 0.000000 0.000000 0.000000 0.000000 0.000000 
-0.761865 0.390204 2.054910 -0.003221 0.001650 0.000000 0.000000 0.000000 0.000000 0.000000 0.000000 0.000000 
-0.810355 0.263300 2.054951 -0.003186 0.001035 0.000000 0.000000 0.000000 0.000000 0.000000 0.000000 0.000000 
-0.445503 0.226995 2.017521 0.015611 -0.007954 0.000000 0.000000 0.000000 0.000000 0.000000 0.000000 0.000000 
-0.475528 0.154508 2.017521 0.016663 -0.005414 0.000000 0.000000 0.000000 0.000000 0.000000 0.000000 0.000000 
-1.145182 0.372092 2.001997 -0.033356 0.010838 0.000000 0.000000 0.000000 0.000000 0.000000 0.000000 0.000000 
-1.197591 0.186046 1.999462 -0.035560 0.005524 0.000000 0.000000 0.000000 0.000000 0.000000 0.000000 0.000000 
-0.810355 0.263300 2.054951 -0.003186 0.001035 0.000000 0.000000 0.000000 0.000000 0.000000 0.000000 0.000000 
-0.845718 0.132132 2.054910 -0.003576 0.000559 0.000000 0.000000 0.000000 0.000000 0.000000 0.000000 0.000000 
-1.197591 0.186046 1.999462 -0.035560 0.005524 0.000000 0.000000 0.000000 0.000000 0.000000 0.000000 0.000000 
-1.250000 0.000000 1.986149 -0.040570 0.000000 0.000000 0.000000 0.000000 0.000000 0.000000 0.000000 0.000000 
-0.845718 0.132132 2.054910 -0.003576 0.000559 0.000000 0.000000 0.000000 0.000000 0.000000 0.000000 0.000000 
-0.875000 0.000000 2.054561 -0.004950 0.000000 0.000000 0.000000 0.000000 0.000000 0.000000 0.000000 0.000000 
-0.810355 0.263300 2.054951 -0.003186 0.001035 0.000000 0.000000 0.000000 0.000000 0.000000 0.000000 0.000000 
-0.845718 0.132132 2.054910 -0.003576 0.000559 0.000000 0.000000 0.000000 0.000000 0.000000 0.000000 0.000000 
-0.475528 0.154508 2.017521 0.016663 -0.005414 0.000000 0.000000 0.000000 0.000000 0.000000 0.000000 0.000000 
-0.493844 0.078217 2.017521 0.017305 -0.002741 0.000000 0.000000 0.000000 0.000000 0.000000 0.000000 0.000000 
-0.845718 0.132132 2.054910 -0.003576 0.000559 0.000000 0.000000 0.000000 0.000000 0.000000 0.000000 0.000000 
-0.875000 0.000000 2.054561 -0.004950 0.000000 0.000000 0.000000 0.000000 0.000000 0.000000 0.000000 0.000000 
-0.493844 0.078217 2.017521 0.017305 -0.002741 0.000000 0.000000 0.000000 0.000000 0.000000 0.000000 0.000000 
-0.500000 0.000000 2.017521 0.017521 -0.000000 0.000000 0.000000 0.000000 0.000000 0.000000 0.000000 0.000000 
-2.000000 0.000000 1.194839 -0.194839 0.000000 0.000000 0.000000 0.000000 0.000000 0.000000 0.000000 0.000000 
-1.975377 -0.312869 1.194839 -0.192440 -0.030479 0.000000 0.000000 0.000000 0.000000 0.000000 0.000000 0.000000 
-1.625000 0.000000 1.743522 -0.100923 0.000000 0.000000 0.000000 0.000000 0.000000 0.000000 0.000000 0.000000 
-1.586484 -0.249458 1.761679 -0.095945 -0.015086 0.000000 0.000000 0.000000 0.000000 0.000000 0.000000 0.000000 
-1.975377 -0.312869 1.194839 -0.192440 -0.030479 0.000000 0.000000 0.000000 0.000000 0.000000 0.000000 0.000000 
-1.902113 -0.618034 1.194839 -0.185302 -0.060208 0.000000 0.000000 0.000000 0.000000 0.000000 0.000000 0.000000 
-1.586484 -0.249458 1.761679 -0.095945 -0.015086 0.000000 0.000000 0.000000 0.000000 0.000000 0.000000 0.000000 
-1.523647 -0.495063 1.765328 -0.091636 -0.029774 0.000000 0.000000 0.000000 0.000000 0.000000 0.000000 0.000000 
-1.625000 0.000000 1.743522 -0.100923 0.000000 0.000000 0.000000 0.000000 0.000000 0.000000 0.000000 0.000000 
-1.586484 -0.249458 1.761679 -0.095945 -0.015086 0.000000 0.000000 0.000000 0.000000 0.000000 0.000000 0.000000 
-1.250000 0.000000 1.986149 -0.040570 0.000000 0.000000 0.000000 0.000000 0.000000 0.000000 0.000000 0.000000 
-1.197591 -0.186046 1.999462 -0.035560 -0.005524 0.000000 0.000000 0.000000 0.000000 0.000000 0.000000 0.000000 
-1.586484 -0.249458 1.761679 -0.095945 -0.015086 0.000000 0.000000 0.000000 0.000000 0.000000 0.000000 0.000000 
-1.523647 -0.495063 1.765328 -0.091636 -0.029774 0.000000 0.000000 0.000000 0.000000 0.000000 0.000000 0.000000 
-1.197591 -0.186046 1.999462 -0.035560 -0.005524 0.000000 0.000000 0.000000 0.000000 0.000000 0.000000 0.000000 
-1.145182 -0.372092 2.001997 -0.033356 -0.010838 0.000000 0.000000 0.000000 0.000000 0.000000 0.000000 0.000000 
-1.902113 -0.618034 1.194839 -0.185302 -0.060208 0.000000 0.000000 0.000000 0.000000 0.000000 0.000000 0.000000 
-1.782013 -0.907981 1.194839 -0.173602 -0.088455 0.000000 0.000000 0.000000 0.000000 0.000000 0.000000 0.000000 
-1.523647 -0.495063 1.765328 -0.091636 -0.029774 0.000000 0.000000 0.000000 0.000000 0.000000 0.000000 0.000000 
-1.430120 -0.730696 1.761679 -0.086489 -0.044190 0.000000 0.000000 0.000000 0.000000 0.000000 0.000000 0.000000 
-1.782013 -0.907981 1.194839 -0.173602 -0.088455 0.000000 0.000000 0.000000 0.000000 0.000000 0.000000 0.000000 
-1.618034 -1.175571 1.194839 -0.157628 -0.114523 0.000000 0.000000 0.000000 0.000000 0.000000 0.000000 0.000000 
-1.430120 -0.730696 1.761679 -0.086489 -0.044190 0.000000 0.000000 0.000000 0.000000 0.000000 0.000000 0.000000 
-1.314653 -0.955151 1.743522 -0.081648 -0.059321 0.000000 0.000000 0.000000 0.000000 0.000000 0.000000 0.000000 
-1.523647 -0.495063 1.765328 -0.091636 -0.029774 0.000000 0.000000 0.000000 0.000000 0.000000 0.000000 0.000000 
-1.430120 -0.730696 1.761679 -0.086489 -0.044190 0.000000 0.000000 0.000000 0.000000 0.000000 0.000000 0.000000 
-1.145182 -0.372092 2.001997 -0.033356 -0.010838 0.000000 0.000000 0.000000 0.000000 0.000000 0.000000 0.000000 
-1.078227 -0.553412 1.999462 -0.032016 -0.016432 0.000000 0.000000 0.000000 0.000000 0.000000 0.000000 0.000000 
-1.430120 -0.730696 1.761679 -0.086489 -0.044190 0.000000 0.000000 0.000000 0.000000 0.000000 0.000000 0.000000 
-1.314653 -0.955151 1.743522 -0.081648 -0.059321 0.000000 0.000000 0.000000 0.000000 0.000000 0.000000 0.000000 
-1.078227 -0.553412 1.999462 -0.032016 -0.016432 0.000000 0.000000 0.000000 0.000000 0.000000 0.000000 0.000000 
-1.011271 -0.734732 1.986149 -0.032822 -0.023846 0.000000 0.000000 0.000000 0.000000 0.000000 0.000000 0.000000 
-1.250000 0.000000 1.986149 -0.040570 0.000000 0.000000 0.000000 0.000000 0.000000 0.000000 0.000000 0.000000 
-1.197591 -0.186046 1.999462 -0.035560 -0.005524 0.000000 0.000000 0.000000 0.000000 0.000000 0.000000 0.000000 
-0.875000 0.000000 2.054561 -0.004950 0.000000 0.000000 0.000000 0.000000 0.000000 0.000000 0.000000 0.000000 
-0.845718 -0.132132 2.054910 -0.003576 -0.000559 0.000000 0.000000 0.000000 0.000000 0.000000 0.000000 0.000000 
-1.197591 -0.186046 1.999462 -0.035560 -0.005524 0.000000 0.000000 0.000000 0.000000 0.000000 0.000000 0.000000 
-1.145182 -0.372092 2.001997 -0.033356 -0.010838 0.000000 0.000000 0.000000 0.000000 0.000000 0.000000 0.000000 
-0.845718 -0.132132 2.054910 -0.003576 -0.000559 0.000000 0.000000 0.000000 0.000000 0.000000 0.000000 0.000000 
-0.810355 -0.263300 2.054951 -0.003186 -0.001035 0.000000 0.000000 0.000000 0.000000 0.000000 0.000000 0.000000 
-0.875000 0.000000 2.054561 -0.004950 0.000000 0.000000 0.000000 0.000000 0.000000 0.000000 0.000000 0.000000 
-0.845718 -0.132132 2.054910 -0.003576 -0.000559 0.000000 0.000000 0.000000 0.000000 0.000000 0.000000 0.000000 
-0.500000 0.000000 2.017521 0.017521 -0.000000 0.000000 0.000000 0.000000 0.000000 0.000000 0.000000 0.000000 
-0.493844 -0.078217 2.017521 0.017305 0.002741 0.000000 0.000000 0.000000 0.000000 0.000000 0.000000 0.000000 
-0.845718 -0.132132 2.054910 -0.003576 -0.000559 0.000000 0.000000 0.000000 0.000000 0.000000 0.000000 0.000000 
-0.810355 -0.263300 2.054951 -0.003186 -0.001035 0.000000 0.000000 0.000000 0.000000 0.000000 0.000000 0.000000 
-0.493844 -0.078217 2.017521 0.017305 0.002741 0.000000 0.000000 0.000000 0.000000 0.000000 0.000000 0.000000 
-0.475528 -0.154508 2.017521 0.016663 0.005414 0.000000 0.000000 0.000000 0.000000 0.000000 0.000000 0.000000 
-1.145182 -0.372092 2.001997 -0.033356 -0.010838 0.000000 0.000000 0.000000 0.000000 0.000000 0.000000 0.000000 
-1.078227 -0.553412 1.999462 -0.032016 -0.016432 0.000000 0.000000 0.000000 0.000000 0.000000 0.000000 0.000000 
-0.810355 -0.263300 2.054951 -0.003186 -0.001035 0.000000 0.000000 0.000000 0.000000 0.000000 0.000000 0.000000 
-0.761865 -0.390204 2.054910 -0.003221 -0.001650 0.000000 0.000000 0.000000 0.000000 0.000000 0.000000 0.000000 
-1.078227 -0.553412 1.999462 -0.032016 -0.016432 0.000000 0.000000 0.000000 0.000000 0.000000 0.000000 0.000000 
-1.011271 -0.734732 1.986149 -0.032822 -0.023846 0.000000 0.000000 0.000000 0.000000 0.000000 0.000000 0.000000 
-0.761865 -0.390204 2.054910 -0.003221 -0.001650 0.000000 0.000000 0.000000 0.000000 0.000000 0.000000 0.000000 
-0.707890 -0.514312 2.054561 -0.004005 -0.002910 0.000000 0.000000 0.000000 0.000000 0.000000 0.000000 0.000000 
-0.810355 -0.263300 2.054951 -0.003186 -0.001035 0.000000 0.000000 0.000000 0.000000 0.000000 0.000000 0.000000 
-0.761865 -0.390204 2.054910 -0.003221 -0.001650 0.000000 0.000000 0.000000 0.000000 0.000000 0.000000 0.000000 
-0.475528 -0.154508 2.017521 0.016663 0.005414 0.000000 0.000000 0.000000 0.000000 0.000000 0.000000 0.000000 
-0.445503 -0.226995 2.017521 0.015611 0.007954 0.000000 0.000000 0.000000 0.000000 0.000000 0.000000 0.000000 
-0.761865 -0.390204 2.054910 -0.003221 -0.001650 0.000000 0.000000 0.000000 0.000000 0.000000 0.000000 0.000000 
-0.707890 -0.514312 2.054561 -0.004005 -0.002910 0.000000 0.000000 0.000000 0.000000 0.000000 0.000000 0.000000 
-0.445503 -0.226995 2.017521 0.015611 0.007954 0.000000 0.000000 0.000000 0.000000 0.000000 0.000000 0.000000 
-0.404508 -0.293893 2.017521 0.014175 0.010299 0.000000 0.000000 0.000000 0.000000 0.000000 0.000000 0.000000 
-1.618034 -1.175571 1.194839 -0.157628 -0.114523 0.000000 0.000000 0.000000 0.000000 0.000000 0.000000 0.000000 
-1.414214 -1.414214 1.194839 -0.137772 -0.137772 0.000000 0.000000 0.000000 0.000000 0.000000 0.000000 0.000000 
-1.314653 -0.955151 1.743522 -0.081648 -0.059321 0.000000 0.000000 0.000000 0.000000 0.000000 0.000000 0.000000 
-1.136865 -1.134327 1.761679 -0.068754 -0.068600 0.000000 0.000000 0.000000 0.000000 0.000000 0.000000 0.000000 
-1.414214 -1.414214 1.194839 -0.137772 -0.137772 0.000000 0.000000 0.000000 0.000000 0.000000 0.000000 0.000000 
-1.175571 -1.618034 1.194839 -0.114523 -0.157628 0.000000 0.000000 0.000000 0.000000 0.000000 0.000000 0.000000 
-1.136865 -1.134327 1.761679 -0.068754 -0.068600 0.000000 0.000000 0.000000 0.000000 0.000000 0.000000 0.000000 
-0.941666 -1.296092 1.765328 -0.056634 -0.077950 0.000000 0.000000 0.000000 0.000000 0.000000 0.000000 0.000000 
-1.314653 -0.955151 1.743522 -0.081648 -0.059321 0.000000 0.000000 0.000000 0.000000 0.000000 0.000000 0.000000 
-1.136865 -1.134327 1.761679 -0.068754 -0.068600 0.000000 0.000000 0.000000 0.000000 0.000000 0.000000 0.000000 
-1.011271 -0.734732 1.986149 -0.032822 -0.023846 0.000000 0.000000 0.000000 0.000000 0.000000 0.000000 0.000000 
-0.859516 -0.854441 1.999462 -0.025522 -0.025371 0.000000 0.000000 0.000000 0.000000 0.000000 0.000000 0.000000 
-1.136865 -1.134327 1.761679 -0.068754 -0.068600 0.000000 0.000000 0.000000 0.000000 0.000000 0.000000 0.000000 
-0.941666 -1.296092 1.765328 -0.056634 -0.077950 0.000000 0.000000 0.000000 0.000000 0.000000 0.000000 0.000000 
-0.859516 -0.854441 1.999462 -0.025522 -0.025371 0.000000 0.000000 0.000000 0.000000 0.000000 0.000000 0.000000 
-0.707761 -0.974150 2.001997 -0.020615 -0.028375 0.000000 0.000000 0.000000 0.000000 0.000000 0.000000 0.000000 
-1.175571 -1.618034 1.194839 -0.114523 -0.157628 0.000000 0.000000 0.000000 0.000000 0.000000 0.000000 0.000000 
-0.907981 -1.782013 1.194839 -0.088455 -0.173602 0.000000 0.000000 0.000000 0.000000 0.000000 0.000000 0.000000 
-0.941666 -1.296092 1.765328 -0.056634 -0.077950 0.000000 0.000000 0.000000 0.000000 0.000000 0.000000 0.000000 
-0.727499 -1.431749 1.761679 -0.043997 -0.086587 0.000000 0.000000 0.000000 0.000000 0.000000 0.000000 0.000000 
-0.907981 -1.782013 1.194839 -0.088455 -0.173602 0.000000 0.000000 0.000000 0.000000 0.000000 0.000000 0.000000 
-0.618034 -1.902113 1.194839 -0.060208 -0.185302 0.000000 0.000000 0.000000 0.000000 0.000000 0.000000 0.000000 
-0.727499 -1.431749 1.761679 -0.043997 -0.086587 0.000000 0.000000 0.000000 0.000000 0.000000 0.000000 0.000000 
-0.502153 -1.545467 1.743522 -0.031187 -0.095983 0.000000 0.000000 0.000000 0.000000 0.000000 0.000000 0.000000 
-0.941666 -1.296092 1.765328 -0.056634 -0.077950 0.000000 0.000000 0.000000 0.000000 0.000000 0.000000 0.000000 
-0.727499 -1.431749 1.761679 -0.043997 -0.086587 0.000000 0.000000 0.000000 0.000000 0.000000 0.000000 0.000000 
-0.707761 -0.974150 2.001997 -0.020615 -0.028375 0.000000 0.000000 0.000000 0.000000 0.000000 0.000000 0.000000 
-0.547016 -1.081485 1.999462 -0.016243 -0.032112 0.000000 0.000000 0.000000 0.000000 0.000000 0.000000 0.000000 
-0.727499 -1.431749 1.761679 -0.043997 -0.086587 0.000000 0.000000 0.000000 0.000000 0.000000 0.000000 0.000000 
-0.502153 -1.545467 1.743522 -0.031187 -0.095983 0.000000 0.000000 0.000000 0.000000 0.000000 0.000000 0.000000 
-0.547016 -1.081485 1.999462 -0.016243 -0.032112 0.000000 0.000000 0.000000 0.000000 0.000000 0.000000 0.000000 
-0.386271 -1.188821 1.986149 -0.012537 -0.038584 0.000000 0.000000 0.000000 0.000000 0.000000 0.000000 0.000000 
-1.011271 -0.734732 1.986149 -0.032822 -0.023846 0.000000 0.000000 0.000000 0.000000 0.000000 0.000000 0.000000 
-0.859516 -0.854441 1.999462 -0.025522 -0.025371 0.000000 0.000000 0.000000 0.000000 0.000000 0.000000 0.000000 
-0.707890 -0.514312 2.054561 -0.004005 -0.002910 0.000000 0.000000 0.000000 0.000000 0.000000 0.000000 0.000000 
-0.606535 -0.603997 2.054910 -0.002565 -0.002554 0.000000 0.000000 0.000000 0.000000 0.000000 0.000000 0.000000 
-0.859516 -0.854441 1.999462 -0.025522 -0.025371 0.000000 0.000000 0.000000 0.000000 0.000000 0.000000 0.000000 
-0.707761 -0.974150 2.001997 -0.020615 -0.028375 0.000000 0.000000 0.000000 0.000000 0.000000 0.000000 0.000000 
-0.606535 -0.603997 2.054910 -0.002565 -0.002554 0.000000 0.000000 0.000000 0.000000 0.000000 0.000000 0.000000 
-0.500827 -0.689329 2.054951 -0.001969 -0.002710 0.000000 0.000000 0.000000 0.000000 0.000000 0.000000 0.000000 
-0.707890 -0.514312 2.054561 -0.004005 -0.002910 0.000000 0.000000 0.000000 0.000000 0.000000 0.000000 0.000000 
-0.606535 -0.603997 2.054910 -0.002565 -0.002554 0.000000 0.000000 0.000000 0.000000 0.000000 0.000000 0.000000 
-0.404508 -0.293893 2.017521 0.014175 0.010299 0.000000 0.000000 0.000000 0.000000 0.000000 0.000000 0.000000 
-0.353553 -0.353553 2.017521 0.012389 0.012389 0.000000 0.000000 0.000000 0.000000 0.000000 0.000000 0.000000 
-0.606535 -0.603997 2.054910 -0.002565 -0.002554 0.000000 0.000000 0.000000 0.000000 0.000000 0.000000 0.000000 
-0.500827 -0.689329 2.054951 -0.001969 -0.002710 0.000000 0.000000 0.000000 0.000000 0.000000 0.000000 0.000000 
-0.353553 -0.353553 2.017521 0.012389 0.012389 0.000000 0.000000 0.000000 0.000000 0.000000 0.000000 0.000000 
-0.293893 -0.404508 2.017521 0.010299 0.014175 0.000000 0.000000 0.000000 0.000000 0.000000 0.000000 0.000000 
-0.707761 -0.974150 2.001997 -0.020615 -0.028375 0.000000 0.000000 0.000000 0.000000 0.000000 0.000000 0.000000 
-0.547016 -1.081485 1.999462 -0.016243 -0.032112 0.000000 0.000000 0.000000 0.000000 0.000000 0.000000 0.000000 
-0.500827 -0.689329 2.054951 -0.001969 -0.002710 0.000000 0.000000 0.000000 0.000000 0.000000 0.000000 0.000000 
-0.387006 -0.763494 2.054910 -0.001636 -0.003228 0.000000 0.000000 0.000000 0.000000 0.000000 0.000000 0.000000 
-0.547016 -1.081485 1.999462 -0.016243 -0.032112 0.000000 0.000000 0.000000 0.000000 0.000000 0.000000 0.000000 
-0.386271 -1.188821 1.986149 -0.012537 -0.038584 0.000000 0.000000 0.000000 0.000000 0.000000 0.000000 0.000000 
-0.387006 -0.763494 2.054910 -0.001636 -0.003228 0.000000 0.000000 0.000000 0.000000 0.000000 0.000000 0.000000 
-0.270390 -0.832174 2.054561 -0.001530 -0.004708 0.000000 0.000000 0.000000 0.000000 0.000000 0.000000 0.000000 
-0.500827 -0.689329 2.054951 -0.001969 -0.002710 0.000000 0.000000 0.000000 0.000000 0.000000 0.000000 0.000000 
-0.387006 -0.763494 2.054910 -0.001636 -0.003228 0.000000 0.000000 0.000000 0.000000 0.000000 0.000000 0.000000 
-0.293893 -0.404508 2.017521 0.010299 0.014175 0.000000 0.000000 0.000000 0.000000 0.000000 0.000000 0.000000 
-0.226995 -0.445503 2.017521 0.007954 0.015611 0.000000 0.000000 0.000000 0.000000 0.000000 0.000000 0.000000 
-0.387006 -0.763494 2.054910 -0.001636 -0.003228 0.000000 0.000000 0.000000 0.000000 0.000000 0.000000 0.000000 
-0.270390 -0.832174 2.054561 -0.001530 -0.004708 0.000000 0.000000 0.000000 0.000000 0.000000 0.000000 0.000000 
-0.226995 -0.445503 2.017521 0.007954 0.015611 0.000000 0.000000 0.000000 0.000000 0.000000 0.000000 0.000000 
-0.154508 -0.475528 2.017521 0.005414 0.016663 0.000000 0.000000 0.000000 0.000000 0.000000 0.000000 0.000000 
-0.618034 -1.902113 1.194839 -0.060208 -0.185302 0.000000 0.000000 0.000000 0.000000 0.000000 0.000000 0.000000 
-0.312869 -1.975377 1.194839 -0.030479 -0.192440 0.000000 0.000000 0.000000 0.000000 0.000000 0.000000 0.000000 
-0.502153 -1.545467 1.743522 -0.031187 -0.095983 0.000000 0.000000 0.000000 0.000000 0.000000 0.000000 0.000000 
-0.253002 -1.585922 1.761679 -0.015301 -0.095911 0.000000 0.000000 0.000000 0.000000 0.000000 0.000000 0.000000 
-0.312869 -1.975377 1.194839 -0.030479 -0.192440 0.000000 0.000000 0.000000 0.000000 0.000000 0.000000 0.000000 
-0.000000 -2.000000 1.194839 -0.000000 -0.194839 0.000000 0.000000 0.000000 0.000000 0.000000 0.000000 0.000000 
-0.253002 -1.585922 1.761679 -0.015301 -0.095911 0.000000 0.000000 0.000000 0.000000 0.000000 0.000000 0.000000 
-0.000000 -1.602058 1.765328 -0.000000 -0.096352 0.000000 0.000000 0.000000 0.000000 0.000000 0.000000 0.000000 
-0.502153 -1.545467 1.743522 -0.031187 -0.095983 0.000000 0.000000 0.000000 0.000000 0.000000 0.000000 0.000000 
-0.253002 -1.585922 1.761679 -0.015301 -0.095911 0.000000 0.000000 0.000000 0.000000 0.000000 0.000000 0.000000 
-0.386271 -1.188821 1.986149 -0.012537 -0.038584 0.000000 0.000000 0.000000 0.000000 0.000000 0.000000 0.000000 
-0.193136 -1.196468 1.999462 -0.005735 -0.035527 0.000000 0.000000 0.000000 0.000000 0.000000 0.000000 0.000000 
-0.253002 -1.585922 1.761679 -0.015301 -0.095911 0.000000 0.000000 0.000000 0.000000 0.000000 0.000000 0.000000 
-0.000000 -1.602058 1.765328 -0.000000 -0.096352 0.000000 0.000000 0.000000 0.000000 0.000000 0.000000 0.000000 
-0.193136 -1.196468 1.999462 -0.005735 -0.035527 0.000000 0.000000 0.000000 0.000000 0.000000 0.000000 0.000000 
-0.000000 -1.204115 2.001997 -0.000000 -0.035073 0.000000 0.000000 0.000000 0.000000 0.000000 0.000000 0.000000 
-0.000000 -2.000000 1.194839 -0.000000 -0.194839 0.000000 0.000000 0.000000 0.000000 0.000000 0.000000 0.000000 
0.312869 -1.975377 1.194839 0.030479 -0.192440 0.000000 0.000000 0.000000 0.000000 0.000000 0.000000 0.000000 
-0.000000 -1.602058 1.765328 -0.000000 -0.096352 0.000000 0.000000 0.000000 0.000000 0.000000 0.000000 0.000000 
0.253002 -1.585922 1.761679 0.015301 -0.095911 0.000000 0.000000 0.000000 0.000000 0.000000 0.000000 0.000000 
0.312869 -1.975377 1.194839 0.030479 -0.192440 0.000000 0.000000 0.000000 0.000000 0.000000 0.000000 0.000000 
0.618034 -1.902113 1.194839 0.060208 -0.185302 0.000000 0.000000 0.000000 0.000000 0.000000 0.000000 0.000000 
0.253002 -1.585922 1.761679 0.015301 -0.095911 0.000000 0.000000 0.000000 0.000000 0.000000 0.000000 0.000000 
0.502153 -1.545467 1.743522 0.031187 -0.095983 0.000000 0.000000 0.000000 0.000000 0.000000 0.000000 0.000000 
-0.000000 -1.602058 1.765328 -0.000000 -0.096352 0.000000 0.000000 0.000000 0.000000 0.000000 0.000000 0.000000 
0.253002 -1.585922 1.761679 0.015301 -0.095911 0.000000 0.000000 0.000000 0.000000 0.000000 0.000000 0.000000 
-0.000000 -1.204115 2.001997 -0.000000 -0.035073 0.000000 0.000000 0.000000 0.000000 0.000000 0.000000 0.000000 
0.193136 -1.196468 1.999462 0.005735 -0.035527 0.000000 0.000000 0.000000 0.000000 0.000000 0.000000 0.000000 
0.253002 -1.585922 1.761679 0.015301 -0.095911 0.000000 0.000000 0.000000 0.000000 0.000000 0.000000 0.000000 
0.502153 -1.545467 1.743522 0.031187 -0.095983 0.000000 0.000000 0.000000 0.000000 0.000000 0.000000 0.000000 
0.193136 -1.196468 1.999462 0.005735 -0.035527 0.000000 0.000000 0.000000 0.000000 0.000000 0.000000 0.000000 
0.386271 -1.188821 1.986149 0.012537 -0.038584 0.000000 0.000000 0.000000 0.000000 0.000000 0.000000 0.000000 
-0.386271 -1.188821 1.986149 -0.012537 -0.038584 0.000000 0.000000 0.000000 0.000000 0.000000 0.000000 0.000000 
-0.193136 -1.196468 1.999462 -0.005735 -0.035527 0.000000 0.000000 0.000000 0.000000 0.000000 0.000000 0.000000 
-0.270390 -0.832174 2.054561 -0.001530 -0.004708 0.000000 0.000000 0.000000 0.000000 0.000000 0.000000 0.000000 
-0.135676 -0.845156 2.054910 -0.000574 -0.003574 0.000000 0.000000 0.000000 0.000000 0.000000 0.000000 0.000000 
-0.193136 -1.196468 1.999462 -0.005735 -0.035527 0.000000 0.000000 0.000000 0.000000 0.000000 0.000000 0.000000 
-0.000000 -1.204115 2.001997 -0.000000 -0.035073 0.000000 0.000000 0.000000 0.000000 0.000000 0.000000 0.000000 
-0.135676 -0.845156 2.054910 -0.000574 -0.003574 0.000000 0.000000 0.000000 0.000000 0.000000 0.000000 0.000000 
-0.000000 -0.852058 2.054951 -0.000000 -0.003350 0.000000 0.000000 0.000000 0.000000 0.000000 0.000000 0.000000 
-0.270390 -0.832174 2.054561 -0.001530 -0.004708 0.000000 0.000000 0.000000 0.000000 0.000000 0.000000 0.000000 
-0.135676 -0.845156 2.054910 -0.000574 -0.003574 0.000000 0.000000 0.000000 0.000000 0.000000 0.000000 0.000000 
-0.154508 -0.475528 2.017521 0.005414 0.016663 0.000000 0.000000 0.000000 0.000000 0.000000 0.000000 0.000000 
-0.078217 -0.493844 2.017521 0.002741 0.017305 0.000000 0.000000 0.000000 0.000000 0.000000 0.000000 0.000000 
-0.135676 -0.845156 2.054910 -0.000574 -0.003574 0.000000 0.000000 0.000000 0.000000 0.000000 0.000000 0.000000 
-0.000000 -0.852058 2.054951 -0.000000 -0.003350 0.000000 0.000000 0.000000 0.000000 0.000000 0.000000 0.000000 
-0.078217 -0.493844 2.017521 0.002741 0.017305 0.000000 0.000000 0.000000 0.000000 0.000000 0.000000 0.000000 
-0.000000 -0.500000 2.017521 0.000000 0.017521 0.000000 0.000000 0.000000 0.000000 0.000000 0.000000 0.000000 
-0.000000 -1.204115 2.001997 -0.000000 -0.035073 0.000000 0.000000 0.000000 0.000000 0.000000 0.000000 0.000000 
0.193136 -1.196468 1.999462 0.005735 -0.035527 0.000000 0.000000 0.000000 0.000000 0.000000 0.000000 0.000000 
-0.000000 -0.852058 2.054951 -0.000000 -0.003350 0.000000 0.000000 0.000000 0.000000 0.000000 0.000000 0.000000 
0.135676 -0.845156 2.054910 0.000574 -0.003574 0.000000 0.000000 0.000000 0.000000 0.000000 0.000000 0.000000 
0.193136 -1.196468 1.999462 0.005735 -0.035527 0.000000 0.000000 0.000000 0.000000 0.000000 0.000000 0.000000 
0.386271 -1.188821 1.986149 0.012537 -0.038584 0.000000 0.000000 0.000000 0.000000 0.000000 0.000000 0.000000 
0.135676 -0.845156 2.054910 0.000574 -0.003574 0.000000 0.000000 0.000000 0.000000 0.000000 0.000000 0.000000 
0.270390 -0.832174 2.054561 0.001530 -0.004708 0.000000 0.000000 0.000000 0.000000 0.000000 0.000000 0.000000 
-0.000000 -0.852058 2.054951 -0.000000 -0.003350 0.000000 0.000000 0.000000 0.000000 0.000000 0.000000 0.000000 
0.135676 -0.845156 2.054910 0.000574 -0.003574 0.000000 0.000000 0.000000 0.000000 0.000000 0.000000 0.000000 
-0.000000 -0.500000 2.017521 0.000000 0.017521 0.000000 0.000000 0.000000 0.000000 0.000000 0.000000 0.000000 
0.078217 -0.493844 2.017521 -0.002741 0.017305 0.000000 0.000000 0.000000 0.000000 0.000000 0.000000 0.000000 
0.135676 -0.845156 2.054910 0.000574 -0.003574 0.000000 0.000000 0.000000 0.000000 0.000000 0.000000 0.000000 
0.270390 -0.832174 2.054561 0.001530 -0.004708 0.000000 0.000000 0.000000 0.000000 0.000000 0.000000 0.000000 
0.078217 -0.493844 2.017521 -0.002741 0.017305 0.000000 0.000000 0.000000 0.000000 0.000000 0.000000 0.000000 
0.154508 -0.475528 2.017521 -0.005414 0.016663 0.000000 0.000000 0.000000 0.000000 0.000000 0.000000 0.000000 
0.618034 -1.902113 1.194839 0.060208 -0.185302 0.000000 0.000000 0.000000 0.000000 0.000000 0.000000 0.000000 
0.907981 -1.782013 1.194839 0.088455 -0.173602 0.000000 0.000000 0.000000 0.000000 0.000000 0.000000 0.000000 
0.502153 -1.545467 1.743522 0.031187 -0.095983 0.000000 0.000000 0.000000 0.000000 0.000000 0.000000 0.000000 
0.727499 -1.431749 1.761679 0.043997 -0.086587 0.000000 0.000000 0.000000 0.000000 0.000000 0.000000 0.000000 
0.907981 -1.782013 1.194839 0.088455 -0.173602 0.000000 0.000000 0.000000 0.000000 0.000000 0.000000 0.000000 
1.175571 -1.618034 1.194839 0.114523 -0.157628 0.000000 0.000000 0.000000 0.000000 0.000000 0.000000 0.000000 
0.727499 -1.431749 1.761679 0.043997 -0.086587 0.000000 0.000000 0.000000 0.000000 0.000000 0.000000 0.000000 
0.941666 -1.296092 1.765328 0.056634 -0.077950 0.000000 0.000000 0.000000 0.000000 0.000000 0.000000 0.000000 
0.502153 -1.545467 1.743522 0.031187 -0.095983 0.000000 0.000000 0.000000 0.000000 0.000000 0.000000 0.000000 
0.727499 -1.431749 1.761679 0.043997 -0.086587 0.000000 0.000000 0.000000 0.000000 0.000000 0.000000 0.000000 
0.386271 -1.188821 1.986149 0.012537 -0.038584 0.000000 0.000000 0.000000 0.000000 0.000000 0.000000 0.000000 
0.547016 -1.081485 1.999462 0.016243 -0.032112 0.000000 0.000000 0.000000 0.000000 0.000000 0.000000 0.000000 
0.727499 -1.431749 1.761679 0.043997 -0.086587 0.000000 0.000000 0.000000 0.000000 0.000000 0.000000 0.000000 
0.941666 -1.296092 1.765328 0.056634 -0.077950 0.000000 0.000000 0.000000 0.000000 0.000000 0.000000 0.000000 
0.547016 -1.081485 1.999462 0.016243 -0.032112 0.000000 0.000000 0.000000 0.000000 0.000000 0.000000 0.000000 
0.707761 -0.974150 2.001997 0.020615 -0.028375 0.000000 0.000000 0.000000 0.000000 0.000000 0.000000 0.000000 
1.175571 -1.618034 1.194839 0.114523 -0.157628 0.000000 0.000000 0.000000 0.000000 0.000000 0.000000 0.000000 
1.414214 -1.414214 1.194839 0.137772 -0.137772 0.000000 0.000000 0.000000 0.000000 0.000000 0.000000 0.000000 
0.941666 -1.296092 1.765328 0.056634 -0.077950 0.000000 0.000000 0.000000 0.000000 0.000000 0.000000 0.000000 
1.136865 -1.134327 1.761679 0.068754 -0.068600 0.000000 0.000000 0.000000 0.000000 0.000000 0.000000 0.000000 
1.414214 -1.414214 1.194839 0.137772 -0.137772 0.000000 0.000000 0.000000 0.000000 0.000000 0.000000 0.000000 
1.618034 -1.175571 1.194839 0.157628 -0.114523 0.000000 0.000000 0.000000 0.000000 0.000000 0.000000 0.000000 
1.136865 -1.134327 1.761679 0.068754 -0.068600 0.000000 0.000000 0.000000 0.000000 0.000000 0.000000 0.000000 
1.314653 -0.955151 1.743522 0.081648 -0.059321 0.000000 0.000000 0.000000 0.000000 0.000000 0.000000 0.000000 
0.941666 -1.296092 1.765328 0.056634 -0.077950 0.000000 0.000000 0.000000 0.000000 0.000000 0.000000 0.000000 
1.136865 -1.134327 1.761679 0.068754 -0.068600 0.000000 0.000000 0.000000 0.000000 0.000000 0.000000 0.000000 
0.707761 -0.974150 2.001997 0.020615 -0.028375 0.000000 0.000000 0.000000 0.000000 0.000000 0.000000 0.000000 
0.859516 -0.854441 1.999462 0.025522 -0.025371 0.000000 0.000000 0.000000 0.000000 0.000000 0.000000 0.000000 
1.136865 -1.134327 1.761679 0.068754 -0.068600 0.000000 0.000000 0.000000 0.000000 0.000000 0.000000 0.000000 
1.314653 -0.955151 1.743522 0.081648 -0.059321 0.000000 0.000000 0.000000 0.000000 0.000000 0.000000 0.000000 
0.859516 -0.854441 1.999462 0.025522 -0.025371 0.000000 0.000000 0.000000 0.000000 0.000000 0.000000 0.000000 
1.011271 -0.734732 1.986149 0.032822 -0.023846 0.000000 0.000000 0.000000 0.000000 0.000000 0.000000 0.000000 
0.386271 -1.188821 1.986149 0.012537 -0.038584 0.000000 0.000000 0.000000 0.000000 0.000000 0.000000 0.000000 
0.547016 -1.081485 1.999462 0.016243 -0.032112 0.000000 0.000000 0.000000 0.000000 0.000000 0.000000 0.000000 
0.270390 -0.832174 2.054561 0.001530 -0.004708 0.000000 0.000000 0.000000 0.000000 0.000000 0.000000 0.000000 
0.387006 -0.763494 2.054910 0.001636 -0.003228 0.000000 0.000000 0.000000 0.000000 0.000000 0.000000 0.000000 
0.547016 -1.081485 1.999462 0.016243 -0.032112 0.000000 0.000000 0.000000 0.000000 0.000000 0.000000 0.000000 
0.707761 -0.974150 2.001997 0.020615 -0.028375 0.000000 0.000000 0.000000 0.000000 0.000000 0.000000 0.000000 
0.387006 -0.763494 2.054910 0.001636 -0.003228 0.000000 0.000000 0.000000 0.000000 0.000000 0.000000 0.000000 
0.500827 -0.689329 2.054951 0.001969 -0.002710 0.000000 0.000000 0.000000 0.000000 0.000000 0.000000 0.000000 
0.270390 -0.832174 2.054561 0.001530 -0.004708 0.000000 0.000000 0.000000 0.000000 0.000000 0.000000 0.000000 
0.387006 -0.763494 2.054910 0.001636 -0.003228 0.000000 0.000000 0.000000 0.000000 0.000000 0.000000 0.000000 
0.154508 -0.475528 2.017521 -0.005414 0.016663 0.000000 0.000000 0.000000 0.000000 0.000000 0.000000 0.000000 
0.226995 -0.445503 2.017521 -0.007954 0.015611 0.000000 0.000000 0.000000 0.000000 0.000000 0.000000 0.000000 
0.387006 -0.763494 2.054910 0.001636 -0.003228 0.000000 0.000000 0.000000 0.000000 0.000000 0.000000 0.000000 
0.500827 -0.689329 2.054951 0.001969 -0.002710 0.000000 0.000000 0.000000 0.000000 0.000000 0.000000 0.000000 
0.226995 -0.445503 2.017521 -0.007954 0.015611 0.000000 0.000000 0.000000 0.000000 0.000000 0.000000 0.000000 
0.293893 -0.404508 2.017521 -0.010299 0.014175 0.000000 0.000000 0.000000 0.000000 0.000000 0.000000 0.000000 
0.707761 -0.974150 2.001997 0.020615 -0.028375 0.000000 0.000000 0.000000 0.000000 0.000000 0.000000 0.000000 
0.859516 -0.854441 1.999462 0.025522 -0.025371 0.000000 0.000000 0.000000 0.000000 0.000000 0.000000 0.000000 
0.500827 -0.689329 2.054951 0.001969 -0.002710 0.000000 0.000000 0.000000 0.000000 0.000000 0.000000 0.000000 
0.606535 -0.603997 2.054910 0.002565 -0.002554 0.000000 0.000000 0.000000 0.000000 0.000000 0.000000 0.000000 
0.859516 -0.854441 1.999462 0.025522 -0.025371 0.000000 0.000000 0.000000 0.000000 0.000000 0.000000 0.000000 
1.011271 -0.734732 1.986149 0.032822 -0.023846 0.000000 0.000000 0.000000 0.000000 0.000000 0.000000 0.000000 
0.606535 -0.603997 2.054910 0.002565 -0.002554 0.000000 0.000000 0.000000 0.000000 0.000000 0.000000 0.000000 
0.707890 -0.514312 2.054561 0.004005 -0.002910 0.000000 0.000000 0.000000 0.000000 0.000000 0.000000 0.000000 
0.500827 -0.689329 2.054951 0.001969 -0.002710 0.000000 0.000000 0.000000 0.000000 0.000000 0.000000 0.000000 
0.606535 -0.603997 2.054910 0.002565 -0.002554 0.000000 0.000000 0.000000 0.000000 0.000000 0.000000 0.000000 
0.293893 -0.404508 2.017521 -0.010299 0.014175 0.000000 0.000000 0.000000 0.000000 0.000000 0.000000 0.000000 
0.353553 -0.353553 2.017521 -0.012389 0.012389 0.000000 0.000000 0.000000 0.000000 0.000000 0.000000 0.000000 
0.606535 -0.603997 2.054910 0.002565 -0.002554 0.000000 0.000000 0.000000 0.000000 0.000000 0.000000 0.000000 
0.707890 -0.514312 2.054561 0.004005 -0.002910 0.000000 0.000000 0.000000 0.000000 0.000000 0.000000 0.000000 
0.353553 -0.353553 2.017521 -0.012389 0.012389 0.000000 0.000000 0.000000 0.000000 0.000000 0.000000 0.000000 
0.404508 -0.293893 2.017521 -0.014175 0.010299 0.000000 0.000000 0.000000 0.000000 0.000000 0.000000 0.000000 
1.618034 -1.175571 1.194839 0.157628 -0.114523 0.000000 0.000000 0.000000 0.000000 0.000000 0.000000 0.000000 
1.782013 -0.907981 1.194839 0.173602 -0.088455 0.000000 0.000000 0.000000 0.000000 0.000000 0.000000 0.000000 
1.314653 -0.955151 1.743522 0.081648 -0.059321 0.000000 0.000000 0.000000 0.000000 0.000000 0.000000 0.000000 
1.430120 -0.730696 1.761679 0.086489 -0.044190 0.000000 0.000000 0.000000 0.000000 0.000000 0.000000 0.000000 
1.782013 -0.907981 1.194839 0.173602 -0.088455 0.000000 0.000000 0.000000 0.000000 0.000000 0.000000 0.000000 
1.902113 -0.618034 1.194839 0.185302 -0.060208 0.000000 0.000000 0.000000 0.000000 0.000000 0.000000 0.000000 
1.430120 -0.730696 1.761679 0.086489 -0.044190 0.000000 0.000000 0.000000 0.000000 0.000000 0.000000 0.000000 
1.523647 -0.495063 1.765328 0.091636 -0.029774 0.000000 0.000000 0.000000 0.000000 0.000000 0.000000 0.000000 
1.314653 -0.955151 1.743522 0.081648 -0.059321 0.000000 0.000000 0.000000 0.000000 0.000000 0.000000 0.000000 
1.430120 -0.730696 1.761679 0.086489 -0.044190 0.000000 0.000000 0.000000 0.000000 0.000000 0.000000 0.000000 
1.011271 -0.734732 1.986149 0.032822 -0.023846 0.000000 0.000000 0.000000 0.000000 0.000000 0.000000 0.000000 
1.078227 -0.553412 1.999462 0.032016 -0.016432 0.000000 0.000000 0.000000 0.000000 0.000000 0.000000 0.000000 
1.430120 -0.730696 1.761679 0.086489 -0.044190 0.000000 0.000000 0.000000 0.000000 0.000000 0.000000 0.000000 
1.523647 -0.495063 1.765328 0.091636 -0.029774 0.000000 0.000000 0.000000 0.000000 0.000000 0.000000 0.000000 
1.078227 -0.553412 1.999462 0.032016 -0.016432 0.000000 0.000000 0.000000 0.000000 0.000000 0.000000 0.000000 
1.145182 -0.372092 2.001997 0.033356 -0.010838 0.000000 0.000000 0.000000 0.000000 0.000000 0.000000 0.000000 
1.902113 -0.618034 1.194839 0.185302 -0.060208 0.000000 0.000000 0.000000 0.000000 0.000000 0.000000 0.000000 
1.975377 -0.312869 1.194839 0.192440 -0.030479 0.000000 0.000000 0.000000 0.000000 0.000000 0.000000 0.000000 
1.523647 -0.495063 1.765328 0.091636 -0.029774 0.000000 0.000000 0.000000 0.000000 0.000000 0.000000 0.000000 
1.586484 -0.249458 1.761679 0.095945 -0.015086 0.000000 0.000000 0.000000 0.000000 0.000000 0.000000 0.000000 
1.975377 -0.312869 1.194839 0.192440 -0.030479 0.000000 0.000000 0.000000 0.000000 0.000000 0.000000 0.000000 
2.000000 0.000000 1.194839 0.194839 0.000000 0.000000 0.000000 0.000000 0.000000 0.000000 0.000000 0.000000 
1.586484 -0.249458 1.761679 0.095945 -0.015086 0.000000 0.000000 0.000000 0.000000 0.000000 0.000000 0.000000 
1.625000 0.000000 1.743522 0.100923 0.000000 0.000000 0.000000 0.000000 0.000000 0.000000 0.000000 0.000000 
1.523647 -0.495063 1.765328 0.091636 -0.029774 0.000000 0.000000 0.000000 0.000000 0.000000 0.000000 0.000000 
1.586484 -0.249458 1.761679 0.095945 -0.015086 0.000000 0.000000 0.000000 0.000000 0.000000 0.000000 0.000000 
1.145182 -0.372092 2.001997 0.033356 -0.010838 0.000000 0.000000 0.000000 0.000000 0.000000 0.000000 0.000000 
1.197591 -0.186046 1.999462 0.035560 -0.005524 0.000000 0.000000 0.000000 0.000000 0.000000 0.000000 0.000000 
1.586484 -0.249458 1.761679 0.095945 -0.015086 0.000000 0.000000 0.000000 0.000000 0.000000 0.000000 0.000000 
1.625000 0.000000 1.743522 0.100923 0.000000 0.000000 0.000000 0.000000 0.000000 0.000000 0.000000 0.000000 
1.197591 -0.186046 1.999462 0.035560 -0.005524 0.000000 0.000000 0.000000 0.000000 0.000000 0.000000 0.000000 
1.250000 0.000000 1.986149 0.040570 0.000000 0.000000 0.000000 0.000000 0.000000 0.000000 0.000000 0.000000 
1.011271 -0.734732 1.986149 0.032822 -0.023846 0.000000 0.000000 0.000000 0.000000 0.000000 0.000000 0.000000 
1.078227 -0.553412 1.999462 0.032016 -0.016432 0.000000 0.000000 0.000000 0.000000 0.000000 0.000000 0.000000 
0.707890 -0.514312 2.054561 0.004005 -0.002910 0.000000 0.000000 0.000000 0.000000 0.000000 0.000000 0.000000 
0.761865 -0.390204 2.054910 0.003221 -0.001650 0.000000 0.000000 0.000000 0.000000 0.000000 0.000000 0.000000 
1.078227 -0.553412 1.999462 0.032016 -0.016432 0.000000 0.000000 0.000000 0.000000 0.000000 0.000000 0.000000 
1.145182 -0.372092 2.001997 0.033356 -0.010838 0.000000 0.000000 0.000000 0.000000 0.000000 0.000000 0.000000 
0.761865 -0.390204 2.054910 0.003221 -0.001650 0.000000 0.000000 0.000000 0.000000 0.000000 0.000000 0.000000 
0.810355 -0.263300 2.054951 0.003186 -0.001035 0.000000 0.000000 0.000000 0.000000 0.000000 0.000000 0.000000 
0.707890 -0.514312 2.054561 0.004005 -0.002910 0.000000 0.000000 0.000000 0.000000 0.000000 0.000000 0.000000 
0.761865 -0.390204 2.054910 0.003221 -0.001650 0.000000 0.000000 0.000000 0.000000 0.000000 0.000000 0.000000 
0.404508 -0.293893 2.017521 -0.014175 0.010299 0.000000 0.000000 0.000000 0.000000 0.000000 0.000000 0.000000 
0.445503 -0.226995 2.017521 -0.015611 0.007954 0.000000 0.000000 0.000000 0.000000 0.000000 0.000000 0.000000 
0.761865 -0.390204 2.054910 0.003221 -0.001650 0.000000 0.000000 0.000000 0.000000 0.000000 0.000000 0.000000 
0.810355 -0.263300 2.054951 0.003186 -0.001035 0.000000 0.000000 0.000000 0.000000 0.000000 0.000000 0.000000 
0.445503 -0.226995 2.017521 -0.015611 0.007954 0.000000 0.000000 0.000000 0.000000 0.000000 0.000000 0.000000 
0.475528 -0.154508 2.017521 -0.016663 0.005414 0.000000 0.000000 0.000000 0.000000 0.000000 0.000000 0.000000 
1.145182 -0.372092 2.001997 0.033356 -0.010838 0.000000 0.000000 0.000000 0.000000 0.000000 0.000000 0.000000 
1.197591 -0.186046 1.999462 0.035560 -0.005524 0.000000 0.000000 0.000000 0.000000 0.000000 0.000000 0.000000 
0.810355 -0.263300 2.054951 0.003186 -0.001035 0.000000 0.000000 0.000000 0.000000 0.000000 0.000000 0.000000 
0.845718 -0.132132 2.054910 0.003576 -0.000559 0.000000 0.000000 0.000000 0.000000 0.000000 0.000000 0.000000 
1.197591 -0.186046 1.999462 0.035560 -0.005524 0.000000 0.000000 0.000000 0.000000 0.000000 0.000000 0.000000 
1.250000 0.000000 1.986149 0.040570 0.000000 0.000000 0.000000 0.000000 0.000000 0.000000 0.000000 0.000000 
0.845718 -0.132132 2.054910 0.003576 -0.000559 0.000000 0.000000 0.000000 0.000000 0.000000 0.000000 0.000000 
0.875000 0.000000 2.054561 0.004950 0.000000 0.000000 0.000000 0.000000 0.000000 0.000000 0.000000 0.000000 
0.810355 -0.263300 2.054951 0.003186 -0.001035 0.000000 0.000000 0.000000 0.000000 0.000000 0.000000 0.000000 
0.845718 -0.132132 2.054910 0.003576 -0.000559 0.000000 0.000000 0.000000 0.000000 0.000000 0.000000 0.000000 
0.475528 -0.154508 2.017521 -0.016663 0.005414 0.000000 0.000000 0.000000 0.000000 0.000000 0.000000 0.000000 
0.493844 -0.078217 2.017521 -0.017305 0.002741 0.000000 0.000000 0.000000 0.000000 0.000000 0.000000 0.000000 
0.845718 -0.132132 2.054910 0.003576 -0.000559 0.000000 0.000000 0.000000 0.000000 0.000000 0.000000 0.000000 
0.875000 0.000000 2.054561 0.004950 0.000000 0.000000 0.000000 0.000000 0.000000 0.000000 0.000000 0.000000 
0.493844 -0.078217 2.017521 -0.017305 0.002741 0.000000 0.000000 0.000000 0.000000 0.000000 0.000000 0.000000 
0.500000 0.000000 2.017521 -0.017521 -0.000000 0.000000 0.000000 0.000000 0.000000 0.000000 0.000000 0.000000 
