#x y at the midpoint of each cell all the solution components
2.000000 0.000000 1.212193 0.175626 0.001237 -0.021351 0.000910 0.005851 -0.001479 -0.000026 -0.000489 -0.000127 
1.618034 1.175571 1.212193 0.142811 0.102230 -0.011088 -0.013216 -0.004412 -0.001248 -0.000257 -0.000433 -0.000776 
0.500000 0.000000 2.001523 -0.033023 0.000058 -0.006969 0.000569 0.008330 0.002494 -0.000273 -0.001733 0.000235 
0.404508 0.293893 2.001523 -0.026682 -0.019457 -0.001142 -0.007451 0.002503 -0.000399 0.001867 0.000993 -0.001389 
1.618034 1.175571 1.212193 0.142811 0.102230 -0.011088 -0.013216 -0.004412 -0.001248 -0.000257 -0.000433 -0.000776 
0.618034 1.902113 1.212193 0.055447 0.166648 0.003788 -0.007259 -0.019288 -0.000570 -0.000444 -0.000183 -0.001380 
0.404508 0.293893 2.001523 -0.026682 -0.019457 -0.001142 -0.007451 0.002503 -0.000399 0.001867 0.000993 -0.001389 
0.154508 0.475528 2.001523 -0.010260 -0.031389 0.006534 -0.004957 -0.005174 -0.001507 -0.000739 0.001778 0.001452 
0.618034 1.902113 1.212193 0.055447 0.166648 0.003788 -0.007259 -0.019288 -0.000570 -0.000444 -0.000183 -0.001380 
-0.618034 1.902113 1.212193 -0.055447 0.166648 0.003788 0.007259 -0.019288 0.000570 -0.000444 0.000183 -0.001380 
0.154508 0.475528 2.001523 -0.010260 -0.031389 0.006534 -0.004957 -0.005174 -0.001507 -0.000739 0.001778 0.001452 
-0.154508 0.475528 2.001523 0.010260 -0.031389 0.006534 0.004957 -0.005174 0.001507 -0.000739 -0.001778 0.001452 
-0.618034 1.902113 1.212193 -0.055447 0.166648 0.003788 0.007259 -0.019288 0.000570 -0.000444 0.000183 -0.001380 
-1.618034 1.175571 1.212193 -0.141358 0.104231 -0.012818 0.012654 -0.002682 0.001137 -0.000327 0.000365 -0.000953 
-0.154508 0.475528 2.001523 0.010260 -0.031389 0.006534 0.004957 -0.005174 0.001507 -0.000739 -0.001778 0.001452 
-0.404508 0.293893 2.001523 0.026750 -0.019363 -0.002225 0.007099 0.003585 -0.000135 0.002015 -0.000503 -0.001597 
-1.618034 1.175571 1.212193 -0.141358 0.104231 -0.012818 0.012654 -0.002682 0.001137 -0.000327 0.000365 -0.000953 
-2.000000 0.000000 1.212193 -0.175626 0.001237 -0.021351 -0.000910 0.005851 0.001479 -0.000026 0.000489 -0.000127 
-0.404508 0.293893 2.001523 0.026750 -0.019363 -0.002225 0.007099 0.003585 -0.000135 0.002015 -0.000503 -0.001597 
-0.500000 0.000000 2.001523 0.033023 0.000058 -0.006969 -0.000569 0.008330 -0.002494 -0.000273 0.001733 0.000235 
-2.000000 0.000000 1.212193 -0.175626 0.001237 -0.021351 -0.000910 0.005851 0.001479 -0.000026 0.000489 -0.000127 
-1.618034 -1.175571 1.212193 -0.141358 -0.104231 -0.012818 -0.012654 -0.002682 0.001137 0.000327 0.000365 0.000953 
-0.500000 0.000000 2.001523 0.033023 0.000058 -0.006969 -0.000569 0.008330 -0.002494 -0.000273 0.001733 0.000235 
-0.404508 -0.293893 2.001523 0.026682 0.019457 -0.001142 -0.007451 0.002503 0.000399 -0.001867 -0.000993 0.001389 
-1.618034 -1.175571 1.212193 -0.141358 -0.104231 -0.012818 -0.012654 -0.002682 0.001137 0.000327 0.000365 0.000953 
-0.618034 -1.902113 1.212193 -0.055447 -0.166648 0.003788 -0.007259 -0.019288 0.000570 0.000444 0.000183 0.001380 
-0.404508 -0.293893 2.001523 0.026682 0.019457 -0.001142 -0.007451 0.002503 0.000399 -0.001867 -0.000993 0.001389 
-0.154508 -0.475528 2.001523 0.010149 0.031424 0.007203 -0.004036 -0.005843 0.001251 0.001159 -0.001451 -0.001896 
-0.618034 -1.902113 1.212193 -0.055447 -0.166648 0.003788 -0.007259 -0.019288 0.000570 0.000444 0.000183 0.001380 
0.618034 -1.902113 1.212193 0.055447 -0.166648 0.003788 0.007259 -0.019288 -0.000570 0.000444 -0.000183 0.001380 
-0.154508 -0.475528 2.001523 0.010149 0.031424 0.007203 -0.004036 -0.005843 0.001251 0.001159 -0.001451 -0.001896 
0.154508 -0.475528 2.001523 -0.010260 0.031389 0.006534 0.004957 -0.005174 -0.001507 0.000739 0.001778 -0.001452 
0.618034 -1.902113 1.212193 0.055447 -0.166648 0.003788 0.007259 -0.019288 -0.000570 0.000444 -0.000183 0.001380 
1.618034 -1.175571 1.212193 0.141358 -0.104231 -0.012818 0.012654 -0.002682 -0.001137 0.000327 -0.000365 0.000953 
0.154508 -0.475528 2.001523 -0.010260 0.031389 0.006534 0.004957 -0.005174 -0.001507 0.000739 0.001778 -0.001452 
0.404508 -0.293893 2.001523 -0.026750 0.019363 -0.002225 0.007099 0.003585 0.000135 -0.002015 0.000503 0.001597 
1.618034 -1.175571 1.212193 0.141358 -0.104231 -0.012818 0.012654 -0.002682 -0.001137 0.000327 -0.000365 0.000953 
2.000000 0.000000 1.212193 0.175626 0.001237 -0.021351 0.000910 0.005851 -0.001479 -0.000026 -0.000489 -0.000127 
0.404508 -0.293893 2.001523 -0.026750 0.019363 -0.002225 0.007099 0.003585 0.000135 -0.002015 0.000503 0.001597 
0.500000 0.000000 2.001523 -0.033023 0.000058 -0.006969 0.000569 0.008330 0.002494 -0.000273 -0.001733 0.000235 
