#L2 in u(Using QGauss)0 #Linfty in u(Using QGauss)0 #degree of freedom #number of cells   #hMax    #residual  
2.2221e-01            - 1.9219e-01                -                240               10 1.6223e+00 1.5568e-15 
1.5103e-01         0.56 2.0599e-01            -0.10                960               40 9.3229e-01 1.6023e-15 
7.7323e-02         0.97 1.4892e-01             0.47               3840              160 4.8709e-01 1.6102e-15 
3.0401e-02         1.35 7.6155e-02             0.97              15360              640 2.5011e-01 1.5498e-15 
9.7209e-03         1.64 2.9820e-02             1.35              61440             2560 1.2645e-01 1.5763e-15 
2.7504e-03         1.82 9.6868e-03             1.62             245760            10240 6.3637e-02 1.5719e-15 
7.3483e-04         1.90 2.8010e-03             1.79             983040            40960 3.1906e-02 1.5817e-15 
1.9239e-04         1.93 7.5984e-04             1.88            3932160           163840 1.5979e-02 1.5869e-15 
5.0212e-05         1.94 2.0563e-04             1.89           15728640           655360 7.9947e-03 1.5916e-15 
