-5.000000000000E-01    -6.090975029582E-01    +1.031634308015E-09     +6.453261049512E-01    +3.622860199297E-02    -3.622860199297E-02    +7.213899682110E-01
-4.991666666667E-01    -6.067153685188E-01    +1.134150265549E-06     +6.427683217643E-01    +3.605295324547E-02    -3.605338137832E-02    +7.213868266317E-01
-4.975000000000E-01    -6.022199179964E-01    -3.258684086578E-07     +6.379386455750E-01    +3.571872757862E-02    -3.571859806695E-02    +7.213908442526E-01
-4.958333333333E-01    -5.980800010381E-01    -9.495830905589E-08     +6.334810172462E-01    +3.540101620801E-02    -3.540097727349E-02    +7.213902109084E-01
-4.941666666667E-01    -5.942214203217E-01    -1.405173207400E-07     +6.293195262654E-01    +3.509810594373E-02    -3.509804968878E-02    +7.213903415313E-01
-4.925000000000E-01    -5.905854334729E-01    -1.003978402860E-07     +6.253924214354E-01    +3.480698796246E-02    -3.480694769676E-02    +7.213902353223E-01
-4.908333333333E-01    -5.871244702083E-01    -8.225913354796E-08     +6.216500627232E-01    +3.452559251485E-02    -3.452555948009E-02    +7.213901887677E-01
-4.891666666667E-01    -5.838029874947E-01    -6.464087091446E-08     +6.180553013133E-01    +3.425231381864E-02    -3.425228780296E-02    +7.213901427935E-01
-4.875000000000E-01    -5.805943020309E-01    -5.213287011891E-08     +6.145802762741E-01    +3.398597424318E-02    -3.398595321125E-02    +7.213901102410E-01
-4.858333333333E-01    -5.774784071735E-01    -4.251338488468E-08     +6.112040969501E-01    +3.372568977660E-02    -3.372567258279E-02    +7.213900851499E-01
-4.841666666667E-01    -5.744401764807E-01    -3.526856776811E-08     +6.079109664663E-01    +3.347078998560E-02    -3.347077568506E-02    +7.213900662337E-01
-4.825000000000E-01    -5.714680651325E-01    -2.971699985948E-08     +6.046888212417E-01    +3.322075610926E-02    -3.322074402788E-02    +7.213900517114E-01
-4.808333333333E-01    -5.685531578881E-01    -2.542487249692E-08     +6.015283363455E-01    +3.297517845737E-02    -3.297516809279E-02    +7.213900404592E-01
-4.791666666667E-01    -5.656884793984E-01    -2.206049442467E-08     +5.984222056665E-01    +3.273372626814E-02    -3.273371724983E-02    +7.213900316158E-01
-4.775000000000E-01    -5.628684932561E-01    -1.938635267797E-08     +5.953646198561E-01    +3.249612659998E-02    -3.249611865185E-02    +7.213900245653E-01
-4.758333333333E-01    -5.600887378881E-01    -1.722870388071E-08     +5.923508873464E-01    +3.226214945832E-02    -3.226214237353E-02    +7.213900188574E-01
-4.741666666667E-01    -5.573455611911E-01    -1.546098796241E-08     +5.893771584717E-01    +3.203159728053E-02    -3.203159090274E-02    +7.213900141643E-01
-4.725000000000E-01    -5.546359265322E-01    -1.399051181204E-08     +5.864402239847E-01    +3.180429745254E-02    -3.180429166247E-02    +7.213900102458E-01
-4.708333333333E-01    -5.519572703523E-01    -1.274914888882E-08     +5.835373672923E-01    +3.158009694002E-02    -3.158009164567E-02    +7.213900069254E-01
-4.691666666667E-01    -5.493073971445E-01    -1.168656246843E-08     +5.806662555411E-01    +3.135885839666E-02    -3.135885352621E-02    +7.213900040728E-01
-4.675000000000E-01    -5.466844015454E-01    -1.076533575515E-08     +5.778248588527E-01    +3.114045730737E-02    -3.114045280401E-02    +7.213900015911E-01
-4.658333333333E-01    -5.440866101426E-01    -9.957454079124E-09     +5.750113900023E-01    +3.092477985972E-02    -3.092477567790E-02    +7.213899994074E-01
-4.641666666667E-01    -5.415125376574E-01    -9.241766431802E-09     +5.722242589881E-01    +3.071172133065E-02    -3.071171743335E-02    +7.213899974670E-01
-4.625000000000E-01    -5.389608536445E-01    -8.602149765927E-09     +5.694620384850E-01    +3.050118484050E-02    -3.050118119716E-02    +7.213899957279E-01
-4.608333333333E-01    -5.364303569177E-01    -8.026181141755E-09     +5.667234372890E-01    +3.029308037129E-02    -3.029307695635E-02    +7.213899941577E-01
-4.591666666667E-01    -5.339199556797E-01    -7.504173977775E-09     +5.640072796572E-01    +3.008732397746E-02    -3.008732076929E-02    +7.213899927311E-01
-4.575000000000E-01    -5.314286518868E-01    -7.028478409658E-09     +5.613124890255E-01    +2.988383713872E-02    -2.988383411875E-02    +7.213899914282E-01
-4.558333333333E-01    -5.289555287816E-01    -6.592971520937E-09     +5.586380750010E-01    +2.968254621948E-02    -2.968254337161E-02    +7.213899902329E-01
-4.541666666667E-01    -5.264997408131E-01    -6.192684813923E-09     +5.559831228229E-01    +2.948338200974E-02    -2.948337931987E-02    +7.213899891321E-01
-4.525000000000E-01    -5.240605053737E-01    -5.823531617515E-09     +5.533467847033E-01    +2.928627932959E-02    -2.928627678527E-02    +7.213899881151E-01
-4.508333333333E-01    -5.216370959324E-01    -5.482104655462E-09     +5.507282726166E-01    +2.909117668416E-02    -2.909117427430E-02    +7.213899871727E-01
-4.491666666667E-01    -5.192288362549E-01    -5.165527768729E-09     +5.481268522144E-01    +2.889801595954E-02    -2.889801367422E-02    +7.213899862974E-01
-4.475000000000E-01    -5.168350954783E-01    -4.871344547736E-09     +5.455418376309E-01    +2.870674215264E-02    -2.870673998291E-02    +7.213899854827E-01
-4.458333333333E-01    -5.144552838684E-01    -4.597434630193E-09     +5.429725869979E-01    +2.851730312952E-02    -2.851730106729E-02    +7.213899847229E-01
-4.441666666667E-01    -5.120888491284E-01    -4.341950423517E-09     +5.404184985365E-01    +2.832964940804E-02    -2.832964744597E-02    +7.213899840131E-01
-4.425000000000E-01    -5.097352731592E-01    -4.103269030230E-09     +5.378790071208E-01    +2.814373396159E-02    -2.814373209296E-02    +7.213899833489E-01
-4.408333333333E-01    -5.073940691948E-01    -3.879954175899E-09     +5.353535812359E-01    +2.795951204115E-02    -2.795951025985E-02    +7.213899827265E-01
-4.391666666667E-01    -5.050647792529E-01    -3.670727443811E-09     +5.328417202666E-01    +2.777694101364E-02    -2.777693931406E-02    +7.213899821424E-01
-4.375000000000E-01    -5.027469718538E-01    -3.474444394673E-09     +5.303429520684E-01    +2.759598021460E-02    -2.759597859159E-02    +7.213899815937E-01
-4.358333333333E-01    -5.004402399685E-01    -3.290077035912E-09     +5.278568307823E-01    +2.741659081378E-02    -2.741658926258E-02    +7.213899810774E-01
-4.341666666667E-01    -4.981441991671E-01    -3.116697159398E-09     +5.253829348593E-01    +2.723873569214E-02    -2.723873420839E-02    +7.213899805911E-01
-4.325000000000E-01    -4.958584859420E-01    -2.953465170630E-09     +5.229208652713E-01    +2.706237932931E-02    -2.706237790898E-02    +7.213899801326E-01
-4.308333333333E-01    -4.935827561835E-01    -2.799618555750E-09     +5.204702438839E-01    +2.688748770037E-02    -2.688748633973E-02    +7.213899796997E-01
-4.291666666667E-01    -4.913166837932E-01    -2.654464289697E-09     +5.180307119742E-01    +2.671402818100E-02    -2.671402687659E-02    +7.213899792907E-01
-4.275000000000E-01    -4.890599594173E-01    -2.517370330329E-09     +5.156019288776E-01    +2.654196946034E-02    -2.654196820897E-02    +7.213899789037E-01
-4.258333333333E-01    -4.868122892891E-01    -2.387759447484E-09     +5.131835707499E-01    +2.637128146079E-02    -2.637128025949E-02    +7.213899785374E-01
-4.241666666667E-01    -4.845733941688E-01    -2.265104011691E-09     +5.107753294329E-01    +2.620193526403E-02    -2.620193411004E-02    +7.213899781901E-01
-4.225000000000E-01    -4.823430083708E-01    -2.148920342841E-09     +5.083769114137E-01    +2.603390304282E-02    -2.603390193356E-02    +7.213899778606E-01
-4.208333333333E-01    -4.801208788707E-01    -2.038765237631E-09     +5.059880368686E-01    +2.586715799795E-02    -2.586715693106E-02    +7.213899775477E-01
-4.191666666667E-01    -4.779067644832E-01    -1.934231642911E-09     +5.036084387832E-01    +2.570167430002E-02    -2.570167327325E-02    +7.213899772504E-01
-4.175000000000E-01    -4.757004351065E-01    -1.834945385226E-09     +5.012378621419E-01    +2.553742703541E-02    -2.553742604670E-02    +7.213899769675E-01
-4.158333333333E-01    -4.735016710242E-01    -1.740562088578E-09     +4.988760631805E-01    +2.537439215631E-02    -2.537439120372E-02    +7.213899766981E-01
-4.141666666667E-01    -4.713102622623E-01    -1.650764540218E-09     +4.965228086965E-01    +2.521254643428E-02    -2.521254551600E-02    +7.213899764414E-01
-4.125000000000E-01    -4.691260079943E-01    -1.565260459691E-09     +4.941778754114E-01    +2.505186741711E-02    -2.505186653144E-02    +7.213899761967E-01
-4.108333333333E-01    -4.669487159919E-01    -1.483779559974E-09     +4.918410493806E-01    +2.489233338875E-02    -2.489233253411E-02    +7.213899759631E-01
-4.091666666667E-01    -4.647782021157E-01    -1.406072610216E-09     +4.895121254476E-01    +2.473392333190E-02    -2.473392250681E-02    +7.213899757399E-01
-4.075000000000E-01    -4.626142898440E-01    -1.331908833121E-09     +4.871909067373E-01    +2.457661689325E-02    -2.457661609630E-02    +7.213899755266E-01
-4.058333333333E-01    -4.604568098352E-01    -1.261074862163E-09     +4.848772041862E-01    +2.442039435092E-02    -2.442039358081E-02    +7.213899753226E-01
-4.041666666667E-01    -4.583055995219E-01    -1.193372837250E-09     +4.825708361060E-01    +2.426523658412E-02    -2.426523583962E-02    +7.213899751273E-01
-4.025000000000E-01    -4.561605027336E-01    -1.128619234222E-09     +4.802716277784E-01    +2.411112504476E-02    -2.411112432471E-02    +7.213899749402E-01
-4.008333333333E-01    -4.540213693458E-01    -1.066644077140E-09     +4.779794110766E-01    +2.395804173083E-02    -2.395804103413E-02    +7.213899747608E-01
-3.991666666667E-01    -4.518880549531E-01    -1.007288912801E-09     +4.756940241145E-01    +2.380596916146E-02    -2.380596848710E-02    +7.213899745888E-01
-3.975000000000E-01    -4.497604205649E-01    -9.504068613151E-010    +4.734153109185E-01    +2.365489035358E-02    -2.365488970057E-02    +7.213899744237E-01
-3.958333333333E-01    -4.476383323216E-01    -8.958609496295E-010    +4.711431211215E-01    +2.350478879986E-02    -2.350478816731E-02    +7.213899742652E-01
-3.941666666667E-01    -4.455216612289E-01    -8.435236851345E-010    +4.688773096771E-01    +2.335564844813E-02    -2.335564783516E-02    +7.213899741128E-01
-3.925000000000E-01    -4.434102829107E-01    -7.932763152490E-010    +4.666177365925E-01    +2.320745368186E-02    -2.320745308767E-02    +7.213899739663E-01
-3.908333333333E-01    -4.413040773767E-01    -7.450078720346E-010    +4.643642666786E-01    +2.306018930191E-02    -2.306018872571E-02    +7.213899738254E-01
-3.891666666667E-01    -4.392029288064E-01    -6.986147284611E-010    +4.621167693155E-01    +2.291384050916E-02    -2.291383995023E-02    +7.213899736898E-01
-3.875000000000E-01    -4.371067253449E-01    -6.540001320082E-010    +4.598751182332E-01    +2.276839288827E-02    -2.276839234592E-02    +7.213899735591E-01
-3.858333333333E-01    -4.350153589132E-01    -6.110734638106E-010    +4.576391913054E-01    +2.262383239224E-02    -2.262383186581E-02    +7.213899734333E-01
-3.841666666667E-01    -4.329287250287E-01    -5.697499346893E-010    +4.554088703565E-01    +2.248014532784E-02    -2.248014481671E-02    +7.213899733119E-01
-3.825000000000E-01    -4.308467226374E-01    -5.299499758522E-010    +4.531840409792E-01    +2.233731834181E-02    -2.233731784539E-02    +7.213899731949E-01
-3.808333333333E-01    -4.287692539562E-01    -4.915991592040E-010    +4.509645923640E-01    +2.219533840780E-02    -2.219533792554E-02    +7.213899730820E-01
-3.791666666667E-01    -4.266962243238E-01    -4.546273485791E-010    +4.487504171378E-01    +2.205419281400E-02    -2.205419234535E-02    +7.213899729730E-01
-3.775000000000E-01    -4.246275420613E-01    -4.189689866615E-010    +4.465414112126E-01    +2.191386915134E-02    -2.191386869579E-02    +7.213899728677E-01
-3.758333333333E-01    -4.225631183397E-01    -3.845622721332E-010    +4.443374736421E-01    +2.177435530239E-02    -2.177435485946E-02    +7.213899727660E-01
-3.741666666667E-01    -4.205028670560E-01    -3.513487634813E-010    +4.421385064867E-01    +2.163563943070E-02    -2.163563899994E-02    +7.213899726676E-01
-3.725000000000E-01    -4.184467047156E-01    -3.192740656438E-010    +4.399444146863E-01    +2.149770997076E-02    -2.149770955172E-02    +7.213899725725E-01
-3.708333333333E-01    -4.163945503212E-01    -2.882862909879E-010    +4.377551059395E-01    +2.136055561837E-02    -2.136055521064E-02    +7.213899724805E-01
-3.691666666667E-01    -4.143463252682E-01    -2.583369661824E-010    +4.355704905898E-01    +2.122416532154E-02    -2.122416492471E-02    +7.213899723915E-01
-3.675000000000E-01    -4.123019532456E-01    -2.293800726096E-010    +4.333904815173E-01    +2.108852827172E-02    -2.108852788541E-02    +7.213899723053E-01
-3.658333333333E-01    -4.102613601416E-01    -2.013722827734E-010    +4.312149940372E-01    +2.095363389556E-02    -2.095363351941E-02    +7.213899722218E-01
-3.641666666667E-01    -4.082244739551E-01    -1.742726653010E-010    +4.290439458021E-01    +2.081947184694E-02    -2.081947148061E-02    +7.213899721409E-01
-3.625000000000E-01    -4.061912247113E-01    -1.480422981317E-010    +4.268772567107E-01    +2.068603199945E-02    -2.068603164260E-02    +7.213899720625E-01
-3.608333333333E-01    -4.041615443814E-01    -1.226447048430E-010    +4.247148488205E-01    +2.055330443909E-02    -2.055330409140E-02    +7.213899719866E-01
-3.591666666667E-01    -4.021353668070E-01    -9.804500265736E-11     +4.225566462644E-01    +2.042127945745E-02    -2.042127911862E-02    +7.213899719128E-01
-3.575000000000E-01    -4.001126276277E-01    -7.421027928672E-11     +4.204025751727E-01    +2.028994754501E-02    -2.028994721475E-02    +7.213899718413E-01
-3.558333333333E-01    -3.980932642129E-01    -5.110942824949E-11     +4.182525635978E-01    +2.015929938491E-02    -2.015929906293E-02    +7.213899717720E-01
-3.541666666667E-01    -3.960772155959E-01    -2.871277993816E-11     +4.161065414427E-01    +2.002932584680E-02    -2.002932553284E-02    +7.213899717046E-01
-3.525000000000E-01    -3.940644224128E-01    -6.992264786263E-12     +4.139644403939E-01    +1.990001798111E-02    -1.990001767492E-02    +7.213899716392E-01
-3.508333333333E-01    -3.920548268424E-01    +1.407889662973E-11     +4.118261938558E-01    +1.977136701346E-02    -1.977136671478E-02    +7.213899715757E-01
-3.491666666667E-01    -3.900483725506E-01    +3.452604097658E-11     +4.096917368900E-01    +1.964336433933E-02    -1.964336404793E-02    +7.213899715139E-01
-3.475000000000E-01    -3.880450046367E-01    +5.437310539439E-11     +4.075610061556E-01    +1.951600151894E-02    -1.951600123460E-02    +7.213899714539E-01
-3.458333333333E-01    -3.860446695816E-01    +7.364337035457E-11     +4.054339398540E-01    +1.938927027234E-02    -1.938926999484E-02    +7.213899713956E-01
-3.441666666667E-01    -3.840473151998E-01    +9.235866460219E-11     +4.033104776745E-01    +1.926316247472E-02    -1.926316220384E-02    +7.213899713389E-01
-3.425000000000E-01    -3.820528905919E-01    +1.105397607093E-010    +4.011905607438E-01    +1.913767015183E-02    -1.913766988738E-02    +7.213899712838E-01
-3.408333333333E-01    -3.800613461010E-01    +1.282062794750E-010    +3.990741315767E-01    +1.901278547566E-02    -1.901278521744E-02    +7.213899712301E-01
-3.391666666667E-01    -3.780726332691E-01    +1.453775098604E-010    +3.969611340294E-01    +1.888850076025E-02    -1.888850050807E-02    +7.213899711779E-01
-3.375000000000E-01    -3.760867047972E-01    +1.620712093795E-010    +3.948515132549E-01    +1.876480845764E-02    -1.876480821133E-02    +7.213899711270E-01
-3.358333333333E-01    -3.741035145059E-01    +1.783047068275E-010    +3.927452156599E-01    +1.864170115401E-02    -1.864170091340E-02    +7.213899710776E-01
-3.341666666667E-01    -3.721230172981E-01    +1.940945884172E-010    +3.906421888640E-01    +1.851917156595E-02    -1.851917133086E-02    +7.213899710294E-01
-3.325000000000E-01    -3.701451691236E-01    +2.094564043625E-010    +3.885423816605E-01    +1.839721253685E-02    -1.839721230713E-02    +7.213899709824E-01
-3.308333333333E-01    -3.681699269448E-01    +2.244052845645E-010    +3.864457439782E-01    +1.827581703343E-02    -1.827581680893E-02    +7.213899709367E-01
-3.291666666667E-01    -3.661972487035E-01    +2.389555650290E-010    +3.843522268459E-01    +1.815497814245E-02    -1.815497792301E-02    +7.213899708921E-01
-3.275000000000E-01    -3.642270932900E-01    +2.531209224371E-010    +3.822617823574E-01    +1.803468906740E-02    -1.803468885288E-02    +7.213899708487E-01
-3.258333333333E-01    -3.622594205129E-01    +2.669145979289E-010    +3.801743636384E-01    +1.791494312549E-02    -1.791494291576E-02    +7.213899708064E-01
-3.241666666667E-01    -3.602941910697E-01    +2.803491006008E-010    +3.780899248143E-01    +1.779573374459E-02    -1.779573353951E-02    +7.213899707651E-01
-3.225000000000E-01    -3.583313665196E-01    +2.934365237719E-010    +3.760084209800E-01    +1.767705446036E-02    -1.767705425980E-02    +7.213899707248E-01
-3.208333333333E-01    -3.563709092564E-01    +3.061884454235E-010    +3.739298081699E-01    +1.755889891345E-02    -1.755889871729E-02    +7.213899706855E-01
-3.191666666667E-01    -3.544127824832E-01    +3.186157976112E-010    +3.718540433300E-01    +1.744126084682E-02    -1.744126065493E-02    +7.213899706472E-01
-3.175000000000E-01    -3.524569501875E-01    +3.307293838611E-010    +3.697810842906E-01    +1.732413410309E-02    -1.732413391537E-02    +7.213899706098E-01
-3.158333333333E-01    -3.505033771176E-01    +3.425393826104E-010    +3.677108897397E-01    +1.720751262208E-02    -1.720751243841E-02    +7.213899705733E-01
-3.141666666667E-01    -3.485520287600E-01    +3.540554127586E-010    +3.656434191984E-01    +1.709139043832E-02    -1.709139025859E-02    +7.213899705377E-01
-3.125000000000E-01    -3.466028713174E-01    +3.652869678517E-010    +3.635786329961E-01    +1.697576167873E-02    -1.697576150284E-02    +7.213899705029E-01
-3.108333333333E-01    -3.446558716873E-01    +3.762430037366E-010    +3.615164922476E-01    +1.686062056033E-02    -1.686062038818E-02    +7.213899704689E-01
-3.091666666667E-01    -3.427109974421E-01    +3.869320602186E-010    +3.594569588301E-01    +1.674596138802E-02    -1.674596121951E-02    +7.213899704357E-01
-3.075000000000E-01    -3.407682168096E-01    +3.973627451925E-010    +3.573999953621E-01    +1.663177855248E-02    -1.663177838751E-02    +7.213899704033E-01
-3.058333333333E-01    -3.388274986538E-01    +4.075427514805E-010    +3.553455651818E-01    +1.651806652805E-02    -1.651806636653E-02    +7.213899703716E-01
-3.041666666667E-01    -3.368888124568E-01    +4.174799573111E-010    +3.532936323276E-01    +1.640481987078E-02    -1.640481971263E-02    +7.213899703407E-01
-3.025000000000E-01    -3.349521283017E-01    +4.271817551352E-010    +3.512441615182E-01    +1.629203321648E-02    -1.629203306161E-02    +7.213899703105E-01
-3.008333333333E-01    -3.330174168552E-01    +4.366551799561E-010    +3.491971181340E-01    +1.617970127881E-02    -1.617970112714E-02    +7.213899702809E-01
-2.991666666667E-01    -3.310846493517E-01    +4.459070094595E-010    +3.471524681992E-01    +1.606781884749E-02    -1.606781869893E-02    +7.213899702520E-01
-2.975000000000E-01    -3.291537975776E-01    +4.549439373241E-010    +3.451101783641E-01    +1.595638078651E-02    -1.595638064099E-02    +7.213899702237E-01
-2.958333333333E-01    -3.272248338556E-01    +4.637722306633E-010    +3.430702158880E-01    +1.584538203246E-02    -1.584538188990E-02    +7.213899701961E-01
-2.941666666667E-01    -3.252977310308E-01    +4.723980391108E-010    +3.410325486236E-01    +1.573481759280E-02    -1.573481745313E-02    +7.213899701690E-01
-2.925000000000E-01    -3.233724624561E-01    +4.808273148471E-010    +3.389971450004E-01    +1.562468254432E-02    -1.562468240747E-02    +7.213899701426E-01
-2.908333333333E-01    -3.214490019788E-01    +4.890655244335E-010    +3.369639740103E-01    +1.551497203151E-02    -1.551497189741E-02    +7.213899701167E-01
-2.891666666667E-01    -3.195273239271E-01    +4.971183744815E-010    +3.349330051922E-01    +1.540568126511E-02    -1.540568113369E-02    +7.213899700914E-01
-2.875000000000E-01    -3.176074030978E-01    +5.049909717470E-010    +3.329042086183E-01    +1.529680552057E-02    -1.529680539177E-02    +7.213899700666E-01
-2.858333333333E-01    -3.156892147433E-01    +5.126884249036E-010    +3.308775548800E-01    +1.518834013664E-02    -1.518834001040E-02    +7.213899700424E-01
-2.841666666667E-01    -3.137727345606E-01    +5.202157976937E-010    +3.288530150746E-01    +1.508028051401E-02    -1.508028039026E-02    +7.213899700186E-01
-2.825000000000E-01    -3.118579386788E-01    +5.275775339558E-010    +3.268305607927E-01    +1.497262211391E-02    -1.497262199260E-02    +7.213899699954E-01
-2.808333333333E-01    -3.099448036487E-01    +5.347784342789E-010    +3.248101641055E-01    +1.486536045683E-02    -1.486536033790E-02    +7.213899699726E-01
-2.791666666667E-01    -3.080333064316E-01    +5.418228380041E-010    +3.227917975528E-01    +1.475849112121E-02    -1.475849100460E-02    +7.213899699503E-01
-2.775000000000E-01    -3.061234243889E-01    +5.487150324228E-010    +3.207754341311E-01    +1.465200974224E-02    -1.465200962790E-02    +7.213899699285E-01
-2.758333333333E-01    -3.042151352721E-01    +5.554591653204E-010    +3.187610472827E-01    +1.454591201061E-02    -1.454591189848E-02    +7.213899699072E-01
-2.741666666667E-01    -3.023084172131E-01    +5.620590878654E-010    +3.167486108844E-01    +1.444019367135E-02    -1.444019356140E-02    +7.213899698862E-01
-2.725000000000E-01    -3.004032487142E-01    +5.685186606454E-010    +3.147380992370E-01    +1.433485052272E-02    -1.433485041487E-02    +7.213899698657E-01
-2.708333333333E-01    -2.984996086396E-01    +5.748416350707E-010    +3.127294870546E-01    +1.422987841502E-02    -1.422987830925E-02    +7.213899698456E-01
-2.691666666667E-01    -2.965974762059E-01    +5.810317674148E-010    +3.107227494555E-01    +1.412527324959E-02    -1.412527314584E-02    +7.213899698259E-01
-2.675000000000E-01    -2.946968309738E-01    +5.870923095243E-010    +3.087178619515E-01    +1.402103097769E-02    -1.402103087592E-02    +7.213899698066E-01
-2.658333333333E-01    -2.927976528395E-01    +5.930267609286E-010    +3.067148004391E-01    +1.391714759954E-02    -1.391714749969E-02    +7.213899697877E-01
-2.641666666667E-01    -2.908999220270E-01    +5.988381433153E-010    +3.047135411902E-01    +1.381361916323E-02    -1.381361906527E-02    +7.213899697691E-01
-2.625000000000E-01    -2.890036190795E-01    +6.045298121643E-010    +3.027140608433E-01    +1.371044176383E-02    -1.371044166772E-02    +7.213899697510E-01
-2.608333333333E-01    -2.871087248524E-01    +6.101048746033E-010    +3.007163363948E-01    +1.360761154240E-02    -1.360761144810E-02    +7.213899697331E-01
-2.591666666667E-01    -2.852152205057E-01    +6.155659868752E-010    +2.987203451908E-01    +1.350512468506E-02    -1.350512459252E-02    +7.213899697157E-01
-2.575000000000E-01    -2.833230874967E-01    +6.209162646356E-010    +2.967260649188E-01    +1.340297742211E-02    -1.340297733130E-02    +7.213899696985E-01
-2.558333333333E-01    -2.814323075729E-01    +6.261584005723E-010    +2.947334736000E-01    +1.330116602713E-02    -1.330116593802E-02    +7.213899696817E-01
-2.541666666667E-01    -2.795428627655E-01    +6.312950323615E-010    +2.927425495817E-01    +1.319968681615E-02    -1.319968672869E-02    +7.213899696652E-01
-2.525000000000E-01    -2.776547353828E-01    +6.363287565746E-010    +2.907532715295E-01    +1.309853614677E-02    -1.309853606093E-02    +7.213899696491E-01
-2.508333333333E-01    -2.757679080033E-01    +6.412621429051E-010    +2.887656184207E-01    +1.299771041739E-02    -1.299771033313E-02    +7.213899696332E-01
-2.491666666667E-01    -2.738823634703E-01    +6.460974769434E-010    +2.867795695366E-01    +1.289720606637E-02    -1.289720598367E-02    +7.213899696177E-01
-2.475000000000E-01    -2.719980848850E-01    +6.508372299132E-010    +2.847951044563E-01    +1.279701957132E-02    -1.279701949013E-02    +7.213899696024E-01
-2.458333333333E-01    -2.701150556012E-01    +6.554837671783E-010    +2.828122030494E-01    +1.269714744824E-02    -1.269714736855E-02    +7.213899695874E-01
-2.441666666667E-01    -2.682332592194E-01    +6.600392724772E-010    +2.808308454703E-01    +1.259758625090E-02    -1.259758617266E-02    +7.213899695727E-01
-2.425000000000E-01    -2.663526795813E-01    +6.645058793533E-010    +2.788510121513E-01    +1.249833257001E-02    -1.249833249319E-02    +7.213899695583E-01
-2.408333333333E-01    -2.644733007641E-01    +6.688856196901E-010    +2.768726837967E-01    +1.239938303258E-02    -1.239938295716E-02    +7.213899695441E-01
-2.391666666667E-01    -2.625951070757E-01    +6.731805619771E-010    +2.748958413769E-01    +1.230073430121E-02    -1.230073422716E-02    +7.213899695303E-01
-2.375000000000E-01    -2.607180830494E-01    +6.773926526397E-010    +2.729204661228E-01    +1.220238307342E-02    -1.220238300071E-02    +7.213899695166E-01
-2.358333333333E-01    -2.588422134387E-01    +6.815238389508E-010    +2.709465395197E-01    +1.210432608100E-02    -1.210432600961E-02    +7.213899695032E-01
-2.341666666667E-01    -2.569674832128E-01    +6.855759202646E-010    +2.689740433022E-01    +1.200656008934E-02    -1.200656001923E-02    +7.213899694901E-01
-2.325000000000E-01    -2.550938775517E-01    +6.895507124007E-010    +2.670029594485E-01    +1.190908189684E-02    -1.190908182799E-02    +7.213899694772E-01
-2.308333333333E-01    -2.532213818415E-01    +6.934499062640E-010    +2.650332701757E-01    +1.181188833426E-02    -1.181188826664E-02    +7.213899694645E-01
-2.291666666667E-01    -2.513499816702E-01    +6.972753550764E-010    +2.630649579344E-01    +1.171497626415E-02    -1.171497619774E-02    +7.213899694521E-01
-2.275000000000E-01    -2.494796628233E-01    +7.010285702245E-010    +2.610980054035E-01    +1.161834258024E-02    -1.161834251502E-02    +7.213899694399E-01
-2.258333333333E-01    -2.476104112793E-01    +7.047112055953E-010    +2.591323954862E-01    +1.152198420689E-02    -1.152198414283E-02    +7.213899694279E-01
-2.241666666667E-01    -2.457422132058E-01    +7.083247216034E-010    +2.571681113043E-01    +1.142589809851E-02    -1.142589803559E-02    +7.213899694161E-01
-2.225000000000E-01    -2.438750549554E-01    +7.118707947514E-010    +2.552051361944E-01    +1.133008123900E-02    -1.133008117720E-02    +7.213899694045E-01
-2.208333333333E-01    -2.420089230618E-01    +7.153507961579E-010    +2.532434537031E-01    +1.123453064127E-02    -1.123453058057E-02    +7.213899693932E-01
-2.191666666667E-01    -2.401438042360E-01    +7.187661958085E-010    +2.512830475827E-01    +1.113924334663E-02    -1.113924328700E-02    +7.213899693820E-01
-2.175000000000E-01    -2.382796853626E-01    +7.221183747649E-010    +2.493239017869E-01    +1.104421642434E-02    -1.104421636576E-02    +7.213899693711E-01
-2.158333333333E-01    -2.364165534958E-01    +7.254085045518E-010    +2.473660004669E-01    +1.094944697109E-02    -1.094944691355E-02    +7.213899693603E-01
-2.141666666667E-01    -2.345543958564E-01    +7.286381858689E-010    +2.454093279669E-01    +1.085493211049E-02    -1.085493205396E-02    +7.213899693497E-01
-2.125000000000E-01    -2.326931998281E-01    +7.318085028551E-010    +2.434538688207E-01    +1.076066899260E-02    -1.076066893707E-02    +7.213899693393E-01
-2.108333333333E-01    -2.308329529540E-01    +7.349207772504E-010    +2.414996077475E-01    +1.066665479348E-02    -1.066665473892E-02    +7.213899693291E-01
-2.091666666667E-01    -2.289736429335E-01    +7.379762163423E-010    +2.395465296482E-01    +1.057288671467E-02    -1.057288666107E-02    +7.213899693191E-01
-2.075000000000E-01    -2.271152576189E-01    +7.409758916851E-010    +2.375946196017E-01    +1.047936198281E-02    -1.047936193015E-02    +7.213899693092E-01
-2.058333333333E-01    -2.252577850124E-01    +7.439210694896E-010    +2.356438628615E-01    +1.038607784912E-02    -1.038607779738E-02    +7.213899692996E-01
-2.041666666667E-01    -2.234012132631E-01    +7.468127971739E-010    +2.336942448521E-01    +1.029303158902E-02    -1.029303153819E-02    +7.213899692900E-01
-2.025000000000E-01    -2.215455306638E-01    +7.496522032332E-010    +2.317457511655E-01    +1.020022050168E-02    -1.020022045174E-02    +7.213899692807E-01
-2.008333333333E-01    -2.196907256483E-01    +7.524402412696E-010    +2.297983675579E-01    +1.010764190962E-02    -1.010764186055E-02    +7.213899692715E-01
-1.991666666667E-01    -2.178367867883E-01    +7.551780746807E-010    +2.278520799465E-01    +1.001529315826E-02    -1.001529311004E-02    +7.213899692625E-01
-1.975000000000E-01    -2.159837027908E-01    +7.578667078691E-010    +2.259068744064E-01    +9.923171615562E-03    -9.923171568189E-03    +7.213899692536E-01
-1.958333333333E-01    -2.141314624955E-01    +7.605069352368E-010    +2.239627371671E-01    +9.831274671622E-03    -9.831274625075E-03    +7.213899692449E-01
-1.941666666667E-01    -2.122800548717E-01    +7.630998336648E-010    +2.220196546100E-01    +9.739599738272E-03    -9.739599692536E-03    +7.213899692363E-01
-1.925000000000E-01    -2.104294690162E-01    +7.656463321696E-010    +2.200776132649E-01    +9.648144248709E-03    -9.648144203769E-03    +7.213899692279E-01
-1.908333333333E-01    -2.085796941504E-01    +7.681470922070E-010    +2.181365998075E-01    +9.556905657125E-03    -9.556905612968E-03    +7.213899692196E-01
-1.891666666667E-01    -2.067307196180E-01    +7.706032993718E-010    +2.161966010563E-01    +9.465881438341E-03    -9.465881394952E-03    +7.213899692115E-01
-1.875000000000E-01    -2.048825348825E-01    +7.730158468289E-010    +2.142576039699E-01    +9.375069087446E-03    -9.375069044812E-03    +7.213899692035E-01
-1.858333333333E-01    -2.030351295249E-01    +7.753852767668E-010    +2.123195956444E-01    +9.284466119450E-03    -9.284466077558E-03    +7.213899691956E-01
-1.841666666667E-01    -2.011884932413E-01    +7.777126544063E-010    +2.103825633103E-01    +9.194070068935E-03    -9.194070027773E-03    +7.213899691879E-01
-1.825000000000E-01    -1.993426158407E-01    +7.799985745671E-010    +2.084464943304E-01    +9.103878489720E-03    -9.103878449274E-03    +7.213899691803E-01
-1.808333333333E-01    -1.974974872426E-01    +7.822439391128E-010    +2.065113761971E-01    +9.013888954527E-03    -9.013888914785E-03    +7.213899691729E-01
-1.791666666667E-01    -1.956530974751E-01    +7.844494111365E-010    +2.045771965297E-01    +8.924099054653E-03    -8.924099015603E-03    +7.213899691655E-01
-1.775000000000E-01    -1.938094366725E-01    +7.866157717104E-010    +2.026439430722E-01    +8.834506399654E-03    -8.834506361284E-03    +7.213899691583E-01
-1.758333333333E-01    -1.919664950736E-01    +7.887437086112E-010    +2.007116036906E-01    +8.745108617024E-03    -8.745108579323E-03    +7.213899691512E-01
-1.741666666667E-01    -1.901242630191E-01    +7.908339584222E-010    +1.987801663710E-01    +8.655903351892E-03    -8.655903314849E-03    +7.213899691443E-01
-1.725000000000E-01    -1.882827309501E-01    +7.928871177945E-010    +1.968496192168E-01    +8.566888266715E-03    -8.566888230318E-03    +7.213899691374E-01
-1.708333333333E-01    -1.864418894060E-01    +7.949039371770E-010    +1.949199504469E-01    +8.478061040978E-03    -8.478061005217E-03    +7.213899691307E-01
-1.691666666667E-01    -1.846017290223E-01    +7.968850630850E-010    +1.929911483932E-01    +8.389419370904E-03    -8.389419335768E-03    +7.213899691241E-01
-1.675000000000E-01    -1.827622405293E-01    +7.988309630784E-010    +1.910632014985E-01    +8.300960969165E-03    -8.300960934644E-03    +7.213899691176E-01
-1.658333333333E-01    -1.809234147498E-01    +8.007424017901E-010    +1.891360983144E-01    +8.212683564594E-03    -8.212683530678E-03    +7.213899691112E-01
-1.641666666667E-01    -1.790852425974E-01    +8.026199148201E-010    +1.872098274994E-01    +8.124584901915E-03    -8.124584868594E-03    +7.213899691049E-01
-1.625000000000E-01    -1.772477150749E-01    +8.044642467764E-010    +1.852843778163E-01    +8.036662741459E-03    -8.036662708724E-03    +7.213899690988E-01
-1.608333333333E-01    -1.754108232722E-01    +8.062756645182E-010    +1.833597381311E-01    +7.948914858904E-03    -7.948914826744E-03    +7.213899690927E-01
-1.591666666667E-01    -1.735745583652E-01    +8.080549052108E-010    +1.814358974102E-01    +7.861339045002E-03    -7.861339013409E-03    +7.213899690867E-01
-1.575000000000E-01    -1.717389116136E-01    +8.098024407128E-010    +1.795128447189E-01    +7.773933105323E-03    -7.773933074289E-03    +7.213899690809E-01
-1.558333333333E-01    -1.699038743594E-01    +8.115188629238E-010    +1.775905692194E-01    +7.686694859999E-03    -7.686694829514E-03    +7.213899690751E-01
-1.541666666667E-01    -1.680694380257E-01    +8.132046947899E-010    +1.756690601691E-01    +7.599622143468E-03    -7.599622113523E-03    +7.213899690694E-01
-1.525000000000E-01    -1.662355941144E-01    +8.148604530099E-010    +1.737483069186E-01    +7.512712804228E-03    -7.512712774815E-03    +7.213899690639E-01
-1.508333333333E-01    -1.644023342054E-01    +8.164864663373E-010    +1.718282989100E-01    +7.425964704593E-03    -7.425964675704E-03    +7.213899690584E-01
-1.491666666667E-01    -1.625696499547E-01    +8.180834320394E-010    +1.699090256751E-01    +7.339375720451E-03    -7.339375692077E-03    +7.213899690531E-01
-1.475000000000E-01    -1.607375330928E-01    +8.196516639107E-010    +1.679904768338E-01    +7.252943741027E-03    -7.252943713162E-03    +7.213899690478E-01
-1.458333333333E-01    -1.589059754238E-01    +8.211917697890E-010    +1.660726420924E-01    +7.166666668654E-03    -7.166666641288E-03    +7.213899690426E-01
-1.441666666667E-01    -1.570749688233E-01    +8.227041081092E-010    +1.641555112418E-01    +7.080542418535E-03    -7.080542391663E-03    +7.213899690375E-01
-1.425000000000E-01    -1.552445052375E-01    +8.241888929186E-010    +1.622390741560E-01    +6.994568918527E-03    -6.994568892140E-03    +7.213899690325E-01
-1.408333333333E-01    -1.534145766816E-01    +8.256469875347E-010    +1.603233207905E-01    +6.908744108908E-03    -6.908744082999E-03    +7.213899690276E-01
-1.391666666667E-01    -1.515851752386E-01    +8.270784567615E-010    +1.584082411807E-01    +6.823065942167E-03    -6.823065916729E-03    +7.213899690228E-01
-1.375000000000E-01    -1.497562930577E-01    +8.284838638488E-010    +1.564938254405E-01    +6.737532382781E-03    -6.737532357807E-03    +7.213899690180E-01
-1.358333333333E-01    -1.479279223534E-01    +8.298634973075E-010    +1.545800637604E-01    +6.652141407003E-03    -6.652141382487E-03    +7.213899690134E-01
-1.341666666667E-01    -1.461000554038E-01    +8.312178547474E-010    +1.526669464065E-01    +6.566891002656E-03    -6.566890978591E-03    +7.213899690088E-01
-1.325000000000E-01    -1.442726845499E-01    +8.325472550154E-010    +1.507544637188E-01    +6.481779168922E-03    -6.481779145301E-03    +7.213899690043E-01
-1.308333333333E-01    -1.424458021936E-01    +8.338519674104E-010    +1.488426061097E-01    +6.396803916137E-03    -6.396803892954E-03    +7.213899689999E-01
-1.291666666667E-01    -1.406194007972E-01    +8.351325211540E-010    +1.469313640628E-01    +6.311963265596E-03    -6.311963242844E-03    +7.213899689955E-01
-1.275000000000E-01    -1.387934728819E-01    +8.363892418896E-010    +1.450207281312E-01    +6.227255249345E-03    -6.227255227020E-03    +7.213899689913E-01
-1.258333333333E-01    -1.369680110265E-01    +8.376224394394E-010    +1.431106889365E-01    +6.142677909996E-03    -6.142677888091E-03    +7.213899689871E-01
-1.241666666667E-01    -1.351430078667E-01    +8.388323191268E-010    +1.412012371672E-01    +6.058229300525E-03    -6.058229279034E-03    +7.213899689830E-01
-1.225000000000E-01    -1.333184560933E-01    +8.400193376926E-010    +1.392923635774E-01    +5.973907484086E-03    -5.973907463003E-03    +7.213899689790E-01
-1.208333333333E-01    -1.314943484519E-01    +8.411837646438E-010    +1.373840589857E-01    +5.889710533822E-03    -5.889710513143E-03    +7.213899689750E-01
-1.191666666667E-01    -1.296706777409E-01    +8.423260199773E-010    +1.354763142736E-01    +5.805636532681E-03    -5.805636512399E-03    +7.213899689712E-01
-1.175000000000E-01    -1.278474368113E-01    +8.434462089172E-010    +1.335691203845E-01    +5.721683573230E-03    -5.721683553340E-03    +7.213899689674E-01
-1.158333333333E-01    -1.260246185650E-01    +8.445448232968E-010    +1.316624683224E-01    +5.637849757476E-03    -5.637849737974E-03    +7.213899689636E-01
-1.141666666667E-01    -1.242022159540E-01    +8.456220420388E-010    +1.297563491507E-01    +5.554133196689E-03    -5.554133177569E-03    +7.213899689600E-01
-1.125000000000E-01    -1.223802219795E-01    +8.466782106319E-010    +1.278507539907E-01    +5.470532011223E-03    -5.470531992480E-03    +7.213899689564E-01
-1.108333333333E-01    -1.205586296907E-01    +8.477134990348E-010    +1.259456740210E-01    +5.387044330343E-03    -5.387044311973E-03    +7.213899689529E-01
-1.091666666667E-01    -1.187374321837E-01    +8.487281271246E-010    +1.240411004758E-01    +5.303668292057E-03    -5.303668274054E-03    +7.213899689494E-01
-1.075000000000E-01    -1.169166226009E-01    +8.497225449363E-010    +1.221370246438E-01    +5.220402042938E-03    -5.220402025298E-03    +7.213899689460E-01
-1.058333333333E-01    -1.150961941297E-01    +8.506968720489E-010    +1.202334378676E-01    +5.137243737965E-03    -5.137243720683E-03    +7.213899689427E-01
-1.041666666667E-01    -1.132761400016E-01    +8.516514368444E-010    +1.183303315420E-01    +5.054191540351E-03    -5.054191523424E-03    +7.213899689394E-01
-1.025000000000E-01    -1.114564534915E-01    +8.525863934134E-010    +1.164276971129E-01    +4.971243621384E-03    -4.971243604807E-03    +7.213899689363E-01
-1.008333333333E-01    -1.096371279165E-01    +8.535021790466E-010    +1.145255260767E-01    +4.888398160260E-03    -4.888398144029E-03    +7.213899689331E-01
-9.916666666667E-02    -1.078181566349E-01    +8.543987926765E-010    +1.126238099789E-01    +4.805653343929E-03    -4.805653328040E-03    +7.213899689301E-01
-9.750000000000E-02    -1.059995330459E-01    +8.552765911115E-010    +1.107225404128E-01    +4.723007366931E-03    -4.723007351380E-03    +7.213899689271E-01
-9.583333333333E-02    -1.041812505879E-01    +8.561356341033E-010    +1.088217090192E-01    +4.640458431243E-03    -4.640458416025E-03    +7.213899689242E-01
-9.416666666667E-02    -1.023633027383E-01    +8.569762280781E-010    +1.069213074844E-01    +4.558004746122E-03    -4.558004731234E-03    +7.213899689213E-01
-9.250000000000E-02    -1.005456830122E-01    +8.577986487716E-010    +1.050213275402E-01    +4.475644527955E-03    -4.475644513394E-03    +7.213899689185E-01
-9.083333333333E-02    -9.872838496183E-02    +8.586030189390E-010    +1.031217609619E-01    +4.393376000104E-03    -4.393375985866E-03    +7.213899689157E-01
-8.916666666667E-02    -9.691140217550E-02    +8.593895341087E-010    +1.012225995683E-01    +4.311197392758E-03    -4.311197378839E-03    +7.213899689130E-01
-8.750000000000E-02    -9.509472827694E-02    +8.601584798632E-010    +9.932383521973E-02    +4.229106942785E-03    -4.229106929182E-03    +7.213899689104E-01
-8.583333333333E-02    -9.327835692440E-02    +8.609099392293E-010    +9.742545981798E-02    +4.147102893584E-03    -4.147102880293E-03    +7.213899689078E-01
-8.416666666667E-02    -9.146228180983E-02    +8.616441572763E-010    +9.552746530477E-02    +4.065183494938E-03    -4.065183481956E-03    +7.213899689053E-01
-8.250000000000E-02    -8.964649665813E-02    +8.623612347696E-010    +9.362984366101E-02    +3.983347002875E-03    -3.983346990199E-03    +7.213899689029E-01
-8.083333333333E-02    -8.783099522634E-02    +8.630614085282E-010    +9.173258690586E-02    +3.901591679520E-03    -3.901591667148E-03    +7.213899689005E-01
-7.916666666667E-02    -8.601577130285E-02    +8.637447331888E-010    +8.983568709581E-02    +3.819915792958E-03    -3.819915780886E-03    +7.213899688981E-01
-7.750000000000E-02    -8.420081870664E-02    +8.644115701981E-010    +8.793913632374E-02    +3.738317617091E-03    -3.738317605315E-03    +7.213899688958E-01
-7.583333333333E-02    -8.238613128655E-02    +8.650620466715E-010    +8.604292671805E-02    +3.656795431499E-03    -3.656795420017E-03    +7.213899688936E-01
-7.416666666667E-02    -8.057170292047E-02    +8.656961237866E-010    +8.414705044178E-02    +3.575347521307E-03    -3.575347510116E-03    +7.213899688914E-01
-7.250000000000E-02    -7.875752751466E-02    +8.663139903488E-010    +8.225149969170E-02    +3.493972177044E-03    -3.493972166142E-03    +7.213899688893E-01
-7.083333333333E-02    -7.694359900294E-02    +8.669158998732E-010    +8.035626669745E-02    +3.412667694509E-03    -3.412667683893E-03    +7.213899688873E-01
-6.916666666667E-02    -7.512991134607E-02    +8.675020358819E-010    +7.846134372071E-02    +3.331432374641E-03    -3.331432364308E-03    +7.213899688853E-01
-6.750000000000E-02    -7.331645853091E-02    +8.680724593532E-010    +7.656672305429E-02    +3.250264523380E-03    -3.250264513328E-03    +7.213899688833E-01
-6.583333333333E-02    -7.150323456981E-02    +8.686272820828E-010    +7.467239702135E-02    +3.169162451539E-03    -3.169162441766E-03    +7.213899688814E-01
-6.416666666667E-02    -6.969023349984E-02    +8.691666501465E-010    +7.277835797452E-02    +3.088124474674E-03    -3.088124465177E-03    +7.213899688795E-01
-6.250000000000E-02    -6.787744938213E-02    +8.696907339865E-010    +7.088459829508E-02    +3.007148912952E-03    -3.007148903728E-03    +7.213899688777E-01
-6.083333333333E-02    -6.606487630116E-02    +8.701995609589E-010    +6.899111039218E-02    +2.926234091023E-03    -2.926234082071E-03    +7.213899688760E-01
-5.916666666667E-02    -6.425250836408E-02    +8.706933821992E-010    +6.709788670197E-02    +2.845378337894E-03    -2.845378329212E-03    +7.213899688743E-01
-5.750000000000E-02    -6.244033970003E-02    +8.711721981920E-010    +6.520491968683E-02    +2.764579986800E-03    -2.764579978385E-03    +7.213899688726E-01
-5.583333333333E-02    -6.062836445950E-02    +8.716362559588E-010    +6.331220183458E-02    +2.683837375078E-03    -2.683837366929E-03    +7.213899688711E-01
-5.416666666667E-02    -5.881657681360E-02    +8.720853977389E-010    +6.141972565765E-02    +2.603148844046E-03    -2.603148836160E-03    +7.213899688695E-01
-5.250000000000E-02    -5.700497095348E-02    +8.725198823290E-010    +5.952748369235E-02    +2.522512738873E-03    -2.522512731248E-03    +7.213899688680E-01
-5.083333333333E-02    -5.519354108960E-02    +8.729398977317E-010    +5.763546849806E-02    +2.441927408459E-03    -2.441927401094E-03    +7.213899688666E-01
-4.916666666667E-02    -5.338228145113E-02    +8.733453815227E-010    +5.574367265644E-02    +2.361391205311E-03    -2.361391198205E-03    +7.213899688652E-01
-4.750000000000E-02    -5.157118628529E-02    +8.737365595655E-010    +5.385208877072E-02    +2.280902485426E-03    -2.280902478575E-03    +7.213899688638E-01
-4.583333333333E-02    -4.976024985674E-02    +8.741134409186E-010    +5.196070946490E-02    +2.200459608160E-03    -2.200459601564E-03    +7.213899688625E-01
-4.416666666667E-02    -4.794946644687E-02    +8.744759906102E-010    +5.006952738299E-02    +2.120060936116E-03    -2.120060929774E-03    +7.213899688613E-01
-4.250000000000E-02    -4.613883035327E-02    +8.748244971927E-010    +4.817853518829E-02    +2.039704835024E-03    -2.039704828933E-03    +7.213899688601E-01
-4.083333333333E-02    -4.432833588902E-02    +8.751590322919E-010    +4.628772556264E-02    +1.959389673615E-03    -1.959389667774E-03    +7.213899688589E-01
-3.916666666667E-02    -4.251797738214E-02    +8.754796558097E-010    +4.439709120565E-02    +1.879113823510E-03    -1.879113817919E-03    +7.213899688578E-01
-3.750000000000E-02    -4.070774917492E-02    +8.757863571590E-010    +4.250662483402E-02    +1.798875659099E-03    -1.798875653755E-03    +7.213899688568E-01
-3.583333333333E-02    -3.889764562333E-02    +8.760791164268E-010    +4.061631918075E-02    +1.718673557423E-03    -1.718673552325E-03    +7.213899688558E-01
-3.416666666667E-02    -3.708766109641E-02    +8.763582703448E-010    +3.872616699447E-02    +1.638505898057E-03    -1.638505893205E-03    +7.213899688548E-01
-3.250000000000E-02    -3.527778997566E-02    +8.766237351275E-010    +3.683616103866E-02    +1.558371062998E-03    -1.558371058389E-03    +7.213899688539E-01
-3.083333333333E-02    -3.346802665446E-02    +8.768755993617E-010    +3.494629409101E-02    +1.478267436543E-03    -1.478267432177E-03    +7.213899688530E-01
-2.916666666667E-02    -3.165836553744E-02    +8.771138080327E-010    +3.305655894262E-02    +1.398193405177E-03    -1.398193401054E-03    +7.213899688522E-01
-2.750000000000E-02    -2.984880103989E-02    +8.773386180757E-010    +3.116694839735E-02    +1.318147357461E-03    -1.318147353578E-03    +7.213899688514E-01
-2.583333333333E-02    -2.803932758718E-02    +8.775498294952E-010    +2.927745527109E-02    +1.238127683910E-03    -1.238127680267E-03    +7.213899688507E-01
-2.416666666667E-02    -2.622993961418E-02    +8.777476842854E-010    +2.738807239106E-02    +1.158132776887E-03    -1.158132773484E-03    +7.213899688500E-01
-2.250000000000E-02    -2.442063156464E-02    +8.779321372010E-010    +2.549879259512E-02    +1.078161030484E-03    -1.078161027319E-03    +7.213899688494E-01
-2.083333333333E-02    -2.261139789063E-02    +8.781031179063E-010    +2.360960873104E-02    +9.982108404105E-04    -9.982108374832E-04    +7.213899688488E-01
-1.916666666667E-02    -2.080223305195E-02    +8.782608872367E-010    +2.172051365583E-02    +9.182806038817E-04    -9.182806011915E-04    +7.213899688482E-01
-1.750000000000E-02    -1.899313151554E-02    +8.784054173659E-010    +1.983150023504E-02    +8.383687195039E-04    -8.383687170498E-04    +7.213899688477E-01
-1.583333333333E-02    -1.718408775493E-02    +8.785367127282E-010    +1.794256134209E-02    +7.584735871626E-04    -7.584735849445E-04    +7.213899688473E-01
-1.416666666667E-02    -1.537509624962E-02    +8.786546423497E-010    +1.605368985753E-02    +6.785936079116E-04    -6.785936059287E-04    +7.213899688469E-01
-1.250000000000E-02    -1.356615148455E-02    +8.787595425093E-010    +1.416487866840E-02    +5.987271838590E-04    -5.987271821109E-04    +7.213899688465E-01
-1.083333333333E-02    -1.175724794947E-02    +8.788513001854E-010    +1.227612066753E-02    +5.188727180578E-04    -5.188727165442E-04    +7.213899688462E-01
-9.166666666667E-03    -9.948380138440E-03    +8.789298031511E-010    +1.038740875283E-02    +4.390286143926E-04    -4.390286131131E-04    +7.213899688459E-01
-7.500000000000E-03    -8.139542549192E-03    +8.789952389539E-010    +8.498735826662E-03    +3.591932774697E-04    -3.591932764238E-04    +7.213899688457E-01
-5.833333333333E-03    -6.330729682595E-03    +8.790476501886E-010    +6.610094795099E-03    +2.793651125044E-04    -2.793651116920E-04    +7.213899688455E-01
-4.166666666667E-03    -4.521936042074E-03    +8.790869022904E-010    +4.721478567286E-03    +1.995425252115E-04    -1.995425246324E-04    +7.213899688454E-01
-2.500000000000E-03    -2.713156133046E-03    +8.791129594464E-010    +2.832880054739E-03    +1.197239216933E-04    -1.197239213471E-04    +7.213899688453E-01
-8.333333333333E-04    -9.043844623442E-04    +8.791260344384E-010    +9.442921706733E-04    +3.990770832907E-05    -3.990770821606E-05    +7.213899688453E-01
+8.333333333334E-04    +9.043844623429E-04    +8.791261086817E-010    -9.442921706786E-04    -3.990770833574E-05    +3.990770821582E-05    +7.213899688453E-01
+2.500000000000E-03    +2.713156133044E-03    +8.791130225851E-010    -2.832880054744E-03    -1.197239217000E-04    +1.197239213470E-04    +7.213899688453E-01
+4.166666666667E-03    +4.521936042073E-03    +8.790868816787E-010    -4.721478567291E-03    -1.995425252183E-04    +1.995425246320E-04    +7.213899688454E-01
+5.833333333333E-03    +6.330729682593E-03    +8.790476593861E-010    -6.610094795105E-03    -2.793651125113E-04    +2.793651116916E-04    +7.213899688455E-01
+7.500000000000E-03    +8.139542549191E-03    +8.789952814631E-010    -8.498735826667E-03    -3.591932774766E-04    +3.591932764235E-04    +7.213899688457E-01
+9.166666666667E-03    +9.948380138439E-03    +8.789298812302E-010    -1.038740875284E-02    -4.390286143996E-04    +4.390286131126E-04    +7.213899688459E-01
+1.083333333333E-02    +1.175724794947E-02    +8.788514019001E-010    -1.227612066753E-02    -5.188727180646E-04    +5.188727165436E-04    +7.213899688462E-01
+1.250000000000E-02    +1.356615148454E-02    +8.787596762012E-010    -1.416487866841E-02    -5.987271838660E-04    +5.987271821105E-04    +7.213899688465E-01
+1.416666666667E-02    +1.537509624962E-02    +8.786548897358E-010    -1.605368985754E-02    -6.785936079185E-04    +6.785936059282E-04    +7.213899688469E-01
+1.583333333333E-02    +1.718408775493E-02    +8.785366886830E-010    -1.794256134210E-02    -7.584735871695E-04    +7.584735849442E-04    +7.213899688473E-01
+1.750000000000E-02    +1.899313151554E-02    +8.784053730144E-010    -1.983150023505E-02    -8.383687195107E-04    +8.383687170496E-04    +7.213899688477E-01
+1.916666666667E-02    +2.080223305194E-02    +8.782609065656E-010    -2.172051365583E-02    -9.182806038885E-04    +9.182806011912E-04    +7.213899688482E-01
+2.083333333333E-02    +2.261139789063E-02    +8.781032575892E-010    -2.360960873104E-02    -9.982108404174E-04    +9.982108374828E-04    +7.213899688488E-01
+2.250000000000E-02    +2.442063156464E-02    +8.779321324576E-010    -2.549879259513E-02    -1.078161030491E-03    +1.078161027318E-03    +7.213899688494E-01
+2.416666666667E-02    +2.622993961418E-02    +8.777476390797E-010    -2.738807239107E-02    -1.158132776894E-03    +1.158132773483E-03    +7.213899688500E-01
+2.583333333333E-02    +2.803932758718E-02    +8.775497605916E-010    -2.927745527109E-02    -1.238127683917E-03    +1.238127680267E-03    +7.213899688507E-01
+2.750000000000E-02    +2.984880103988E-02    +8.773385339399E-010    -3.116694839735E-02    -1.318147357467E-03    +1.318147353578E-03    +7.213899688514E-01
+2.916666666667E-02    +3.165836553744E-02    +8.771137996950E-010    -3.305655894262E-02    -1.398193405184E-03    +1.398193401053E-03    +7.213899688522E-01
+3.083333333333E-02    +3.346802665446E-02    +8.768755922225E-010    -3.494629409101E-02    -1.478267436549E-03    +1.478267432177E-03    +7.213899688530E-01
+3.250000000000E-02    +3.527778997566E-02    +8.766238157155E-010    -3.683616103867E-02    -1.558371063005E-03    +1.558371058389E-03    +7.213899688539E-01
+3.416666666667E-02    +3.708766109641E-02    +8.763582794966E-010    -3.872616699447E-02    -1.638505898064E-03    +1.638505893204E-03    +7.213899688548E-01
+3.583333333333E-02    +3.889764562333E-02    +8.760792695187E-010    -4.061631918076E-02    -1.718673557430E-03    +1.718673552325E-03    +7.213899688558E-01
+3.750000000000E-02    +4.070774917492E-02    +8.757864797594E-010    -4.250662483403E-02    -1.798875659106E-03    +1.798875653755E-03    +7.213899688568E-01
+3.916666666667E-02    +4.251797738214E-02    +8.754797630352E-010    -4.439709120566E-02    -1.879113823517E-03    +1.879113817918E-03    +7.213899688578E-01
+4.083333333333E-02    +4.432833588902E-02    +8.751591606699E-010    -4.628772556264E-02    -1.959389673622E-03    +1.959389667774E-03    +7.213899688589E-01
+4.250000000000E-02    +4.613883035326E-02    +8.748245166808E-010    -4.817853518829E-02    -2.039704835031E-03    +2.039704828933E-03    +7.213899688601E-01
+4.416666666667E-02    +4.794946644687E-02    +8.744759577936E-010    -5.006952738299E-02    -2.120060936123E-03    +2.120060929774E-03    +7.213899688613E-01
+4.583333333333E-02    +4.976024985673E-02    +8.741133349679E-010    -5.196070946490E-02    -2.200459608167E-03    +2.200459601564E-03    +7.213899688625E-01
+4.750000000000E-02    +5.157118628529E-02    +8.737364505918E-010    -5.385208877073E-02    -2.280902485433E-03    +2.280902478575E-03    +7.213899688638E-01
+4.916666666667E-02    +5.338228145113E-02    +8.733452766855E-010    -5.574367265644E-02    -2.361391205319E-03    +2.361391198205E-03    +7.213899688652E-01
+5.083333333333E-02    +5.519354108959E-02    +8.729397702147E-010    -5.763546849806E-02    -2.441927408466E-03    +2.441927401094E-03    +7.213899688666E-01
+5.250000000000E-02    +5.700497095348E-02    +8.725198366278E-010    -5.952748369236E-02    -2.522512738880E-03    +2.522512731248E-03    +7.213899688680E-01
+5.416666666667E-02    +5.881657681360E-02    +8.720853260434E-010    -6.141972565766E-02    -2.603148844053E-03    +2.603148836160E-03    +7.213899688695E-01
+5.583333333333E-02    +6.062836445950E-02    +8.716361302113E-010    -6.331220183458E-02    -2.683837375085E-03    +2.683837366929E-03    +7.213899688711E-01
+5.750000000000E-02    +6.244033970003E-02    +8.711720918640E-010    -6.520491968684E-02    -2.764579986807E-03    +2.764579978385E-03    +7.213899688726E-01
+5.916666666667E-02    +6.425250836408E-02    +8.706933280594E-010    -6.709788670198E-02    -2.845378337901E-03    +2.845378329211E-03    +7.213899688743E-01
+6.083333333333E-02    +6.606487630116E-02    +8.701996058156E-010    -6.899111039219E-02    -2.926234091030E-03    +2.926234082071E-03    +7.213899688760E-01
+6.250000000000E-02    +6.787744938213E-02    +8.696907530083E-010    -7.088459829509E-02    -3.007148912959E-03    +3.007148903728E-03    +7.213899688777E-01
+6.416666666667E-02    +6.969023349984E-02    +8.691666324706E-010    -7.277835797452E-02    -3.088124474681E-03    +3.088124465176E-03    +7.213899688795E-01
+6.583333333333E-02    +7.150323456981E-02    +8.686273056515E-010    -7.467239702136E-02    -3.169162451546E-03    +3.169162441765E-03    +7.213899688814E-01
+6.750000000000E-02    +7.331645853091E-02    +8.680724370259E-010    -7.656672305430E-02    -3.250264523387E-03    +3.250264513328E-03    +7.213899688833E-01
+6.916666666667E-02    +7.512991134607E-02    +8.675021797725E-010    -7.846134372071E-02    -3.331432374648E-03    +3.331432364308E-03    +7.213899688852E-01
+7.083333333333E-02    +7.694359900294E-02    +8.669159699978E-010    -8.035626669746E-02    -3.412667694516E-03    +3.412667683893E-03    +7.213899688873E-01
+7.250000000000E-02    +7.875752751465E-02    +8.663140642028E-010    -8.225149969170E-02    -3.493972177051E-03    +3.493972166141E-03    +7.213899688893E-01
+7.416666666667E-02    +8.057170292047E-02    +8.656960898769E-010    -8.414705044179E-02    -3.575347521314E-03    +3.575347510116E-03    +7.213899688914E-01
+7.583333333333E-02    +8.238613128655E-02    +8.650619851197E-010    -8.604292671806E-02    -3.656795431506E-03    +3.656795420017E-03    +7.213899688936E-01
+7.750000000000E-02    +8.420081870664E-02    +8.644116231884E-010    -8.793913632374E-02    -3.738317617098E-03    +3.738317605314E-03    +7.213899688958E-01
+7.916666666667E-02    +8.601577130285E-02    +8.637448029102E-010    -8.983568709581E-02    -3.819915792965E-03    +3.819915780885E-03    +7.213899688981E-01
+8.083333333333E-02    +8.783099522634E-02    +8.630614122480E-010    -9.173258690587E-02    -3.901591679528E-03    +3.901591667148E-03    +7.213899689005E-01
+8.250000000000E-02    +8.964649665813E-02    +8.623612163674E-010    -9.362984366101E-02    -3.983347002882E-03    +3.983346990199E-03    +7.213899689029E-01
+8.416666666667E-02    +9.146228180983E-02    +8.616440943824E-010    -9.552746530477E-02    -4.065183494945E-03    +4.065183481956E-03    +7.213899689053E-01
+8.583333333333E-02    +9.327835692440E-02    +8.609098538234E-010    -9.742545981799E-02    -4.147102893591E-03    +4.147102880293E-03    +7.213899689078E-01
+8.750000000000E-02    +9.509472827694E-02    +8.601584450489E-010    -9.932383521973E-02    -4.229106942792E-03    +4.229106929182E-03    +7.213899689104E-01
+8.916666666667E-02    +9.691140217550E-02    +8.593895350972E-010    -1.012225995683E-01    -4.311197392765E-03    +4.311197378839E-03    +7.213899689130E-01
+9.083333333333E-02    +9.872838496183E-02    +8.586029788713E-010    -1.031217609619E-01    -4.393376000111E-03    +4.393375985866E-03    +7.213899689157E-01
+9.250000000000E-02    +1.005456830122E-01    +8.577985390322E-010    -1.050213275402E-01    -4.475644527962E-03    +4.475644513394E-03    +7.213899689185E-01
+9.416666666667E-02    +1.023633027383E-01    +8.569760624916E-010    -1.069213074844E-01    -4.558004746129E-03    +4.558004731234E-03    +7.213899689213E-01
+9.583333333333E-02    +1.041812505879E-01    +8.561355492844E-010    -1.088217090192E-01    -4.640458431250E-03    +4.640458416025E-03    +7.213899689241E-01
+9.750000000000E-02    +1.059995330459E-01    +8.552764371213E-010    -1.107225404128E-01    -4.723007366938E-03    +4.723007351379E-03    +7.213899689271E-01
+9.916666666667E-02    +1.078181566349E-01    +8.543986395720E-010    -1.126238099789E-01    -4.805653343936E-03    +4.805653328040E-03    +7.213899689301E-01
+1.008333333333E-01    +1.096371279165E-01    +8.535021042646E-010    -1.145255260767E-01    -4.888398160267E-03    +4.888398144029E-03    +7.213899689331E-01
+1.025000000000E-01    +1.114564534915E-01    +8.525863945890E-010    -1.164276971129E-01    -4.971243621391E-03    +4.971243604807E-03    +7.213899689363E-01
+1.041666666667E-01    +1.132761400016E-01    +8.516514025519E-010    -1.183303315420E-01    -5.054191540358E-03    +5.054191523424E-03    +7.213899689394E-01
+1.058333333333E-01    +1.150961941297E-01    +8.506967620702E-010    -1.202334378676E-01    -5.137243737972E-03    +5.137243720683E-03    +7.213899689427E-01
+1.075000000000E-01    +1.169166226009E-01    +8.497223452936E-010    -1.221370246438E-01    -5.220402042945E-03    +5.220402025298E-03    +7.213899689460E-01
+1.091666666667E-01    +1.187374321837E-01    +8.487280276829E-010    -1.240411004758E-01    -5.303668292064E-03    +5.303668274054E-03    +7.213899689494E-01
+1.108333333333E-01    +1.205586296907E-01    +8.477132678812E-010    -1.259456740210E-01    -5.387044330350E-03    +5.387044311973E-03    +7.213899689528E-01
+1.125000000000E-01    +1.223802219795E-01    +8.466778904238E-010    -1.278507539907E-01    -5.470532011230E-03    +5.470531992479E-03    +7.213899689564E-01
+1.141666666667E-01    +1.242022159540E-01    +8.456218705896E-010    -1.297563491507E-01    -5.554133196696E-03    +5.554133177568E-03    +7.213899689600E-01
+1.158333333333E-01    +1.260246185650E-01    +8.445446393264E-010    -1.316624683225E-01    -5.637849757483E-03    +5.637849737973E-03    +7.213899689636E-01
+1.175000000000E-01    +1.278474368113E-01    +8.434460592261E-010    -1.335691203845E-01    -5.721683573237E-03    +5.721683553340E-03    +7.213899689674E-01
+1.191666666667E-01    +1.296706777409E-01    +8.423257415496E-010    -1.354763142736E-01    -5.805636532688E-03    +5.805636512399E-03    +7.213899689712E-01
+1.208333333333E-01    +1.314943484519E-01    +8.411834263278E-010    -1.373840589857E-01    -5.889710533829E-03    +5.889710513142E-03    +7.213899689750E-01
+1.225000000000E-01    +1.333184560933E-01    +8.400188580941E-010    -1.392923635774E-01    -5.973907484093E-03    +5.973907463003E-03    +7.213899689790E-01
+1.241666666667E-01    +1.351430078667E-01    +8.388318252218E-010    -1.412012371672E-01    -6.058229300532E-03    +6.058229279033E-03    +7.213899689830E-01
+1.258333333333E-01    +1.369680110265E-01    +8.376219939615E-010    -1.431106889365E-01    -6.142677910003E-03    +6.142677888090E-03    +7.213899689871E-01
+1.275000000000E-01    +1.387934728819E-01    +8.363887539101E-010    -1.450207281312E-01    -6.227255249352E-03    +6.227255227020E-03    +7.213899689913E-01
+1.291666666667E-01    +1.406194007972E-01    +8.351321528746E-010    -1.469313640628E-01    -6.311963265602E-03    +6.311963242844E-03    +7.213899689955E-01
+1.308333333333E-01    +1.424458021936E-01    +8.338515208915E-010    -1.488426061097E-01    -6.396803916144E-03    +6.396803892954E-03    +7.213899689999E-01
+1.325000000000E-01    +1.442726845499E-01    +8.325467597620E-010    -1.507544637188E-01    -6.481779168929E-03    +6.481779145300E-03    +7.213899690043E-01
+1.341666666667E-01    +1.461000554038E-01    +8.312172371058E-010    -1.526669464065E-01    -6.566891002663E-03    +6.566890978591E-03    +7.213899690088E-01
+1.358333333333E-01    +1.479279223534E-01    +8.298630183892E-010    -1.545800637604E-01    -6.652141407010E-03    +6.652141382487E-03    +7.213899690133E-01
+1.375000000000E-01    +1.497562930577E-01    +8.284832829587E-010    -1.564938254405E-01    -6.737532382788E-03    +6.737532357807E-03    +7.213899690180E-01
+1.391666666667E-01    +1.515851752386E-01    +8.270778624137E-010    -1.584082411807E-01    -6.823065942174E-03    +6.823065916729E-03    +7.213899690228E-01
+1.408333333333E-01    +1.534145766816E-01    +8.256463005791E-010    -1.603233207905E-01    -6.908744108915E-03    +6.908744082999E-03    +7.213899690276E-01
+1.425000000000E-01    +1.552445052375E-01    +8.241884223007E-010    -1.622390741560E-01    -6.994568918534E-03    +6.994568892139E-03    +7.213899690325E-01
+1.441666666667E-01    +1.570749688233E-01    +8.227034950975E-010    -1.641555112418E-01    -7.080542418542E-03    +7.080542391663E-03    +7.213899690375E-01
+1.458333333333E-01    +1.589059754238E-01    +8.211913044151E-010    -1.660726420924E-01    -7.166666668660E-03    +7.166666641288E-03    +7.213899690426E-01
+1.475000000000E-01    +1.607375330928E-01    +8.196512832646E-010    -1.679904768338E-01    -7.252943741034E-03    +7.252943713162E-03    +7.213899690478E-01
+1.491666666667E-01    +1.625696499547E-01    +8.180829266737E-010    -1.699090256751E-01    -7.339375720457E-03    +7.339375692077E-03    +7.213899690531E-01
+1.508333333333E-01    +1.644023342054E-01    +8.164859194416E-010    -1.718282989100E-01    -7.425964704599E-03    +7.425964675703E-03    +7.213899690584E-01
+1.525000000000E-01    +1.662355941144E-01    +8.148597893532E-010    -1.737483069186E-01    -7.512712804235E-03    +7.512712774815E-03    +7.213899690639E-01
+1.541666666667E-01    +1.680694380257E-01    +8.132040118946E-010    -1.756690601691E-01    -7.599622143474E-03    +7.599622113523E-03    +7.213899690694E-01
+1.558333333333E-01    +1.699038743594E-01    +8.115182059117E-010    -1.775905692194E-01    -7.686694860006E-03    +7.686694829513E-03    +7.213899690751E-01
+1.575000000000E-01    +1.717389116136E-01    +8.098017124050E-010    -1.795128447189E-01    -7.773933105329E-03    +7.773933074288E-03    +7.213899690809E-01
+1.591666666667E-01    +1.735745583652E-01    +8.080541130135E-010    -1.814358974102E-01    -7.861339045008E-03    +7.861339013409E-03    +7.213899690867E-01
+1.608333333333E-01    +1.754108232722E-01    +8.062748442587E-010    -1.833597381311E-01    -7.948914858910E-03    +7.948914826744E-03    +7.213899690927E-01
+1.625000000000E-01    +1.772477150749E-01    +8.044634713127E-010    -1.852843778163E-01    -8.036662741465E-03    +8.036662708723E-03    +7.213899690987E-01
+1.641666666667E-01    +1.790852425974E-01    +8.026192474454E-010    -1.872098274994E-01    -8.124584901921E-03    +8.124584868594E-03    +7.213899691049E-01
+1.658333333333E-01    +1.809234147498E-01    +8.007417753448E-010    -1.891360983144E-01    -8.212683564601E-03    +8.212683530678E-03    +7.213899691112E-01
+1.675000000000E-01    +1.827622405293E-01    +7.988303457633E-010    -1.910632014985E-01    -8.300960969171E-03    +8.300960934644E-03    +7.213899691176E-01
+1.691666666667E-01    +1.846017290223E-01    +7.968844817747E-010    -1.929911483932E-01    -8.389419370911E-03    +8.389419335768E-03    +7.213899691241E-01
+1.708333333333E-01    +1.864418894059E-01    +7.949034035709E-010    -1.949199504469E-01    -8.478061040985E-03    +8.478061005217E-03    +7.213899691307E-01
+1.725000000000E-01    +1.882827309501E-01    +7.928866744151E-010    -1.968496192168E-01    -8.566888266721E-03    +8.566888230318E-03    +7.213899691374E-01
+1.741666666667E-01    +1.901242630191E-01    +7.908335512835E-010    -1.987801663710E-01    -8.655903351899E-03    +8.655903314849E-03    +7.213899691443E-01
+1.758333333333E-01    +1.919664950736E-01    +7.887433843818E-010    -2.007116036906E-01    -8.745108617030E-03    +8.745108579323E-03    +7.213899691512E-01
+1.775000000000E-01    +1.938094366725E-01    +7.866154454189E-010    -2.026439430722E-01    -8.834506399660E-03    +8.834506361284E-03    +7.213899691583E-01
+1.791666666667E-01    +1.956530974751E-01    +7.844491253214E-010    -2.045771965297E-01    -8.924099054660E-03    +8.924099015603E-03    +7.213899691655E-01
+1.808333333333E-01    +1.974974872426E-01    +7.822436112437E-010    -2.065113761971E-01    -9.013888954534E-03    +9.013888914785E-03    +7.213899691729E-01
+1.825000000000E-01    +1.993426158407E-01    +7.799982879134E-010    -2.084464943304E-01    -9.103878489727E-03    +9.103878449274E-03    +7.213899691803E-01
+1.841666666667E-01    +2.011884932413E-01    +7.777123720822E-010    -2.103825633103E-01    -9.194070068942E-03    +9.194070027772E-03    +7.213899691879E-01
+1.858333333333E-01    +2.030351295249E-01    +7.753850163389E-010    -2.123195956444E-01    -9.284466119456E-03    +9.284466077558E-03    +7.213899691956E-01
+1.875000000000E-01    +2.048825348825E-01    +7.730155546521E-010    -2.142576039699E-01    -9.375069087452E-03    +9.375069044812E-03    +7.213899692035E-01
+1.891666666667E-01    +2.067307196179E-01    +7.706030273869E-010    -2.161966010563E-01    -9.465881438347E-03    +9.465881394952E-03    +7.213899692115E-01
+1.908333333333E-01    +2.085796941504E-01    +7.681467452475E-010    -2.181365998075E-01    -9.556905657132E-03    +9.556905612968E-03    +7.213899692196E-01
+1.925000000000E-01    +2.104294690162E-01    +7.656458144669E-010    -2.200776132649E-01    -9.648144248715E-03    +9.648144203769E-03    +7.213899692279E-01
+1.941666666667E-01    +2.122800548717E-01    +7.630994027961E-010    -2.220196546100E-01    -9.739599738278E-03    +9.739599692535E-03    +7.213899692363E-01
+1.958333333333E-01    +2.141314624955E-01    +7.605065713438E-010    -2.239627371671E-01    -9.831274671629E-03    +9.831274625075E-03    +7.213899692449E-01
+1.975000000000E-01    +2.159837027908E-01    +7.578661997773E-010    -2.259068744064E-01    -9.923171615568E-03    +9.923171568188E-03    +7.213899692536E-01
+1.991666666667E-01    +2.178367867883E-01    +7.551777615618E-010    -2.278520799465E-01    -1.001529315826E-02    +1.001529311004E-02    +7.213899692625E-01
+2.008333333333E-01    +2.196907256483E-01    +7.524398988261E-010    -2.297983675579E-01    -1.010764190962E-02    +1.010764186054E-02    +7.213899692715E-01
+2.025000000000E-01    +2.215455306638E-01    +7.496518201918E-010    -2.317457511655E-01    -1.020022050169E-02    +1.020022045174E-02    +7.213899692807E-01
+2.041666666667E-01    +2.234012132631E-01    +7.468122781239E-010    -2.336942448521E-01    -1.029303158902E-02    +1.029303153819E-02    +7.213899692900E-01
+2.058333333333E-01    +2.252577850124E-01    +7.439205441280E-010    -2.356438628615E-01    -1.038607784912E-02    +1.038607779738E-02    +7.213899692996E-01
+2.075000000000E-01    +2.271152576189E-01    +7.409754528623E-010    -2.375946196017E-01    -1.047936198282E-02    +1.047936193015E-02    +7.213899693092E-01
+2.091666666667E-01    +2.289736429335E-01    +7.379757816078E-010    -2.395465296482E-01    -1.057288671468E-02    +1.057288666107E-02    +7.213899693191E-01
+2.108333333333E-01    +2.308329529540E-01    +7.349203696794E-010    -2.414996077475E-01    -1.066665479348E-02    +1.066665473892E-02    +7.213899693291E-01
+2.125000000000E-01    +2.326931998281E-01    +7.318080951210E-010    -2.434538688207E-01    -1.076066899261E-02    +1.076066893707E-02    +7.213899693393E-01
+2.141666666667E-01    +2.345543958564E-01    +7.286377208147E-010    -2.454093279669E-01    -1.085493211049E-02    +1.085493205396E-02    +7.213899693497E-01
+2.158333333333E-01    +2.364165534958E-01    +7.254081042500E-010    -2.473660004669E-01    -1.094944697109E-02    +1.094944691354E-02    +7.213899693603E-01
+2.175000000000E-01    +2.382796853626E-01    +7.221177839471E-010    -2.493239017869E-01    -1.104421642435E-02    +1.104421636576E-02    +7.213899693711E-01
+2.191666666667E-01    +2.401438042360E-01    +7.187655392458E-010    -2.512830475827E-01    -1.113924334664E-02    +1.113924328700E-02    +7.213899693820E-01
+2.208333333333E-01    +2.420089230618E-01    +7.153501907478E-010    -2.532434537031E-01    -1.123453064128E-02    +1.123453058056E-02    +7.213899693932E-01
+2.225000000000E-01    +2.438750549554E-01    +7.118701207347E-010    -2.552051361944E-01    -1.133008123901E-02    +1.133008117720E-02    +7.213899694045E-01
+2.241666666667E-01    +2.457422132058E-01    +7.083241449087E-010    -2.571681113043E-01    -1.142589809851E-02    +1.142589803559E-02    +7.213899694161E-01
+2.258333333333E-01    +2.476104112793E-01    +7.047104008526E-010    -2.591323954862E-01    -1.152198420689E-02    +1.152198414283E-02    +7.213899694279E-01
+2.275000000000E-01    +2.494796628233E-01    +7.010277998387E-010    -2.610980054035E-01    -1.161834258024E-02    +1.161834251502E-02    +7.213899694399E-01
+2.291666666667E-01    +2.513499816702E-01    +6.972745785865E-010    -2.630649579344E-01    -1.171497626415E-02    +1.171497619774E-02    +7.213899694521E-01
+2.308333333333E-01    +2.532213818415E-01    +6.934492810041E-010    -2.650332701757E-01    -1.181188833426E-02    +1.181188826664E-02    +7.213899694645E-01
+2.325000000000E-01    +2.550938775517E-01    +6.895499858878E-010    -2.670029594485E-01    -1.190908189685E-02    +1.190908182799E-02    +7.213899694772E-01
+2.341666666667E-01    +2.569674832128E-01    +6.855751351769E-010    -2.689740433022E-01    -1.200656008935E-02    +1.200656001923E-02    +7.213899694901E-01
+2.358333333333E-01    +2.588422134387E-01    +6.815231157617E-010    -2.709465395197E-01    -1.210432608101E-02    +1.210432600960E-02    +7.213899695032E-01
+2.375000000000E-01    +2.607180830494E-01    +6.773919728225E-010    -2.729204661229E-01    -1.220238307343E-02    +1.220238300071E-02    +7.213899695166E-01
+2.391666666667E-01    +2.625951070757E-01    +6.731799114757E-010    -2.748958413770E-01    -1.230073430122E-02    +1.230073422716E-02    +7.213899695303E-01
+2.408333333333E-01    +2.644733007641E-01    +6.688849480014E-010    -2.768726837967E-01    -1.239938303258E-02    +1.239938295716E-02    +7.213899695441E-01
+2.425000000000E-01    +2.663526795813E-01    +6.645052070294E-010    -2.788510121513E-01    -1.249833257001E-02    +1.249833249319E-02    +7.213899695583E-01
+2.441666666667E-01    +2.682332592194E-01    +6.600386364622E-010    -2.808308454703E-01    -1.259758625090E-02    +1.259758617266E-02    +7.213899695727E-01
+2.458333333333E-01    +2.701150556012E-01    +6.554830044442E-010    -2.828122030494E-01    -1.269714744825E-02    +1.269714736855E-02    +7.213899695874E-01
+2.475000000000E-01    +2.719980848850E-01    +6.508364113685E-010    -2.847951044563E-01    -1.279701957132E-02    +1.279701949013E-02    +7.213899696024E-01
+2.491666666667E-01    +2.738823634703E-01    +6.460965468563E-010    -2.867795695366E-01    -1.289720606638E-02    +1.289720598367E-02    +7.213899696177E-01
+2.508333333333E-01    +2.757679080033E-01    +6.412611083263E-010    -2.887656184207E-01    -1.299771041739E-02    +1.299771033313E-02    +7.213899696332E-01
+2.525000000000E-01    +2.776547353828E-01    +6.363277176036E-010    -2.907532715295E-01    -1.309853614677E-02    +1.309853606093E-02    +7.213899696491E-01
+2.541666666667E-01    +2.795428627655E-01    +6.312939050809E-010    -2.927425495817E-01    -1.319968681615E-02    +1.319968672869E-02    +7.213899696652E-01
+2.558333333333E-01    +2.814323075729E-01    +6.261572874935E-010    -2.947334736000E-01    -1.330116602714E-02    +1.330116593802E-02    +7.213899696817E-01
+2.575000000000E-01    +2.833230874967E-01    +6.209150761375E-010    -2.967260649188E-01    -1.340297742211E-02    +1.340297733130E-02    +7.213899696985E-01
+2.591666666667E-01    +2.852152205057E-01    +6.155647788995E-010    -2.987203451908E-01    -1.350512468506E-02    +1.350512459252E-02    +7.213899697157E-01
+2.608333333333E-01    +2.871087248524E-01    +6.101035064079E-010    -3.007163363948E-01    -1.360761154240E-02    +1.360761144810E-02    +7.213899697331E-01
+2.625000000000E-01    +2.890036190795E-01    +6.045285540755E-010    -3.027140608433E-01    -1.371044176383E-02    +1.371044166772E-02    +7.213899697510E-01
+2.641666666667E-01    +2.908999220270E-01    +5.988367880143E-010    -3.047135411902E-01    -1.381361916323E-02    +1.381361906527E-02    +7.213899697691E-01
+2.658333333333E-01    +2.927976528395E-01    +5.930253210289E-010    -3.067148004391E-01    -1.391714759954E-02    +1.391714749969E-02    +7.213899697877E-01
+2.675000000000E-01    +2.946968309738E-01    +5.870909764219E-010    -3.087178619515E-01    -1.402103097770E-02    +1.402103087592E-02    +7.213899698066E-01
+2.691666666667E-01    +2.965974762059E-01    +5.810303841816E-010    -3.107227494555E-01    -1.412527324959E-02    +1.412527314583E-02    +7.213899698259E-01
+2.708333333333E-01    +2.984996086396E-01    +5.748402193382E-010    -3.127294870546E-01    -1.422987841502E-02    +1.422987830924E-02    +7.213899698456E-01
+2.725000000000E-01    +3.004032487142E-01    +5.685172699342E-010    -3.147380992370E-01    -1.433485052272E-02    +1.433485041487E-02    +7.213899698657E-01
+2.741666666667E-01    +3.023084172131E-01    +5.620575510893E-010    -3.167486108844E-01    -1.444019367136E-02    +1.444019356140E-02    +7.213899698862E-01
+2.758333333333E-01    +3.042151352721E-01    +5.554578556186E-010    -3.187610472827E-01    -1.454591201061E-02    +1.454591189848E-02    +7.213899699072E-01
+2.775000000000E-01    +3.061234243889E-01    +5.487137161683E-010    -3.207754341311E-01    -1.465200974225E-02    +1.465200962790E-02    +7.213899699285E-01
+2.791666666667E-01    +3.080333064315E-01    +5.418214999403E-010    -3.227917975528E-01    -1.475849112122E-02    +1.475849100460E-02    +7.213899699503E-01
+2.808333333333E-01    +3.099448036487E-01    +5.347769607520E-010    -3.248101641055E-01    -1.486536045684E-02    +1.486536033790E-02    +7.213899699726E-01
+2.825000000000E-01    +3.118579386788E-01    +5.275761458442E-010    -3.268305607927E-01    -1.497262211392E-02    +1.497262199260E-02    +7.213899699954E-01
+2.841666666667E-01    +3.137727345606E-01    +5.202142565748E-010    -3.288530150746E-01    -1.508028051402E-02    +1.508028039026E-02    +7.213899700186E-01
+2.858333333333E-01    +3.156892147433E-01    +5.126870439324E-010    -3.308775548800E-01    -1.518834013665E-02    +1.518834001040E-02    +7.213899700424E-01
+2.875000000000E-01    +3.176074030978E-01    +5.049896859756E-010    -3.329042086183E-01    -1.529680552057E-02    +1.529680539177E-02    +7.213899700666E-01
+2.891666666667E-01    +3.195273239271E-01    +4.971169798155E-010    -3.349330051922E-01    -1.540568126512E-02    +1.540568113369E-02    +7.213899700914E-01
+2.908333333333E-01    +3.214490019788E-01    +4.890642542378E-010    -3.369639740103E-01    -1.551497203152E-02    +1.551497189741E-02    +7.213899701167E-01
+2.925000000000E-01    +3.233724624561E-01    +4.808258984758E-010    -3.389971450004E-01    -1.562468254432E-02    +1.562468240747E-02    +7.213899701426E-01
+2.941666666667E-01    +3.252977310308E-01    +4.723965380134E-010    -3.410325486236E-01    -1.573481759281E-02    +1.573481745313E-02    +7.213899701690E-01
+2.958333333333E-01    +3.272248338556E-01    +4.637706035520E-010    -3.430702158880E-01    -1.584538203246E-02    +1.584538188990E-02    +7.213899701961E-01
+2.975000000000E-01    +3.291537975776E-01    +4.549424328348E-010    -3.451101783641E-01    -1.595638078652E-02    +1.595638064099E-02    +7.213899702237E-01
+2.991666666667E-01    +3.310846493517E-01    +4.459055140435E-010    -3.471524681992E-01    -1.606781884749E-02    +1.606781869893E-02    +7.213899702520E-01
+3.008333333333E-01    +3.330174168552E-01    +4.366537884711E-010    -3.491971181340E-01    -1.617970127882E-02    +1.617970112714E-02    +7.213899702809E-01
+3.025000000000E-01    +3.349521283017E-01    +4.271803594905E-010    -3.512441615182E-01    -1.629203321649E-02    +1.629203306161E-02    +7.213899703104E-01
+3.041666666667E-01    +3.368888124568E-01    +4.174785276055E-010    -3.532936323276E-01    -1.640481987079E-02    +1.640481971263E-02    +7.213899703407E-01
+3.058333333333E-01    +3.388274986538E-01    +4.075413366979E-010    -3.553455651818E-01    -1.651806652805E-02    +1.651806636653E-02    +7.213899703716E-01
+3.075000000000E-01    +3.407682168096E-01    +3.973612113323E-010    -3.573999953621E-01    -1.663177855248E-02    +1.663177838751E-02    +7.213899704033E-01
+3.091666666667E-01    +3.427109974421E-01    +3.869304320747E-010    -3.594569588302E-01    -1.674596138803E-02    +1.674596121951E-02    +7.213899704357E-01
+3.108333333333E-01    +3.446558716872E-01    +3.762412509722E-010    -3.615164922476E-01    -1.686062056034E-02    +1.686062038818E-02    +7.213899704689E-01
+3.125000000000E-01    +3.466028713174E-01    +3.652852315108E-010    -3.635786329961E-01    -1.697576167874E-02    +1.697576150284E-02    +7.213899705029E-01
+3.141666666667E-01    +3.485520287600E-01    +3.540535418374E-010    -3.656434191984E-01    -1.709139043832E-02    +1.709139025859E-02    +7.213899705377E-01
+3.158333333333E-01    +3.505033771176E-01    +3.425376555733E-010    -3.677108897397E-01    -1.720751262208E-02    +1.720751243841E-02    +7.213899705733E-01
+3.175000000000E-01    +3.524569501875E-01    +3.307276056027E-010    -3.697810842906E-01    -1.732413410309E-02    +1.732413391537E-02    +7.213899706098E-01
+3.191666666667E-01    +3.544127824832E-01    +3.186139766174E-010    -3.718540433300E-01    -1.744126084682E-02    +1.744126065493E-02    +7.213899706472E-01
+3.208333333333E-01    +3.563709092564E-01    +3.061865134079E-010    -3.739298081699E-01    -1.755889891346E-02    +1.755889871729E-02    +7.213899706855E-01
+3.225000000000E-01    +3.583313665196E-01    +2.934347739301E-010    -3.760084209800E-01    -1.767705446036E-02    +1.767705425980E-02    +7.213899707248E-01
+3.241666666667E-01    +3.602941910697E-01    +2.803475070561E-010    -3.780899248143E-01    -1.779573374460E-02    +1.779573353951E-02    +7.213899707651E-01
+3.258333333333E-01    +3.622594205129E-01    +2.669129408881E-010    -3.801743636384E-01    -1.791494312550E-02    +1.791494291576E-02    +7.213899708064E-01
+3.275000000000E-01    +3.642270932900E-01    +2.531192279189E-010    -3.822617823574E-01    -1.803468906740E-02    +1.803468885288E-02    +7.213899708487E-01
+3.291666666667E-01    +3.661972487035E-01    +2.389539748114E-010    -3.843522268459E-01    -1.815497814245E-02    +1.815497792301E-02    +7.213899708921E-01
+3.308333333333E-01    +3.681699269448E-01    +2.244036751188E-010    -3.864457439782E-01    -1.827581703344E-02    +1.827581680893E-02    +7.213899709367E-01
+3.325000000000E-01    +3.701451691236E-01    +2.094547254043E-010    -3.885423816605E-01    -1.839721253685E-02    +1.839721230713E-02    +7.213899709824E-01
+3.341666666667E-01    +3.721230172981E-01    +1.940927778242E-010    -3.906421888640E-01    -1.851917156595E-02    +1.851917133086E-02    +7.213899710294E-01
+3.358333333333E-01    +3.741035145059E-01    +1.783030953100E-010    -3.927452156599E-01    -1.864170115402E-02    +1.864170091340E-02    +7.213899710776E-01
+3.375000000000E-01    +3.760867047972E-01    +1.620695673032E-010    -3.948515132549E-01    -1.876480845764E-02    +1.876480821133E-02    +7.213899711270E-01
+3.391666666667E-01    +3.780726332691E-01    +1.453758482169E-010    -3.969611340294E-01    -1.888850076025E-02    +1.888850050807E-02    +7.213899711779E-01
+3.408333333333E-01    +3.800613461010E-01    +1.282046262996E-010    -3.990741315767E-01    -1.901278547567E-02    +1.901278521744E-02    +7.213899712301E-01
+3.425000000000E-01    +3.820528905919E-01    +1.105378867251E-010    -4.011905607438E-01    -1.913767015183E-02    +1.913766988738E-02    +7.213899712838E-01
+3.441666666667E-01    +3.840473151998E-01    +9.235686901220E-11     -4.033104776745E-01    -1.926316247472E-02    +1.926316220384E-02    +7.213899713389E-01
+3.458333333333E-01    +3.860446695816E-01    +7.364154997362E-11     -4.054339398540E-01    -1.938927027235E-02    +1.938926999484E-02    +7.213899713956E-01
+3.475000000000E-01    +3.880450046367E-01    +5.437133727579E-11     -4.075610061556E-01    -1.951600151894E-02    +1.951600123460E-02    +7.213899714539E-01
+3.491666666667E-01    +3.900483725506E-01    +3.452405533357E-11     -4.096917368900E-01    -1.964336433933E-02    +1.964336404793E-02    +7.213899715139E-01
+3.508333333333E-01    +3.920548268424E-01    +1.407698185796E-11     -4.118261938558E-01    -1.977136701346E-02    +1.977136671478E-02    +7.213899715756E-01
+3.525000000000E-01    +3.940644224128E-01    -6.994195741015E-12     -4.139644403939E-01    -1.990001798111E-02    +1.990001767492E-02    +7.213899716392E-01
+3.541666666667E-01    +3.960772155959E-01    -2.871468023837E-11     -4.161065414427E-01    -2.002932584680E-02    +2.002932553284E-02    +7.213899717046E-01
+3.558333333333E-01    +3.980932642129E-01    -5.111130385699E-11     -4.182525635978E-01    -2.015929938491E-02    +2.015929906293E-02    +7.213899717720E-01
+3.575000000000E-01    +4.001126276277E-01    -7.421212650634E-11     -4.204025751727E-01    -2.028994754502E-02    +2.028994721475E-02    +7.213899718413E-01
+3.591666666667E-01    +4.021353668070E-01    -9.804672525090E-11     -4.225566462644E-01    -2.042127945745E-02    +2.042127911862E-02    +7.213899719128E-01
+3.608333333333E-01    +4.041615443814E-01    -1.226466080519E-010    -4.247148488205E-01    -2.055330443910E-02    +2.055330409140E-02    +7.213899719865E-01
+3.625000000000E-01    +4.061912247113E-01    -1.480441874984E-010    -4.268772567107E-01    -2.068603199945E-02    +2.068603164260E-02    +7.213899720625E-01
+3.641666666667E-01    +4.082244739551E-01    -1.742744870343E-010    -4.290439458021E-01    -2.081947184695E-02    +2.081947148061E-02    +7.213899721409E-01
+3.658333333333E-01    +4.102613601416E-01    -2.013740525064E-010    -4.312149940372E-01    -2.095363389556E-02    +2.095363351941E-02    +7.213899722218E-01
+3.675000000000E-01    +4.123019532456E-01    -2.293817243794E-010    -4.333904815173E-01    -2.108852827172E-02    +2.108852788541E-02    +7.213899723053E-01
+3.691666666667E-01    +4.143463252682E-01    -2.583385916649E-010    -4.355704905898E-01    -2.122416532154E-02    +2.122416492471E-02    +7.213899723915E-01
+3.708333333333E-01    +4.163945503212E-01    -2.882878136334E-010    -4.377551059395E-01    -2.136055561838E-02    +2.136055521064E-02    +7.213899724805E-01
+3.725000000000E-01    +4.184467047156E-01    -3.192758296005E-010    -4.399444146863E-01    -2.149770997077E-02    +2.149770955172E-02    +7.213899725725E-01
+3.741666666667E-01    +4.205028670560E-01    -3.513504755674E-010    -4.421385064867E-01    -2.163563943071E-02    +2.163563899994E-02    +7.213899726676E-01
+3.758333333333E-01    +4.225631183397E-01    -3.845638771027E-010    -4.443374736421E-01    -2.177435530240E-02    +2.177435485946E-02    +7.213899727659E-01
+3.775000000000E-01    +4.246275420613E-01    -4.189706730096E-010    -4.465414112126E-01    -2.191386915135E-02    +2.191386869579E-02    +7.213899728677E-01
+3.791666666667E-01    +4.266962243238E-01    -4.546291166782E-010    -4.487504171378E-01    -2.205419281401E-02    +2.205419234535E-02    +7.213899729730E-01
+3.808333333333E-01    +4.287692539562E-01    -4.916007932983E-010    -4.509645923640E-01    -2.219533840781E-02    +2.219533792554E-02    +7.213899730820E-01
+3.825000000000E-01    +4.308467226374E-01    -5.299517290804E-010    -4.531840409792E-01    -2.233731834181E-02    +2.233731784539E-02    +7.213899731949E-01
+3.841666666667E-01    +4.329287250287E-01    -5.697515711587E-010    -4.554088703565E-01    -2.248014532784E-02    +2.248014481671E-02    +7.213899733119E-01
+3.858333333333E-01    +4.350153589132E-01    -6.110752567354E-010    -4.576391913054E-01    -2.262383239224E-02    +2.262383186581E-02    +7.213899734333E-01
+3.875000000000E-01    +4.371067253449E-01    -6.540018409688E-010    -4.598751182332E-01    -2.276839288827E-02    +2.276839234592E-02    +7.213899735591E-01
+3.891666666667E-01    +4.392029288064E-01    -6.986164798208E-010    -4.621167693155E-01    -2.291384050916E-02    +2.291383995023E-02    +7.213899736898E-01
+3.908333333333E-01    +4.413040773767E-01    -7.450095446095E-010    -4.643642666786E-01    -2.306018930191E-02    +2.306018872571E-02    +7.213899738254E-01
+3.925000000000E-01    +4.434102829107E-01    -7.932782455066E-010    -4.666177365925E-01    -2.320745368187E-02    +2.320745308767E-02    +7.213899739663E-01
+3.941666666667E-01    +4.455216612289E-01    -8.435256894974E-010    -4.688773096771E-01    -2.335564844813E-02    +2.335564783516E-02    +7.213899741128E-01
+3.958333333333E-01    +4.476383323216E-01    -8.958630007337E-010    -4.711431211215E-01    -2.350478879986E-02    +2.350478816731E-02    +7.213899742652E-01
+3.975000000000E-01    +4.497604205649E-01    -9.504088113116E-010    -4.734153109185E-01    -2.365489035358E-02    +2.365488970057E-02    +7.213899744237E-01
+3.991666666667E-01    +4.518880549531E-01    -1.007290776721E-09     -4.756940241145E-01    -2.380596916147E-02    +2.380596848710E-02    +7.213899745888E-01
+4.008333333333E-01    +4.540213693458E-01    -1.066645848584E-09     -4.779794110766E-01    -2.395804173083E-02    +2.395804103413E-02    +7.213899747608E-01
+4.025000000000E-01    +4.561605027336E-01    -1.128621443698E-09     -4.802716277784E-01    -2.411112504477E-02    +2.411112432471E-02    +7.213899749402E-01
+4.041666666667E-01    +4.583055995219E-01    -1.193375060220E-09     -4.825708361060E-01    -2.426523658413E-02    +2.426523583962E-02    +7.213899751273E-01
+4.058333333333E-01    +4.604568098352E-01    -1.261077302036E-09     -4.848772041862E-01    -2.442039435092E-02    +2.442039358081E-02    +7.213899753226E-01
+4.075000000000E-01    +4.626142898440E-01    -1.331911140310E-09     -4.871909067373E-01    -2.457661689326E-02    +2.457661609630E-02    +7.213899755266E-01
+4.091666666667E-01    +4.647782021157E-01    -1.406074934191E-09     -4.895121254476E-01    -2.473392333191E-02    +2.473392250680E-02    +7.213899757399E-01
+4.108333333333E-01    +4.669487159919E-01    -1.483781838868E-09     -4.918410493806E-01    -2.489233338875E-02    +2.489233253411E-02    +7.213899759631E-01
+4.125000000000E-01    +4.691260079943E-01    -1.565262671514E-09     -4.941778754114E-01    -2.505186741711E-02    +2.505186653144E-02    +7.213899761967E-01
+4.141666666667E-01    +4.713102622623E-01    -1.650766853885E-09     -4.965228086965E-01    -2.521254643428E-02    +2.521254551599E-02    +7.213899764414E-01
+4.158333333333E-01    +4.735016710242E-01    -1.740564610654E-09     -4.988760631805E-01    -2.537439215632E-02    +2.537439120372E-02    +7.213899766981E-01
+4.175000000000E-01    +4.757004351065E-01    -1.834947731476E-09     -5.012378621419E-01    -2.553742703542E-02    +2.553742604670E-02    +7.213899769675E-01
+4.191666666667E-01    +4.779067644832E-01    -1.934233836170E-09     -5.036084387832E-01    -2.570167430002E-02    +2.570167327325E-02    +7.213899772503E-01
+4.208333333333E-01    +4.801208788706E-01    -2.038767335336E-09     -5.059880368686E-01    -2.586715799796E-02    +2.586715693105E-02    +7.213899775477E-01
+4.225000000000E-01    +4.823430083708E-01    -2.148922655467E-09     -5.083769114137E-01    -2.603390304282E-02    +2.603390193356E-02    +7.213899778606E-01
+4.241666666667E-01    +4.845733941688E-01    -2.265106463296E-09     -5.107753294329E-01    -2.620193526404E-02    +2.620193411003E-02    +7.213899781901E-01
+4.258333333333E-01    +4.868122892891E-01    -2.387761780230E-09     -5.131835707499E-01    -2.637128146080E-02    +2.637128025949E-02    +7.213899785374E-01
+4.275000000000E-01    +4.890599594173E-01    -2.517372687134E-09     -5.156019288776E-01    -2.654196946034E-02    +2.654196820897E-02    +7.213899789037E-01
+4.291666666667E-01    +4.913166837932E-01    -2.654466710733E-09     -5.180307119742E-01    -2.671402818100E-02    +2.671402687659E-02    +7.213899792907E-01
+4.308333333333E-01    +4.935827561835E-01    -2.799620978069E-09     -5.204702438839E-01    -2.688748770037E-02    +2.688748633973E-02    +7.213899796997E-01
+4.325000000000E-01    +4.958584859420E-01    -2.953467512811E-09     -5.229208652713E-01    -2.706237932932E-02    +2.706237790898E-02    +7.213899801326E-01
+4.341666666667E-01    +4.981441991671E-01    -3.116699676941E-09     -5.253829348593E-01    -2.723873569214E-02    +2.723873420839E-02    +7.213899805911E-01
+4.358333333333E-01    +5.004402399685E-01    -3.290079428289E-09     -5.278568307823E-01    -2.741659081378E-02    +2.741658926258E-02    +7.213899810774E-01
+4.375000000000E-01    +5.027469718538E-01    -3.474446779149E-09     -5.303429520684E-01    -2.759598021461E-02    +2.759597859159E-02    +7.213899815937E-01
+4.391666666667E-01    +5.050647792529E-01    -3.670729700141E-09     -5.328417202666E-01    -2.777694101364E-02    +2.777693931405E-02    +7.213899821424E-01
+4.408333333333E-01    +5.073940691947E-01    -3.879956672098E-09     -5.353535812359E-01    -2.795951204115E-02    +2.795951025985E-02    +7.213899827265E-01
+4.425000000000E-01    +5.097352731592E-01    -4.103271479376E-09     -5.378790071208E-01    -2.814373396159E-02    +2.814373209296E-02    +7.213899833489E-01
+4.441666666667E-01    +5.120888491284E-01    -4.341952940220E-09     -5.404184985365E-01    -2.832964940805E-02    +2.832964744597E-02    +7.213899840131E-01
+4.458333333333E-01    +5.144552838684E-01    -4.597437265055E-09     -5.429725869979E-01    -2.851730312952E-02    +2.851730106729E-02    +7.213899847229E-01
+4.475000000000E-01    +5.168350954783E-01    -4.871347121949E-09     -5.455418376309E-01    -2.870674215264E-02    +2.870673998291E-02    +7.213899854827E-01
+4.491666666667E-01    +5.192288362549E-01    -5.165530446723E-09     -5.481268522144E-01    -2.889801595954E-02    +2.889801367421E-02    +7.213899862974E-01
+4.508333333333E-01    +5.216370959324E-01    -5.482107308351E-09     -5.507282726166E-01    -2.909117668416E-02    +2.909117427430E-02    +7.213899871727E-01
+4.525000000000E-01    +5.240605053737E-01    -5.823534379287E-09     -5.533467847033E-01    -2.928627932959E-02    +2.928627678527E-02    +7.213899881151E-01
+4.541666666667E-01    +5.264997408131E-01    -6.192687543728E-09     -5.559831228229E-01    -2.948338200974E-02    +2.948337931987E-02    +7.213899891321E-01
+4.558333333333E-01    +5.289555287816E-01    -6.592974089346E-09     -5.586380750010E-01    -2.968254621948E-02    +2.968254337161E-02    +7.213899902329E-01
+4.575000000000E-01    +5.314286518868E-01    -7.028481021536E-09     -5.613124890255E-01    -2.988383713872E-02    +2.988383411875E-02    +7.213899914282E-01
+4.591666666667E-01    +5.339199556797E-01    -7.504176687315E-09     -5.640072796572E-01    -3.008732397746E-02    +3.008732076929E-02    +7.213899927311E-01
+4.608333333333E-01    +5.364303569177E-01    -8.026183873667E-09     -5.667234372890E-01    -3.029308037129E-02    +3.029307695635E-02    +7.213899941577E-01
+4.625000000000E-01    +5.389608536445E-01    -8.602152635777E-09     -5.694620384850E-01    -3.050118484051E-02    +3.050118119716E-02    +7.213899957279E-01
+4.641666666667E-01    +5.415125376574E-01    -9.241769152439E-09     -5.722242589881E-01    -3.071172133066E-02    +3.071171743335E-02    +7.213899974670E-01
+4.658333333333E-01    +5.440866101426E-01    -9.957456955203E-09     -5.750113900023E-01    -3.092477985972E-02    +3.092477567790E-02    +7.213899994074E-01
+4.675000000000E-01    +5.466844015454E-01    -1.076533868015E-08     -5.778248588527E-01    -3.114045730737E-02    +3.114045280401E-02    +7.213900015911E-01
+4.691666666667E-01    +5.493073971445E-01    -1.168656530534E-08     -5.806662555411E-01    -3.135885839666E-02    +3.135885352620E-02    +7.213900040728E-01
+4.708333333333E-01    +5.519572703523E-01    -1.274915161090E-08     -5.835373672923E-01    -3.158009694002E-02    +3.158009164567E-02    +7.213900069254E-01
+4.725000000000E-01    +5.546359265322E-01    -1.399051438778E-08     -5.864402239847E-01    -3.180429745254E-02    +3.180429166247E-02    +7.213900102458E-01
+4.741666666667E-01    +5.573455611911E-01    -1.546099066384E-08     -5.893771584717E-01    -3.203159728053E-02    +3.203159090274E-02    +7.213900141643E-01
+4.758333333333E-01    +5.600887378881E-01    -1.722870653866E-08     -5.923508873464E-01    -3.226214945832E-02    +3.226214237353E-02    +7.213900188574E-01
+4.775000000000E-01    +5.628684932561E-01    -1.938635524728E-08     -5.953646198561E-01    -3.249612659998E-02    +3.249611865185E-02    +7.213900245653E-01
+4.791666666667E-01    +5.656884793984E-01    -2.206049681125E-08     -5.984222056665E-01    -3.273372626814E-02    +3.273371724983E-02    +7.213900316158E-01
+4.808333333333E-01    +5.685531578881E-01    -2.542487486145E-08     -6.015283363455E-01    -3.297517845737E-02    +3.297516809279E-02    +7.213900404592E-01
+4.825000000000E-01    +5.714680651325E-01    -2.971700236641E-08     -6.046888212417E-01    -3.322075610927E-02    +3.322074402787E-02    +7.213900517114E-01
+4.841666666667E-01    +5.744401764807E-01    -3.526857030020E-08     -6.079109664663E-01    -3.347078998561E-02    +3.347077568506E-02    +7.213900662337E-01
+4.858333333333E-01    +5.774784071735E-01    -4.251338733541E-08     -6.112040969501E-01    -3.372568977660E-02    +3.372567258279E-02    +7.213900851499E-01
+4.875000000000E-01    +5.805943020309E-01    -5.213287251622E-08     -6.145802762741E-01    -3.398597424318E-02    +3.398595321125E-02    +7.213901102410E-01
+4.891666666667E-01    +5.838029874947E-01    -6.464087321900E-08     -6.180553013133E-01    -3.425231381865E-02    +3.425228780296E-02    +7.213901427935E-01
+4.908333333333E-01    +5.871244702083E-01    -8.225913573929E-08     -6.216500627232E-01    -3.452559251485E-02    +3.452555948009E-02    +7.213901887677E-01
+4.925000000000E-01    +5.905854334729E-01    -1.003978424623E-07     -6.253924214354E-01    -3.480698796247E-02    +3.480694769675E-02    +7.213902353223E-01
+4.941666666667E-01    +5.942214203217E-01    -1.405173230541E-07     -6.293195262654E-01    -3.509810594373E-02    +3.509804968878E-02    +7.213903415313E-01
+4.958333333333E-01    +5.980800010381E-01    -9.495831113168E-08     -6.334810172462E-01    -3.540101620801E-02    +3.540097727349E-02    +7.213902109084E-01
+4.975000000000E-01    +6.022199179964E-01    -3.258684108347E-07     -6.379386455750E-01    -3.571872757863E-02    +3.571859806695E-02    +7.213908442526E-01
+4.991666666667E-01    +6.067153685188E-01    +1.134150263202E-06     -6.427683217643E-01    -3.605295324547E-02    +3.605338137832E-02    +7.213868266317E-01
+5.000000000000E-01    +6.090975029582E-01    +1.031632008279E-09     -6.453261049512E-01    -3.622860199297E-02    +3.622860199297E-02    +7.213899682110E-01
