#cell coordinates and the corresponding deviation from the equilibrium 
-0.499512 0.034804 
-0.498535 0.034710 
-0.497559 0.034618 
-0.496582 0.034528 
-0.495605 0.034440 
-0.494629 0.034354 
-0.493652 0.034269 
-0.492676 0.034185 
-0.491699 0.034104 
-0.490723 0.034024 
-0.489746 0.033945 
-0.488770 0.033868 
-0.487793 0.033793 
-0.486816 0.033719 
-0.485840 0.033646 
-0.484863 0.033575 
-0.483887 0.033505 
-0.482910 0.033436 
-0.481934 0.033369 
-0.480957 0.033303 
-0.479980 0.033238 
-0.479004 0.033175 
-0.478027 0.033113 
-0.477051 0.033052 
-0.476074 0.032992 
-0.475098 0.032933 
-0.474121 0.032875 
-0.473145 0.032819 
-0.472168 0.032763 
-0.471191 0.032709 
-0.470215 0.032656 
-0.469238 0.032603 
-0.468262 0.032552 
-0.467285 0.032502 
-0.466309 0.032452 
-0.465332 0.032404 
-0.464355 0.032356 
-0.463379 0.032310 
-0.462402 0.032264 
-0.461426 0.032219 
-0.460449 0.032175 
-0.459473 0.032132 
-0.458496 0.032089 
-0.457520 0.032048 
-0.456543 0.032007 
-0.455566 0.031967 
-0.454590 0.031927 
-0.453613 0.031889 
-0.452637 0.031851 
-0.451660 0.031814 
-0.450684 0.031777 
-0.449707 0.031742 
-0.448730 0.031707 
-0.447754 0.031672 
-0.446777 0.031638 
-0.445801 0.031605 
-0.444824 0.031573 
-0.443848 0.031541 
-0.442871 0.031509 
-0.441895 0.031479 
-0.440918 0.031449 
-0.439941 0.031419 
-0.438965 0.031390 
-0.437988 0.031361 
-0.437012 0.031333 
-0.436035 0.031306 
-0.435059 0.031279 
-0.434082 0.031253 
-0.433105 0.031227 
-0.432129 0.031201 
-0.431152 0.031176 
-0.430176 0.031152 
-0.429199 0.031128 
-0.428223 0.031104 
-0.427246 0.031081 
-0.426270 0.031058 
-0.425293 0.031036 
-0.424316 0.030809 
-0.423340 0.030791 
-0.422363 0.030775 
-0.421387 0.030760 
-0.420410 0.030744 
-0.419434 0.030729 
-0.418457 0.030714 
-0.417480 0.030699 
-0.416504 0.030685 
-0.415527 0.030670 
-0.414551 0.030656 
-0.413574 0.030642 
-0.412598 0.030628 
-0.411621 0.030615 
-0.410645 0.030601 
-0.409668 0.030588 
-0.408691 0.030574 
-0.407715 0.030561 
-0.406738 0.030548 
-0.405762 0.030536 
-0.404785 0.030523 
-0.403809 0.030511 
-0.402832 0.030498 
-0.401855 0.030486 
-0.400879 0.030474 
-0.399902 0.030463 
-0.398926 0.030451 
-0.397949 0.030439 
-0.396973 0.030428 
-0.395996 0.030417 
-0.395020 0.030406 
-0.394043 0.030395 
-0.393066 0.030384 
-0.392090 0.030373 
-0.391113 0.030362 
-0.390137 0.030352 
-0.389160 0.030342 
-0.388184 0.030331 
-0.387207 0.030321 
-0.386230 0.030311 
-0.385254 0.030302 
-0.384277 0.030292 
-0.383301 0.030282 
-0.382324 0.030273 
-0.381348 0.030263 
-0.380371 0.030254 
-0.379395 0.030245 
-0.378418 0.030236 
-0.377441 0.030227 
-0.376465 0.030218 
-0.375488 0.030210 
-0.374512 0.030201 
-0.373535 0.030192 
-0.372559 0.030184 
-0.371582 0.030176 
-0.370605 0.030168 
-0.369629 0.030159 
-0.368652 0.030151 
-0.367676 0.030144 
-0.366699 0.030136 
-0.365723 0.030128 
-0.364746 0.030120 
-0.363770 0.030113 
-0.362793 0.030105 
-0.361816 0.030098 
-0.360840 0.030091 
-0.359863 0.030084 
-0.358887 0.030077 
-0.357910 0.030070 
-0.356934 0.030063 
-0.355957 0.030056 
-0.354980 0.030049 
-0.354004 0.030042 
-0.353027 0.030036 
-0.352051 0.030029 
-0.351074 0.030023 
-0.350098 0.030016 
-0.349121 0.030010 
-0.348145 0.030004 
-0.347168 0.029998 
-0.346191 0.029992 
-0.345215 0.029986 
-0.344238 0.029980 
-0.343262 0.029974 
-0.342285 0.029968 
-0.341309 0.029962 
-0.340332 0.029957 
-0.339355 0.029951 
-0.338379 0.029946 
-0.337402 0.029940 
-0.336426 0.029935 
-0.335449 0.029930 
-0.334473 0.029924 
-0.333496 0.029919 
-0.332520 0.029914 
-0.331543 0.029909 
-0.330566 0.029904 
-0.329590 0.029899 
-0.328613 0.029894 
-0.327637 0.029889 
-0.326660 0.029884 
-0.325684 0.029880 
-0.324707 0.029875 
-0.323730 0.029870 
-0.322754 0.029866 
-0.321777 0.029861 
-0.320801 0.029857 
-0.319824 0.029852 
-0.318848 0.029848 
-0.317871 0.029844 
-0.316895 0.029840 
-0.315918 0.029835 
-0.314941 0.029831 
-0.313965 0.029827 
-0.312988 0.029823 
-0.312012 0.029819 
-0.311035 0.029815 
-0.310059 0.029811 
-0.309082 0.029807 
-0.308105 0.029803 
-0.307129 0.029800 
-0.306152 0.029796 
-0.305176 0.029792 
-0.304199 0.029789 
-0.303223 0.029785 
-0.302246 0.029781 
-0.301270 0.029778 
-0.300293 0.029774 
-0.299316 0.029771 
-0.298340 0.029767 
-0.297363 0.029764 
-0.296387 0.029761 
-0.295410 0.029757 
-0.294434 0.029754 
-0.293457 0.029751 
-0.292480 0.029748 
-0.291504 0.029745 
-0.290527 0.029742 
-0.289551 0.029738 
-0.288574 0.029735 
-0.287598 0.029732 
-0.286621 0.029729 
-0.285645 0.029727 
-0.284668 0.029724 
-0.283691 0.029721 
-0.282715 0.029718 
-0.281738 0.029715 
-0.280762 0.029712 
-0.279785 0.029710 
-0.278809 0.029707 
-0.277832 0.029704 
-0.276855 0.029702 
-0.275879 0.029699 
-0.274902 0.029696 
-0.273926 0.029694 
-0.272949 0.029691 
-0.271973 0.029689 
-0.270996 0.029686 
-0.270020 0.029684 
-0.269043 0.029681 
-0.268066 0.029679 
-0.267090 0.029677 
-0.266113 0.029674 
-0.265137 0.029672 
-0.264160 0.029670 
-0.263184 0.029667 
-0.262207 0.029665 
-0.261230 0.029663 
-0.260254 0.029661 
-0.259277 0.029659 
-0.258301 0.029657 
-0.257324 0.029654 
-0.256348 0.029652 
-0.255371 0.029650 
-0.254395 0.029648 
-0.253418 0.029646 
-0.252441 0.029644 
-0.251465 0.029642 
-0.250488 0.029640 
-0.249512 0.029638 
-0.248535 0.029636 
-0.247559 0.029634 
-0.246582 0.029633 
-0.245605 0.029631 
-0.244629 0.029629 
-0.243652 0.029627 
-0.242676 0.029625 
-0.241699 0.029624 
-0.240723 0.029622 
-0.239746 0.029620 
-0.238770 0.029618 
-0.237793 0.029617 
-0.236816 0.029615 
-0.235840 0.029613 
-0.234863 0.029612 
-0.233887 0.029610 
-0.232910 0.029609 
-0.231934 0.029607 
-0.230957 0.029605 
-0.229980 0.029604 
-0.229004 0.029602 
-0.228027 0.029601 
-0.227051 0.029599 
-0.226074 0.029598 
-0.225098 0.029596 
-0.224121 0.029595 
-0.223145 0.029593 
-0.222168 0.029592 
-0.221191 0.029591 
-0.220215 0.029589 
-0.219238 0.029588 
-0.218262 0.029586 
-0.217285 0.029585 
-0.216309 0.029584 
-0.215332 0.029583 
-0.214355 0.029581 
-0.213379 0.029580 
-0.212402 0.029579 
-0.211426 0.029577 
-0.210449 0.029576 
-0.209473 0.029575 
-0.208496 0.029574 
-0.207520 0.029572 
-0.206543 0.029571 
-0.205566 0.029570 
-0.204590 0.029569 
-0.203613 0.029568 
-0.202637 0.029567 
-0.201660 0.029566 
-0.200684 0.029564 
-0.199707 0.029563 
-0.198730 0.029562 
-0.197754 0.029561 
-0.196777 0.029560 
-0.195801 0.029559 
-0.194824 0.029558 
-0.193848 0.029557 
-0.192871 0.029556 
-0.191895 0.029555 
-0.190918 0.029554 
-0.189941 0.029553 
-0.188965 0.029552 
-0.187988 0.029551 
-0.187012 0.029550 
-0.186035 0.029549 
-0.185059 0.029548 
-0.184082 0.029547 
-0.183105 0.029546 
-0.182129 0.029545 
-0.181152 0.029544 
-0.180176 0.029544 
-0.179199 0.029543 
-0.178223 0.029542 
-0.177246 0.029541 
-0.176270 0.029540 
-0.175293 0.029539 
-0.174316 0.029538 
-0.173340 0.029538 
-0.172363 0.029537 
-0.171387 0.029536 
-0.170410 0.029535 
-0.169434 0.029534 
-0.168457 0.029534 
-0.167480 0.029533 
-0.166504 0.029532 
-0.165527 0.029531 
-0.164551 0.029531 
-0.163574 0.029530 
-0.162598 0.029529 
-0.161621 0.029528 
-0.160645 0.029528 
-0.159668 0.029527 
-0.158691 0.029526 
-0.157715 0.029526 
-0.156738 0.029525 
-0.155762 0.029524 
-0.154785 0.029524 
-0.153809 0.029523 
-0.152832 0.029522 
-0.151855 0.029522 
-0.150879 0.029521 
-0.149902 0.029520 
-0.148926 0.029520 
-0.147949 0.029519 
-0.146973 0.029518 
-0.145996 0.029518 
-0.145020 0.029517 
-0.144043 0.029517 
-0.143066 0.029516 
-0.142090 0.029515 
-0.141113 0.029515 
-0.140137 0.029514 
-0.139160 0.029514 
-0.138184 0.029513 
-0.137207 0.029513 
-0.136230 0.029512 
-0.135254 0.029512 
-0.134277 0.029511 
-0.133301 0.029511 
-0.132324 0.029510 
-0.131348 0.029510 
-0.130371 0.029509 
-0.129395 0.029509 
-0.128418 0.029508 
-0.127441 0.029508 
-0.126465 0.029507 
-0.125488 0.029507 
-0.124512 0.029506 
-0.123535 0.029506 
-0.122559 0.029505 
-0.121582 0.029505 
-0.120605 0.029504 
-0.119629 0.029504 
-0.118652 0.029503 
-0.117676 0.029503 
-0.116699 0.029503 
-0.115723 0.029502 
-0.114746 0.029502 
-0.113770 0.029501 
-0.112793 0.029501 
-0.111816 0.029500 
-0.110840 0.029500 
-0.109863 0.029500 
-0.108887 0.029499 
-0.107910 0.029499 
-0.106934 0.029498 
-0.105957 0.029498 
-0.104980 0.029498 
-0.104004 0.029497 
-0.103027 0.029497 
-0.102051 0.029497 
-0.101074 0.029496 
-0.100098 0.029496 
-0.099121 0.029496 
-0.098145 0.029495 
-0.097168 0.029495 
-0.096191 0.029495 
-0.095215 0.029494 
-0.094238 0.029494 
-0.093262 0.029494 
-0.092285 0.029493 
-0.091309 0.029493 
-0.090332 0.029493 
-0.089355 0.029492 
-0.088379 0.029492 
-0.087402 0.029492 
-0.086426 0.029492 
-0.085449 0.029491 
-0.084473 0.029491 
-0.083496 0.029491 
-0.082520 0.029490 
-0.081543 0.029490 
-0.080566 0.029490 
-0.079590 0.029490 
-0.078613 0.029489 
-0.077637 0.029489 
-0.076660 0.029489 
-0.075684 0.029489 
-0.074707 0.029488 
-0.073730 0.029488 
-0.072754 0.029488 
-0.071777 0.029488 
-0.070801 0.029487 
-0.069824 0.029487 
-0.068848 0.029487 
-0.067871 0.029487 
-0.066895 0.029487 
-0.065918 0.029486 
-0.064941 0.029486 
-0.063965 0.029486 
-0.062988 0.029486 
-0.062012 0.029486 
-0.061035 0.029485 
-0.060059 0.029485 
-0.059082 0.029485 
-0.058105 0.029485 
-0.057129 0.029485 
-0.056152 0.029484 
-0.055176 0.029484 
-0.054199 0.029484 
-0.053223 0.029484 
-0.052246 0.029484 
-0.051270 0.029484 
-0.050293 0.029483 
-0.049316 0.029483 
-0.048340 0.029483 
-0.047363 0.029483 
-0.046387 0.029483 
-0.045410 0.029483 
-0.044434 0.029483 
-0.043457 0.029482 
-0.042480 0.029482 
-0.041504 0.029482 
-0.040527 0.029482 
-0.039551 0.029482 
-0.038574 0.029482 
-0.037598 0.029482 
-0.036621 0.029482 
-0.035645 0.029481 
-0.034668 0.029481 
-0.033691 0.029481 
-0.032715 0.029481 
-0.031738 0.029481 
-0.030762 0.029481 
-0.029785 0.029481 
-0.028809 0.029481 
-0.027832 0.029481 
-0.026855 0.029481 
-0.025879 0.029481 
-0.024902 0.029481 
-0.023926 0.029480 
-0.022949 0.029480 
-0.021973 0.029480 
-0.020996 0.029480 
-0.020020 0.029480 
-0.019043 0.029480 
-0.018066 0.029480 
-0.017090 0.029480 
-0.016113 0.029480 
-0.015137 0.029480 
-0.014160 0.029480 
-0.013184 0.029480 
-0.012207 0.029480 
-0.011230 0.029480 
-0.010254 0.029480 
-0.009277 0.029480 
-0.008301 0.029480 
-0.007324 0.029480 
-0.006348 0.029480 
-0.005371 0.029480 
-0.004395 0.029480 
-0.003418 0.029480 
-0.002441 0.029480 
-0.001465 0.029480 
-0.000488 0.029480 
0.000488 0.029480 
0.001465 0.029480 
0.002441 0.029480 
0.003418 0.029480 
0.004395 0.029480 
0.005371 0.029480 
0.006348 0.029480 
0.007324 0.029480 
0.008301 0.029480 
0.009277 0.029480 
0.010254 0.029480 
0.011230 0.029480 
0.012207 0.029480 
0.013184 0.029480 
0.014160 0.029480 
0.015137 0.029480 
0.016113 0.029480 
0.017090 0.029480 
0.018066 0.029480 
0.019043 0.029480 
0.020020 0.029480 
0.020996 0.029480 
0.021973 0.029480 
0.022949 0.029480 
0.023926 0.029480 
0.024902 0.029481 
0.025879 0.029481 
0.026855 0.029481 
0.027832 0.029481 
0.028809 0.029481 
0.029785 0.029481 
0.030762 0.029481 
0.031738 0.029481 
0.032715 0.029481 
0.033691 0.029481 
0.034668 0.029481 
0.035645 0.029481 
0.036621 0.029482 
0.037598 0.029482 
0.038574 0.029482 
0.039551 0.029482 
0.040527 0.029482 
0.041504 0.029482 
0.042480 0.029482 
0.043457 0.029482 
0.044434 0.029483 
0.045410 0.029483 
0.046387 0.029483 
0.047363 0.029483 
0.048340 0.029483 
0.049316 0.029483 
0.050293 0.029483 
0.051270 0.029484 
0.052246 0.029484 
0.053223 0.029484 
0.054199 0.029484 
0.055176 0.029484 
0.056152 0.029484 
0.057129 0.029485 
0.058105 0.029485 
0.059082 0.029485 
0.060059 0.029485 
0.061035 0.029485 
0.062012 0.029486 
0.062988 0.029486 
0.063965 0.029486 
0.064941 0.029486 
0.065918 0.029486 
0.066895 0.029487 
0.067871 0.029487 
0.068848 0.029487 
0.069824 0.029487 
0.070801 0.029487 
0.071777 0.029488 
0.072754 0.029488 
0.073730 0.029488 
0.074707 0.029488 
0.075684 0.029489 
0.076660 0.029489 
0.077637 0.029489 
0.078613 0.029489 
0.079590 0.029490 
0.080566 0.029490 
0.081543 0.029490 
0.082520 0.029490 
0.083496 0.029491 
0.084473 0.029491 
0.085449 0.029491 
0.086426 0.029492 
0.087402 0.029492 
0.088379 0.029492 
0.089355 0.029492 
0.090332 0.029493 
0.091309 0.029493 
0.092285 0.029493 
0.093262 0.029494 
0.094238 0.029494 
0.095215 0.029494 
0.096191 0.029495 
0.097168 0.029495 
0.098145 0.029495 
0.099121 0.029496 
0.100098 0.029496 
0.101074 0.029496 
0.102051 0.029497 
0.103027 0.029497 
0.104004 0.029497 
0.104980 0.029498 
0.105957 0.029498 
0.106934 0.029498 
0.107910 0.029499 
0.108887 0.029499 
0.109863 0.029500 
0.110840 0.029500 
0.111816 0.029500 
0.112793 0.029501 
0.113770 0.029501 
0.114746 0.029502 
0.115723 0.029502 
0.116699 0.029503 
0.117676 0.029503 
0.118652 0.029503 
0.119629 0.029504 
0.120605 0.029504 
0.121582 0.029505 
0.122559 0.029505 
0.123535 0.029506 
0.124512 0.029506 
0.125488 0.029507 
0.126465 0.029507 
0.127441 0.029508 
0.128418 0.029508 
0.129395 0.029509 
0.130371 0.029509 
0.131348 0.029510 
0.132324 0.029510 
0.133301 0.029511 
0.134277 0.029511 
0.135254 0.029512 
0.136230 0.029512 
0.137207 0.029513 
0.138184 0.029513 
0.139160 0.029514 
0.140137 0.029514 
0.141113 0.029515 
0.142090 0.029515 
0.143066 0.029516 
0.144043 0.029517 
0.145020 0.029517 
0.145996 0.029518 
0.146973 0.029518 
0.147949 0.029519 
0.148926 0.029520 
0.149902 0.029520 
0.150879 0.029521 
0.151855 0.029522 
0.152832 0.029522 
0.153809 0.029523 
0.154785 0.029524 
0.155762 0.029524 
0.156738 0.029525 
0.157715 0.029526 
0.158691 0.029526 
0.159668 0.029527 
0.160645 0.029528 
0.161621 0.029528 
0.162598 0.029529 
0.163574 0.029530 
0.164551 0.029531 
0.165527 0.029531 
0.166504 0.029532 
0.167480 0.029533 
0.168457 0.029534 
0.169434 0.029534 
0.170410 0.029535 
0.171387 0.029536 
0.172363 0.029537 
0.173340 0.029538 
0.174316 0.029538 
0.175293 0.029539 
0.176270 0.029540 
0.177246 0.029541 
0.178223 0.029542 
0.179199 0.029543 
0.180176 0.029544 
0.181152 0.029544 
0.182129 0.029545 
0.183105 0.029546 
0.184082 0.029547 
0.185059 0.029548 
0.186035 0.029549 
0.187012 0.029550 
0.187988 0.029551 
0.188965 0.029552 
0.189941 0.029553 
0.190918 0.029554 
0.191895 0.029555 
0.192871 0.029556 
0.193848 0.029557 
0.194824 0.029558 
0.195801 0.029559 
0.196777 0.029560 
0.197754 0.029561 
0.198730 0.029562 
0.199707 0.029563 
0.200684 0.029564 
0.201660 0.029566 
0.202637 0.029567 
0.203613 0.029568 
0.204590 0.029569 
0.205566 0.029570 
0.206543 0.029571 
0.207520 0.029572 
0.208496 0.029574 
0.209473 0.029575 
0.210449 0.029576 
0.211426 0.029577 
0.212402 0.029579 
0.213379 0.029580 
0.214355 0.029581 
0.215332 0.029583 
0.216309 0.029584 
0.217285 0.029585 
0.218262 0.029586 
0.219238 0.029588 
0.220215 0.029589 
0.221191 0.029591 
0.222168 0.029592 
0.223145 0.029593 
0.224121 0.029595 
0.225098 0.029596 
0.226074 0.029598 
0.227051 0.029599 
0.228027 0.029601 
0.229004 0.029602 
0.229980 0.029604 
0.230957 0.029605 
0.231934 0.029607 
0.232910 0.029609 
0.233887 0.029610 
0.234863 0.029612 
0.235840 0.029613 
0.236816 0.029615 
0.237793 0.029617 
0.238770 0.029618 
0.239746 0.029620 
0.240723 0.029622 
0.241699 0.029624 
0.242676 0.029625 
0.243652 0.029627 
0.244629 0.029629 
0.245605 0.029631 
0.246582 0.029633 
0.247559 0.029634 
0.248535 0.029636 
0.249512 0.029638 
0.250488 0.029640 
0.251465 0.029642 
0.252441 0.029644 
0.253418 0.029646 
0.254395 0.029648 
0.255371 0.029650 
0.256348 0.029652 
0.257324 0.029654 
0.258301 0.029657 
0.259277 0.029659 
0.260254 0.029661 
0.261230 0.029663 
0.262207 0.029665 
0.263184 0.029667 
0.264160 0.029670 
0.265137 0.029672 
0.266113 0.029674 
0.267090 0.029677 
0.268066 0.029679 
0.269043 0.029681 
0.270020 0.029684 
0.270996 0.029686 
0.271973 0.029689 
0.272949 0.029691 
0.273926 0.029694 
0.274902 0.029696 
0.275879 0.029699 
0.276855 0.029702 
0.277832 0.029704 
0.278809 0.029707 
0.279785 0.029710 
0.280762 0.029712 
0.281738 0.029715 
0.282715 0.029718 
0.283691 0.029721 
0.284668 0.029724 
0.285645 0.029727 
0.286621 0.029729 
0.287598 0.029732 
0.288574 0.029735 
0.289551 0.029738 
0.290527 0.029742 
0.291504 0.029745 
0.292480 0.029748 
0.293457 0.029751 
0.294434 0.029754 
0.295410 0.029757 
0.296387 0.029761 
0.297363 0.029764 
0.298340 0.029767 
0.299316 0.029771 
0.300293 0.029774 
0.301270 0.029778 
0.302246 0.029781 
0.303223 0.029785 
0.304199 0.029789 
0.305176 0.029792 
0.306152 0.029796 
0.307129 0.029800 
0.308105 0.029803 
0.309082 0.029807 
0.310059 0.029811 
0.311035 0.029815 
0.312012 0.029819 
0.312988 0.029823 
0.313965 0.029827 
0.314941 0.029831 
0.315918 0.029835 
0.316895 0.029840 
0.317871 0.029844 
0.318848 0.029848 
0.319824 0.029852 
0.320801 0.029857 
0.321777 0.029861 
0.322754 0.029866 
0.323730 0.029870 
0.324707 0.029875 
0.325684 0.029880 
0.326660 0.029884 
0.327637 0.029889 
0.328613 0.029894 
0.329590 0.029899 
0.330566 0.029904 
0.331543 0.029909 
0.332520 0.029914 
0.333496 0.029919 
0.334473 0.029924 
0.335449 0.029930 
0.336426 0.029935 
0.337402 0.029940 
0.338379 0.029946 
0.339355 0.029951 
0.340332 0.029957 
0.341309 0.029962 
0.342285 0.029968 
0.343262 0.029974 
0.344238 0.029980 
0.345215 0.029986 
0.346191 0.029992 
0.347168 0.029998 
0.348145 0.030004 
0.349121 0.030010 
0.350098 0.030016 
0.351074 0.030023 
0.352051 0.030029 
0.353027 0.030036 
0.354004 0.030042 
0.354980 0.030049 
0.355957 0.030056 
0.356934 0.030063 
0.357910 0.030070 
0.358887 0.030077 
0.359863 0.030084 
0.360840 0.030091 
0.361816 0.030098 
0.362793 0.030105 
0.363770 0.030113 
0.364746 0.030120 
0.365723 0.030128 
0.366699 0.030136 
0.367676 0.030144 
0.368652 0.030151 
0.369629 0.030159 
0.370605 0.030168 
0.371582 0.030176 
0.372559 0.030184 
0.373535 0.030192 
0.374512 0.030201 
0.375488 0.030210 
0.376465 0.030218 
0.377441 0.030227 
0.378418 0.030236 
0.379395 0.030245 
0.380371 0.030254 
0.381348 0.030263 
0.382324 0.030273 
0.383301 0.030282 
0.384277 0.030292 
0.385254 0.030302 
0.386230 0.030311 
0.387207 0.030321 
0.388184 0.030331 
0.389160 0.030342 
0.390137 0.030352 
0.391113 0.030362 
0.392090 0.030373 
0.393066 0.030384 
0.394043 0.030395 
0.395020 0.030406 
0.395996 0.030417 
0.396973 0.030428 
0.397949 0.030439 
0.398926 0.030451 
0.399902 0.030463 
0.400879 0.030474 
0.401855 0.030486 
0.402832 0.030498 
0.403809 0.030511 
0.404785 0.030523 
0.405762 0.030536 
0.406738 0.030548 
0.407715 0.030561 
0.408691 0.030574 
0.409668 0.030588 
0.410645 0.030601 
0.411621 0.030615 
0.412598 0.030628 
0.413574 0.030642 
0.414551 0.030656 
0.415527 0.030670 
0.416504 0.030685 
0.417480 0.030699 
0.418457 0.030714 
0.419434 0.030729 
0.420410 0.030744 
0.421387 0.030760 
0.422363 0.030775 
0.423340 0.030791 
0.424316 0.030809 
0.425293 0.031036 
0.426270 0.031058 
0.427246 0.031081 
0.428223 0.031104 
0.429199 0.031128 
0.430176 0.031152 
0.431152 0.031176 
0.432129 0.031201 
0.433105 0.031227 
0.434082 0.031253 
0.435059 0.031279 
0.436035 0.031306 
0.437012 0.031333 
0.437988 0.031361 
0.438965 0.031390 
0.439941 0.031419 
0.440918 0.031449 
0.441895 0.031479 
0.442871 0.031509 
0.443848 0.031541 
0.444824 0.031573 
0.445801 0.031605 
0.446777 0.031638 
0.447754 0.031672 
0.448730 0.031707 
0.449707 0.031742 
0.450684 0.031777 
0.451660 0.031814 
0.452637 0.031851 
0.453613 0.031889 
0.454590 0.031927 
0.455566 0.031967 
0.456543 0.032007 
0.457520 0.032048 
0.458496 0.032089 
0.459473 0.032132 
0.460449 0.032175 
0.461426 0.032219 
0.462402 0.032264 
0.463379 0.032310 
0.464355 0.032356 
0.465332 0.032404 
0.466309 0.032452 
0.467285 0.032502 
0.468262 0.032552 
0.469238 0.032603 
0.470215 0.032656 
0.471191 0.032709 
0.472168 0.032763 
0.473145 0.032819 
0.474121 0.032875 
0.475098 0.032933 
0.476074 0.032992 
0.477051 0.033052 
0.478027 0.033113 
0.479004 0.033175 
0.479980 0.033238 
0.480957 0.033303 
0.481934 0.033369 
0.482910 0.033436 
0.483887 0.033505 
0.484863 0.033575 
0.485840 0.033646 
0.486816 0.033719 
0.487793 0.033793 
0.488770 0.033868 
0.489746 0.033945 
0.490723 0.034024 
0.491699 0.034104 
0.492676 0.034185 
0.493652 0.034269 
0.494629 0.034354 
0.495605 0.034440 
0.496582 0.034528 
0.497559 0.034618 
0.498535 0.034710 
0.499512 0.034804 
