#cell coordinates and the corresponding deviation from the equilibrium 
-0.499512 0.034791 
-0.498535 0.034699 
-0.497559 0.034609 
-0.496582 0.034521 
-0.495605 0.034434 
-0.494629 0.034349 
-0.493652 0.034266 
-0.492676 0.034185 
-0.491699 0.034105 
-0.490723 0.034027 
-0.489746 0.033950 
-0.488770 0.033875 
-0.487793 0.033802 
-0.486816 0.033730 
-0.485840 0.033660 
-0.484863 0.033590 
-0.483887 0.033523 
-0.482910 0.033457 
-0.481934 0.033392 
-0.480957 0.033328 
-0.479980 0.033266 
-0.479004 0.033205 
-0.478027 0.033146 
-0.477051 0.033087 
-0.476074 0.033030 
-0.475098 0.032029 
-0.474121 0.031982 
-0.473145 0.031951 
-0.472168 0.031921 
-0.471191 0.031890 
-0.470215 0.031861 
-0.469238 0.031831 
-0.468262 0.031802 
-0.467285 0.031773 
-0.466309 0.031745 
-0.465332 0.031717 
-0.464355 0.031689 
-0.463379 0.031662 
-0.462402 0.031635 
-0.461426 0.031608 
-0.460449 0.031582 
-0.459473 0.031556 
-0.458496 0.031530 
-0.457520 0.031505 
-0.456543 0.031480 
-0.455566 0.031456 
-0.454590 0.031431 
-0.453613 0.031407 
-0.452637 0.031384 
-0.451660 0.031360 
-0.450684 0.031337 
-0.449707 0.031315 
-0.448730 0.031292 
-0.447754 0.031270 
-0.446777 0.031248 
-0.445801 0.031226 
-0.444824 0.031205 
-0.443848 0.030672 
-0.442871 0.030650 
-0.441895 0.030639 
-0.440918 0.030627 
-0.439941 0.030616 
-0.438965 0.030605 
-0.437988 0.030593 
-0.437012 0.030582 
-0.436035 0.030571 
-0.435059 0.030560 
-0.434082 0.030549 
-0.433105 0.030539 
-0.432129 0.030528 
-0.431152 0.030518 
-0.430176 0.030507 
-0.429199 0.030497 
-0.428223 0.030486 
-0.427246 0.030476 
-0.426270 0.030466 
-0.425293 0.030456 
-0.424316 0.030446 
-0.423340 0.030436 
-0.422363 0.030427 
-0.421387 0.030417 
-0.420410 0.030407 
-0.419434 0.030398 
-0.418457 0.030389 
-0.417480 0.030379 
-0.416504 0.030370 
-0.415527 0.030361 
-0.414551 0.030352 
-0.413574 0.030343 
-0.412598 0.030334 
-0.411621 0.030325 
-0.410645 0.030316 
-0.409668 0.030307 
-0.408691 0.030299 
-0.407715 0.030290 
-0.406738 0.030282 
-0.405762 0.030273 
-0.404785 0.030265 
-0.403809 0.030257 
-0.402832 0.030249 
-0.401855 0.030241 
-0.400879 0.030233 
-0.399902 0.030225 
-0.398926 0.030217 
-0.397949 0.030209 
-0.396973 0.030201 
-0.395996 0.030193 
-0.395020 0.030186 
-0.394043 0.030178 
-0.393066 0.030171 
-0.392090 0.030163 
-0.391113 0.030156 
-0.390137 0.030149 
-0.389160 0.030141 
-0.388184 0.030134 
-0.387207 0.030127 
-0.386230 0.030120 
-0.385254 0.030113 
-0.384277 0.030106 
-0.383301 0.030099 
-0.382324 0.030092 
-0.381348 0.030086 
-0.380371 0.030079 
-0.379395 0.030072 
-0.378418 0.030066 
-0.377441 0.030059 
-0.376465 0.030053 
-0.375488 0.030046 
-0.374512 0.030040 
-0.373535 0.030034 
-0.372559 0.030027 
-0.371582 0.030021 
-0.370605 0.030015 
-0.369629 0.030009 
-0.368652 0.030003 
-0.367676 0.029997 
-0.366699 0.029991 
-0.365723 0.029985 
-0.364746 0.029979 
-0.363770 0.029974 
-0.362793 0.029968 
-0.361816 0.029962 
-0.360840 0.029957 
-0.359863 0.029951 
-0.358887 0.029946 
-0.357910 0.029940 
-0.356934 0.029935 
-0.355957 0.029929 
-0.354980 0.029924 
-0.354004 0.029919 
-0.353027 0.029914 
-0.352051 0.029908 
-0.351074 0.029903 
-0.350098 0.029898 
-0.349121 0.029893 
-0.348145 0.029888 
-0.347168 0.029883 
-0.346191 0.029878 
-0.345215 0.029873 
-0.344238 0.029868 
-0.343262 0.029864 
-0.342285 0.029859 
-0.341309 0.029854 
-0.340332 0.029849 
-0.339355 0.029845 
-0.338379 0.029840 
-0.337402 0.029836 
-0.336426 0.029831 
-0.335449 0.029827 
-0.334473 0.029822 
-0.333496 0.029818 
-0.332520 0.029814 
-0.331543 0.029809 
-0.330566 0.029805 
-0.329590 0.029801 
-0.328613 0.029797 
-0.327637 0.029792 
-0.326660 0.029788 
-0.325684 0.029784 
-0.324707 0.029780 
-0.323730 0.029776 
-0.322754 0.029772 
-0.321777 0.029768 
-0.320801 0.029764 
-0.319824 0.029760 
-0.318848 0.029756 
-0.317871 0.029753 
-0.316895 0.029749 
-0.315918 0.029745 
-0.314941 0.029741 
-0.313965 0.029738 
-0.312988 0.029734 
-0.312012 0.029730 
-0.311035 0.029727 
-0.310059 0.029723 
-0.309082 0.029720 
-0.308105 0.029716 
-0.307129 0.029713 
-0.306152 0.029709 
-0.305176 0.029706 
-0.304199 0.029703 
-0.303223 0.029699 
-0.302246 0.029696 
-0.301270 0.029693 
-0.300293 0.029689 
-0.299316 0.029686 
-0.298340 0.029683 
-0.297363 0.029680 
-0.296387 0.029677 
-0.295410 0.029673 
-0.294434 0.029670 
-0.293457 0.029667 
-0.292480 0.029664 
-0.291504 0.029661 
-0.290527 0.029658 
-0.289551 0.029655 
-0.288574 0.029652 
-0.287598 0.029650 
-0.286621 0.029647 
-0.285645 0.029644 
-0.284668 0.029641 
-0.283691 0.029638 
-0.282715 0.029635 
-0.281738 0.029633 
-0.280762 0.029630 
-0.279785 0.029627 
-0.278809 0.029625 
-0.277832 0.029622 
-0.276855 0.029619 
-0.275879 0.029617 
-0.274902 0.029614 
-0.273926 0.029611 
-0.272949 0.029609 
-0.271973 0.029606 
-0.270996 0.029604 
-0.270020 0.029601 
-0.269043 0.029599 
-0.268066 0.029597 
-0.267090 0.029594 
-0.266113 0.029592 
-0.265137 0.029589 
-0.264160 0.029587 
-0.263184 0.029585 
-0.262207 0.029582 
-0.261230 0.029580 
-0.260254 0.029578 
-0.259277 0.029576 
-0.258301 0.029573 
-0.257324 0.029571 
-0.256348 0.029569 
-0.255371 0.029567 
-0.254395 0.029565 
-0.253418 0.029563 
-0.252441 0.029560 
-0.251465 0.029558 
-0.250488 0.029556 
-0.249512 0.029554 
-0.248535 0.029552 
-0.247559 0.029550 
-0.246582 0.029548 
-0.245605 0.029546 
-0.244629 0.029544 
-0.243652 0.029542 
-0.242676 0.029540 
-0.241699 0.029538 
-0.240723 0.029536 
-0.239746 0.029535 
-0.238770 0.029533 
-0.237793 0.029531 
-0.236816 0.029529 
-0.235840 0.029527 
-0.234863 0.029525 
-0.233887 0.029524 
-0.232910 0.029522 
-0.231934 0.029520 
-0.230957 0.029518 
-0.229980 0.029517 
-0.229004 0.029515 
-0.228027 0.029513 
-0.227051 0.029512 
-0.226074 0.029510 
-0.225098 0.029508 
-0.224121 0.029507 
-0.223145 0.029505 
-0.222168 0.029504 
-0.221191 0.029502 
-0.220215 0.029500 
-0.219238 0.029499 
-0.218262 0.029497 
-0.217285 0.029496 
-0.216309 0.029494 
-0.215332 0.029493 
-0.214355 0.029491 
-0.213379 0.029490 
-0.212402 0.029488 
-0.211426 0.029487 
-0.210449 0.029485 
-0.209473 0.029484 
-0.208496 0.029483 
-0.207520 0.029481 
-0.206543 0.029480 
-0.205566 0.029479 
-0.204590 0.029477 
-0.203613 0.029476 
-0.202637 0.029474 
-0.201660 0.029473 
-0.200684 0.029472 
-0.199707 0.029471 
-0.198730 0.029469 
-0.197754 0.029468 
-0.196777 0.029467 
-0.195801 0.029465 
-0.194824 0.029464 
-0.193848 0.029463 
-0.192871 0.029462 
-0.191895 0.029461 
-0.190918 0.029459 
-0.189941 0.029458 
-0.188965 0.029457 
-0.187988 0.029456 
-0.187012 0.029455 
-0.186035 0.029454 
-0.185059 0.029453 
-0.184082 0.029451 
-0.183105 0.029450 
-0.182129 0.029449 
-0.181152 0.029448 
-0.180176 0.029447 
-0.179199 0.029446 
-0.178223 0.029445 
-0.177246 0.029444 
-0.176270 0.029443 
-0.175293 0.029442 
-0.174316 0.029441 
-0.173340 0.029440 
-0.172363 0.029439 
-0.171387 0.029438 
-0.170410 0.029437 
-0.169434 0.029436 
-0.168457 0.029435 
-0.167480 0.029434 
-0.166504 0.029433 
-0.165527 0.029432 
-0.164551 0.029431 
-0.163574 0.029430 
-0.162598 0.029429 
-0.161621 0.029428 
-0.160645 0.029428 
-0.159668 0.029427 
-0.158691 0.029426 
-0.157715 0.029425 
-0.156738 0.029424 
-0.155762 0.029423 
-0.154785 0.029422 
-0.153809 0.029422 
-0.152832 0.029421 
-0.151855 0.029420 
-0.150879 0.029419 
-0.149902 0.029418 
-0.148926 0.029418 
-0.147949 0.029417 
-0.146973 0.029416 
-0.145996 0.029415 
-0.145020 0.029415 
-0.144043 0.029414 
-0.143066 0.029413 
-0.142090 0.029412 
-0.141113 0.029412 
-0.140137 0.029411 
-0.139160 0.029410 
-0.138184 0.029409 
-0.137207 0.029409 
-0.136230 0.029408 
-0.135254 0.029407 
-0.134277 0.029407 
-0.133301 0.029406 
-0.132324 0.029405 
-0.131348 0.029405 
-0.130371 0.029404 
-0.129395 0.029403 
-0.128418 0.029403 
-0.127441 0.029402 
-0.126465 0.029402 
-0.125488 0.029401 
-0.124512 0.029400 
-0.123535 0.029400 
-0.122559 0.029399 
-0.121582 0.029399 
-0.120605 0.029398 
-0.119629 0.029397 
-0.118652 0.029397 
-0.117676 0.029396 
-0.116699 0.029396 
-0.115723 0.029395 
-0.114746 0.029395 
-0.113770 0.029394 
-0.112793 0.029394 
-0.111816 0.029393 
-0.110840 0.029393 
-0.109863 0.029392 
-0.108887 0.029392 
-0.107910 0.029391 
-0.106934 0.029391 
-0.105957 0.029390 
-0.104980 0.029390 
-0.104004 0.029389 
-0.103027 0.029389 
-0.102051 0.029388 
-0.101074 0.029388 
-0.100098 0.029387 
-0.099121 0.029387 
-0.098145 0.029386 
-0.097168 0.029386 
-0.096191 0.029385 
-0.095215 0.029385 
-0.094238 0.029385 
-0.093262 0.029384 
-0.092285 0.029384 
-0.091309 0.029383 
-0.090332 0.029383 
-0.089355 0.029383 
-0.088379 0.029382 
-0.087402 0.029382 
-0.086426 0.029381 
-0.085449 0.029381 
-0.084473 0.029381 
-0.083496 0.029380 
-0.082520 0.029380 
-0.081543 0.029380 
-0.080566 0.029379 
-0.079590 0.029379 
-0.078613 0.029379 
-0.077637 0.029378 
-0.076660 0.029378 
-0.075684 0.029378 
-0.074707 0.029377 
-0.073730 0.029377 
-0.072754 0.029377 
-0.071777 0.029376 
-0.070801 0.029376 
-0.069824 0.029376 
-0.068848 0.029375 
-0.067871 0.029375 
-0.066895 0.029375 
-0.065918 0.029375 
-0.064941 0.029374 
-0.063965 0.029374 
-0.062988 0.029374 
-0.062012 0.029373 
-0.061035 0.029373 
-0.060059 0.029373 
-0.059082 0.029373 
-0.058105 0.029372 
-0.057129 0.029372 
-0.056152 0.029372 
-0.055176 0.029372 
-0.054199 0.029372 
-0.053223 0.029371 
-0.052246 0.029371 
-0.051270 0.029371 
-0.050293 0.029371 
-0.049316 0.029370 
-0.048340 0.029370 
-0.047363 0.029370 
-0.046387 0.029370 
-0.045410 0.029370 
-0.044434 0.029370 
-0.043457 0.029369 
-0.042480 0.029369 
-0.041504 0.029369 
-0.040527 0.029369 
-0.039551 0.029369 
-0.038574 0.029368 
-0.037598 0.029368 
-0.036621 0.029368 
-0.035645 0.029368 
-0.034668 0.029368 
-0.033691 0.029368 
-0.032715 0.029368 
-0.031738 0.029367 
-0.030762 0.029367 
-0.029785 0.029367 
-0.028809 0.029367 
-0.027832 0.029367 
-0.026855 0.029367 
-0.025879 0.029367 
-0.024902 0.029367 
-0.023926 0.029367 
-0.022949 0.029367 
-0.021973 0.029366 
-0.020996 0.029366 
-0.020020 0.029366 
-0.019043 0.029366 
-0.018066 0.029366 
-0.017090 0.029366 
-0.016113 0.029366 
-0.015137 0.029366 
-0.014160 0.029366 
-0.013184 0.029366 
-0.012207 0.029366 
-0.011230 0.029366 
-0.010254 0.029366 
-0.009277 0.029366 
-0.008301 0.029366 
-0.007324 0.029366 
-0.006348 0.029366 
-0.005371 0.029365 
-0.004395 0.029365 
-0.003418 0.029365 
-0.002441 0.029365 
-0.001465 0.029365 
-0.000488 0.029365 
0.000488 0.029365 
0.001465 0.029365 
0.002441 0.029365 
0.003418 0.029365 
0.004395 0.029365 
0.005371 0.029365 
0.006348 0.029366 
0.007324 0.029366 
0.008301 0.029366 
0.009277 0.029366 
0.010254 0.029366 
0.011230 0.029366 
0.012207 0.029366 
0.013184 0.029366 
0.014160 0.029366 
0.015137 0.029366 
0.016113 0.029366 
0.017090 0.029366 
0.018066 0.029366 
0.019043 0.029366 
0.020020 0.029366 
0.020996 0.029366 
0.021973 0.029366 
0.022949 0.029367 
0.023926 0.029367 
0.024902 0.029367 
0.025879 0.029367 
0.026855 0.029367 
0.027832 0.029367 
0.028809 0.029367 
0.029785 0.029367 
0.030762 0.029367 
0.031738 0.029367 
0.032715 0.029368 
0.033691 0.029368 
0.034668 0.029368 
0.035645 0.029368 
0.036621 0.029368 
0.037598 0.029368 
0.038574 0.029368 
0.039551 0.029369 
0.040527 0.029369 
0.041504 0.029369 
0.042480 0.029369 
0.043457 0.029369 
0.044434 0.029370 
0.045410 0.029370 
0.046387 0.029370 
0.047363 0.029370 
0.048340 0.029370 
0.049316 0.029370 
0.050293 0.029371 
0.051270 0.029371 
0.052246 0.029371 
0.053223 0.029371 
0.054199 0.029372 
0.055176 0.029372 
0.056152 0.029372 
0.057129 0.029372 
0.058105 0.029372 
0.059082 0.029373 
0.060059 0.029373 
0.061035 0.029373 
0.062012 0.029373 
0.062988 0.029374 
0.063965 0.029374 
0.064941 0.029374 
0.065918 0.029375 
0.066895 0.029375 
0.067871 0.029375 
0.068848 0.029375 
0.069824 0.029376 
0.070801 0.029376 
0.071777 0.029376 
0.072754 0.029377 
0.073730 0.029377 
0.074707 0.029377 
0.075684 0.029378 
0.076660 0.029378 
0.077637 0.029378 
0.078613 0.029379 
0.079590 0.029379 
0.080566 0.029379 
0.081543 0.029380 
0.082520 0.029380 
0.083496 0.029380 
0.084473 0.029381 
0.085449 0.029381 
0.086426 0.029381 
0.087402 0.029382 
0.088379 0.029382 
0.089355 0.029383 
0.090332 0.029383 
0.091309 0.029383 
0.092285 0.029384 
0.093262 0.029384 
0.094238 0.029385 
0.095215 0.029385 
0.096191 0.029385 
0.097168 0.029386 
0.098145 0.029386 
0.099121 0.029387 
0.100098 0.029387 
0.101074 0.029388 
0.102051 0.029388 
0.103027 0.029389 
0.104004 0.029389 
0.104980 0.029390 
0.105957 0.029390 
0.106934 0.029391 
0.107910 0.029391 
0.108887 0.029392 
0.109863 0.029392 
0.110840 0.029393 
0.111816 0.029393 
0.112793 0.029394 
0.113770 0.029394 
0.114746 0.029395 
0.115723 0.029395 
0.116699 0.029396 
0.117676 0.029396 
0.118652 0.029397 
0.119629 0.029397 
0.120605 0.029398 
0.121582 0.029399 
0.122559 0.029399 
0.123535 0.029400 
0.124512 0.029400 
0.125488 0.029401 
0.126465 0.029402 
0.127441 0.029402 
0.128418 0.029403 
0.129395 0.029403 
0.130371 0.029404 
0.131348 0.029405 
0.132324 0.029405 
0.133301 0.029406 
0.134277 0.029407 
0.135254 0.029407 
0.136230 0.029408 
0.137207 0.029409 
0.138184 0.029409 
0.139160 0.029410 
0.140137 0.029411 
0.141113 0.029412 
0.142090 0.029412 
0.143066 0.029413 
0.144043 0.029414 
0.145020 0.029415 
0.145996 0.029415 
0.146973 0.029416 
0.147949 0.029417 
0.148926 0.029418 
0.149902 0.029418 
0.150879 0.029419 
0.151855 0.029420 
0.152832 0.029421 
0.153809 0.029422 
0.154785 0.029422 
0.155762 0.029423 
0.156738 0.029424 
0.157715 0.029425 
0.158691 0.029426 
0.159668 0.029427 
0.160645 0.029428 
0.161621 0.029428 
0.162598 0.029429 
0.163574 0.029430 
0.164551 0.029431 
0.165527 0.029432 
0.166504 0.029433 
0.167480 0.029434 
0.168457 0.029435 
0.169434 0.029436 
0.170410 0.029437 
0.171387 0.029438 
0.172363 0.029439 
0.173340 0.029440 
0.174316 0.029441 
0.175293 0.029442 
0.176270 0.029443 
0.177246 0.029444 
0.178223 0.029445 
0.179199 0.029446 
0.180176 0.029447 
0.181152 0.029448 
0.182129 0.029449 
0.183105 0.029450 
0.184082 0.029451 
0.185059 0.029453 
0.186035 0.029454 
0.187012 0.029455 
0.187988 0.029456 
0.188965 0.029457 
0.189941 0.029458 
0.190918 0.029459 
0.191895 0.029461 
0.192871 0.029462 
0.193848 0.029463 
0.194824 0.029464 
0.195801 0.029465 
0.196777 0.029467 
0.197754 0.029468 
0.198730 0.029469 
0.199707 0.029471 
0.200684 0.029472 
0.201660 0.029473 
0.202637 0.029474 
0.203613 0.029476 
0.204590 0.029477 
0.205566 0.029479 
0.206543 0.029480 
0.207520 0.029481 
0.208496 0.029483 
0.209473 0.029484 
0.210449 0.029485 
0.211426 0.029487 
0.212402 0.029488 
0.213379 0.029490 
0.214355 0.029491 
0.215332 0.029493 
0.216309 0.029494 
0.217285 0.029496 
0.218262 0.029497 
0.219238 0.029499 
0.220215 0.029500 
0.221191 0.029502 
0.222168 0.029504 
0.223145 0.029505 
0.224121 0.029507 
0.225098 0.029508 
0.226074 0.029510 
0.227051 0.029512 
0.228027 0.029513 
0.229004 0.029515 
0.229980 0.029517 
0.230957 0.029518 
0.231934 0.029520 
0.232910 0.029522 
0.233887 0.029524 
0.234863 0.029525 
0.235840 0.029527 
0.236816 0.029529 
0.237793 0.029531 
0.238770 0.029533 
0.239746 0.029535 
0.240723 0.029536 
0.241699 0.029538 
0.242676 0.029540 
0.243652 0.029542 
0.244629 0.029544 
0.245605 0.029546 
0.246582 0.029548 
0.247559 0.029550 
0.248535 0.029552 
0.249512 0.029554 
0.250488 0.029556 
0.251465 0.029558 
0.252441 0.029560 
0.253418 0.029563 
0.254395 0.029565 
0.255371 0.029567 
0.256348 0.029569 
0.257324 0.029571 
0.258301 0.029573 
0.259277 0.029576 
0.260254 0.029578 
0.261230 0.029580 
0.262207 0.029582 
0.263184 0.029585 
0.264160 0.029587 
0.265137 0.029589 
0.266113 0.029592 
0.267090 0.029594 
0.268066 0.029597 
0.269043 0.029599 
0.270020 0.029601 
0.270996 0.029604 
0.271973 0.029606 
0.272949 0.029609 
0.273926 0.029611 
0.274902 0.029614 
0.275879 0.029617 
0.276855 0.029619 
0.277832 0.029622 
0.278809 0.029625 
0.279785 0.029627 
0.280762 0.029630 
0.281738 0.029633 
0.282715 0.029635 
0.283691 0.029638 
0.284668 0.029641 
0.285645 0.029644 
0.286621 0.029647 
0.287598 0.029650 
0.288574 0.029652 
0.289551 0.029655 
0.290527 0.029658 
0.291504 0.029661 
0.292480 0.029664 
0.293457 0.029667 
0.294434 0.029670 
0.295410 0.029673 
0.296387 0.029677 
0.297363 0.029680 
0.298340 0.029683 
0.299316 0.029686 
0.300293 0.029689 
0.301270 0.029693 
0.302246 0.029696 
0.303223 0.029699 
0.304199 0.029703 
0.305176 0.029706 
0.306152 0.029709 
0.307129 0.029713 
0.308105 0.029716 
0.309082 0.029720 
0.310059 0.029723 
0.311035 0.029727 
0.312012 0.029730 
0.312988 0.029734 
0.313965 0.029738 
0.314941 0.029741 
0.315918 0.029745 
0.316895 0.029749 
0.317871 0.029753 
0.318848 0.029756 
0.319824 0.029760 
0.320801 0.029764 
0.321777 0.029768 
0.322754 0.029772 
0.323730 0.029776 
0.324707 0.029780 
0.325684 0.029784 
0.326660 0.029788 
0.327637 0.029792 
0.328613 0.029797 
0.329590 0.029801 
0.330566 0.029805 
0.331543 0.029809 
0.332520 0.029814 
0.333496 0.029818 
0.334473 0.029822 
0.335449 0.029827 
0.336426 0.029831 
0.337402 0.029836 
0.338379 0.029840 
0.339355 0.029845 
0.340332 0.029849 
0.341309 0.029854 
0.342285 0.029859 
0.343262 0.029864 
0.344238 0.029868 
0.345215 0.029873 
0.346191 0.029878 
0.347168 0.029883 
0.348145 0.029888 
0.349121 0.029893 
0.350098 0.029898 
0.351074 0.029903 
0.352051 0.029908 
0.353027 0.029914 
0.354004 0.029919 
0.354980 0.029924 
0.355957 0.029929 
0.356934 0.029935 
0.357910 0.029940 
0.358887 0.029946 
0.359863 0.029951 
0.360840 0.029957 
0.361816 0.029962 
0.362793 0.029968 
0.363770 0.029974 
0.364746 0.029979 
0.365723 0.029985 
0.366699 0.029991 
0.367676 0.029997 
0.368652 0.030003 
0.369629 0.030009 
0.370605 0.030015 
0.371582 0.030021 
0.372559 0.030027 
0.373535 0.030034 
0.374512 0.030040 
0.375488 0.030046 
0.376465 0.030053 
0.377441 0.030059 
0.378418 0.030066 
0.379395 0.030072 
0.380371 0.030079 
0.381348 0.030086 
0.382324 0.030092 
0.383301 0.030099 
0.384277 0.030106 
0.385254 0.030113 
0.386230 0.030120 
0.387207 0.030127 
0.388184 0.030134 
0.389160 0.030141 
0.390137 0.030149 
0.391113 0.030156 
0.392090 0.030163 
0.393066 0.030171 
0.394043 0.030178 
0.395020 0.030186 
0.395996 0.030193 
0.396973 0.030201 
0.397949 0.030209 
0.398926 0.030217 
0.399902 0.030225 
0.400879 0.030233 
0.401855 0.030241 
0.402832 0.030249 
0.403809 0.030257 
0.404785 0.030265 
0.405762 0.030273 
0.406738 0.030282 
0.407715 0.030290 
0.408691 0.030299 
0.409668 0.030307 
0.410645 0.030316 
0.411621 0.030325 
0.412598 0.030334 
0.413574 0.030343 
0.414551 0.030352 
0.415527 0.030361 
0.416504 0.030370 
0.417480 0.030379 
0.418457 0.030389 
0.419434 0.030398 
0.420410 0.030407 
0.421387 0.030417 
0.422363 0.030427 
0.423340 0.030436 
0.424316 0.030446 
0.425293 0.030456 
0.426270 0.030466 
0.427246 0.030476 
0.428223 0.030486 
0.429199 0.030497 
0.430176 0.030507 
0.431152 0.030518 
0.432129 0.030528 
0.433105 0.030539 
0.434082 0.030549 
0.435059 0.030560 
0.436035 0.030571 
0.437012 0.030582 
0.437988 0.030593 
0.438965 0.030605 
0.439941 0.030616 
0.440918 0.030627 
0.441895 0.030639 
0.442871 0.030650 
0.443848 0.030672 
0.444824 0.031205 
0.445801 0.031226 
0.446777 0.031248 
0.447754 0.031270 
0.448730 0.031292 
0.449707 0.031315 
0.450684 0.031337 
0.451660 0.031360 
0.452637 0.031384 
0.453613 0.031407 
0.454590 0.031431 
0.455566 0.031456 
0.456543 0.031480 
0.457520 0.031505 
0.458496 0.031530 
0.459473 0.031556 
0.460449 0.031582 
0.461426 0.031608 
0.462402 0.031635 
0.463379 0.031662 
0.464355 0.031689 
0.465332 0.031717 
0.466309 0.031745 
0.467285 0.031773 
0.468262 0.031802 
0.469238 0.031831 
0.470215 0.031861 
0.471191 0.031890 
0.472168 0.031921 
0.473145 0.031951 
0.474121 0.031982 
0.475098 0.032029 
0.476074 0.033030 
0.477051 0.033087 
0.478027 0.033146 
0.479004 0.033205 
0.479980 0.033266 
0.480957 0.033328 
0.481934 0.033392 
0.482910 0.033457 
0.483887 0.033523 
0.484863 0.033590 
0.485840 0.033660 
0.486816 0.033730 
0.487793 0.033802 
0.488770 0.033875 
0.489746 0.033950 
0.490723 0.034027 
0.491699 0.034105 
0.492676 0.034185 
0.493652 0.034266 
0.494629 0.034349 
0.495605 0.034434 
0.496582 0.034521 
0.497559 0.034609 
0.498535 0.034699 
0.499512 0.034791 
