#cell coordinates and the corresponding deviation from the equilibrium 
-0.499512 0.034796 
-0.498535 0.034703 
-0.497559 0.034611 
-0.496582 0.034521 
-0.495605 0.034433 
-0.494629 0.034347 
-0.493652 0.034262 
-0.492676 0.034179 
-0.491699 0.034097 
-0.490723 0.034017 
-0.489746 0.033939 
-0.488770 0.033862 
-0.487793 0.033786 
-0.486816 0.033712 
-0.485840 0.033639 
-0.484863 0.033568 
-0.483887 0.033498 
-0.482910 0.033430 
-0.481934 0.033363 
-0.480957 0.033297 
-0.479980 0.033232 
-0.479004 0.033168 
-0.478027 0.033106 
-0.477051 0.033045 
-0.476074 0.032985 
-0.475098 0.032926 
-0.474121 0.032869 
-0.473145 0.032812 
-0.472168 0.032757 
-0.471191 0.032702 
-0.470215 0.032649 
-0.469238 0.032596 
-0.468262 0.032545 
-0.467285 0.032494 
-0.466309 0.032445 
-0.465332 0.032396 
-0.464355 0.032349 
-0.463379 0.032302 
-0.462402 0.032256 
-0.461426 0.032211 
-0.460449 0.032167 
-0.459473 0.032123 
-0.458496 0.032081 
-0.457520 0.032039 
-0.456543 0.031998 
-0.455566 0.031958 
-0.454590 0.031918 
-0.453613 0.031879 
-0.452637 0.031841 
-0.451660 0.031804 
-0.450684 0.031767 
-0.449707 0.031731 
-0.448730 0.031696 
-0.447754 0.031661 
-0.446777 0.031627 
-0.445801 0.031594 
-0.444824 0.031561 
-0.443848 0.031529 
-0.442871 0.031497 
-0.441895 0.031466 
-0.440918 0.031436 
-0.439941 0.031406 
-0.438965 0.031377 
-0.437988 0.031348 
-0.437012 0.031320 
-0.436035 0.031292 
-0.435059 0.031265 
-0.434082 0.031238 
-0.433105 0.031212 
-0.432129 0.031186 
-0.431152 0.031160 
-0.430176 0.031136 
-0.429199 0.031111 
-0.428223 0.031087 
-0.427246 0.031063 
-0.426270 0.031040 
-0.425293 0.031018 
-0.424316 0.030995 
-0.423340 0.030973 
-0.422363 0.030952 
-0.421387 0.030931 
-0.420410 0.030910 
-0.419434 0.030889 
-0.418457 0.030869 
-0.417480 0.030850 
-0.416504 0.030830 
-0.415527 0.030811 
-0.414551 0.030793 
-0.413574 0.030774 
-0.412598 0.030756 
-0.411621 0.030739 
-0.410645 0.030721 
-0.409668 0.030704 
-0.408691 0.030688 
-0.407715 0.030671 
-0.406738 0.030655 
-0.405762 0.030639 
-0.404785 0.030623 
-0.403809 0.030608 
-0.402832 0.030593 
-0.401855 0.030578 
-0.400879 0.030564 
-0.399902 0.030549 
-0.398926 0.030535 
-0.397949 0.030521 
-0.396973 0.030508 
-0.395996 0.030494 
-0.395020 0.030481 
-0.394043 0.030468 
-0.393066 0.030456 
-0.392090 0.030443 
-0.391113 0.030431 
-0.390137 0.030419 
-0.389160 0.030407 
-0.388184 0.030396 
-0.387207 0.030384 
-0.386230 0.030336 
-0.385254 0.030325 
-0.384277 0.030316 
-0.383301 0.030306 
-0.382324 0.030296 
-0.381348 0.030287 
-0.380371 0.030277 
-0.379395 0.030268 
-0.378418 0.030259 
-0.377441 0.030249 
-0.376465 0.030240 
-0.375488 0.030232 
-0.374512 0.030223 
-0.373535 0.030214 
-0.372559 0.030206 
-0.371582 0.030197 
-0.370605 0.030189 
-0.369629 0.030180 
-0.368652 0.030172 
-0.367676 0.030164 
-0.366699 0.030156 
-0.365723 0.030148 
-0.364746 0.030141 
-0.363770 0.030133 
-0.362793 0.030125 
-0.361816 0.030118 
-0.360840 0.030110 
-0.359863 0.030103 
-0.358887 0.030096 
-0.357910 0.030089 
-0.356934 0.030082 
-0.355957 0.030075 
-0.354980 0.030068 
-0.354004 0.030061 
-0.353027 0.030054 
-0.352051 0.030048 
-0.351074 0.030041 
-0.350098 0.030035 
-0.349121 0.030028 
-0.348145 0.030022 
-0.347168 0.030016 
-0.346191 0.030009 
-0.345215 0.030003 
-0.344238 0.029997 
-0.343262 0.029991 
-0.342285 0.029985 
-0.341309 0.029979 
-0.340332 0.029974 
-0.339355 0.029968 
-0.338379 0.029962 
-0.337402 0.029957 
-0.336426 0.029951 
-0.335449 0.029946 
-0.334473 0.029941 
-0.333496 0.029935 
-0.332520 0.029930 
-0.331543 0.029925 
-0.330566 0.029920 
-0.329590 0.029915 
-0.328613 0.029910 
-0.327637 0.029905 
-0.326660 0.029900 
-0.325684 0.029895 
-0.324707 0.029890 
-0.323730 0.029886 
-0.322754 0.029881 
-0.321777 0.029876 
-0.320801 0.029872 
-0.319824 0.029867 
-0.318848 0.029863 
-0.317871 0.029859 
-0.316895 0.029854 
-0.315918 0.029850 
-0.314941 0.029846 
-0.313965 0.029841 
-0.312988 0.029837 
-0.312012 0.029833 
-0.311035 0.029829 
-0.310059 0.029825 
-0.309082 0.029821 
-0.308105 0.029817 
-0.307129 0.029814 
-0.306152 0.029810 
-0.305176 0.029806 
-0.304199 0.029802 
-0.303223 0.029799 
-0.302246 0.029795 
-0.301270 0.029791 
-0.300293 0.029788 
-0.299316 0.029784 
-0.298340 0.029781 
-0.297363 0.029777 
-0.296387 0.029774 
-0.295410 0.029771 
-0.294434 0.029767 
-0.293457 0.029764 
-0.292480 0.029761 
-0.291504 0.029758 
-0.290527 0.029754 
-0.289551 0.029751 
-0.288574 0.029748 
-0.287598 0.029745 
-0.286621 0.029742 
-0.285645 0.029739 
-0.284668 0.029736 
-0.283691 0.029733 
-0.282715 0.029730 
-0.281738 0.029728 
-0.280762 0.029725 
-0.279785 0.029722 
-0.278809 0.029719 
-0.277832 0.029716 
-0.276855 0.029714 
-0.275879 0.029711 
-0.274902 0.029708 
-0.273926 0.029706 
-0.272949 0.029703 
-0.271973 0.029701 
-0.270996 0.029698 
-0.270020 0.029696 
-0.269043 0.029693 
-0.268066 0.029691 
-0.267090 0.029688 
-0.266113 0.029686 
-0.265137 0.029684 
-0.264160 0.029681 
-0.263184 0.029679 
-0.262207 0.029677 
-0.261230 0.029675 
-0.260254 0.029672 
-0.259277 0.029670 
-0.258301 0.029668 
-0.257324 0.029666 
-0.256348 0.029664 
-0.255371 0.029662 
-0.254395 0.029659 
-0.253418 0.029657 
-0.252441 0.029655 
-0.251465 0.029653 
-0.250488 0.029651 
-0.249512 0.029649 
-0.248535 0.029648 
-0.247559 0.029646 
-0.246582 0.029644 
-0.245605 0.029642 
-0.244629 0.029640 
-0.243652 0.029638 
-0.242676 0.029636 
-0.241699 0.029635 
-0.240723 0.029633 
-0.239746 0.029631 
-0.238770 0.029629 
-0.237793 0.029628 
-0.236816 0.029626 
-0.235840 0.029624 
-0.234863 0.029622 
-0.233887 0.029621 
-0.232910 0.029619 
-0.231934 0.029618 
-0.230957 0.029616 
-0.229980 0.029614 
-0.229004 0.029613 
-0.228027 0.029611 
-0.227051 0.029610 
-0.226074 0.029608 
-0.225098 0.029607 
-0.224121 0.029605 
-0.223145 0.029604 
-0.222168 0.029602 
-0.221191 0.029601 
-0.220215 0.029600 
-0.219238 0.029598 
-0.218262 0.029597 
-0.217285 0.029596 
-0.216309 0.029594 
-0.215332 0.029593 
-0.214355 0.029592 
-0.213379 0.029590 
-0.212402 0.029589 
-0.211426 0.029588 
-0.210449 0.029586 
-0.209473 0.029585 
-0.208496 0.029584 
-0.207520 0.029583 
-0.206543 0.029581 
-0.205566 0.029580 
-0.204590 0.029579 
-0.203613 0.029578 
-0.202637 0.029577 
-0.201660 0.029576 
-0.200684 0.029574 
-0.199707 0.029573 
-0.198730 0.029572 
-0.197754 0.029571 
-0.196777 0.029570 
-0.195801 0.029569 
-0.194824 0.029568 
-0.193848 0.029567 
-0.192871 0.029566 
-0.191895 0.029565 
-0.190918 0.029564 
-0.189941 0.029563 
-0.188965 0.029562 
-0.187988 0.029561 
-0.187012 0.029560 
-0.186035 0.029559 
-0.185059 0.029558 
-0.184082 0.029557 
-0.183105 0.029556 
-0.182129 0.029555 
-0.181152 0.029554 
-0.180176 0.029553 
-0.179199 0.029552 
-0.178223 0.029552 
-0.177246 0.029551 
-0.176270 0.029550 
-0.175293 0.029549 
-0.174316 0.029548 
-0.173340 0.029547 
-0.172363 0.029547 
-0.171387 0.029546 
-0.170410 0.029545 
-0.169434 0.029544 
-0.168457 0.029543 
-0.167480 0.029543 
-0.166504 0.029542 
-0.165527 0.029541 
-0.164551 0.029540 
-0.163574 0.029540 
-0.162598 0.029539 
-0.161621 0.029538 
-0.160645 0.029537 
-0.159668 0.029537 
-0.158691 0.029536 
-0.157715 0.029535 
-0.156738 0.029534 
-0.155762 0.029534 
-0.154785 0.029533 
-0.153809 0.029532 
-0.152832 0.029532 
-0.151855 0.029531 
-0.150879 0.029531 
-0.149902 0.029530 
-0.148926 0.029529 
-0.147949 0.029529 
-0.146973 0.029528 
-0.145996 0.029527 
-0.145020 0.029527 
-0.144043 0.029526 
-0.143066 0.029526 
-0.142090 0.029525 
-0.141113 0.029524 
-0.140137 0.029524 
-0.139160 0.029523 
-0.138184 0.029523 
-0.137207 0.029522 
-0.136230 0.029522 
-0.135254 0.029521 
-0.134277 0.029521 
-0.133301 0.029520 
-0.132324 0.029519 
-0.131348 0.029519 
-0.130371 0.029518 
-0.129395 0.029518 
-0.128418 0.029517 
-0.127441 0.029517 
-0.126465 0.029516 
-0.125488 0.029516 
-0.124512 0.029516 
-0.123535 0.029515 
-0.122559 0.029515 
-0.121582 0.029514 
-0.120605 0.029514 
-0.119629 0.029513 
-0.118652 0.029513 
-0.117676 0.029512 
-0.116699 0.029512 
-0.115723 0.029511 
-0.114746 0.029511 
-0.113770 0.029511 
-0.112793 0.029510 
-0.111816 0.029510 
-0.110840 0.029509 
-0.109863 0.029509 
-0.108887 0.029509 
-0.107910 0.029508 
-0.106934 0.029508 
-0.105957 0.029507 
-0.104980 0.029507 
-0.104004 0.029507 
-0.103027 0.029506 
-0.102051 0.029506 
-0.101074 0.029506 
-0.100098 0.029505 
-0.099121 0.029505 
-0.098145 0.029505 
-0.097168 0.029504 
-0.096191 0.029504 
-0.095215 0.029504 
-0.094238 0.029503 
-0.093262 0.029503 
-0.092285 0.029503 
-0.091309 0.029502 
-0.090332 0.029502 
-0.089355 0.029502 
-0.088379 0.029501 
-0.087402 0.029501 
-0.086426 0.029501 
-0.085449 0.029501 
-0.084473 0.029500 
-0.083496 0.029500 
-0.082520 0.029500 
-0.081543 0.029499 
-0.080566 0.029499 
-0.079590 0.029499 
-0.078613 0.029499 
-0.077637 0.029498 
-0.076660 0.029498 
-0.075684 0.029498 
-0.074707 0.029498 
-0.073730 0.029497 
-0.072754 0.029497 
-0.071777 0.029497 
-0.070801 0.029497 
-0.069824 0.029496 
-0.068848 0.029496 
-0.067871 0.029496 
-0.066895 0.029496 
-0.065918 0.029496 
-0.064941 0.029495 
-0.063965 0.029495 
-0.062988 0.029495 
-0.062012 0.029495 
-0.061035 0.029495 
-0.060059 0.029494 
-0.059082 0.029494 
-0.058105 0.029494 
-0.057129 0.029494 
-0.056152 0.029494 
-0.055176 0.029494 
-0.054199 0.029493 
-0.053223 0.029493 
-0.052246 0.029493 
-0.051270 0.029493 
-0.050293 0.029493 
-0.049316 0.029493 
-0.048340 0.029492 
-0.047363 0.029492 
-0.046387 0.029492 
-0.045410 0.029492 
-0.044434 0.029492 
-0.043457 0.029492 
-0.042480 0.029492 
-0.041504 0.029491 
-0.040527 0.029491 
-0.039551 0.029491 
-0.038574 0.029491 
-0.037598 0.029491 
-0.036621 0.029491 
-0.035645 0.029491 
-0.034668 0.029491 
-0.033691 0.029491 
-0.032715 0.029490 
-0.031738 0.029490 
-0.030762 0.029490 
-0.029785 0.029490 
-0.028809 0.029490 
-0.027832 0.029490 
-0.026855 0.029490 
-0.025879 0.029490 
-0.024902 0.029490 
-0.023926 0.029490 
-0.022949 0.029490 
-0.021973 0.029490 
-0.020996 0.029489 
-0.020020 0.029489 
-0.019043 0.029489 
-0.018066 0.029489 
-0.017090 0.029489 
-0.016113 0.029489 
-0.015137 0.029489 
-0.014160 0.029489 
-0.013184 0.029489 
-0.012207 0.029489 
-0.011230 0.029489 
-0.010254 0.029489 
-0.009277 0.029489 
-0.008301 0.029489 
-0.007324 0.029489 
-0.006348 0.029489 
-0.005371 0.029489 
-0.004395 0.029489 
-0.003418 0.029489 
-0.002441 0.029489 
-0.001465 0.029489 
-0.000488 0.029489 
0.000488 0.029489 
0.001465 0.029489 
0.002441 0.029489 
0.003418 0.029489 
0.004395 0.029489 
0.005371 0.029489 
0.006348 0.029489 
0.007324 0.029489 
0.008301 0.029489 
0.009277 0.029489 
0.010254 0.029489 
0.011230 0.029489 
0.012207 0.029489 
0.013184 0.029489 
0.014160 0.029489 
0.015137 0.029489 
0.016113 0.029489 
0.017090 0.029489 
0.018066 0.029489 
0.019043 0.029489 
0.020020 0.029489 
0.020996 0.029489 
0.021973 0.029490 
0.022949 0.029490 
0.023926 0.029490 
0.024902 0.029490 
0.025879 0.029490 
0.026855 0.029490 
0.027832 0.029490 
0.028809 0.029490 
0.029785 0.029490 
0.030762 0.029490 
0.031738 0.029490 
0.032715 0.029490 
0.033691 0.029491 
0.034668 0.029491 
0.035645 0.029491 
0.036621 0.029491 
0.037598 0.029491 
0.038574 0.029491 
0.039551 0.029491 
0.040527 0.029491 
0.041504 0.029491 
0.042480 0.029492 
0.043457 0.029492 
0.044434 0.029492 
0.045410 0.029492 
0.046387 0.029492 
0.047363 0.029492 
0.048340 0.029492 
0.049316 0.029493 
0.050293 0.029493 
0.051270 0.029493 
0.052246 0.029493 
0.053223 0.029493 
0.054199 0.029493 
0.055176 0.029494 
0.056152 0.029494 
0.057129 0.029494 
0.058105 0.029494 
0.059082 0.029494 
0.060059 0.029494 
0.061035 0.029495 
0.062012 0.029495 
0.062988 0.029495 
0.063965 0.029495 
0.064941 0.029495 
0.065918 0.029496 
0.066895 0.029496 
0.067871 0.029496 
0.068848 0.029496 
0.069824 0.029496 
0.070801 0.029497 
0.071777 0.029497 
0.072754 0.029497 
0.073730 0.029497 
0.074707 0.029498 
0.075684 0.029498 
0.076660 0.029498 
0.077637 0.029498 
0.078613 0.029499 
0.079590 0.029499 
0.080566 0.029499 
0.081543 0.029499 
0.082520 0.029500 
0.083496 0.029500 
0.084473 0.029500 
0.085449 0.029501 
0.086426 0.029501 
0.087402 0.029501 
0.088379 0.029501 
0.089355 0.029502 
0.090332 0.029502 
0.091309 0.029502 
0.092285 0.029503 
0.093262 0.029503 
0.094238 0.029503 
0.095215 0.029504 
0.096191 0.029504 
0.097168 0.029504 
0.098145 0.029505 
0.099121 0.029505 
0.100098 0.029505 
0.101074 0.029506 
0.102051 0.029506 
0.103027 0.029506 
0.104004 0.029507 
0.104980 0.029507 
0.105957 0.029507 
0.106934 0.029508 
0.107910 0.029508 
0.108887 0.029509 
0.109863 0.029509 
0.110840 0.029509 
0.111816 0.029510 
0.112793 0.029510 
0.113770 0.029511 
0.114746 0.029511 
0.115723 0.029511 
0.116699 0.029512 
0.117676 0.029512 
0.118652 0.029513 
0.119629 0.029513 
0.120605 0.029514 
0.121582 0.029514 
0.122559 0.029515 
0.123535 0.029515 
0.124512 0.029516 
0.125488 0.029516 
0.126465 0.029516 
0.127441 0.029517 
0.128418 0.029517 
0.129395 0.029518 
0.130371 0.029518 
0.131348 0.029519 
0.132324 0.029519 
0.133301 0.029520 
0.134277 0.029521 
0.135254 0.029521 
0.136230 0.029522 
0.137207 0.029522 
0.138184 0.029523 
0.139160 0.029523 
0.140137 0.029524 
0.141113 0.029524 
0.142090 0.029525 
0.143066 0.029526 
0.144043 0.029526 
0.145020 0.029527 
0.145996 0.029527 
0.146973 0.029528 
0.147949 0.029529 
0.148926 0.029529 
0.149902 0.029530 
0.150879 0.029531 
0.151855 0.029531 
0.152832 0.029532 
0.153809 0.029532 
0.154785 0.029533 
0.155762 0.029534 
0.156738 0.029534 
0.157715 0.029535 
0.158691 0.029536 
0.159668 0.029537 
0.160645 0.029537 
0.161621 0.029538 
0.162598 0.029539 
0.163574 0.029540 
0.164551 0.029540 
0.165527 0.029541 
0.166504 0.029542 
0.167480 0.029543 
0.168457 0.029543 
0.169434 0.029544 
0.170410 0.029545 
0.171387 0.029546 
0.172363 0.029547 
0.173340 0.029547 
0.174316 0.029548 
0.175293 0.029549 
0.176270 0.029550 
0.177246 0.029551 
0.178223 0.029552 
0.179199 0.029552 
0.180176 0.029553 
0.181152 0.029554 
0.182129 0.029555 
0.183105 0.029556 
0.184082 0.029557 
0.185059 0.029558 
0.186035 0.029559 
0.187012 0.029560 
0.187988 0.029561 
0.188965 0.029562 
0.189941 0.029563 
0.190918 0.029564 
0.191895 0.029565 
0.192871 0.029566 
0.193848 0.029567 
0.194824 0.029568 
0.195801 0.029569 
0.196777 0.029570 
0.197754 0.029571 
0.198730 0.029572 
0.199707 0.029573 
0.200684 0.029574 
0.201660 0.029576 
0.202637 0.029577 
0.203613 0.029578 
0.204590 0.029579 
0.205566 0.029580 
0.206543 0.029581 
0.207520 0.029583 
0.208496 0.029584 
0.209473 0.029585 
0.210449 0.029586 
0.211426 0.029588 
0.212402 0.029589 
0.213379 0.029590 
0.214355 0.029592 
0.215332 0.029593 
0.216309 0.029594 
0.217285 0.029596 
0.218262 0.029597 
0.219238 0.029598 
0.220215 0.029600 
0.221191 0.029601 
0.222168 0.029602 
0.223145 0.029604 
0.224121 0.029605 
0.225098 0.029607 
0.226074 0.029608 
0.227051 0.029610 
0.228027 0.029611 
0.229004 0.029613 
0.229980 0.029614 
0.230957 0.029616 
0.231934 0.029618 
0.232910 0.029619 
0.233887 0.029621 
0.234863 0.029622 
0.235840 0.029624 
0.236816 0.029626 
0.237793 0.029628 
0.238770 0.029629 
0.239746 0.029631 
0.240723 0.029633 
0.241699 0.029635 
0.242676 0.029636 
0.243652 0.029638 
0.244629 0.029640 
0.245605 0.029642 
0.246582 0.029644 
0.247559 0.029646 
0.248535 0.029648 
0.249512 0.029649 
0.250488 0.029651 
0.251465 0.029653 
0.252441 0.029655 
0.253418 0.029657 
0.254395 0.029659 
0.255371 0.029662 
0.256348 0.029664 
0.257324 0.029666 
0.258301 0.029668 
0.259277 0.029670 
0.260254 0.029672 
0.261230 0.029675 
0.262207 0.029677 
0.263184 0.029679 
0.264160 0.029681 
0.265137 0.029684 
0.266113 0.029686 
0.267090 0.029688 
0.268066 0.029691 
0.269043 0.029693 
0.270020 0.029696 
0.270996 0.029698 
0.271973 0.029701 
0.272949 0.029703 
0.273926 0.029706 
0.274902 0.029708 
0.275879 0.029711 
0.276855 0.029714 
0.277832 0.029716 
0.278809 0.029719 
0.279785 0.029722 
0.280762 0.029725 
0.281738 0.029728 
0.282715 0.029730 
0.283691 0.029733 
0.284668 0.029736 
0.285645 0.029739 
0.286621 0.029742 
0.287598 0.029745 
0.288574 0.029748 
0.289551 0.029751 
0.290527 0.029754 
0.291504 0.029758 
0.292480 0.029761 
0.293457 0.029764 
0.294434 0.029767 
0.295410 0.029771 
0.296387 0.029774 
0.297363 0.029777 
0.298340 0.029781 
0.299316 0.029784 
0.300293 0.029788 
0.301270 0.029791 
0.302246 0.029795 
0.303223 0.029799 
0.304199 0.029802 
0.305176 0.029806 
0.306152 0.029810 
0.307129 0.029814 
0.308105 0.029817 
0.309082 0.029821 
0.310059 0.029825 
0.311035 0.029829 
0.312012 0.029833 
0.312988 0.029837 
0.313965 0.029841 
0.314941 0.029846 
0.315918 0.029850 
0.316895 0.029854 
0.317871 0.029859 
0.318848 0.029863 
0.319824 0.029867 
0.320801 0.029872 
0.321777 0.029876 
0.322754 0.029881 
0.323730 0.029886 
0.324707 0.029890 
0.325684 0.029895 
0.326660 0.029900 
0.327637 0.029905 
0.328613 0.029910 
0.329590 0.029915 
0.330566 0.029920 
0.331543 0.029925 
0.332520 0.029930 
0.333496 0.029935 
0.334473 0.029941 
0.335449 0.029946 
0.336426 0.029951 
0.337402 0.029957 
0.338379 0.029962 
0.339355 0.029968 
0.340332 0.029974 
0.341309 0.029979 
0.342285 0.029985 
0.343262 0.029991 
0.344238 0.029997 
0.345215 0.030003 
0.346191 0.030009 
0.347168 0.030016 
0.348145 0.030022 
0.349121 0.030028 
0.350098 0.030035 
0.351074 0.030041 
0.352051 0.030048 
0.353027 0.030054 
0.354004 0.030061 
0.354980 0.030068 
0.355957 0.030075 
0.356934 0.030082 
0.357910 0.030089 
0.358887 0.030096 
0.359863 0.030103 
0.360840 0.030110 
0.361816 0.030118 
0.362793 0.030125 
0.363770 0.030133 
0.364746 0.030141 
0.365723 0.030148 
0.366699 0.030156 
0.367676 0.030164 
0.368652 0.030172 
0.369629 0.030180 
0.370605 0.030189 
0.371582 0.030197 
0.372559 0.030206 
0.373535 0.030214 
0.374512 0.030223 
0.375488 0.030232 
0.376465 0.030240 
0.377441 0.030249 
0.378418 0.030259 
0.379395 0.030268 
0.380371 0.030277 
0.381348 0.030287 
0.382324 0.030296 
0.383301 0.030306 
0.384277 0.030316 
0.385254 0.030325 
0.386230 0.030336 
0.387207 0.030384 
0.388184 0.030396 
0.389160 0.030407 
0.390137 0.030419 
0.391113 0.030431 
0.392090 0.030443 
0.393066 0.030456 
0.394043 0.030468 
0.395020 0.030481 
0.395996 0.030494 
0.396973 0.030508 
0.397949 0.030521 
0.398926 0.030535 
0.399902 0.030549 
0.400879 0.030564 
0.401855 0.030578 
0.402832 0.030593 
0.403809 0.030608 
0.404785 0.030623 
0.405762 0.030639 
0.406738 0.030655 
0.407715 0.030671 
0.408691 0.030688 
0.409668 0.030704 
0.410645 0.030721 
0.411621 0.030739 
0.412598 0.030756 
0.413574 0.030774 
0.414551 0.030793 
0.415527 0.030811 
0.416504 0.030830 
0.417480 0.030850 
0.418457 0.030869 
0.419434 0.030889 
0.420410 0.030910 
0.421387 0.030931 
0.422363 0.030952 
0.423340 0.030973 
0.424316 0.030995 
0.425293 0.031018 
0.426270 0.031040 
0.427246 0.031063 
0.428223 0.031087 
0.429199 0.031111 
0.430176 0.031136 
0.431152 0.031160 
0.432129 0.031186 
0.433105 0.031212 
0.434082 0.031238 
0.435059 0.031265 
0.436035 0.031292 
0.437012 0.031320 
0.437988 0.031348 
0.438965 0.031377 
0.439941 0.031406 
0.440918 0.031436 
0.441895 0.031466 
0.442871 0.031497 
0.443848 0.031529 
0.444824 0.031561 
0.445801 0.031594 
0.446777 0.031627 
0.447754 0.031661 
0.448730 0.031696 
0.449707 0.031731 
0.450684 0.031767 
0.451660 0.031804 
0.452637 0.031841 
0.453613 0.031879 
0.454590 0.031918 
0.455566 0.031958 
0.456543 0.031998 
0.457520 0.032039 
0.458496 0.032081 
0.459473 0.032123 
0.460449 0.032167 
0.461426 0.032211 
0.462402 0.032256 
0.463379 0.032302 
0.464355 0.032349 
0.465332 0.032396 
0.466309 0.032445 
0.467285 0.032494 
0.468262 0.032545 
0.469238 0.032596 
0.470215 0.032649 
0.471191 0.032702 
0.472168 0.032757 
0.473145 0.032812 
0.474121 0.032869 
0.475098 0.032926 
0.476074 0.032985 
0.477051 0.033045 
0.478027 0.033106 
0.479004 0.033168 
0.479980 0.033232 
0.480957 0.033297 
0.481934 0.033363 
0.482910 0.033430 
0.483887 0.033498 
0.484863 0.033568 
0.485840 0.033639 
0.486816 0.033712 
0.487793 0.033786 
0.488770 0.033862 
0.489746 0.033939 
0.490723 0.034017 
0.491699 0.034097 
0.492676 0.034179 
0.493652 0.034262 
0.494629 0.034347 
0.495605 0.034433 
0.496582 0.034521 
0.497559 0.034611 
0.498535 0.034703 
0.499512 0.034796 
