#cell coordinates and the corresponding deviation from the equilibrium 
-0.499512 0.034792 
-0.498535 0.034699 
-0.497559 0.034607 
-0.496582 0.034517 
-0.495605 0.034429 
-0.494629 0.034343 
-0.493652 0.034258 
-0.492676 0.034175 
-0.491699 0.034093 
-0.490723 0.034013 
-0.489746 0.033935 
-0.488770 0.033858 
-0.487793 0.033782 
-0.486816 0.033708 
-0.485840 0.033636 
-0.484863 0.033564 
-0.483887 0.033495 
-0.482910 0.033426 
-0.481934 0.033359 
-0.480957 0.033293 
-0.479980 0.033228 
-0.479004 0.033165 
-0.478027 0.033103 
-0.477051 0.033042 
-0.476074 0.032982 
-0.475098 0.032923 
-0.474121 0.032865 
-0.473145 0.032809 
-0.472168 0.032753 
-0.471191 0.032699 
-0.470215 0.032645 
-0.469238 0.032593 
-0.468262 0.032541 
-0.467285 0.032491 
-0.466309 0.032442 
-0.465332 0.032393 
-0.464355 0.032345 
-0.463379 0.032298 
-0.462402 0.032253 
-0.461426 0.032208 
-0.460449 0.032163 
-0.459473 0.032120 
-0.458496 0.032077 
-0.457520 0.032036 
-0.456543 0.031995 
-0.455566 0.031954 
-0.454590 0.031915 
-0.453613 0.031876 
-0.452637 0.031838 
-0.451660 0.031801 
-0.450684 0.031764 
-0.449707 0.031728 
-0.448730 0.031693 
-0.447754 0.031658 
-0.446777 0.031624 
-0.445801 0.031590 
-0.444824 0.031558 
-0.443848 0.031525 
-0.442871 0.031494 
-0.441895 0.031463 
-0.440918 0.031432 
-0.439941 0.031402 
-0.438965 0.031373 
-0.437988 0.031344 
-0.437012 0.031316 
-0.436035 0.031288 
-0.435059 0.031261 
-0.434082 0.031234 
-0.433105 0.031208 
-0.432129 0.031182 
-0.431152 0.031156 
-0.430176 0.031131 
-0.429199 0.031107 
-0.428223 0.031083 
-0.427246 0.031059 
-0.426270 0.031036 
-0.425293 0.031013 
-0.424316 0.030991 
-0.423340 0.030969 
-0.422363 0.030947 
-0.421387 0.030926 
-0.420410 0.030905 
-0.419434 0.030885 
-0.418457 0.030864 
-0.417480 0.030845 
-0.416504 0.030825 
-0.415527 0.030806 
-0.414551 0.030787 
-0.413574 0.030769 
-0.412598 0.030751 
-0.411621 0.030733 
-0.410645 0.030716 
-0.409668 0.030699 
-0.408691 0.030682 
-0.407715 0.030665 
-0.406738 0.030649 
-0.405762 0.030633 
-0.404785 0.030617 
-0.403809 0.030602 
-0.402832 0.030587 
-0.401855 0.030572 
-0.400879 0.030557 
-0.399902 0.030543 
-0.398926 0.030528 
-0.397949 0.030514 
-0.396973 0.030501 
-0.395996 0.030487 
-0.395020 0.030474 
-0.394043 0.030461 
-0.393066 0.030448 
-0.392090 0.030436 
-0.391113 0.030423 
-0.390137 0.030411 
-0.389160 0.030399 
-0.388184 0.030388 
-0.387207 0.030376 
-0.386230 0.030365 
-0.385254 0.030354 
-0.384277 0.030343 
-0.383301 0.030332 
-0.382324 0.030321 
-0.381348 0.030311 
-0.380371 0.030301 
-0.379395 0.030290 
-0.378418 0.030281 
-0.377441 0.030271 
-0.376465 0.030261 
-0.375488 0.030252 
-0.374512 0.030243 
-0.373535 0.030233 
-0.372559 0.030224 
-0.371582 0.030216 
-0.370605 0.030207 
-0.369629 0.030191 
-0.368652 0.030183 
-0.367676 0.030175 
-0.366699 0.030166 
-0.365723 0.030158 
-0.364746 0.030151 
-0.363770 0.030143 
-0.362793 0.030135 
-0.361816 0.030127 
-0.360840 0.030120 
-0.359863 0.030112 
-0.358887 0.030105 
-0.357910 0.030098 
-0.356934 0.030091 
-0.355957 0.030084 
-0.354980 0.030077 
-0.354004 0.030070 
-0.353027 0.030063 
-0.352051 0.030056 
-0.351074 0.030049 
-0.350098 0.030043 
-0.349121 0.030036 
-0.348145 0.030030 
-0.347168 0.030023 
-0.346191 0.030017 
-0.345215 0.030011 
-0.344238 0.030005 
-0.343262 0.029999 
-0.342285 0.029993 
-0.341309 0.029987 
-0.340332 0.029981 
-0.339355 0.029975 
-0.338379 0.029969 
-0.337402 0.029964 
-0.336426 0.029958 
-0.335449 0.029953 
-0.334473 0.029947 
-0.333496 0.029942 
-0.332520 0.029937 
-0.331543 0.029931 
-0.330566 0.029926 
-0.329590 0.029921 
-0.328613 0.029916 
-0.327637 0.029911 
-0.326660 0.029906 
-0.325684 0.029901 
-0.324707 0.029896 
-0.323730 0.029891 
-0.322754 0.029887 
-0.321777 0.029882 
-0.320801 0.029877 
-0.319824 0.029873 
-0.318848 0.029868 
-0.317871 0.029864 
-0.316895 0.029860 
-0.315918 0.029855 
-0.314941 0.029851 
-0.313965 0.029847 
-0.312988 0.029842 
-0.312012 0.029838 
-0.311035 0.029834 
-0.310059 0.029830 
-0.309082 0.029826 
-0.308105 0.029822 
-0.307129 0.029818 
-0.306152 0.029814 
-0.305176 0.029811 
-0.304199 0.029807 
-0.303223 0.029803 
-0.302246 0.029799 
-0.301270 0.029796 
-0.300293 0.029792 
-0.299316 0.029789 
-0.298340 0.029785 
-0.297363 0.029782 
-0.296387 0.029778 
-0.295410 0.029775 
-0.294434 0.029771 
-0.293457 0.029768 
-0.292480 0.029765 
-0.291504 0.029761 
-0.290527 0.029758 
-0.289551 0.029755 
-0.288574 0.029752 
-0.287598 0.029749 
-0.286621 0.029746 
-0.285645 0.029743 
-0.284668 0.029740 
-0.283691 0.029737 
-0.282715 0.029734 
-0.281738 0.029731 
-0.280762 0.029728 
-0.279785 0.029725 
-0.278809 0.029723 
-0.277832 0.029720 
-0.276855 0.029717 
-0.275879 0.029714 
-0.274902 0.029712 
-0.273926 0.029709 
-0.272949 0.029706 
-0.271973 0.029704 
-0.270996 0.029701 
-0.270020 0.029699 
-0.269043 0.029696 
-0.268066 0.029694 
-0.267090 0.029691 
-0.266113 0.029689 
-0.265137 0.029687 
-0.264160 0.029684 
-0.263184 0.029682 
-0.262207 0.029680 
-0.261230 0.029677 
-0.260254 0.029675 
-0.259277 0.029673 
-0.258301 0.029671 
-0.257324 0.029668 
-0.256348 0.029666 
-0.255371 0.029664 
-0.254395 0.029662 
-0.253418 0.029660 
-0.252441 0.029658 
-0.251465 0.029656 
-0.250488 0.029654 
-0.249512 0.029652 
-0.248535 0.029650 
-0.247559 0.029648 
-0.246582 0.029646 
-0.245605 0.029644 
-0.244629 0.029642 
-0.243652 0.029640 
-0.242676 0.029639 
-0.241699 0.029637 
-0.240723 0.029635 
-0.239746 0.029633 
-0.238770 0.029631 
-0.237793 0.029630 
-0.236816 0.029628 
-0.235840 0.029626 
-0.234863 0.029625 
-0.233887 0.029623 
-0.232910 0.029621 
-0.231934 0.029620 
-0.230957 0.029618 
-0.229980 0.029616 
-0.229004 0.029615 
-0.228027 0.029613 
-0.227051 0.029612 
-0.226074 0.029610 
-0.225098 0.029609 
-0.224121 0.029607 
-0.223145 0.029606 
-0.222168 0.029604 
-0.221191 0.029603 
-0.220215 0.029601 
-0.219238 0.029600 
-0.218262 0.029599 
-0.217285 0.029597 
-0.216309 0.029596 
-0.215332 0.029595 
-0.214355 0.029593 
-0.213379 0.029592 
-0.212402 0.029591 
-0.211426 0.029589 
-0.210449 0.029588 
-0.209473 0.029587 
-0.208496 0.029585 
-0.207520 0.029584 
-0.206543 0.029583 
-0.205566 0.029582 
-0.204590 0.029581 
-0.203613 0.029579 
-0.202637 0.029578 
-0.201660 0.029577 
-0.200684 0.029576 
-0.199707 0.029575 
-0.198730 0.029574 
-0.197754 0.029573 
-0.196777 0.029572 
-0.195801 0.029570 
-0.194824 0.029569 
-0.193848 0.029568 
-0.192871 0.029567 
-0.191895 0.029566 
-0.190918 0.029565 
-0.189941 0.029564 
-0.188965 0.029563 
-0.187988 0.029562 
-0.187012 0.029561 
-0.186035 0.029560 
-0.185059 0.029559 
-0.184082 0.029558 
-0.183105 0.029557 
-0.182129 0.029556 
-0.181152 0.029556 
-0.180176 0.029555 
-0.179199 0.029554 
-0.178223 0.029553 
-0.177246 0.029552 
-0.176270 0.029551 
-0.175293 0.029550 
-0.174316 0.029549 
-0.173340 0.029549 
-0.172363 0.029548 
-0.171387 0.029547 
-0.170410 0.029546 
-0.169434 0.029545 
-0.168457 0.029544 
-0.167480 0.029544 
-0.166504 0.029543 
-0.165527 0.029542 
-0.164551 0.029541 
-0.163574 0.029541 
-0.162598 0.029540 
-0.161621 0.029539 
-0.160645 0.029538 
-0.159668 0.029538 
-0.158691 0.029537 
-0.157715 0.029536 
-0.156738 0.029536 
-0.155762 0.029535 
-0.154785 0.029534 
-0.153809 0.029533 
-0.152832 0.029533 
-0.151855 0.029532 
-0.150879 0.029532 
-0.149902 0.029531 
-0.148926 0.029530 
-0.147949 0.029530 
-0.146973 0.029529 
-0.145996 0.029528 
-0.145020 0.029528 
-0.144043 0.029527 
-0.143066 0.029527 
-0.142090 0.029526 
-0.141113 0.029525 
-0.140137 0.029525 
-0.139160 0.029524 
-0.138184 0.029524 
-0.137207 0.029523 
-0.136230 0.029523 
-0.135254 0.029522 
-0.134277 0.029521 
-0.133301 0.029521 
-0.132324 0.029520 
-0.131348 0.029520 
-0.130371 0.029519 
-0.129395 0.029519 
-0.128418 0.029518 
-0.127441 0.029518 
-0.126465 0.029517 
-0.125488 0.029517 
-0.124512 0.029516 
-0.123535 0.029516 
-0.122559 0.029515 
-0.121582 0.029515 
-0.120605 0.029515 
-0.119629 0.029514 
-0.118652 0.029514 
-0.117676 0.029513 
-0.116699 0.029513 
-0.115723 0.029512 
-0.114746 0.029512 
-0.113770 0.029511 
-0.112793 0.029511 
-0.111816 0.029511 
-0.110840 0.029510 
-0.109863 0.029510 
-0.108887 0.029509 
-0.107910 0.029509 
-0.106934 0.029509 
-0.105957 0.029508 
-0.104980 0.029508 
-0.104004 0.029508 
-0.103027 0.029507 
-0.102051 0.029507 
-0.101074 0.029506 
-0.100098 0.029506 
-0.099121 0.029506 
-0.098145 0.029505 
-0.097168 0.029505 
-0.096191 0.029505 
-0.095215 0.029504 
-0.094238 0.029504 
-0.093262 0.029504 
-0.092285 0.029503 
-0.091309 0.029503 
-0.090332 0.029503 
-0.089355 0.029502 
-0.088379 0.029502 
-0.087402 0.029502 
-0.086426 0.029502 
-0.085449 0.029501 
-0.084473 0.029501 
-0.083496 0.029501 
-0.082520 0.029500 
-0.081543 0.029500 
-0.080566 0.029500 
-0.079590 0.029500 
-0.078613 0.029499 
-0.077637 0.029499 
-0.076660 0.029499 
-0.075684 0.029499 
-0.074707 0.029498 
-0.073730 0.029498 
-0.072754 0.029498 
-0.071777 0.029498 
-0.070801 0.029497 
-0.069824 0.029497 
-0.068848 0.029497 
-0.067871 0.029497 
-0.066895 0.029497 
-0.065918 0.029496 
-0.064941 0.029496 
-0.063965 0.029496 
-0.062988 0.029496 
-0.062012 0.029496 
-0.061035 0.029495 
-0.060059 0.029495 
-0.059082 0.029495 
-0.058105 0.029495 
-0.057129 0.029495 
-0.056152 0.029494 
-0.055176 0.029494 
-0.054199 0.029494 
-0.053223 0.029494 
-0.052246 0.029494 
-0.051270 0.029494 
-0.050293 0.029493 
-0.049316 0.029493 
-0.048340 0.029493 
-0.047363 0.029493 
-0.046387 0.029493 
-0.045410 0.029493 
-0.044434 0.029493 
-0.043457 0.029492 
-0.042480 0.029492 
-0.041504 0.029492 
-0.040527 0.029492 
-0.039551 0.029492 
-0.038574 0.029492 
-0.037598 0.029492 
-0.036621 0.029492 
-0.035645 0.029491 
-0.034668 0.029491 
-0.033691 0.029491 
-0.032715 0.029491 
-0.031738 0.029491 
-0.030762 0.029491 
-0.029785 0.029491 
-0.028809 0.029491 
-0.027832 0.029491 
-0.026855 0.029491 
-0.025879 0.029490 
-0.024902 0.029490 
-0.023926 0.029490 
-0.022949 0.029490 
-0.021973 0.029490 
-0.020996 0.029490 
-0.020020 0.029490 
-0.019043 0.029490 
-0.018066 0.029490 
-0.017090 0.029490 
-0.016113 0.029490 
-0.015137 0.029490 
-0.014160 0.029490 
-0.013184 0.029490 
-0.012207 0.029490 
-0.011230 0.029490 
-0.010254 0.029490 
-0.009277 0.029490 
-0.008301 0.029490 
-0.007324 0.029490 
-0.006348 0.029490 
-0.005371 0.029489 
-0.004395 0.029489 
-0.003418 0.029489 
-0.002441 0.029489 
-0.001465 0.029489 
-0.000488 0.029489 
0.000488 0.029489 
0.001465 0.029489 
0.002441 0.029489 
0.003418 0.029489 
0.004395 0.029489 
0.005371 0.029489 
0.006348 0.029490 
0.007324 0.029490 
0.008301 0.029490 
0.009277 0.029490 
0.010254 0.029490 
0.011230 0.029490 
0.012207 0.029490 
0.013184 0.029490 
0.014160 0.029490 
0.015137 0.029490 
0.016113 0.029490 
0.017090 0.029490 
0.018066 0.029490 
0.019043 0.029490 
0.020020 0.029490 
0.020996 0.029490 
0.021973 0.029490 
0.022949 0.029490 
0.023926 0.029490 
0.024902 0.029490 
0.025879 0.029490 
0.026855 0.029491 
0.027832 0.029491 
0.028809 0.029491 
0.029785 0.029491 
0.030762 0.029491 
0.031738 0.029491 
0.032715 0.029491 
0.033691 0.029491 
0.034668 0.029491 
0.035645 0.029491 
0.036621 0.029492 
0.037598 0.029492 
0.038574 0.029492 
0.039551 0.029492 
0.040527 0.029492 
0.041504 0.029492 
0.042480 0.029492 
0.043457 0.029492 
0.044434 0.029493 
0.045410 0.029493 
0.046387 0.029493 
0.047363 0.029493 
0.048340 0.029493 
0.049316 0.029493 
0.050293 0.029493 
0.051270 0.029494 
0.052246 0.029494 
0.053223 0.029494 
0.054199 0.029494 
0.055176 0.029494 
0.056152 0.029494 
0.057129 0.029495 
0.058105 0.029495 
0.059082 0.029495 
0.060059 0.029495 
0.061035 0.029495 
0.062012 0.029496 
0.062988 0.029496 
0.063965 0.029496 
0.064941 0.029496 
0.065918 0.029496 
0.066895 0.029497 
0.067871 0.029497 
0.068848 0.029497 
0.069824 0.029497 
0.070801 0.029497 
0.071777 0.029498 
0.072754 0.029498 
0.073730 0.029498 
0.074707 0.029498 
0.075684 0.029499 
0.076660 0.029499 
0.077637 0.029499 
0.078613 0.029499 
0.079590 0.029500 
0.080566 0.029500 
0.081543 0.029500 
0.082520 0.029500 
0.083496 0.029501 
0.084473 0.029501 
0.085449 0.029501 
0.086426 0.029502 
0.087402 0.029502 
0.088379 0.029502 
0.089355 0.029502 
0.090332 0.029503 
0.091309 0.029503 
0.092285 0.029503 
0.093262 0.029504 
0.094238 0.029504 
0.095215 0.029504 
0.096191 0.029505 
0.097168 0.029505 
0.098145 0.029505 
0.099121 0.029506 
0.100098 0.029506 
0.101074 0.029506 
0.102051 0.029507 
0.103027 0.029507 
0.104004 0.029508 
0.104980 0.029508 
0.105957 0.029508 
0.106934 0.029509 
0.107910 0.029509 
0.108887 0.029509 
0.109863 0.029510 
0.110840 0.029510 
0.111816 0.029511 
0.112793 0.029511 
0.113770 0.029511 
0.114746 0.029512 
0.115723 0.029512 
0.116699 0.029513 
0.117676 0.029513 
0.118652 0.029514 
0.119629 0.029514 
0.120605 0.029515 
0.121582 0.029515 
0.122559 0.029515 
0.123535 0.029516 
0.124512 0.029516 
0.125488 0.029517 
0.126465 0.029517 
0.127441 0.029518 
0.128418 0.029518 
0.129395 0.029519 
0.130371 0.029519 
0.131348 0.029520 
0.132324 0.029520 
0.133301 0.029521 
0.134277 0.029521 
0.135254 0.029522 
0.136230 0.029523 
0.137207 0.029523 
0.138184 0.029524 
0.139160 0.029524 
0.140137 0.029525 
0.141113 0.029525 
0.142090 0.029526 
0.143066 0.029527 
0.144043 0.029527 
0.145020 0.029528 
0.145996 0.029528 
0.146973 0.029529 
0.147949 0.029530 
0.148926 0.029530 
0.149902 0.029531 
0.150879 0.029532 
0.151855 0.029532 
0.152832 0.029533 
0.153809 0.029533 
0.154785 0.029534 
0.155762 0.029535 
0.156738 0.029536 
0.157715 0.029536 
0.158691 0.029537 
0.159668 0.029538 
0.160645 0.029538 
0.161621 0.029539 
0.162598 0.029540 
0.163574 0.029541 
0.164551 0.029541 
0.165527 0.029542 
0.166504 0.029543 
0.167480 0.029544 
0.168457 0.029544 
0.169434 0.029545 
0.170410 0.029546 
0.171387 0.029547 
0.172363 0.029548 
0.173340 0.029549 
0.174316 0.029549 
0.175293 0.029550 
0.176270 0.029551 
0.177246 0.029552 
0.178223 0.029553 
0.179199 0.029554 
0.180176 0.029555 
0.181152 0.029556 
0.182129 0.029556 
0.183105 0.029557 
0.184082 0.029558 
0.185059 0.029559 
0.186035 0.029560 
0.187012 0.029561 
0.187988 0.029562 
0.188965 0.029563 
0.189941 0.029564 
0.190918 0.029565 
0.191895 0.029566 
0.192871 0.029567 
0.193848 0.029568 
0.194824 0.029569 
0.195801 0.029570 
0.196777 0.029572 
0.197754 0.029573 
0.198730 0.029574 
0.199707 0.029575 
0.200684 0.029576 
0.201660 0.029577 
0.202637 0.029578 
0.203613 0.029579 
0.204590 0.029581 
0.205566 0.029582 
0.206543 0.029583 
0.207520 0.029584 
0.208496 0.029585 
0.209473 0.029587 
0.210449 0.029588 
0.211426 0.029589 
0.212402 0.029591 
0.213379 0.029592 
0.214355 0.029593 
0.215332 0.029595 
0.216309 0.029596 
0.217285 0.029597 
0.218262 0.029599 
0.219238 0.029600 
0.220215 0.029601 
0.221191 0.029603 
0.222168 0.029604 
0.223145 0.029606 
0.224121 0.029607 
0.225098 0.029609 
0.226074 0.029610 
0.227051 0.029612 
0.228027 0.029613 
0.229004 0.029615 
0.229980 0.029616 
0.230957 0.029618 
0.231934 0.029620 
0.232910 0.029621 
0.233887 0.029623 
0.234863 0.029625 
0.235840 0.029626 
0.236816 0.029628 
0.237793 0.029630 
0.238770 0.029631 
0.239746 0.029633 
0.240723 0.029635 
0.241699 0.029637 
0.242676 0.029639 
0.243652 0.029640 
0.244629 0.029642 
0.245605 0.029644 
0.246582 0.029646 
0.247559 0.029648 
0.248535 0.029650 
0.249512 0.029652 
0.250488 0.029654 
0.251465 0.029656 
0.252441 0.029658 
0.253418 0.029660 
0.254395 0.029662 
0.255371 0.029664 
0.256348 0.029666 
0.257324 0.029668 
0.258301 0.029671 
0.259277 0.029673 
0.260254 0.029675 
0.261230 0.029677 
0.262207 0.029680 
0.263184 0.029682 
0.264160 0.029684 
0.265137 0.029687 
0.266113 0.029689 
0.267090 0.029691 
0.268066 0.029694 
0.269043 0.029696 
0.270020 0.029699 
0.270996 0.029701 
0.271973 0.029704 
0.272949 0.029706 
0.273926 0.029709 
0.274902 0.029712 
0.275879 0.029714 
0.276855 0.029717 
0.277832 0.029720 
0.278809 0.029723 
0.279785 0.029725 
0.280762 0.029728 
0.281738 0.029731 
0.282715 0.029734 
0.283691 0.029737 
0.284668 0.029740 
0.285645 0.029743 
0.286621 0.029746 
0.287598 0.029749 
0.288574 0.029752 
0.289551 0.029755 
0.290527 0.029758 
0.291504 0.029761 
0.292480 0.029765 
0.293457 0.029768 
0.294434 0.029771 
0.295410 0.029775 
0.296387 0.029778 
0.297363 0.029782 
0.298340 0.029785 
0.299316 0.029789 
0.300293 0.029792 
0.301270 0.029796 
0.302246 0.029799 
0.303223 0.029803 
0.304199 0.029807 
0.305176 0.029811 
0.306152 0.029814 
0.307129 0.029818 
0.308105 0.029822 
0.309082 0.029826 
0.310059 0.029830 
0.311035 0.029834 
0.312012 0.029838 
0.312988 0.029842 
0.313965 0.029847 
0.314941 0.029851 
0.315918 0.029855 
0.316895 0.029860 
0.317871 0.029864 
0.318848 0.029868 
0.319824 0.029873 
0.320801 0.029877 
0.321777 0.029882 
0.322754 0.029887 
0.323730 0.029891 
0.324707 0.029896 
0.325684 0.029901 
0.326660 0.029906 
0.327637 0.029911 
0.328613 0.029916 
0.329590 0.029921 
0.330566 0.029926 
0.331543 0.029931 
0.332520 0.029937 
0.333496 0.029942 
0.334473 0.029947 
0.335449 0.029953 
0.336426 0.029958 
0.337402 0.029964 
0.338379 0.029969 
0.339355 0.029975 
0.340332 0.029981 
0.341309 0.029987 
0.342285 0.029993 
0.343262 0.029999 
0.344238 0.030005 
0.345215 0.030011 
0.346191 0.030017 
0.347168 0.030023 
0.348145 0.030030 
0.349121 0.030036 
0.350098 0.030043 
0.351074 0.030049 
0.352051 0.030056 
0.353027 0.030063 
0.354004 0.030070 
0.354980 0.030077 
0.355957 0.030084 
0.356934 0.030091 
0.357910 0.030098 
0.358887 0.030105 
0.359863 0.030112 
0.360840 0.030120 
0.361816 0.030127 
0.362793 0.030135 
0.363770 0.030143 
0.364746 0.030151 
0.365723 0.030158 
0.366699 0.030166 
0.367676 0.030175 
0.368652 0.030183 
0.369629 0.030191 
0.370605 0.030207 
0.371582 0.030216 
0.372559 0.030224 
0.373535 0.030233 
0.374512 0.030243 
0.375488 0.030252 
0.376465 0.030261 
0.377441 0.030271 
0.378418 0.030281 
0.379395 0.030290 
0.380371 0.030301 
0.381348 0.030311 
0.382324 0.030321 
0.383301 0.030332 
0.384277 0.030343 
0.385254 0.030354 
0.386230 0.030365 
0.387207 0.030376 
0.388184 0.030388 
0.389160 0.030399 
0.390137 0.030411 
0.391113 0.030423 
0.392090 0.030436 
0.393066 0.030448 
0.394043 0.030461 
0.395020 0.030474 
0.395996 0.030487 
0.396973 0.030501 
0.397949 0.030514 
0.398926 0.030528 
0.399902 0.030543 
0.400879 0.030557 
0.401855 0.030572 
0.402832 0.030587 
0.403809 0.030602 
0.404785 0.030617 
0.405762 0.030633 
0.406738 0.030649 
0.407715 0.030665 
0.408691 0.030682 
0.409668 0.030699 
0.410645 0.030716 
0.411621 0.030733 
0.412598 0.030751 
0.413574 0.030769 
0.414551 0.030787 
0.415527 0.030806 
0.416504 0.030825 
0.417480 0.030845 
0.418457 0.030864 
0.419434 0.030885 
0.420410 0.030905 
0.421387 0.030926 
0.422363 0.030947 
0.423340 0.030969 
0.424316 0.030991 
0.425293 0.031013 
0.426270 0.031036 
0.427246 0.031059 
0.428223 0.031083 
0.429199 0.031107 
0.430176 0.031131 
0.431152 0.031156 
0.432129 0.031182 
0.433105 0.031208 
0.434082 0.031234 
0.435059 0.031261 
0.436035 0.031288 
0.437012 0.031316 
0.437988 0.031344 
0.438965 0.031373 
0.439941 0.031402 
0.440918 0.031432 
0.441895 0.031463 
0.442871 0.031494 
0.443848 0.031525 
0.444824 0.031558 
0.445801 0.031590 
0.446777 0.031624 
0.447754 0.031658 
0.448730 0.031693 
0.449707 0.031728 
0.450684 0.031764 
0.451660 0.031801 
0.452637 0.031838 
0.453613 0.031876 
0.454590 0.031915 
0.455566 0.031954 
0.456543 0.031995 
0.457520 0.032036 
0.458496 0.032077 
0.459473 0.032120 
0.460449 0.032163 
0.461426 0.032208 
0.462402 0.032253 
0.463379 0.032298 
0.464355 0.032345 
0.465332 0.032393 
0.466309 0.032442 
0.467285 0.032491 
0.468262 0.032541 
0.469238 0.032593 
0.470215 0.032645 
0.471191 0.032699 
0.472168 0.032753 
0.473145 0.032809 
0.474121 0.032865 
0.475098 0.032923 
0.476074 0.032982 
0.477051 0.033042 
0.478027 0.033103 
0.479004 0.033165 
0.479980 0.033228 
0.480957 0.033293 
0.481934 0.033359 
0.482910 0.033426 
0.483887 0.033495 
0.484863 0.033564 
0.485840 0.033636 
0.486816 0.033708 
0.487793 0.033782 
0.488770 0.033858 
0.489746 0.033935 
0.490723 0.034013 
0.491699 0.034093 
0.492676 0.034175 
0.493652 0.034258 
0.494629 0.034343 
0.495605 0.034429 
0.496582 0.034517 
0.497559 0.034607 
0.498535 0.034699 
0.499512 0.034792 
