#L2 in u(Using QGauss)2 #Linfty in u(Using QGauss)2 #degree of freedom #number of cells   #hMax    #Residual  
5.1393e-03            - 1.3578e-02                -              12288             1024 9.7656e-04 4.6845e-15 
2.6414e-03          inf 1.4607e-02             -inf              12680             1024 9.7656e-04 4.6788e-15 
5.1393e-03         -inf 1.3578e-02              inf              12288             1024 9.7656e-04 4.6845e-15 
1.9734e-03          inf 9.8931e-03              inf              12912             1024 9.7656e-04 4.6675e-15 
5.1393e-03         -inf 1.3578e-02             -inf              12288             1024 9.7656e-04 4.6845e-15 
1.6928e-03          inf 6.0912e-03              inf              13144             1024 9.7656e-04 4.6800e-15 
5.1393e-03         -inf 1.3578e-02             -inf              12288             1024 9.7656e-04 4.6845e-15 
1.7847e-03          inf 6.2382e-03              inf              13432             1024 9.7656e-04 4.6189e-15 
5.1393e-03         -inf 1.3578e-02             -inf              12288             1024 9.7656e-04 4.6845e-15 
2.0131e-03          inf 6.2185e-03              inf              13744             1024 9.7656e-04 4.6926e-15 
5.1393e-03         -inf 1.3578e-02             -inf              12288             1024 9.7656e-04 4.7307e-15 
2.2260e-03          inf 6.0869e-03              inf              14120             1024 9.7656e-04 4.6518e-15 
5.1393e-03         -inf 1.3578e-02             -inf              12288             1024 9.7656e-04 4.6845e-15 
2.3221e-03          inf 5.8274e-03              inf              14600             1024 9.7656e-04 4.7356e-15 
5.1393e-03         -inf 1.3578e-02             -inf              12288             1024 9.7656e-04 4.6845e-15 
2.2189e-03          inf 5.4559e-03              inf              15312             1024 9.7656e-04 4.7362e-15 
5.1393e-03         -inf 1.3578e-02             -inf              12288             1024 9.7656e-04 4.6845e-15 
1.8626e-03          inf 5.1292e-03              inf              17616             1024 9.7656e-04 4.8985e-15 
5.1393e-03         -inf 1.3578e-02             -inf              12288             1024 9.7656e-04 4.6845e-15 
1.9195e-03          inf 4.7640e-03              inf              17808             1024 9.7656e-04 4.8985e-15 
5.1393e-03         -inf 1.3578e-02             -inf              12288             1024 9.7656e-04 4.6845e-15 
1.9466e-03          inf 4.3022e-03              inf              18016             1024 9.7656e-04 4.9017e-15 
5.1393e-03         -inf 1.3578e-02             -inf              12288             1024 9.7656e-04 4.6845e-15 
1.9452e-03          inf 3.8727e-03              inf              18240             1024 9.7656e-04 4.9477e-15 
5.1393e-03         -inf 1.3578e-02             -inf              12288             1024 9.7656e-04 4.7421e-15 
1.9151e-03          inf 3.9080e-03              inf              18512             1024 9.7656e-04 4.9965e-15 
5.1393e-03         -inf 1.3578e-02             -inf              12288             1024 9.7656e-04 4.7684e-15 
1.8613e-03          inf 3.9843e-03              inf              18816             1024 9.7656e-04 4.8937e-15 
5.1393e-03         -inf 1.3578e-02             -inf              12288             1024 9.7656e-04 4.6845e-15 
1.7869e-03          inf 4.0381e-03              inf              19184             1024 9.7656e-04 5.0319e-15 
5.1393e-03         -inf 1.3578e-02             -inf              12288             1024 9.7656e-04 4.6845e-15 
1.6997e-03          inf 4.0697e-03              inf              19648             1024 9.7656e-04 4.9996e-15 
5.1393e-03         -inf 1.3578e-02             -inf              12288             1024 9.7656e-04 4.6845e-15 
1.6090e-03          inf 4.0796e-03              inf              20288             1024 9.7656e-04 4.9792e-15 
5.1393e-03         -inf 1.3578e-02             -inf              12288             1024 9.7656e-04 4.6983e-15 
1.5272e-03          inf 4.0680e-03              inf              21264             1024 9.7656e-04 4.9959e-15 
5.1393e-03         -inf 1.3578e-02             -inf              12288             1024 9.7656e-04 4.6839e-15 
1.4193e-03          inf 4.0406e-03              inf              24576             1024 9.7656e-04 5.0749e-15 
5.1393e-03         -inf 1.3578e-02             -inf              12288             1024 9.7656e-04 4.6845e-15 
1.4193e-03          inf 4.0406e-03              inf              24576             1024 9.7656e-04 5.0749e-15 
