 Tensors 6 Optimal Error 0.00535958
 #error
0.0356594
0.0356729
0.0356863
0.0356997
0.0357129
0.0357262
0.0357393
0.0357524
0.0357654
0.0357783
0.0357912
0.035804
0.0358167
0.0358294
0.035842
0.0358545
0.035867
0.0358794
0.0358918
0.0359041
0.0359163
0.0359285
0.0359406
0.0359527
0.0359647
0.0359766
0.0343713
0.0343847
0.0343981
0.0344114
0.0344247
0.0344378
0.0344509
0.034464
0.0344769
0.0344898
0.0345027
0.0345154
0.0345281
0.0345408
0.0345534
0.0345659
0.0345783
0.0345907
0.034603
0.0346153
0.0346275
0.0346396
0.0346517
0.0346638
0.0346757
0.0346876
0.0330899
0.0331033
0.0331166
0.0331299
0.0331431
0.0331562
0.0331693
0.0331823
0.0331952
0.0332081
0.0332209
0.0332336
0.0332463
0.0332589
0.0332715
0.033284
0.0332964
0.0333087
0.033321
0.0333333
0.0333454
0.0333575
0.0333696
0.0333816
0.0333935
0.0334054
0.0318151
0.0318285
0.0318418
0.031855
0.0318682
0.0318813
0.0318943
0.0319073
0.0319202
0.0319331
0.0319458
0.0319585
0.0319712
0.0319837
0.0319963
0.0320087
0.0320211
0.0320334
0.0320457
0.0320579
0.03207
0.0320821
0.0320941
0.0321061
0.032118
0.0321298
0.030547
0.0305603
0.0305736
0.0305868
0.0305999
0.030613
0.030626
0.030639
0.0306518
0.0306646
0.0306774
0.03069
0.0307026
0.0307152
0.0307277
0.0307401
0.0307524
0.0307647
0.030777
0.0307891
0.0308012
0.0308133
0.0308253
0.0308372
0.0308491
0.0308609
0.0292854
0.0292987
0.029312
0.0293252
0.0293383
0.0293513
0.0293643
0.0293772
0.02939
0.0294028
0.0294155
0.0294281
0.0294407
0.0294532
0.0294656
0.029478
0.0294904
0.0295026
0.0295148
0.029527
0.029539
0.029551
0.029563
0.0295749
0.0295867
0.0295985
0.0280304
0.0280437
0.0280569
0.02807
0.0280831
0.0280961
0.028109
0.0281219
0.0281347
0.0281474
0.0281601
0.0281727
0.0281853
0.0281977
0.0282102
0.0282225
0.0282348
0.028247
0.0282592
0.0282713
0.0282833
0.0282953
0.0283073
0.0283191
0.0283309
0.0283427
0.0267818
0.0267951
0.0268082
0.0268214
0.0268344
0.0268474
0.0268603
0.0268731
0.0268859
0.0268986
0.0269112
0.0269238
0.0269363
0.0269487
0.0269611
0.0269735
0.0269857
0.0269979
0.02701
0.0270221
0.0270341
0.0270461
0.027058
0.0270698
0.0270816
0.0270933
0.0255397
0.0255529
0.025566
0.0255791
0.0255921
0.025605
0.0256179
0.0256307
0.0256435
0.0256561
0.0256687
0.0256813
0.0256938
0.0257062
0.0257185
0.0257308
0.0257431
0.0257552
0.0257673
0.0257794
0.0257914
0.0258033
0.0258152
0.025827
0.0258387
0.0258504
0.0243039
0.0243171
0.0243302
0.0243432
0.0243562
0.0243691
0.0243819
0.0243947
0.0244074
0.0244201
0.0244326
0.0244452
0.0244576
0.02447
0.0244823
0.0244946
0.0245068
0.0245189
0.024531
0.024543
0.0245549
0.0245668
0.0245787
0.0245905
0.0246022
0.0246138
0.0230745
0.0230876
0.0231007
0.0231137
0.0231266
0.0231395
0.0231523
0.023165
0.0231777
0.0231903
0.0232029
0.0232153
0.0232278
0.0232401
0.0232524
0.0232646
0.0232768
0.0232889
0.023301
0.0233129
0.0233249
0.0233367
0.0233485
0.0233603
0.023372
0.0233836
0.0218513
0.0218644
0.0218774
0.0218904
0.0219033
0.0219162
0.0219289
0.0219416
0.0219543
0.0219669
0.0219794
0.0219918
0.0220042
0.0220165
0.0220288
0.022041
0.0220531
0.0220652
0.0220772
0.0220892
0.0221011
0.0221129
0.0221247
0.0221364
0.0221481
0.0221597
0.0206343
0.0206474
0.0206604
0.0206734
0.0206862
0.020699
0.0207118
0.0207245
0.0207371
0.0207496
0.0207621
0.0207745
0.0207869
0.0207992
0.0208114
0.0208236
0.0208357
0.0208477
0.0208597
0.0208716
0.0208835
0.0208953
0.020907
0.0209187
0.0209304
0.0209419
0.0194236
0.0194366
0.0194496
0.0194625
0.0194753
0.0194881
0.0195008
0.0195135
0.019526
0.0195386
0.019551
0.0195634
0.0195757
0.019588
0.0196002
0.0196123
0.0196244
0.0196364
0.0196484
0.0196602
0.0196721
0.0196839
0.0196956
0.0197072
0.0197188
0.0197304
0.0182189
0.0182319
0.0182449
0.0182578
0.0182706
0.0182833
0.018296
0.0183086
0.0183211
0.0183336
0.018346
0.0183584
0.0183707
0.0183829
0.0183951
0.0184072
0.0184192
0.0184312
0.0184431
0.018455
0.0184668
0.0184786
0.0184903
0.0185019
0.0185135
0.018525
0.0170204
0.0170333
0.0170463
0.0170591
0.0170719
0.0170846
0.0170972
0.0171098
0.0171223
0.0171348
0.0171472
0.0171595
0.0171718
0.017184
0.0171961
0.0172082
0.0172202
0.0172321
0.017244
0.0172559
0.0172676
0.0172794
0.017291
0.0173026
0.0173142
0.0173257
0.0158278
0.0158408
0.0158537
0.0158665
0.0158792
0.0158919
0.0159045
0.0159171
0.0159296
0.015942
0.0159543
0.0159666
0.0159789
0.015991
0.0160031
0.0160152
0.0160272
0.0160391
0.016051
0.0160628
0.0160745
0.0160862
0.0160978
0.0161094
0.0161209
0.0161324
0.0146413
0.0146542
0.0146671
0.0146799
0.0146926
0.0147052
0.0147178
0.0147303
0.0147428
0.0147552
0.0147675
0.0147798
0.014792
0.0148041
0.0148162
0.0148282
0.0148401
0.014852
0.0148639
0.0148757
0.0148874
0.014899
0.0149106
0.0149222
0.0149337
0.0149451
0.0134607
0.0134736
0.0134864
0.0134992
0.0135119
0.0135245
0.013537
0.0135495
0.013562
0.0135743
0.0135866
0.0135988
0.013611
0.0136231
0.0136352
0.0136472
0.0136591
0.0136709
0.0136828
0.0136945
0.0137062
0.0137178
0.0137294
0.0137409
0.0137524
0.0137638
0.0122861
0.0122989
0.0123117
0.0123244
0.0123371
0.0123497
0.0123622
0.0123746
0.012387
0.0123994
0.0124116
0.0124238
0.012436
0.012448
0.0124601
0.012472
0.0124839
0.0124958
0.0125075
0.0125193
0.0125309
0.0125425
0.0125541
0.0125655
0.012577
0.0125884
0.0111173
0.0111301
0.0111428
0.0111555
0.0111681
0.0111807
0.0111932
0.0112056
0.011218
0.0112303
0.0112425
0.0112547
0.0112668
0.0112788
0.0112908
0.0113028
0.0113146
0.0113264
0.0113382
0.0113499
0.0113615
0.0113731
0.0113846
0.011396
0.0114074
0.0114188
0.00995427
0.00996705
0.00997978
0.00999243
0.010005
0.0100175
0.01003
0.0100424
0.0100547
0.010067
0.0100792
0.0100913
0.0101034
0.0101154
0.0101274
0.0101393
0.0101511
0.0101629
0.0101746
0.0101863
0.0101979
0.0102094
0.0102209
0.0102324
0.0102437
0.0102551
0.00879704
0.0088098
0.00882249
0.00883511
0.00884767
0.00886016
0.00887259
0.00888496
0.00889726
0.00890949
0.00892167
0.00893378
0.00894583
0.00895782
0.00896975
0.00898162
0.00899343
0.00900518
0.00901687
0.0090285
0.00904008
0.0090516
0.00906306
0.00907446
0.00908581
0.0090971
0.00764555
0.00765827
0.00767093
0.00768352
0.00769605
0.00770851
0.00772091
0.00773325
0.00774552
0.00775772
0.00776987
0.00778195
0.00779397
0.00780594
0.00781784
0.00782968
0.00784146
0.00785318
0.00786484
0.00787644
0.00788799
0.00789948
0.00791091
0.00792229
0.00793361
0.00794487
0.00649974
0.00651244
0.00652506
0.00653762
0.00655012
0.00656255
0.00657492
0.00658722
0.00659947
0.00661164
0.00662376
0.00663581
0.00664781
0.00665974
0.00667161
0.00668342
0.00669517
0.00670686
0.0067185
0.00673007
0.00674159
0.00675305
0.00676446
0.0067758
0.0067871
0.00679833
0.00535958
0.00537224
0.00538484
0.00539737
0.00540984
0.00542224
0.00543458
0.00544685
0.00545906
0.00547121
0.0054833
0.00549532
0.00550728
0.00551919
0.00553103
0.00554281
0.00555453
0.0055662
0.0055778
0.00558935
0.00560084
0.00561227
0.00562365
0.00563497
0.00564623
0.00565744
