 Tensors 19 Optimal Error 0.00190786
 #error
0.0319863
0.0319968
0.0320072
0.0320176
0.0320279
0.0320382
0.0320484
0.0320586
0.0320687
0.0320788
0.0320888
0.0320987
0.0321086
0.0321185
0.0321283
0.032138
0.0321477
0.0321574
0.032167
0.0321766
0.0321861
0.0321955
0.0322049
0.0322143
0.0322236
0.0322329
0.0307076
0.030718
0.0307284
0.0307388
0.0307491
0.0307593
0.0307695
0.0307796
0.0307897
0.0307998
0.0308097
0.0308197
0.0308295
0.0308394
0.0308492
0.0308589
0.0308686
0.0308782
0.0308878
0.0308973
0.0309068
0.0309162
0.0309256
0.030935
0.0309443
0.0309535
0.0294355
0.0294459
0.0294563
0.0294666
0.0294769
0.0294871
0.0294973
0.0295074
0.0295174
0.0295274
0.0295374
0.0295473
0.0295572
0.029567
0.0295767
0.0295864
0.0295961
0.0296057
0.0296152
0.0296247
0.0296342
0.0296436
0.029653
0.0296623
0.0296716
0.0296808
0.0281701
0.0281805
0.0281908
0.0282011
0.0282114
0.0282215
0.0282317
0.0282418
0.0282518
0.0282618
0.0282717
0.0282816
0.0282914
0.0283012
0.0283109
0.0283206
0.0283302
0.0283398
0.0283493
0.0283588
0.0283683
0.0283776
0.028387
0.0283963
0.0284055
0.0284148
0.0269112
0.0269216
0.0269319
0.0269422
0.0269524
0.0269625
0.0269726
0.0269827
0.0269927
0.0270027
0.0270126
0.0270224
0.0270322
0.027042
0.0270517
0.0270613
0.0270709
0.0270805
0.02709
0.0270995
0.0271089
0.0271182
0.0271276
0.0271368
0.0271461
0.0271553
0.0256588
0.0256692
0.0256795
0.0256897
0.0256999
0.0257101
0.0257201
0.0257302
0.0257402
0.0257501
0.02576
0.0257698
0.0257796
0.0257893
0.025799
0.0258086
0.0258182
0.0258277
0.0258372
0.0258466
0.025856
0.0258654
0.0258747
0.0258839
0.0258931
0.0259023
0.024413
0.0244233
0.0244336
0.0244438
0.0244539
0.0244641
0.0244741
0.0244841
0.0244941
0.024504
0.0245138
0.0245236
0.0245334
0.0245431
0.0245527
0.0245623
0.0245719
0.0245814
0.0245909
0.0246003
0.0246097
0.024619
0.0246282
0.0246375
0.0246467
0.0246558
0.0231735
0.0231838
0.0231941
0.0232043
0.0232144
0.0232245
0.0232345
0.0232445
0.0232544
0.0232643
0.0232741
0.0232839
0.0232936
0.0233033
0.0233129
0.0233225
0.0233321
0.0233415
0.023351
0.0233604
0.0233697
0.023379
0.0233883
0.0233975
0.0234066
0.0234157
0.0219405
0.0219507
0.0219609
0.0219711
0.0219812
0.0219913
0.0220013
0.0220112
0.0220211
0.022031
0.0220408
0.0220506
0.0220603
0.0220699
0.0220795
0.0220891
0.0220986
0.022108
0.0221175
0.0221268
0.0221361
0.0221454
0.0221546
0.0221638
0.022173
0.022182
0.0207137
0.020724
0.0207341
0.0207443
0.0207544
0.0207644
0.0207744
0.0207843
0.0207942
0.020804
0.0208138
0.0208235
0.0208332
0.0208428
0.0208524
0.0208619
0.0208714
0.0208809
0.0208903
0.0208996
0.0209089
0.0209181
0.0209274
0.0209365
0.0209456
0.0209547
0.0194932
0.0195035
0.0195136
0.0195237
0.0195338
0.0195438
0.0195538
0.0195637
0.0195735
0.0195833
0.0195931
0.0196028
0.0196124
0.019622
0.0196316
0.0196411
0.0196506
0.01966
0.0196693
0.0196787
0.0196879
0.0196972
0.0197063
0.0197155
0.0197246
0.0197336
0.018279
0.0182892
0.0182993
0.0183094
0.0183195
0.0183294
0.0183394
0.0183492
0.0183591
0.0183689
0.0183786
0.0183883
0.0183979
0.0184075
0.018417
0.0184265
0.0184359
0.0184453
0.0184547
0.018464
0.0184732
0.0184824
0.0184916
0.0185007
0.0185097
0.0185188
0.0170709
0.0170811
0.0170912
0.0171013
0.0171113
0.0171212
0.0171312
0.017141
0.0171508
0.0171606
0.0171703
0.0171799
0.0171895
0.0171991
0.0172086
0.0172181
0.0172275
0.0172368
0.0172462
0.0172554
0.0172647
0.0172738
0.017283
0.0172921
0.0173011
0.0173101
0.015869
0.0158792
0.0158892
0.0158993
0.0159093
0.0159192
0.0159291
0.0159389
0.0159487
0.0159584
0.0159681
0.0159777
0.0159873
0.0159968
0.0160063
0.0160158
0.0160252
0.0160345
0.0160438
0.016053
0.0160622
0.0160714
0.0160805
0.0160896
0.0160986
0.0161076
0.0146732
0.0146833
0.0146934
0.0147034
0.0147133
0.0147232
0.0147331
0.0147429
0.0147527
0.0147624
0.014772
0.0147816
0.0147912
0.0148007
0.0148102
0.0148196
0.0148289
0.0148382
0.0148475
0.0148567
0.0148659
0.0148751
0.0148841
0.0148932
0.0149022
0.0149111
0.0134834
0.0134935
0.0135035
0.0135135
0.0135234
0.0135333
0.0135431
0.0135529
0.0135627
0.0135723
0.013582
0.0135916
0.0136011
0.0136106
0.01362
0.0136294
0.0136387
0.013648
0.0136573
0.0136665
0.0136757
0.0136848
0.0136938
0.0137028
0.0137118
0.0137208
0.0122996
0.0123096
0.0123197
0.0123296
0.0123395
0.0123494
0.0123592
0.012369
0.0123787
0.0123883
0.0123979
0.0124075
0.012417
0.0124265
0.0124359
0.0124452
0.0124546
0.0124638
0.0124731
0.0124822
0.0124914
0.0125005
0.0125095
0.0125185
0.0125275
0.0125364
0.0111217
0.0111318
0.0111418
0.0111517
0.0111616
0.0111714
0.0111812
0.0111909
0.0112006
0.0112102
0.0112198
0.0112294
0.0112389
0.0112483
0.0112577
0.011267
0.0112763
0.0112856
0.0112948
0.0113039
0.011313
0.0113221
0.0113311
0.0113401
0.011349
0.0113579
0.00994978
0.00995979
0.00996976
0.00997967
0.00998953
0.00999934
0.0100091
0.0100188
0.0100285
0.0100381
0.0100476
0.0100572
0.0100666
0.010076
0.0100854
0.0100947
0.010104
0.0101132
0.0101224
0.0101315
0.0101406
0.0101497
0.0101587
0.0101676
0.0101765
0.0101854
0.00878369
0.00879369
0.00880363
0.00881352
0.00882335
0.00883314
0.00884288
0.00885256
0.0088622
0.00887178
0.00888132
0.00889081
0.00890025
0.00890964
0.00891899
0.00892828
0.00893753
0.00894674
0.0089559
0.00896501
0.00897408
0.0089831
0.00899207
0.00900101
0.0090099
0.00901874
0.00762343
0.0076334
0.00764331
0.00765318
0.00766299
0.00767275
0.00768246
0.00769213
0.00770174
0.0077113
0.00772081
0.00773028
0.0077397
0.00774907
0.00775839
0.00776766
0.00777689
0.00778607
0.00779521
0.0078043
0.00781334
0.00782234
0.0078313
0.00784021
0.00784907
0.0078579
0.00646894
0.00647888
0.00648877
0.00649861
0.0065084
0.00651814
0.00652783
0.00653747
0.00654705
0.00655659
0.00656608
0.00657553
0.00658492
0.00659427
0.00660357
0.00661282
0.00662202
0.00663118
0.0066403
0.00664936
0.00665839
0.00666736
0.0066763
0.00668518
0.00669403
0.00670283
0.00532018
0.0053301
0.00533996
0.00534978
0.00535954
0.00536926
0.00537892
0.00538854
0.0053981
0.00540762
0.00541709
0.00542651
0.00543588
0.0054452
0.00545448
0.00546371
0.00547289
0.00548203
0.00549112
0.00550016
0.00550916
0.00551812
0.00552703
0.0055359
0.00554472
0.0055535
0.0041771
0.004187
0.00419684
0.00420664
0.00421638
0.00422607
0.00423571
0.0042453
0.00425484
0.00426433
0.00427378
0.00428318
0.00429252
0.00430182
0.00431108
0.00432028
0.00432945
0.00433856
0.00434763
0.00435665
0.00436563
0.00437456
0.00438345
0.0043923
0.0044011
0.00440986
0.00303968
0.00304955
0.00305937
0.00306914
0.00307886
0.00308852
0.00309814
0.00310771
0.00311723
0.0031267
0.00313612
0.00314549
0.00315482
0.0031641
0.00317333
0.00318251
0.00319165
0.00320074
0.00320979
0.00321879
0.00322775
0.00323666
0.00324553
0.00325435
0.00326313
0.00327187
0.00190786
0.00191771
0.0019275
0.00193725
0.00194694
0.00195659
0.00196618
0.00197572
0.00198522
0.00199467
0.00200406
0.00201342
0.00202272
0.00203197
0.00204118
0.00205034
0.00205946
0.00206853
0.00207756
0.00208654
0.00209547
0.00210436
0.00211321
0.00212201
0.00213077
0.00213948
