 Tensors 12 Optimal Error 0.00109271
 #error
0.0284075
0.0284204
0.0284332
0.028446
0.0284587
0.0284713
0.0284839
0.0284964
0.0285088
0.0285212
0.0285335
0.0285458
0.028558
0.0285701
0.0285822
0.0285942
0.0286061
0.028618
0.0286298
0.0286416
0.0286533
0.0286649
0.0286765
0.028688
0.0286995
0.0287109
0.0271382
0.0271511
0.0271639
0.0271766
0.0271893
0.0272019
0.0272144
0.0272269
0.0272393
0.0272516
0.0272639
0.0272761
0.0272883
0.0273003
0.0273124
0.0273243
0.0273363
0.0273481
0.0273599
0.0273716
0.0273833
0.0273949
0.0274065
0.027418
0.0274294
0.0274408
0.0258755
0.0258883
0.0259011
0.0259138
0.0259264
0.025939
0.0259515
0.0259639
0.0259763
0.0259886
0.0260009
0.026013
0.0260252
0.0260372
0.0260492
0.0260612
0.026073
0.0260849
0.0260966
0.0261083
0.02612
0.0261316
0.0261431
0.0261546
0.026166
0.0261773
0.0246194
0.0246322
0.0246449
0.0246576
0.0246702
0.0246827
0.0246952
0.0247076
0.0247199
0.0247322
0.0247444
0.0247566
0.0247687
0.0247807
0.0247927
0.0248046
0.0248164
0.0248282
0.0248399
0.0248516
0.0248632
0.0248748
0.0248863
0.0248977
0.0249091
0.0249204
0.0233698
0.0233826
0.0233953
0.0234079
0.0234205
0.023433
0.0234454
0.0234578
0.0234701
0.0234823
0.0234945
0.0235066
0.0235187
0.0235307
0.0235426
0.0235545
0.0235663
0.0235781
0.0235898
0.0236014
0.023613
0.0236245
0.023636
0.0236474
0.0236588
0.0236701
0.0221267
0.0221394
0.0221521
0.0221647
0.0221772
0.0221897
0.0222021
0.0222144
0.0222267
0.0222389
0.0222511
0.0222632
0.0222752
0.0222872
0.0222991
0.0223109
0.0223227
0.0223344
0.0223461
0.0223577
0.0223693
0.0223808
0.0223922
0.0224036
0.0224149
0.0224262
0.02089
0.0209027
0.0209153
0.0209279
0.0209404
0.0209528
0.0209652
0.0209775
0.0209898
0.021002
0.0210141
0.0210261
0.0210381
0.0210501
0.021062
0.0210738
0.0210855
0.0210972
0.0211089
0.0211204
0.021132
0.0211434
0.0211548
0.0211662
0.0211775
0.0211887
0.0196597
0.0196724
0.019685
0.0196975
0.01971
0.0197224
0.0197347
0.019747
0.0197592
0.0197714
0.0197835
0.0197955
0.0198074
0.0198194
0.0198312
0.019843
0.0198547
0.0198664
0.019878
0.0198895
0.019901
0.0199125
0.0199239
0.0199352
0.0199465
0.0199577
0.0184357
0.0184483
0.0184609
0.0184734
0.0184858
0.0184982
0.0185105
0.0185228
0.018535
0.0185471
0.0185592
0.0185712
0.0185831
0.018595
0.0186068
0.0186185
0.0186302
0.0186419
0.0186535
0.018665
0.0186764
0.0186879
0.0186992
0.0187105
0.0187217
0.0187329
0.017218
0.0172306
0.0172431
0.0172556
0.017268
0.0172804
0.0172926
0.0173049
0.017317
0.0173291
0.0173411
0.0173531
0.017365
0.0173769
0.0173886
0.0174004
0.017412
0.0174237
0.0174352
0.0174467
0.0174581
0.0174695
0.0174808
0.0174921
0.0175033
0.0175145
0.0160065
0.0160191
0.0160316
0.016044
0.0160564
0.0160687
0.016081
0.0160932
0.0161053
0.0161173
0.0161293
0.0161413
0.0161532
0.016165
0.0161767
0.0161884
0.0162001
0.0162117
0.0162232
0.0162346
0.0162461
0.0162574
0.0162687
0.0162799
0.0162911
0.0163022
0.0148012
0.0148138
0.0148262
0.0148387
0.014851
0.0148633
0.0148755
0.0148877
0.0148997
0.0149118
0.0149237
0.0149357
0.0149475
0.0149593
0.014971
0.0149827
0.0149943
0.0150058
0.0150173
0.0150288
0.0150402
0.0150515
0.0150627
0.015074
0.0150851
0.0150962
0.0136021
0.0136146
0.013627
0.0136394
0.0136517
0.013664
0.0136762
0.0136883
0.0137003
0.0137123
0.0137243
0.0137362
0.013748
0.0137597
0.0137714
0.0137831
0.0137947
0.0138062
0.0138176
0.013829
0.0138404
0.0138517
0.0138629
0.0138741
0.0138852
0.0138963
0.012409
0.0124215
0.0124339
0.0124462
0.0124585
0.0124707
0.0124829
0.012495
0.012507
0.012519
0.0125309
0.0125428
0.0125545
0.0125663
0.0125779
0.0125896
0.0126011
0.0126126
0.012624
0.0126354
0.0126467
0.012658
0.0126692
0.0126804
0.0126915
0.0127025
0.011222
0.0112344
0.0112468
0.0112591
0.0112714
0.0112836
0.0112957
0.0113078
0.0113198
0.0113317
0.0113436
0.0113554
0.0113672
0.0113789
0.0113905
0.0114021
0.0114136
0.0114251
0.0114365
0.0114478
0.0114591
0.0114704
0.0114815
0.0114927
0.0115037
0.0115147
0.0100409
0.0100534
0.0100657
0.010078
0.0100902
0.0101024
0.0101145
0.0101265
0.0101385
0.0101504
0.0101622
0.010174
0.0101858
0.0101974
0.010209
0.0102206
0.0102321
0.0102435
0.0102549
0.0102662
0.0102775
0.0102887
0.0102999
0.010311
0.010322
0.010333
0.00886587
0.00887826
0.00889058
0.00890283
0.00891503
0.00892715
0.00893922
0.00895122
0.00896317
0.00897505
0.00898687
0.00899863
0.00901033
0.00902197
0.00903355
0.00904508
0.00905654
0.00906795
0.0090793
0.00909059
0.00910183
0.00911301
0.00912414
0.00913521
0.00914622
0.00915719
0.0076967
0.00770906
0.00772134
0.00773357
0.00774573
0.00775783
0.00776987
0.00778184
0.00779376
0.00780561
0.0078174
0.00782913
0.0078408
0.00785241
0.00786396
0.00787546
0.0078869
0.00789828
0.0079096
0.00792086
0.00793207
0.00794323
0.00795432
0.00796537
0.00797636
0.00798729
0.00653339
0.00654572
0.00655798
0.00657017
0.0065823
0.00659437
0.00660638
0.00661832
0.00663021
0.00664203
0.00665379
0.00666549
0.00667713
0.00668872
0.00670024
0.00671171
0.00672312
0.00673447
0.00674576
0.006757
0.00676818
0.00677931
0.00679038
0.00680139
0.00681236
0.00682326
0.0053759
0.0053882
0.00540042
0.00541259
0.00542469
0.00543673
0.00544871
0.00546062
0.00547248
0.00548427
0.005496
0.00550768
0.00551929
0.00553084
0.00554234
0.00555378
0.00556516
0.00557648
0.00558775
0.00559896
0.00561011
0.00562121
0.00563225
0.00564324
0.00565418
0.00566506
0.00422419
0.00423645
0.00424865
0.00426078
0.00427285
0.00428486
0.00429681
0.0043087
0.00432052
0.00433229
0.00434399
0.00435563
0.00436722
0.00437875
0.00439021
0.00440162
0.00441298
0.00442427
0.00443551
0.00444669
0.00445782
0.00446889
0.00447991
0.00449087
0.00450178
0.00451263
0.0030782
0.00309043
0.0031026
0.00311471
0.00312675
0.00313873
0.00315065
0.00316251
0.0031743
0.00318604
0.00319771
0.00320933
0.00322088
0.00323238
0.00324382
0.0032552
0.00326653
0.00327779
0.00328901
0.00330016
0.00331126
0.0033223
0.00333329
0.00334423
0.00335511
0.00336594
0.00193791
0.00195011
0.00196225
0.00197432
0.00198634
0.00199829
0.00201018
0.002022
0.00203377
0.00204548
0.00205712
0.00206871
0.00208024
0.00209171
0.00210312
0.00211447
0.00212577
0.00213701
0.00214819
0.00215932
0.00217039
0.00218141
0.00219237
0.00220328
0.00221413
0.00222493
0.00117346
0.00117787
0.00118225
0.00118661
0.00119095
0.00119527
0.00119956
0.00120384
0.00120809
0.00121231
0.00121652
0.00122071
0.00122487
0.00122901
0.00123313
0.00123724
0.00124132
0.00124538
0.00124942
0.00125343
0.00125743
0.00126141
0.00126537
0.00126931
0.00127323
0.00127713
0.00115808
0.0011553
0.00115253
0.00114978
0.00114705
0.00114432
0.00114162
0.00113892
0.00113624
0.00113358
0.00113092
0.00112829
0.00112566
0.00112305
0.00112045
0.00111786
0.00111529
0.00111273
0.00111018
0.00110765
0.00110513
0.00110262
0.00110012
0.00109764
0.00109517
0.00109271
0.00166567
0.00165668
0.00164774
0.00163884
0.00162999
0.00162119
0.00161243
0.00160371
0.00159504
0.00158642
0.00157784
0.0015693
0.00156081
0.00155236
0.00154395
0.00153558
0.00152726
0.00151898
0.00151074
0.00150254
0.00149439
0.00148627
0.00147819
0.00147016
0.00146216
0.0014542
