 Tensors 13 Optimal Error 0.00419688
 #error
0.0344243
0.0344339
0.0344434
0.0344529
0.0344624
0.0344718
0.0344812
0.0344905
0.0344998
0.034509
0.0345182
0.0345273
0.0345364
0.0345454
0.0345544
0.0345633
0.0345722
0.0345811
0.0345899
0.0345986
0.0346074
0.034616
0.0346247
0.0346333
0.0346418
0.0346503
0.0331392
0.0331488
0.0331583
0.0331678
0.0331772
0.0331866
0.033196
0.0332052
0.0332145
0.0332237
0.0332328
0.0332419
0.033251
0.03326
0.033269
0.0332779
0.0332868
0.0332956
0.0333044
0.0333131
0.0333218
0.0333305
0.0333391
0.0333476
0.0333562
0.0333647
0.0318608
0.0318704
0.0318799
0.0318893
0.0318988
0.0319081
0.0319174
0.0319267
0.0319359
0.0319451
0.0319542
0.0319633
0.0319723
0.0319813
0.0319903
0.0319992
0.032008
0.0320168
0.0320256
0.0320343
0.032043
0.0320516
0.0320602
0.0320687
0.0320772
0.0320857
0.0305891
0.0305986
0.0306081
0.0306176
0.030627
0.0306363
0.0306456
0.0306548
0.030664
0.0306732
0.0306823
0.0306913
0.0307003
0.0307093
0.0307182
0.0307271
0.0307359
0.0307447
0.0307534
0.0307621
0.0307708
0.0307794
0.030788
0.0307965
0.030805
0.0308134
0.029324
0.0293335
0.029343
0.0293524
0.0293618
0.0293711
0.0293803
0.0293896
0.0293987
0.0294079
0.0294169
0.029426
0.029435
0.0294439
0.0294528
0.0294616
0.0294704
0.0294792
0.0294879
0.0294966
0.0295052
0.0295138
0.0295224
0.0295309
0.0295393
0.0295477
0.0280655
0.0280749
0.0280844
0.0280938
0.0281031
0.0281124
0.0281217
0.0281309
0.02814
0.0281491
0.0281582
0.0281672
0.0281761
0.028185
0.0281939
0.0282027
0.0282115
0.0282203
0.028229
0.0282376
0.0282462
0.0282548
0.0282633
0.0282718
0.0282802
0.0282886
0.0268134
0.0268229
0.0268323
0.0268417
0.026851
0.0268603
0.0268695
0.0268786
0.0268878
0.0268969
0.0269059
0.0269149
0.0269238
0.0269327
0.0269416
0.0269504
0.0269591
0.0269678
0.0269765
0.0269851
0.0269937
0.0270023
0.0270108
0.0270192
0.0270277
0.027036
0.0255678
0.0255773
0.0255867
0.025596
0.0256053
0.0256146
0.0256238
0.0256329
0.025642
0.0256511
0.0256601
0.025669
0.025678
0.0256868
0.0256957
0.0257044
0.0257132
0.0257219
0.0257305
0.0257391
0.0257477
0.0257562
0.0257647
0.0257731
0.0257815
0.0257899
0.0243287
0.0243381
0.0243474
0.0243568
0.024366
0.0243753
0.0243844
0.0243936
0.0244026
0.0244117
0.0244207
0.0244296
0.0244385
0.0244473
0.0244562
0.0244649
0.0244736
0.0244823
0.0244909
0.0244995
0.0245081
0.0245166
0.024525
0.0245334
0.0245418
0.0245501
0.0230958
0.0231052
0.0231146
0.0231239
0.0231331
0.0231423
0.0231515
0.0231606
0.0231696
0.0231786
0.0231876
0.0231965
0.0232054
0.0232142
0.023223
0.0232318
0.0232404
0.0232491
0.0232577
0.0232663
0.0232748
0.0232833
0.0232917
0.0233001
0.0233085
0.0233168
0.0218693
0.0218787
0.021888
0.0218973
0.0219065
0.0219157
0.0219248
0.0219339
0.0219429
0.0219519
0.0219609
0.0219698
0.0219786
0.0219874
0.0219962
0.0220049
0.0220136
0.0220222
0.0220308
0.0220393
0.0220478
0.0220563
0.0220647
0.0220731
0.0220814
0.0220897
0.0206491
0.0206584
0.0206677
0.020677
0.0206862
0.0206953
0.0207044
0.0207135
0.0207225
0.0207315
0.0207404
0.0207493
0.0207581
0.0207669
0.0207756
0.0207843
0.020793
0.0208016
0.0208101
0.0208187
0.0208271
0.0208356
0.020844
0.0208523
0.0208606
0.0208689
0.019435
0.0194444
0.0194536
0.0194629
0.019472
0.0194812
0.0194903
0.0194993
0.0195083
0.0195172
0.0195261
0.019535
0.0195438
0.0195525
0.0195613
0.0195699
0.0195786
0.0195871
0.0195957
0.0196042
0.0196126
0.0196211
0.0196294
0.0196378
0.0196461
0.0196543
0.0182272
0.0182365
0.0182457
0.0182549
0.0182641
0.0182732
0.0182822
0.0182912
0.0183002
0.0183091
0.018318
0.0183268
0.0183356
0.0183444
0.0183531
0.0183617
0.0183703
0.0183789
0.0183874
0.0183959
0.0184043
0.0184127
0.0184211
0.0184294
0.0184377
0.0184459
0.0170254
0.0170347
0.0170439
0.0170531
0.0170622
0.0170713
0.0170803
0.0170893
0.0170983
0.0171072
0.017116
0.0171248
0.0171336
0.0171423
0.017151
0.0171596
0.0171682
0.0171767
0.0171853
0.0171937
0.0172021
0.0172105
0.0172188
0.0172271
0.0172354
0.0172436
0.0158297
0.015839
0.0158482
0.0158573
0.0158664
0.0158755
0.0158845
0.0158935
0.0159024
0.0159113
0.0159201
0.0159289
0.0159376
0.0159463
0.015955
0.0159636
0.0159722
0.0159807
0.0159892
0.0159976
0.016006
0.0160144
0.0160227
0.0160309
0.0160392
0.0160474
0.0146401
0.0146493
0.0146585
0.0146676
0.0146767
0.0146857
0.0146947
0.0147037
0.0147126
0.0147214
0.0147302
0.014739
0.0147477
0.0147564
0.014765
0.0147736
0.0147821
0.0147906
0.0147991
0.0148075
0.0148159
0.0148242
0.0148325
0.0148408
0.014849
0.0148572
0.0134564
0.0134656
0.0134747
0.0134839
0.0134929
0.0135019
0.0135109
0.0135198
0.0135287
0.0135375
0.0135463
0.0135551
0.0135638
0.0135724
0.013581
0.0135896
0.0135981
0.0136066
0.013615
0.0136234
0.0136318
0.0136401
0.0136484
0.0136566
0.0136648
0.0136729
0.0122786
0.0122878
0.0122969
0.012306
0.0123151
0.0123241
0.012333
0.0123419
0.0123508
0.0123596
0.0123684
0.0123771
0.0123857
0.0123944
0.012403
0.0124115
0.01242
0.0124285
0.0124369
0.0124453
0.0124536
0.0124619
0.0124701
0.0124784
0.0124865
0.0124947
0.0111068
0.0111159
0.011125
0.0111341
0.0111431
0.0111521
0.011161
0.0111699
0.0111787
0.0111875
0.0111963
0.011205
0.0112136
0.0112222
0.0112308
0.0112393
0.0112478
0.0112563
0.0112646
0.011273
0.0112813
0.0112896
0.0112978
0.011306
0.0113142
0.0113223
0.00994076
0.0099499
0.00995899
0.00996803
0.00997703
0.00998598
0.00999488
0.0100037
0.0100126
0.0100213
0.01003
0.0100387
0.0100474
0.0100559
0.0100645
0.010073
0.0100815
0.0100899
0.0100982
0.0101066
0.0101149
0.0101231
0.0101313
0.0101395
0.0101476
0.0101557
0.00878055
0.00878967
0.00879873
0.00880776
0.00881673
0.00882566
0.00883454
0.00884338
0.00885217
0.00886092
0.00886962
0.00887827
0.00888689
0.00889545
0.00890398
0.00891246
0.0089209
0.0089293
0.00893765
0.00894597
0.00895424
0.00896247
0.00897066
0.00897881
0.00898692
0.00899499
0.0076261
0.00763519
0.00764424
0.00765324
0.00766219
0.0076711
0.00767996
0.00768878
0.00769755
0.00770627
0.00771495
0.00772359
0.00773218
0.00774072
0.00774923
0.00775769
0.00776611
0.00777449
0.00778282
0.00779112
0.00779937
0.00780758
0.00781575
0.00782388
0.00783197
0.00784002
0.00647737
0.00648644
0.00649546
0.00650444
0.00651337
0.00652226
0.0065311
0.00653989
0.00654864
0.00655734
0.006566
0.00657462
0.00658319
0.00659171
0.0066002
0.00660864
0.00661704
0.00662539
0.00663371
0.00664198
0.00665021
0.0066584
0.00666655
0.00667466
0.00668273
0.00669076
0.00533431
0.00534336
0.00535236
0.00536132
0.00537023
0.00537909
0.00538791
0.00539668
0.00540541
0.00541409
0.00542273
0.00543132
0.00543987
0.00544838
0.00545684
0.00546526
0.00547364
0.00548198
0.00549027
0.00549852
0.00550673
0.0055149
0.00552303
0.00553112
0.00553917
0.00554719
0.00419688
0.00420591
0.00421489
0.00422383
0.00423271
0.00424156
0.00425035
0.0042591
0.00426781
0.00427647
0.00428509
0.00429366
0.00430219
0.00431067
0.00431912
0.00432752
0.00433588
0.00434419
0.00435247
0.0043607
0.00436889
0.00437704
0.00438515
0.00439322
0.00440125
0.00440924
