 Tensors 14 Optimal Error 0.00108559
 #error
0.0269525
0.0269654
0.0269781
0.0269908
0.0270034
0.0270159
0.0270284
0.0270408
0.0270531
0.0270654
0.0270776
0.0270898
0.0271019
0.0271139
0.0271259
0.0271378
0.0271496
0.0271614
0.0271732
0.0271848
0.0271965
0.027208
0.0272195
0.027231
0.0272423
0.0272537
0.025687
0.0256998
0.0257125
0.0257251
0.0257377
0.0257502
0.0257626
0.025775
0.0257873
0.0257996
0.0258118
0.0258239
0.0258359
0.025848
0.0258599
0.0258718
0.0258836
0.0258954
0.0259071
0.0259187
0.0259303
0.0259418
0.0259533
0.0259647
0.0259761
0.0259874
0.0244281
0.0244408
0.0244535
0.0244661
0.0244786
0.0244911
0.0245035
0.0245159
0.0245281
0.0245404
0.0245525
0.0245646
0.0245766
0.0245886
0.0246005
0.0246124
0.0246242
0.0246359
0.0246476
0.0246592
0.0246707
0.0246822
0.0246937
0.0247051
0.0247164
0.0247277
0.0231757
0.0231884
0.0232011
0.0232136
0.0232261
0.0232386
0.0232509
0.0232633
0.0232755
0.0232877
0.0232998
0.0233119
0.0233239
0.0233358
0.0233477
0.0233595
0.0233713
0.023383
0.0233946
0.0234062
0.0234177
0.0234292
0.0234406
0.023452
0.0234633
0.0234745
0.0219299
0.0219425
0.0219551
0.0219677
0.0219801
0.0219925
0.0220049
0.0220172
0.0220294
0.0220415
0.0220536
0.0220657
0.0220776
0.0220896
0.0221014
0.0221132
0.0221249
0.0221366
0.0221482
0.0221598
0.0221713
0.0221827
0.0221941
0.0222054
0.0222167
0.0222279
0.0206904
0.0207031
0.0207157
0.0207282
0.0207406
0.020753
0.0207653
0.0207775
0.0207897
0.0208019
0.0208139
0.0208259
0.0208379
0.0208497
0.0208616
0.0208733
0.020885
0.0208967
0.0209082
0.0209198
0.0209312
0.0209426
0.020954
0.0209653
0.0209765
0.0209877
0.0194574
0.0194701
0.0194826
0.0194951
0.0195075
0.0195198
0.0195321
0.0195443
0.0195565
0.0195686
0.0195806
0.0195926
0.0196045
0.0196163
0.0196281
0.0196399
0.0196515
0.0196631
0.0196747
0.0196862
0.0196976
0.019709
0.0197203
0.0197316
0.0197428
0.019754
0.0182308
0.0182434
0.0182559
0.0182683
0.0182807
0.018293
0.0183053
0.0183175
0.0183296
0.0183417
0.0183537
0.0183656
0.0183775
0.0183893
0.0184011
0.0184128
0.0184244
0.018436
0.0184475
0.018459
0.0184704
0.0184817
0.018493
0.0185043
0.0185154
0.0185266
0.0170105
0.017023
0.0170355
0.0170479
0.0170603
0.0170725
0.0170848
0.0170969
0.017109
0.017121
0.017133
0.0171449
0.0171568
0.0171686
0.0171803
0.017192
0.0172036
0.0172151
0.0172266
0.0172381
0.0172494
0.0172608
0.017272
0.0172832
0.0172944
0.0173055
0.0157964
0.0158089
0.0158214
0.0158337
0.0158461
0.0158583
0.0158705
0.0158826
0.0158947
0.0159067
0.0159186
0.0159305
0.0159423
0.0159541
0.0159658
0.0159774
0.015989
0.0160005
0.016012
0.0160234
0.0160348
0.016046
0.0160573
0.0160685
0.0160796
0.0160907
0.0145885
0.014601
0.0146134
0.0146258
0.0146381
0.0146503
0.0146625
0.0146745
0.0146866
0.0146986
0.0147105
0.0147223
0.0147341
0.0147458
0.0147575
0.0147691
0.0147807
0.0147922
0.0148036
0.014815
0.0148263
0.0148376
0.0148488
0.0148599
0.014871
0.0148821
0.0133868
0.0133993
0.0134117
0.013424
0.0134363
0.0134484
0.0134606
0.0134726
0.0134846
0.0134966
0.0135085
0.0135203
0.013532
0.0135437
0.0135554
0.013567
0.0135785
0.0135899
0.0136014
0.0136127
0.013624
0.0136352
0.0136464
0.0136575
0.0136686
0.0136796
0.0121913
0.0122037
0.012216
0.0122283
0.0122405
0.0122527
0.0122648
0.0122768
0.0122888
0.0123007
0.0123126
0.0123244
0.0123361
0.0123478
0.0123594
0.0123709
0.0123824
0.0123939
0.0124052
0.0124166
0.0124278
0.012439
0.0124502
0.0124613
0.0124723
0.0124833
0.0110018
0.0110141
0.0110265
0.0110387
0.0110509
0.011063
0.0110751
0.0110871
0.0110991
0.0111109
0.0111228
0.0111345
0.0111462
0.0111579
0.0111694
0.011181
0.0111924
0.0112038
0.0112152
0.0112265
0.0112377
0.0112489
0.01126
0.0112711
0.0112821
0.0112931
0.00981828
0.00983063
0.00984292
0.00985515
0.00986731
0.00987941
0.00989145
0.00990342
0.00991533
0.00992719
0.00993898
0.00995071
0.00996238
0.00997399
0.00998554
0.00999704
0.0100085
0.0100199
0.0100312
0.0100424
0.0100537
0.0100648
0.0100759
0.0100869
0.0100979
0.0101089
0.00864078
0.0086531
0.00866536
0.00867755
0.00868969
0.00870175
0.00871376
0.0087257
0.00873759
0.00874941
0.00876117
0.00877287
0.00878452
0.0087961
0.00880762
0.00881909
0.0088305
0.00884185
0.00885314
0.00886438
0.00887556
0.00888669
0.00889776
0.00890877
0.00891973
0.00893064
0.00746921
0.0074815
0.00749373
0.00750589
0.00751799
0.00753003
0.00754201
0.00755392
0.00756578
0.00757757
0.0075893
0.00760097
0.00761259
0.00762414
0.00763564
0.00764707
0.00765845
0.00766978
0.00768104
0.00769225
0.00770341
0.0077145
0.00772555
0.00773653
0.00774747
0.00775835
0.00630352
0.00631579
0.00632798
0.00634012
0.00635219
0.0063642
0.00637615
0.00638803
0.00639986
0.00641162
0.00642332
0.00643497
0.00644655
0.00645808
0.00646954
0.00648095
0.0064923
0.0065036
0.00651484
0.00652602
0.00653714
0.00654821
0.00655923
0.00657019
0.0065811
0.00659195
0.00514369
0.00515592
0.00516809
0.00518019
0.00519223
0.00520421
0.00521613
0.00522799
0.00523978
0.00525151
0.00526319
0.0052748
0.00528636
0.00529786
0.00530929
0.00532068
0.005332
0.00534327
0.00535448
0.00536563
0.00537673
0.00538777
0.00539876
0.00540969
0.00542057
0.0054314
0.00398965
0.00400185
0.00401399
0.00402607
0.00403808
0.00405003
0.00406192
0.00407374
0.00408551
0.00409721
0.00410886
0.00412044
0.00413197
0.00414344
0.00415485
0.0041662
0.0041775
0.00418874
0.00419992
0.00421105
0.00422212
0.00423313
0.00424409
0.004255
0.00426585
0.00427665
0.00284137
0.00285355
0.00286565
0.0028777
0.00288968
0.0029016
0.00291346
0.00292526
0.00293699
0.00294867
0.00296029
0.00297184
0.00298334
0.00299478
0.00300616
0.00301749
0.00302876
0.00303997
0.00305112
0.00306222
0.00307327
0.00308425
0.00309519
0.00310607
0.00311689
0.00312767
0.00170254
0.00171256
0.00172304
0.00173504
0.001747
0.00175889
0.00177072
0.00178249
0.00179419
0.00180584
0.00181743
0.00182896
0.00184043
0.00185184
0.0018632
0.00187449
0.00188573
0.00189692
0.00190804
0.00191911
0.00193013
0.00194109
0.001952
0.00196285
0.00197365
0.0019844
0.00108559
0.00108997
0.00109433
0.00109867
0.00110299
0.00110729
0.00111156
0.00111581
0.00112004
0.00112425
0.00112843
0.0011326
0.00113674
0.00114086
0.00114496
0.00114904
0.0011531
0.00115714
0.00116116
0.00116516
0.00116914
0.0011731
0.00117704
0.00118096
0.00118486
0.00118874
0.00121328
0.00121052
0.00120777
0.00120503
0.00120231
0.0011996
0.00119691
0.00119423
0.00119156
0.00118891
0.00118627
0.00118364
0.00118103
0.00117843
0.00117585
0.00117328
0.00117072
0.00116817
0.00116563
0.00116311
0.0011606
0.00115811
0.00115562
0.00115315
0.00115069
0.00114825
0.00184781
0.00183887
0.00182997
0.00182112
0.00181231
0.00180355
0.00179483
0.00178616
0.00177754
0.00176896
0.00176042
0.00175192
0.00174347
0.00173507
0.0017267
0.00171838
0.0017101
0.00170186
0.00169366
0.0016855
0.00167739
0.00166931
0.00166127
0.00165328
0.00164532
0.0016374
0.00281515
0.00280312
0.00279116
0.00277926
0.00276743
0.00275565
0.00274394
0.00273229
0.00272069
0.00270916
0.00269768
0.00268626
0.00267491
0.00266361
0.00265236
0.00264117
0.00263004
0.00261897
0.00260795
0.00259699
0.00258608
0.00257522
0.00256442
0.00255367
0.00254298
0.00253234
