 Tensors 11 Optimal Error 0.00521783
 #error
0.0355114
0.0355205
0.0355294
0.0355384
0.0355473
0.0355561
0.0355649
0.0355736
0.0355823
0.035591
0.0355996
0.0356082
0.0356167
0.0356252
0.0356336
0.035642
0.0356504
0.0356587
0.0356669
0.0356752
0.0356833
0.0356915
0.0356996
0.0357077
0.0357157
0.0357237
0.0342235
0.0342325
0.0342415
0.0342504
0.0342593
0.0342681
0.0342768
0.0342856
0.0342942
0.0343029
0.0343115
0.03432
0.0343285
0.034337
0.0343454
0.0343538
0.0343621
0.0343704
0.0343786
0.0343868
0.034395
0.0344031
0.0344112
0.0344193
0.0344273
0.0344352
0.0329424
0.0329514
0.0329603
0.0329692
0.032978
0.0329868
0.0329955
0.0330042
0.0330129
0.0330215
0.0330301
0.0330386
0.0330471
0.0330555
0.0330639
0.0330723
0.0330806
0.0330888
0.0330971
0.0331053
0.0331134
0.0331215
0.0331296
0.0331376
0.0331456
0.0331535
0.0316679
0.0316768
0.0316857
0.0316946
0.0317034
0.0317122
0.0317209
0.0317296
0.0317382
0.0317468
0.0317554
0.0317639
0.0317723
0.0317807
0.0317891
0.0317974
0.0318057
0.031814
0.0318222
0.0318304
0.0318385
0.0318466
0.0318546
0.0318626
0.0318706
0.0318785
0.0304
0.0304089
0.0304178
0.0304267
0.0304355
0.0304442
0.0304529
0.0304616
0.0304702
0.0304787
0.0304873
0.0304957
0.0305042
0.0305126
0.0305209
0.0305292
0.0305375
0.0305457
0.0305539
0.0305621
0.0305702
0.0305782
0.0305863
0.0305942
0.0306022
0.0306101
0.0291387
0.0291476
0.0291565
0.0291653
0.0291741
0.0291828
0.0291915
0.0292001
0.0292087
0.0292172
0.0292257
0.0292342
0.0292426
0.029251
0.0292593
0.0292676
0.0292759
0.0292841
0.0292922
0.0293004
0.0293084
0.0293165
0.0293245
0.0293324
0.0293404
0.0293483
0.0278839
0.0278928
0.0279017
0.0279105
0.0279192
0.0279279
0.0279366
0.0279452
0.0279537
0.0279623
0.0279707
0.0279792
0.0279876
0.0279959
0.0280042
0.0280125
0.0280207
0.0280289
0.0280371
0.0280452
0.0280532
0.0280613
0.0280692
0.0280772
0.0280851
0.0280929
0.0266356
0.0266445
0.0266533
0.0266621
0.0266708
0.0266795
0.0266881
0.0266967
0.0267053
0.0267138
0.0267222
0.0267306
0.026739
0.0267473
0.0267556
0.0267639
0.0267721
0.0267802
0.0267884
0.0267964
0.0268045
0.0268125
0.0268205
0.0268284
0.0268363
0.0268441
0.0253937
0.0254026
0.0254114
0.0254201
0.0254288
0.0254375
0.0254461
0.0254547
0.0254632
0.0254717
0.0254801
0.0254885
0.0254969
0.0255052
0.0255134
0.0255217
0.0255298
0.025538
0.0255461
0.0255542
0.0255622
0.0255702
0.0255781
0.025586
0.0255939
0.0256017
0.0241582
0.024167
0.0241758
0.0241845
0.0241932
0.0242019
0.0242104
0.024219
0.0242275
0.024236
0.0242444
0.0242527
0.0242611
0.0242694
0.0242776
0.0242858
0.024294
0.0243021
0.0243102
0.0243182
0.0243262
0.0243342
0.0243421
0.02435
0.0243578
0.0243656
0.022929
0.0229378
0.0229466
0.0229553
0.0229639
0.0229725
0.0229811
0.0229896
0.0229981
0.0230066
0.023015
0.0230233
0.0230316
0.0230399
0.0230481
0.0230563
0.0230644
0.0230725
0.0230806
0.0230886
0.0230966
0.0231046
0.0231125
0.0231203
0.0231281
0.0231359
0.0217061
0.0217149
0.0217236
0.0217323
0.0217409
0.0217495
0.0217581
0.0217666
0.021775
0.0217834
0.0217918
0.0218001
0.0218084
0.0218167
0.0218249
0.0218331
0.0218412
0.0218493
0.0218573
0.0218653
0.0218733
0.0218812
0.0218891
0.0218969
0.0219047
0.0219125
0.0204894
0.0204981
0.0205068
0.0205155
0.0205241
0.0205327
0.0205412
0.0205497
0.0205582
0.0205665
0.0205749
0.0205832
0.0205915
0.0205997
0.0206079
0.020616
0.0206241
0.0206322
0.0206402
0.0206482
0.0206561
0.020664
0.0206719
0.0206797
0.0206875
0.0206953
0.0192789
0.0192876
0.0192963
0.0193049
0.0193135
0.0193221
0.0193306
0.019339
0.0193475
0.0193558
0.0193642
0.0193725
0.0193807
0.0193889
0.0193971
0.0194052
0.0194133
0.0194213
0.0194293
0.0194373
0.0194452
0.0194531
0.0194609
0.0194687
0.0194765
0.0194842
0.0180745
0.0180832
0.0180918
0.0181005
0.018109
0.0181176
0.0181261
0.0181345
0.0181429
0.0181512
0.0181596
0.0181678
0.0181761
0.0181842
0.0181924
0.0182005
0.0182086
0.0182166
0.0182246
0.0182325
0.0182404
0.0182483
0.0182561
0.0182639
0.0182716
0.0182793
0.0168762
0.0168849
0.0168935
0.0169021
0.0169106
0.0169192
0.0169276
0.016936
0.0169444
0.0169527
0.016961
0.0169693
0.0169775
0.0169857
0.0169938
0.0170019
0.0170099
0.0170179
0.0170259
0.0170338
0.0170417
0.0170495
0.0170573
0.0170651
0.0170728
0.0170805
0.0156839
0.0156926
0.0157012
0.0157098
0.0157183
0.0157268
0.0157352
0.0157436
0.015752
0.0157603
0.0157686
0.0157768
0.015785
0.0157931
0.0158012
0.0158093
0.0158173
0.0158253
0.0158332
0.0158411
0.015849
0.0158568
0.0158646
0.0158724
0.0158801
0.0158877
0.0144976
0.0145063
0.0145149
0.0145234
0.0145319
0.0145404
0.0145488
0.0145572
0.0145655
0.0145738
0.0145821
0.0145903
0.0145985
0.0146066
0.0146147
0.0146227
0.0146307
0.0146387
0.0146466
0.0146545
0.0146623
0.0146701
0.0146779
0.0146856
0.0146933
0.014701
0.0133173
0.0133259
0.0133345
0.013343
0.0133515
0.01336
0.0133684
0.0133767
0.013385
0.0133933
0.0134015
0.0134097
0.0134179
0.013426
0.013434
0.0134421
0.01345
0.013458
0.0134659
0.0134738
0.0134816
0.0134894
0.0134971
0.0135048
0.0135125
0.0135201
0.0121429
0.0121515
0.01216
0.0121685
0.012177
0.0121854
0.0121938
0.0122021
0.0122104
0.0122187
0.0122269
0.0122351
0.0122432
0.0122513
0.0122593
0.0122673
0.0122753
0.0122832
0.0122911
0.0122989
0.0123068
0.0123145
0.0123222
0.0123299
0.0123376
0.0123452
0.0109743
0.0109829
0.0109914
0.0109999
0.0110084
0.0110168
0.0110251
0.0110334
0.0110417
0.0110499
0.0110581
0.0110663
0.0110744
0.0110825
0.0110905
0.0110985
0.0111064
0.0111143
0.0111222
0.01113
0.0111378
0.0111455
0.0111532
0.0111609
0.0111685
0.0111761
0.00981155
0.00982011
0.00982862
0.00983709
0.00984552
0.0098539
0.00986224
0.00987054
0.00987879
0.00988701
0.00989517
0.0099033
0.00991139
0.00991944
0.00992744
0.00993541
0.00994333
0.00995121
0.00995906
0.00996687
0.00997463
0.00998236
0.00999005
0.0099977
0.0100053
0.0100129
0.00865456
0.0086631
0.0086716
0.00868005
0.00868846
0.00869682
0.00870514
0.00871341
0.00872165
0.00872984
0.00873799
0.0087461
0.00875417
0.00876219
0.00877018
0.00877812
0.00878603
0.00879389
0.00880172
0.00880951
0.00881725
0.00882496
0.00883264
0.00884027
0.00884786
0.00885542
0.00750331
0.00751183
0.00752031
0.00752874
0.00753712
0.00754546
0.00755376
0.00756202
0.00757023
0.00757841
0.00758654
0.00759463
0.00760267
0.00761068
0.00761865
0.00762657
0.00763446
0.0076423
0.00765011
0.00765788
0.00766561
0.0076733
0.00768095
0.00768857
0.00769614
0.00770368
0.00635775
0.00636625
0.0063747
0.00638311
0.00639147
0.0063998
0.00640808
0.00641631
0.00642451
0.00643266
0.00644077
0.00644884
0.00645687
0.00646485
0.0064728
0.00648071
0.00648857
0.0064964
0.00650419
0.00651194
0.00651965
0.00652732
0.00653496
0.00654255
0.00655011
0.00655763
0.00521783
0.00522631
0.00523474
0.00524313
0.00525147
0.00525978
0.00526803
0.00527625
0.00528443
0.00529256
0.00530065
0.0053087
0.00531671
0.00532468
0.0053326
0.00534049
0.00534834
0.00535615
0.00536392
0.00537165
0.00537934
0.00538699
0.00539461
0.00540218
0.00540972
0.00541723
