#x y at the midpoint of each cell all the solution components
-0.500000 0.783369 -0.000007 -0.553926 -0.171341 0.051337 
-0.496094 0.774751 0.000007 -0.547832 -0.171360 0.049407 
-0.496094 0.774751 0.000007 -0.547832 -0.171360 0.049407 
-0.492188 0.766317 0.000003 -0.541869 -0.171355 0.047591 
-0.492188 0.766317 0.000003 -0.541869 -0.171355 0.047591 
-0.488281 0.758003 0.000003 -0.535990 -0.171355 0.045847 
-0.488281 0.758003 0.000003 -0.535990 -0.171355 0.045847 
-0.484375 0.749819 0.000003 -0.530203 -0.171355 0.044181 
-0.484375 0.749819 0.000003 -0.530203 -0.171355 0.044181 
-0.480469 0.741757 0.000003 -0.524502 -0.171354 0.042591 
-0.480469 0.741757 0.000003 -0.524502 -0.171354 0.042591 
-0.476562 0.733812 0.000003 -0.518884 -0.171354 0.041072 
-0.476562 0.733812 0.000003 -0.518884 -0.171354 0.041072 
-0.472656 0.725978 0.000003 -0.513344 -0.171354 0.039621 
-0.472656 0.725978 0.000003 -0.513344 -0.171354 0.039621 
-0.468750 0.718248 0.000002 -0.507879 -0.171354 0.038235 
-0.468750 0.718248 0.000002 -0.507879 -0.171354 0.038235 
-0.464844 0.710619 0.000002 -0.502484 -0.171354 0.036910 
-0.464844 0.710619 0.000002 -0.502484 -0.171354 0.036910 
-0.460938 0.703085 0.000002 -0.497157 -0.171353 0.035643 
-0.460938 0.703085 0.000002 -0.497157 -0.171353 0.035643 
-0.457031 0.695641 0.000002 -0.491893 -0.171353 0.034431 
-0.457031 0.695641 0.000002 -0.491893 -0.171353 0.034431 
-0.453125 0.688283 0.000002 -0.486690 -0.171353 0.033271 
-0.453125 0.688283 0.000002 -0.486690 -0.171353 0.033271 
-0.449219 0.681007 0.000002 -0.481545 -0.171353 0.032162 
-0.449219 0.681007 0.000002 -0.481545 -0.171353 0.032162 
-0.445312 0.673807 0.000002 -0.476454 -0.171353 0.031100 
-0.445312 0.673807 0.000002 -0.476454 -0.171353 0.031100 
-0.441406 0.666682 0.000002 -0.471416 -0.171353 0.030083 
-0.441406 0.666682 0.000002 -0.471416 -0.171353 0.030083 
-0.437500 0.659626 0.000002 -0.466427 -0.171353 0.029109 
-0.437500 0.659626 0.000002 -0.466427 -0.171353 0.029109 
-0.433594 0.652637 0.000002 -0.461485 -0.171353 0.028176 
-0.433594 0.652637 0.000002 -0.461485 -0.171353 0.028176 
-0.429688 0.645711 0.000001 -0.456587 -0.171353 0.027281 
-0.429688 0.645711 0.000001 -0.456587 -0.171353 0.027281 
-0.425781 0.638846 0.000001 -0.451733 -0.171352 0.026424 
-0.425781 0.638846 0.000001 -0.451733 -0.171352 0.026424 
-0.421875 0.632037 0.000001 -0.446918 -0.171352 0.025601 
-0.421875 0.632037 0.000001 -0.446918 -0.171352 0.025601 
-0.417969 0.625283 0.000001 -0.442142 -0.171352 0.024812 
-0.417969 0.625283 0.000001 -0.442142 -0.171352 0.024812 
-0.414062 0.618581 0.000001 -0.437403 -0.171352 0.024054 
-0.414062 0.618581 0.000001 -0.437403 -0.171352 0.024054 
-0.410156 0.611928 0.000001 -0.432699 -0.171352 0.023327 
-0.410156 0.611928 0.000001 -0.432699 -0.171352 0.023327 
-0.406250 0.605322 0.000001 -0.428028 -0.171352 0.022628 
-0.406250 0.605322 0.000001 -0.428028 -0.171352 0.022628 
-0.402344 0.598761 0.000001 -0.423388 -0.171352 0.021957 
-0.402344 0.598761 0.000001 -0.423388 -0.171352 0.021957 
-0.398438 0.592242 0.000001 -0.418779 -0.171352 0.021311 
-0.398438 0.592242 0.000001 -0.418779 -0.171352 0.021311 
-0.394531 0.585764 0.000001 -0.414198 -0.171352 0.020691 
-0.394531 0.585764 0.000001 -0.414198 -0.171352 0.020691 
-0.390625 0.579324 0.000001 -0.409644 -0.171352 0.020094 
-0.390625 0.579324 0.000001 -0.409644 -0.171352 0.020094 
-0.386719 0.572921 0.000001 -0.405116 -0.171352 0.019519 
-0.386719 0.572921 0.000001 -0.405116 -0.171352 0.019519 
-0.382812 0.566553 0.000001 -0.400614 -0.171352 0.018966 
-0.382812 0.566553 0.000001 -0.400614 -0.171352 0.018966 
-0.378906 0.560218 0.000001 -0.396134 -0.171352 0.018434 
-0.378906 0.560218 0.000001 -0.396134 -0.171352 0.018434 
-0.375000 0.553915 0.000001 -0.391677 -0.171352 0.017921 
-0.375000 0.553915 0.000001 -0.391677 -0.171352 0.017921 
-0.371094 0.547642 0.000001 -0.387242 -0.171352 0.017426 
-0.371094 0.547642 0.000001 -0.387242 -0.171352 0.017426 
-0.367188 0.541398 0.000001 -0.382826 -0.171351 0.016949 
-0.367188 0.541398 0.000001 -0.382826 -0.171351 0.016949 
-0.363281 0.535182 0.000001 -0.378431 -0.171351 0.016489 
-0.363281 0.535182 0.000001 -0.378431 -0.171351 0.016489 
-0.359375 0.528991 0.000001 -0.374053 -0.171351 0.016045 
-0.359375 0.528991 0.000001 -0.374053 -0.171351 0.016045 
-0.355469 0.522826 0.000001 -0.369694 -0.171351 0.015616 
-0.355469 0.522826 0.000001 -0.369694 -0.171351 0.015616 
-0.351562 0.516685 0.000001 -0.365351 -0.171351 0.015202 
-0.351562 0.516685 0.000001 -0.365351 -0.171351 0.015202 
-0.347656 0.510566 0.000001 -0.361025 -0.171351 0.014802 
-0.347656 0.510566 0.000001 -0.361025 -0.171351 0.014802 
-0.343750 0.504469 0.000001 -0.356714 -0.171351 0.014415 
-0.343750 0.504469 0.000001 -0.356714 -0.171351 0.014415 
-0.339844 0.498393 0.000001 -0.352417 -0.171351 0.014041 
-0.339844 0.498393 0.000001 -0.352417 -0.171351 0.014041 
-0.335938 0.492337 0.000000 -0.348135 -0.171351 0.013678 
-0.335938 0.492337 0.000000 -0.348135 -0.171351 0.013678 
-0.332031 0.486299 0.000000 -0.343866 -0.171351 0.013328 
-0.332031 0.486299 0.000000 -0.343866 -0.171351 0.013328 
-0.328125 0.480280 0.000000 -0.339609 -0.171351 0.012989 
-0.328125 0.480280 0.000000 -0.339609 -0.171351 0.012989 
-0.324219 0.474278 0.000000 -0.335365 -0.171351 0.012660 
-0.324219 0.474278 0.000000 -0.335365 -0.171351 0.012660 
-0.320312 0.468292 0.000000 -0.331133 -0.171351 0.012341 
-0.320312 0.468292 0.000000 -0.331133 -0.171351 0.012341 
-0.316406 0.462322 0.000000 -0.326911 -0.171351 0.012032 
-0.316406 0.462322 0.000000 -0.326911 -0.171351 0.012032 
-0.312500 0.456367 0.000000 -0.322701 -0.171351 0.011732 
-0.312500 0.456367 0.000000 -0.322701 -0.171351 0.011732 
-0.308594 0.450427 0.000000 -0.318500 -0.171351 0.011441 
-0.308594 0.450427 0.000000 -0.318500 -0.171351 0.011441 
-0.304688 0.444501 0.000000 -0.314309 -0.171351 0.011158 
-0.304688 0.444501 0.000000 -0.314309 -0.171351 0.011158 
-0.300781 0.438587 0.000000 -0.310128 -0.171351 0.010884 
-0.300781 0.438587 0.000000 -0.310128 -0.171351 0.010884 
-0.296875 0.432686 0.000000 -0.305956 -0.171351 0.010617 
-0.296875 0.432686 0.000000 -0.305956 -0.171351 0.010617 
-0.292969 0.426798 0.000000 -0.301792 -0.171351 0.010358 
-0.292969 0.426798 0.000000 -0.301792 -0.171351 0.010358 
-0.289062 0.420920 0.000000 -0.297636 -0.171351 0.010105 
-0.289062 0.420920 0.000000 -0.297636 -0.171351 0.010105 
-0.285156 0.415054 0.000000 -0.293488 -0.171351 0.009860 
-0.285156 0.415054 0.000000 -0.293488 -0.171351 0.009860 
-0.281250 0.409199 0.000000 -0.289347 -0.171351 0.009621 
-0.281250 0.409199 0.000000 -0.289347 -0.171351 0.009621 
-0.277344 0.403353 0.000000 -0.285214 -0.171351 0.009388 
-0.277344 0.403353 0.000000 -0.285214 -0.171351 0.009388 
-0.273438 0.397518 0.000000 -0.281088 -0.171351 0.009161 
-0.273438 0.397518 0.000000 -0.281088 -0.171351 0.009161 
-0.269531 0.391691 0.000000 -0.276968 -0.171351 0.008940 
-0.269531 0.391691 0.000000 -0.276968 -0.171351 0.008940 
-0.265625 0.385874 0.000000 -0.272854 -0.171351 0.008724 
-0.265625 0.385874 0.000000 -0.272854 -0.171351 0.008724 
-0.261719 0.380065 0.000000 -0.268747 -0.171351 0.008514 
-0.261719 0.380065 0.000000 -0.268747 -0.171351 0.008514 
-0.257812 0.374265 0.000000 -0.264645 -0.171351 0.008308 
-0.257812 0.374265 0.000000 -0.264645 -0.171351 0.008308 
-0.253906 0.368472 0.000000 -0.260549 -0.171351 0.008107 
-0.253906 0.368472 0.000000 -0.260549 -0.171351 0.008107 
-0.250000 0.362687 0.000000 -0.256458 -0.171351 0.007911 
-0.250000 0.362687 0.000000 -0.256458 -0.171351 0.007911 
-0.246094 0.356909 0.000000 -0.252373 -0.171351 0.007720 
-0.246094 0.356909 0.000000 -0.252373 -0.171351 0.007720 
-0.242188 0.351138 0.000000 -0.248292 -0.171351 0.007533 
-0.242188 0.351138 0.000000 -0.248292 -0.171351 0.007533 
-0.238281 0.345374 0.000000 -0.244216 -0.171351 0.007349 
-0.238281 0.345374 0.000000 -0.244216 -0.171351 0.007349 
-0.234375 0.339616 0.000000 -0.240145 -0.171351 0.007170 
-0.234375 0.339616 0.000000 -0.240145 -0.171351 0.007170 
-0.230469 0.333864 0.000000 -0.236077 -0.171351 0.006995 
-0.230469 0.333864 0.000000 -0.236077 -0.171351 0.006995 
-0.226562 0.328118 0.000000 -0.232015 -0.171351 0.006823 
-0.226562 0.328118 0.000000 -0.232015 -0.171351 0.006823 
-0.222656 0.322378 0.000000 -0.227956 -0.171351 0.006654 
-0.222656 0.322378 0.000000 -0.227956 -0.171351 0.006654 
-0.218750 0.316643 0.000000 -0.223901 -0.171351 0.006489 
-0.218750 0.316643 0.000000 -0.223901 -0.171351 0.006489 
-0.214844 0.310914 0.000000 -0.219849 -0.171351 0.006327 
-0.214844 0.310914 0.000000 -0.219849 -0.171351 0.006327 
-0.210938 0.305189 0.000000 -0.215802 -0.171351 0.006168 
-0.210938 0.305189 0.000000 -0.215802 -0.171351 0.006168 
-0.207031 0.299470 0.000000 -0.211757 -0.171351 0.006013 
-0.207031 0.299470 0.000000 -0.211757 -0.171351 0.006013 
-0.203125 0.293755 0.000000 -0.207716 -0.171351 0.005860 
-0.203125 0.293755 0.000000 -0.207716 -0.171351 0.005860 
-0.199219 0.288044 0.000000 -0.203678 -0.171351 0.005709 
-0.199219 0.288044 0.000000 -0.203678 -0.171351 0.005709 
-0.195312 0.282338 0.000000 -0.199643 -0.171351 0.005562 
-0.195312 0.282338 0.000000 -0.199643 -0.171351 0.005562 
-0.191406 0.276636 0.000000 -0.195611 -0.171351 0.005417 
-0.191406 0.276636 0.000000 -0.195611 -0.171351 0.005417 
-0.187500 0.270938 0.000000 -0.191582 -0.171351 0.005274 
-0.187500 0.270938 0.000000 -0.191582 -0.171351 0.005274 
-0.183594 0.265244 0.000000 -0.187556 -0.171351 0.005134 
-0.183594 0.265244 0.000000 -0.187556 -0.171351 0.005134 
-0.179688 0.259553 0.000000 -0.183532 -0.171351 0.004996 
-0.179688 0.259553 0.000000 -0.183532 -0.171351 0.004996 
-0.175781 0.253866 0.000000 -0.179511 -0.171351 0.004860 
-0.175781 0.253866 0.000000 -0.179511 -0.171351 0.004860 
-0.171875 0.248182 0.000000 -0.175492 -0.171351 0.004726 
-0.171875 0.248182 0.000000 -0.175492 -0.171351 0.004726 
-0.167969 0.242502 0.000000 -0.171475 -0.171351 0.004594 
-0.167969 0.242502 0.000000 -0.171475 -0.171351 0.004594 
-0.164062 0.236825 0.000000 -0.167460 -0.171351 0.004464 
-0.164062 0.236825 0.000000 -0.167460 -0.171351 0.004464 
-0.160156 0.231150 0.000000 -0.163448 -0.171351 0.004336 
-0.160156 0.231150 0.000000 -0.163448 -0.171351 0.004336 
-0.156250 0.225479 0.000000 -0.159438 -0.171351 0.004210 
-0.156250 0.225479 0.000000 -0.159438 -0.171351 0.004210 
-0.152344 0.219810 0.000000 -0.155430 -0.171351 0.004085 
-0.152344 0.219810 0.000000 -0.155430 -0.171351 0.004085 
-0.148438 0.214145 0.000000 -0.151423 -0.171351 0.003962 
-0.148438 0.214145 0.000000 -0.151423 -0.171351 0.003962 
-0.144531 0.208481 0.000000 -0.147418 -0.171351 0.003841 
-0.144531 0.208481 0.000000 -0.147418 -0.171351 0.003841 
-0.140625 0.202820 0.000000 -0.143416 -0.171351 0.003721 
-0.140625 0.202820 0.000000 -0.143416 -0.171351 0.003721 
-0.136719 0.197162 0.000000 -0.139414 -0.171351 0.003602 
-0.136719 0.197162 0.000000 -0.139414 -0.171351 0.003602 
-0.132812 0.191505 0.000000 -0.135415 -0.171351 0.003485 
-0.132812 0.191505 0.000000 -0.135415 -0.171351 0.003485 
-0.128906 0.185851 0.000000 -0.131417 -0.171351 0.003370 
-0.128906 0.185851 0.000000 -0.131417 -0.171351 0.003370 
-0.125000 0.180199 0.000000 -0.127420 -0.171351 0.003255 
-0.125000 0.180199 0.000000 -0.127420 -0.171351 0.003255 
-0.121094 0.174549 0.000000 -0.123425 -0.171351 0.003142 
-0.121094 0.174549 0.000000 -0.123425 -0.171351 0.003142 
-0.117188 0.168901 0.000000 -0.119431 -0.171351 0.003030 
-0.117188 0.168901 0.000000 -0.119431 -0.171351 0.003030 
-0.113281 0.163255 0.000000 -0.115439 -0.171351 0.002919 
-0.113281 0.163255 0.000000 -0.115439 -0.171351 0.002919 
-0.109375 0.157610 0.000000 -0.111447 -0.171351 0.002809 
-0.109375 0.157610 0.000000 -0.111447 -0.171351 0.002809 
-0.105469 0.151967 0.000000 -0.107457 -0.171351 0.002700 
-0.105469 0.151967 0.000000 -0.107457 -0.171351 0.002700 
-0.101562 0.146326 0.000000 -0.103468 -0.171351 0.002592 
-0.101562 0.146326 0.000000 -0.103468 -0.171351 0.002592 
-0.097656 0.140686 0.000000 -0.099480 -0.171351 0.002485 
-0.097656 0.140686 0.000000 -0.099480 -0.171351 0.002485 
-0.093750 0.135048 0.000000 -0.095493 -0.171351 0.002379 
-0.093750 0.135048 0.000000 -0.095493 -0.171351 0.002379 
-0.089844 0.129411 0.000000 -0.091508 -0.171351 0.002274 
-0.089844 0.129411 0.000000 -0.091508 -0.171351 0.002274 
-0.085938 0.123776 0.000000 -0.087523 -0.171351 0.002170 
-0.085938 0.123776 0.000000 -0.087523 -0.171351 0.002170 
-0.082031 0.118141 0.000000 -0.083538 -0.171351 0.002066 
-0.082031 0.118141 0.000000 -0.083538 -0.171351 0.002066 
-0.078125 0.112508 0.000000 -0.079555 -0.171351 0.001963 
-0.078125 0.112508 0.000000 -0.079555 -0.171351 0.001963 
-0.074219 0.106876 0.000000 -0.075573 -0.171351 0.001861 
-0.074219 0.106876 0.000000 -0.075573 -0.171351 0.001861 
-0.070312 0.101245 0.000000 -0.071591 -0.171351 0.001759 
-0.070312 0.101245 0.000000 -0.071591 -0.171351 0.001759 
-0.066406 0.095615 0.000000 -0.067610 -0.171351 0.001658 
-0.066406 0.095615 0.000000 -0.067610 -0.171351 0.001658 
-0.062500 0.089986 0.000000 -0.063630 -0.171351 0.001558 
-0.062500 0.089986 0.000000 -0.063630 -0.171351 0.001558 
-0.058594 0.084358 0.000000 -0.059650 -0.171351 0.001458 
-0.058594 0.084358 0.000000 -0.059650 -0.171351 0.001458 
-0.054688 0.078730 0.000000 -0.055671 -0.171351 0.001359 
-0.054688 0.078730 0.000000 -0.055671 -0.171351 0.001359 
-0.050781 0.073103 0.000000 -0.051692 -0.171351 0.001260 
-0.050781 0.073103 0.000000 -0.051692 -0.171351 0.001260 
-0.046875 0.067477 0.000000 -0.047714 -0.171351 0.001161 
-0.046875 0.067477 0.000000 -0.047714 -0.171351 0.001161 
-0.042969 0.061852 0.000000 -0.043736 -0.171351 0.001063 
-0.042969 0.061852 0.000000 -0.043736 -0.171351 0.001063 
-0.039062 0.056227 0.000000 -0.039759 -0.171351 0.000965 
-0.039062 0.056227 0.000000 -0.039759 -0.171351 0.000965 
-0.035156 0.050603 0.000000 -0.035782 -0.171351 0.000868 
-0.035156 0.050603 0.000000 -0.035782 -0.171351 0.000868 
-0.031250 0.044979 0.000000 -0.031805 -0.171351 0.000771 
-0.031250 0.044979 0.000000 -0.031805 -0.171351 0.000771 
-0.027344 0.039356 0.000000 -0.027829 -0.171351 0.000674 
-0.027344 0.039356 0.000000 -0.027829 -0.171351 0.000674 
-0.023438 0.033733 0.000000 -0.023853 -0.171351 0.000577 
-0.023438 0.033733 0.000000 -0.023853 -0.171351 0.000577 
-0.019531 0.028110 0.000000 -0.019877 -0.171351 0.000481 
-0.019531 0.028110 0.000000 -0.019877 -0.171351 0.000481 
-0.015625 0.022488 0.000000 -0.015901 -0.171351 0.000384 
-0.015625 0.022488 0.000000 -0.015901 -0.171351 0.000384 
-0.011719 0.016866 0.000000 -0.011926 -0.171351 0.000288 
-0.011719 0.016866 0.000000 -0.011926 -0.171351 0.000288 
-0.007812 0.011244 0.000000 -0.007951 -0.171351 0.000192 
-0.007812 0.011244 0.000000 -0.007951 -0.171351 0.000192 
-0.003906 0.005622 0.000000 -0.003975 -0.171351 0.000096 
-0.003906 0.005622 0.000000 -0.003975 -0.171351 0.000096 
0.000000 0.000000 0.000000 -0.000000 -0.171351 0.000000 
0.000000 0.000000 0.000000 -0.000000 -0.171351 0.000000 
0.003906 -0.005622 -0.000000 0.003975 -0.171351 -0.000096 
0.003906 -0.005622 -0.000000 0.003975 -0.171351 -0.000096 
0.007812 -0.011244 -0.000000 0.007951 -0.171351 -0.000192 
0.007812 -0.011244 -0.000000 0.007951 -0.171351 -0.000192 
0.011719 -0.016866 -0.000000 0.011926 -0.171351 -0.000288 
0.011719 -0.016866 -0.000000 0.011926 -0.171351 -0.000288 
0.015625 -0.022488 -0.000000 0.015901 -0.171351 -0.000384 
0.015625 -0.022488 -0.000000 0.015901 -0.171351 -0.000384 
0.019531 -0.028110 -0.000000 0.019877 -0.171351 -0.000480 
0.019531 -0.028110 -0.000000 0.019877 -0.171351 -0.000480 
0.023438 -0.033733 -0.000000 0.023853 -0.171351 -0.000577 
0.023438 -0.033733 -0.000000 0.023853 -0.171351 -0.000577 
0.027344 -0.039356 -0.000000 0.027829 -0.171351 -0.000674 
0.027344 -0.039356 -0.000000 0.027829 -0.171351 -0.000674 
0.031250 -0.044979 -0.000000 0.031805 -0.171351 -0.000770 
0.031250 -0.044979 -0.000000 0.031805 -0.171351 -0.000770 
0.035156 -0.050603 -0.000000 0.035782 -0.171351 -0.000868 
0.035156 -0.050603 -0.000000 0.035782 -0.171351 -0.000868 
0.039062 -0.056227 -0.000000 0.039759 -0.171351 -0.000965 
0.039062 -0.056227 -0.000000 0.039759 -0.171351 -0.000965 
0.042969 -0.061852 -0.000000 0.043736 -0.171351 -0.001063 
0.042969 -0.061852 -0.000000 0.043736 -0.171351 -0.001063 
0.046875 -0.067477 -0.000000 0.047714 -0.171351 -0.001161 
0.046875 -0.067477 -0.000000 0.047714 -0.171351 -0.001161 
0.050781 -0.073103 -0.000000 0.051692 -0.171351 -0.001259 
0.050781 -0.073103 -0.000000 0.051692 -0.171351 -0.001259 
0.054688 -0.078730 -0.000000 0.055671 -0.171350 -0.001358 
0.054688 -0.078730 -0.000000 0.055671 -0.171350 -0.001358 
0.058594 -0.084357 -0.000000 0.059650 -0.171350 -0.001458 
0.058594 -0.084357 -0.000000 0.059650 -0.171350 -0.001458 
0.062500 -0.089986 -0.000000 0.063629 -0.171350 -0.001558 
0.062500 -0.089986 -0.000000 0.063629 -0.171350 -0.001558 
0.066406 -0.095615 -0.000000 0.067610 -0.171350 -0.001658 
0.066406 -0.095615 -0.000000 0.067610 -0.171350 -0.001658 
0.070312 -0.101245 -0.000000 0.071591 -0.171350 -0.001759 
0.070312 -0.101245 -0.000000 0.071591 -0.171350 -0.001759 
0.074219 -0.106876 -0.000000 0.075573 -0.171350 -0.001861 
0.074219 -0.106876 -0.000000 0.075573 -0.171350 -0.001861 
0.078125 -0.112508 -0.000000 0.079555 -0.171350 -0.001963 
0.078125 -0.112508 -0.000000 0.079555 -0.171350 -0.001963 
0.082031 -0.118141 -0.000000 0.083538 -0.171350 -0.002066 
0.082031 -0.118141 -0.000000 0.083538 -0.171350 -0.002066 
0.085938 -0.123775 -0.000000 0.087522 -0.171350 -0.002169 
0.085938 -0.123775 -0.000000 0.087522 -0.171350 -0.002169 
0.089844 -0.129411 -0.000000 0.091507 -0.171350 -0.002274 
0.089844 -0.129411 -0.000000 0.091507 -0.171350 -0.002274 
0.093750 -0.135048 -0.000000 0.095493 -0.171350 -0.002379 
0.093750 -0.135048 -0.000000 0.095493 -0.171350 -0.002379 
0.097656 -0.140686 -0.000000 0.099480 -0.171350 -0.002485 
0.097656 -0.140686 -0.000000 0.099480 -0.171350 -0.002485 
0.101562 -0.146326 -0.000000 0.103468 -0.171350 -0.002592 
0.101562 -0.146326 -0.000000 0.103468 -0.171350 -0.002592 
0.105469 -0.151967 -0.000000 0.107457 -0.171350 -0.002700 
0.105469 -0.151967 -0.000000 0.107457 -0.171350 -0.002700 
0.109375 -0.157610 -0.000000 0.111447 -0.171350 -0.002809 
0.109375 -0.157610 -0.000000 0.111447 -0.171350 -0.002809 
0.113281 -0.163255 -0.000000 0.115439 -0.171350 -0.002919 
0.113281 -0.163255 -0.000000 0.115439 -0.171350 -0.002919 
0.117188 -0.168901 -0.000000 0.119431 -0.171350 -0.003030 
0.117188 -0.168901 -0.000000 0.119431 -0.171350 -0.003030 
0.121094 -0.174549 -0.000000 0.123425 -0.171350 -0.003142 
0.121094 -0.174549 -0.000000 0.123425 -0.171350 -0.003142 
0.125000 -0.180199 -0.000000 0.127420 -0.171350 -0.003255 
0.125000 -0.180199 -0.000000 0.127420 -0.171350 -0.003255 
0.128906 -0.185851 -0.000000 0.131417 -0.171350 -0.003369 
0.128906 -0.185851 -0.000000 0.131417 -0.171350 -0.003369 
0.132812 -0.191505 -0.000000 0.135415 -0.171350 -0.003485 
0.132812 -0.191505 -0.000000 0.135415 -0.171350 -0.003485 
0.136719 -0.197162 -0.000000 0.139414 -0.171350 -0.003602 
0.136719 -0.197162 -0.000000 0.139414 -0.171350 -0.003602 
0.140625 -0.202820 -0.000000 0.143415 -0.171350 -0.003721 
0.140625 -0.202820 -0.000000 0.143415 -0.171350 -0.003721 
0.144531 -0.208481 -0.000000 0.147418 -0.171350 -0.003840 
0.144531 -0.208481 -0.000000 0.147418 -0.171350 -0.003840 
0.148438 -0.214144 -0.000000 0.151423 -0.171350 -0.003962 
0.148438 -0.214144 -0.000000 0.151423 -0.171350 -0.003962 
0.152344 -0.219810 -0.000000 0.155429 -0.171350 -0.004085 
0.152344 -0.219810 -0.000000 0.155429 -0.171350 -0.004085 
0.156250 -0.225479 -0.000000 0.159438 -0.171350 -0.004209 
0.156250 -0.225479 -0.000000 0.159438 -0.171350 -0.004209 
0.160156 -0.231150 -0.000000 0.163448 -0.171350 -0.004336 
0.160156 -0.231150 -0.000000 0.163448 -0.171350 -0.004336 
0.164062 -0.236825 -0.000000 0.167460 -0.171350 -0.004464 
0.164062 -0.236825 -0.000000 0.167460 -0.171350 -0.004464 
0.167969 -0.242502 -0.000000 0.171475 -0.171350 -0.004594 
0.167969 -0.242502 -0.000000 0.171475 -0.171350 -0.004594 
0.171875 -0.248182 -0.000000 0.175491 -0.171350 -0.004726 
0.171875 -0.248182 -0.000000 0.175491 -0.171350 -0.004726 
0.175781 -0.253866 -0.000000 0.179510 -0.171350 -0.004859 
0.175781 -0.253866 -0.000000 0.179510 -0.171350 -0.004859 
0.179688 -0.259553 -0.000000 0.183532 -0.171350 -0.004995 
0.179688 -0.259553 -0.000000 0.183532 -0.171350 -0.004995 
0.183594 -0.265244 -0.000000 0.187556 -0.171350 -0.005133 
0.183594 -0.265244 -0.000000 0.187556 -0.171350 -0.005133 
0.187500 -0.270938 -0.000000 0.191582 -0.171350 -0.005274 
0.187500 -0.270938 -0.000000 0.191582 -0.171350 -0.005274 
0.191406 -0.276636 -0.000000 0.195611 -0.171350 -0.005416 
0.191406 -0.276636 -0.000000 0.195611 -0.171350 -0.005416 
0.195312 -0.282338 -0.000000 0.199643 -0.171350 -0.005561 
0.195312 -0.282338 -0.000000 0.199643 -0.171350 -0.005561 
0.199219 -0.288044 -0.000000 0.203678 -0.171350 -0.005709 
0.199219 -0.288044 -0.000000 0.203678 -0.171350 -0.005709 
0.203125 -0.293755 -0.000000 0.207716 -0.171350 -0.005859 
0.203125 -0.293755 -0.000000 0.207716 -0.171350 -0.005859 
0.207031 -0.299470 -0.000000 0.211757 -0.171350 -0.006012 
0.207031 -0.299470 -0.000000 0.211757 -0.171350 -0.006012 
0.210938 -0.305189 -0.000000 0.215801 -0.171350 -0.006168 
0.210938 -0.305189 -0.000000 0.215801 -0.171350 -0.006168 
0.214844 -0.310914 -0.000000 0.219849 -0.171350 -0.006327 
0.214844 -0.310914 -0.000000 0.219849 -0.171350 -0.006327 
0.218750 -0.316643 -0.000000 0.223900 -0.171350 -0.006489 
0.218750 -0.316643 -0.000000 0.223900 -0.171350 -0.006489 
0.222656 -0.322378 -0.000000 0.227955 -0.171350 -0.006654 
0.222656 -0.322378 -0.000000 0.227955 -0.171350 -0.006654 
0.226562 -0.328118 -0.000000 0.232014 -0.171350 -0.006822 
0.226562 -0.328118 -0.000000 0.232014 -0.171350 -0.006822 
0.230469 -0.333864 -0.000000 0.236077 -0.171350 -0.006994 
0.230469 -0.333864 -0.000000 0.236077 -0.171350 -0.006994 
0.234375 -0.339615 -0.000000 0.240144 -0.171350 -0.007169 
0.234375 -0.339615 -0.000000 0.240144 -0.171350 -0.007169 
0.238281 -0.345373 -0.000000 0.244216 -0.171350 -0.007349 
0.238281 -0.345373 -0.000000 0.244216 -0.171350 -0.007349 
0.242188 -0.351138 -0.000000 0.248292 -0.171350 -0.007532 
0.242188 -0.351138 -0.000000 0.248292 -0.171350 -0.007532 
0.246094 -0.356908 -0.000000 0.252372 -0.171350 -0.007719 
0.246094 -0.356908 -0.000000 0.252372 -0.171350 -0.007719 
0.250000 -0.362686 -0.000000 0.256458 -0.171350 -0.007911 
0.250000 -0.362686 -0.000000 0.256458 -0.171350 -0.007911 
0.253906 -0.368472 -0.000000 0.260549 -0.171350 -0.008107 
0.253906 -0.368472 -0.000000 0.260549 -0.171350 -0.008107 
0.257812 -0.374264 -0.000000 0.264645 -0.171350 -0.008307 
0.257812 -0.374264 -0.000000 0.264645 -0.171350 -0.008307 
0.261719 -0.380065 -0.000000 0.268746 -0.171350 -0.008513 
0.261719 -0.380065 -0.000000 0.268746 -0.171350 -0.008513 
0.265625 -0.385874 -0.000000 0.272854 -0.171350 -0.008723 
0.265625 -0.385874 -0.000000 0.272854 -0.171350 -0.008723 
0.269531 -0.391691 -0.000000 0.276967 -0.171350 -0.008939 
0.269531 -0.391691 -0.000000 0.276967 -0.171350 -0.008939 
0.273438 -0.397517 -0.000000 0.281087 -0.171350 -0.009160 
0.273438 -0.397517 -0.000000 0.281087 -0.171350 -0.009160 
0.277344 -0.403353 -0.000000 0.285214 -0.171350 -0.009387 
0.277344 -0.403353 -0.000000 0.285214 -0.171350 -0.009387 
0.281250 -0.409198 -0.000000 0.289347 -0.171350 -0.009620 
0.281250 -0.409198 -0.000000 0.289347 -0.171350 -0.009620 
0.285156 -0.415054 -0.000000 0.293487 -0.171350 -0.009859 
0.285156 -0.415054 -0.000000 0.293487 -0.171350 -0.009859 
0.289062 -0.420920 -0.000000 0.297635 -0.171350 -0.010104 
0.289062 -0.420920 -0.000000 0.297635 -0.171350 -0.010104 
0.292969 -0.426797 -0.000000 0.301791 -0.171350 -0.010357 
0.292969 -0.426797 -0.000000 0.301791 -0.171350 -0.010357 
0.296875 -0.432686 -0.000000 0.305955 -0.171350 -0.010616 
0.296875 -0.432686 -0.000000 0.305955 -0.171350 -0.010616 
0.300781 -0.438586 -0.000000 0.310127 -0.171350 -0.010883 
0.300781 -0.438586 -0.000000 0.310127 -0.171350 -0.010883 
0.304688 -0.444500 -0.000000 0.314309 -0.171350 -0.011157 
0.304688 -0.444500 -0.000000 0.314309 -0.171350 -0.011157 
0.308594 -0.450426 -0.000000 0.318499 -0.171350 -0.011440 
0.308594 -0.450426 -0.000000 0.318499 -0.171350 -0.011440 
0.312500 -0.456367 -0.000000 0.322700 -0.171350 -0.011731 
0.312500 -0.456367 -0.000000 0.322700 -0.171350 -0.011731 
0.316406 -0.462321 -0.000000 0.326911 -0.171350 -0.012031 
0.316406 -0.462321 -0.000000 0.326911 -0.171350 -0.012031 
0.320312 -0.468291 -0.000000 0.331132 -0.171350 -0.012340 
0.320312 -0.468291 -0.000000 0.331132 -0.171350 -0.012340 
0.324219 -0.474277 -0.000000 0.335364 -0.171350 -0.012658 
0.324219 -0.474277 -0.000000 0.335364 -0.171350 -0.012658 
0.328125 -0.480279 -0.000000 0.339608 -0.171350 -0.012987 
0.328125 -0.480279 -0.000000 0.339608 -0.171350 -0.012987 
0.332031 -0.486298 -0.000000 0.343865 -0.171350 -0.013327 
0.332031 -0.486298 -0.000000 0.343865 -0.171350 -0.013327 
0.335938 -0.492336 -0.000000 0.348134 -0.171350 -0.013677 
0.335938 -0.492336 -0.000000 0.348134 -0.171350 -0.013677 
0.339844 -0.498392 -0.000000 0.352416 -0.171350 -0.014039 
0.339844 -0.498392 -0.000000 0.352416 -0.171350 -0.014039 
0.343750 -0.504468 -0.000001 0.356713 -0.171350 -0.014413 
0.343750 -0.504468 -0.000001 0.356713 -0.171350 -0.014413 
0.347656 -0.510565 -0.000001 0.361024 -0.171350 -0.014800 
0.347656 -0.510565 -0.000001 0.361024 -0.171350 -0.014800 
0.351562 -0.516683 -0.000001 0.365350 -0.171350 -0.015200 
0.351562 -0.516683 -0.000001 0.365350 -0.171350 -0.015200 
0.355469 -0.522825 -0.000001 0.369693 -0.171350 -0.015614 
0.355469 -0.522825 -0.000001 0.369693 -0.171350 -0.015614 
0.359375 -0.528990 -0.000001 0.374052 -0.171350 -0.016043 
0.359375 -0.528990 -0.000001 0.374052 -0.171350 -0.016043 
0.363281 -0.535180 -0.000001 0.378429 -0.171350 -0.016487 
0.363281 -0.535180 -0.000001 0.378429 -0.171350 -0.016487 
0.367188 -0.541397 -0.000001 0.382825 -0.171350 -0.016947 
0.367188 -0.541397 -0.000001 0.382825 -0.171350 -0.016947 
0.371094 -0.547640 -0.000001 0.387240 -0.171350 -0.017424 
0.371094 -0.547640 -0.000001 0.387240 -0.171350 -0.017424 
0.375000 -0.553913 -0.000001 0.391676 -0.171350 -0.017918 
0.375000 -0.553913 -0.000001 0.391676 -0.171350 -0.017918 
0.378906 -0.560216 -0.000001 0.396132 -0.171349 -0.018431 
0.378906 -0.560216 -0.000001 0.396132 -0.171349 -0.018431 
0.382812 -0.566551 -0.000001 0.400612 -0.171349 -0.018964 
0.382812 -0.566551 -0.000001 0.400612 -0.171349 -0.018964 
0.386719 -0.572919 -0.000001 0.405115 -0.171349 -0.019517 
0.386719 -0.572919 -0.000001 0.405115 -0.171349 -0.019517 
0.390625 -0.579322 -0.000001 0.409642 -0.171349 -0.020091 
0.390625 -0.579322 -0.000001 0.409642 -0.171349 -0.020091 
0.394531 -0.585762 -0.000001 0.414196 -0.171349 -0.020688 
0.394531 -0.585762 -0.000001 0.414196 -0.171349 -0.020688 
0.398438 -0.592240 -0.000001 0.418777 -0.171349 -0.021308 
0.398438 -0.592240 -0.000001 0.418777 -0.171349 -0.021308 
0.402344 -0.598759 -0.000001 0.423386 -0.171349 -0.021953 
0.402344 -0.598759 -0.000001 0.423386 -0.171349 -0.021953 
0.406250 -0.605320 -0.000001 0.428025 -0.171349 -0.022624 
0.406250 -0.605320 -0.000001 0.428025 -0.171349 -0.022624 
0.410156 -0.611926 -0.000001 0.432697 -0.171349 -0.023323 
0.410156 -0.611926 -0.000001 0.432697 -0.171349 -0.023323 
0.414062 -0.618578 -0.000001 0.437401 -0.171349 -0.024050 
0.414062 -0.618578 -0.000001 0.437401 -0.171349 -0.024050 
0.417969 -0.625280 -0.000001 0.442140 -0.171349 -0.024808 
0.417969 -0.625280 -0.000001 0.442140 -0.171349 -0.024808 
0.421875 -0.632034 -0.000001 0.446915 -0.171349 -0.025597 
0.421875 -0.632034 -0.000001 0.446915 -0.171349 -0.025597 
0.425781 -0.638843 -0.000001 0.451730 -0.171349 -0.026419 
0.425781 -0.638843 -0.000001 0.451730 -0.171349 -0.026419 
0.429688 -0.645708 -0.000001 0.456584 -0.171349 -0.027277 
0.429688 -0.645708 -0.000001 0.456584 -0.171349 -0.027277 
0.433594 -0.652634 -0.000001 0.461481 -0.171349 -0.028171 
0.433594 -0.652634 -0.000001 0.461481 -0.171349 -0.028171 
0.437500 -0.659622 -0.000002 0.466423 -0.171348 -0.029104 
0.437500 -0.659622 -0.000002 0.466423 -0.171348 -0.029104 
0.441406 -0.666678 -0.000002 0.471412 -0.171348 -0.030078 
0.441406 -0.666678 -0.000002 0.471412 -0.171348 -0.030078 
0.445312 -0.673803 -0.000002 0.476450 -0.171348 -0.031094 
0.445312 -0.673803 -0.000002 0.476450 -0.171348 -0.031094 
0.449219 -0.681002 -0.000002 0.481541 -0.171348 -0.032156 
0.449219 -0.681002 -0.000002 0.481541 -0.171348 -0.032156 
0.453125 -0.688279 -0.000002 0.486686 -0.171348 -0.033265 
0.453125 -0.688279 -0.000002 0.486686 -0.171348 -0.033265 
0.457031 -0.695637 -0.000002 0.491889 -0.171348 -0.034424 
0.457031 -0.695637 -0.000002 0.491889 -0.171348 -0.034424 
0.460938 -0.703080 -0.000002 0.497152 -0.171348 -0.035636 
0.460938 -0.703080 -0.000002 0.497152 -0.171348 -0.035636 
0.464844 -0.710614 -0.000002 0.502479 -0.171348 -0.036902 
0.464844 -0.710614 -0.000002 0.502479 -0.171348 -0.036902 
0.468750 -0.718243 -0.000002 0.507874 -0.171347 -0.038227 
0.468750 -0.718243 -0.000002 0.507874 -0.171347 -0.038227 
0.472656 -0.725971 -0.000002 0.513339 -0.171347 -0.039613 
0.472656 -0.725971 -0.000002 0.513339 -0.171347 -0.039613 
0.476562 -0.733805 -0.000003 0.518878 -0.171347 -0.041064 
0.476562 -0.733805 -0.000003 0.518878 -0.171347 -0.041064 
0.480469 -0.741750 -0.000003 0.524496 -0.171347 -0.042582 
0.480469 -0.741750 -0.000003 0.524496 -0.171347 -0.042582 
0.484375 -0.749812 -0.000003 0.530196 -0.171347 -0.044172 
0.484375 -0.749812 -0.000003 0.530196 -0.171347 -0.044172 
0.488281 -0.757996 -0.000003 0.535983 -0.171347 -0.045837 
0.488281 -0.757996 -0.000003 0.535983 -0.171347 -0.045837 
0.492188 -0.766309 -0.000003 0.541862 -0.171346 -0.047581 
0.492188 -0.766309 -0.000003 0.541862 -0.171346 -0.047581 
0.496094 -0.774759 -0.000003 0.547837 -0.171346 -0.049409 
0.496094 -0.774759 -0.000003 0.547837 -0.171346 -0.049409 
0.500000 -0.783369 -0.000007 0.553926 -0.171341 -0.051337 
